1.34827
0.674452
0.548974
0.311675
0.23622
0.182445
0.186095
0.100066
0.0526715
0.00781517
0.0756171
0.041575
1.51768
0.718483
0.691337
0.321189
0.190443
0.247525
0.233783
0.0834089
0.0836335
0.0128175
0.0431861
0.0319466
1.35953
0.66645
0.589632
0.316112
0.186867
0.188364
0.179533
0.162489
0.101133
0.0505301
0.0657825
0.0485594
1.32589
0.669738
0.596671
0.330101
0.193279
0.166099
0.155931
0.116897
0.091745
0.0349481
0.0434575
0.0399019
1.10277
0.590498
0.432899
0.301188
0.240869
0.189203
0.148424
0.147348
0.144045
0.0738346
0.0587222
0.0643156
1.12859
0.599916
0.440103
0.333693
0.253676
0.210429
0.150082
0.129756
0.141585
0.105977
0.0995995
0.0745919
1.2078
0.624628
0.476791
0.34684
0.26883
0.217194
0.205631
0.148434
0.169986
0.120906
0.0868846
0.0852047
1.36009
0.637113
0.521631
0.306764
0.221142
0.152543
0.236848
0.188106
0.257891
0.206104
0.12732
0.116368
1.12021
0.592058
0.411806
0.297377
0.250027
0.192701
0.166183
0.154511
0.171814
0.171565
0.164868
0.0872928
1.11237
0.601939
0.38467
0.274814
0.212144
0.154296
0.139013
0.103721
0.120503
0.158904
0.136941
0.074241
1.1374
0.590532
0.426914
0.285118
0.236494
0.174625
0.133983
0.133736
0.190611
0.143909
0.149976
0.0868563
1.28792
0.628611
0.497488
0.267581
0.25625
0.237683
0.157921
0.187398
0.178617
0.124097
0.146591
0.101253
1.31594
0.619461
0.50771
0.304664
0.255564
0.191942
0.189166
0.136312
0.122045
0.162581
0.152714
0.101851
1.1459
0.599967
0.450299
0.30668
0.234724
0.185362
0.193878
0.163334
0.141929
0.138127
0.108217
0.0833794
1.14247
0.593247
0.419321
0.274841
0.219647
0.165204
0.190387
0.15542
0.119111
0.1033
0.0697029
0.0663219
1.29132
0.501327
0.50988
0.393429
0.268348
0.169776
0.210864
0.118257
0.171598
-0.0509651
-0.0610362
0.0483908
1.26018
0.469367
0.467691
0.357921
0.245299
0.150102
0.142885
0.149057
0.13178
-0.0593076
-0.0588265
0.0459314
1.40323
0.418314
0.554692
0.425455
0.249356
0.156373
0.165866
0.13211
0.176149
-0.122452
-0.0906694
0.0573489
1.13587
0.440597
0.508876
0.402523
0.118987
0.104272
0.159441
0.177728
0.134801
-0.129123
-0.0265024
0.0794597
1.17353
0.462214
0.508247
0.435598
0.238104
0.164174
0.153246
0.18712
0.169581
-0.0199829
-0.0116678
0.083074
1.17167
0.40348
0.519569
0.428433
0.235718
0.129714
0.189813
0.235732
0.184152
-0.0412239
0.0114401
0.108497
1.19768
0.431395
0.69815
0.473074
0.191381
0.141199
0.183451
0.299969
0.242598
-0.0919943
0.000247341
0.155085
1.14432
0.231137
0.671162
0.407247
0.0623301
0.215108
0.157917
0.134472
0.148269
0.0848016
0.129818
0.107369
0.592869
-0.12093
1.02245
0.399708
0.089138
0.11678
0.161095
0.332637
0.0866259
0.00406764
0.275875
0.0917976
0.307676
-0.392419
1.24514
0.414874
0.135528
-0.0112041
0.19608
0.368555
-0.0432655
0.105394
0.283331
-0.0669149
0.0710239
-0.666046
1.17666
0.349217
0.20476
-0.0458658
0.214487
0.358151
-0.0198584
0.0381812
0.235198
0.0109933
-0.127599
-0.724988
1.46767
0.429519
0.219863
-0.0259778
0.161789
0.382403
-0.0527362
0.00965158
0.242485
-0.013244
-0.327731
-0.789573
1.24324
0.297146
0.221466
-0.0988504
0.232132
0.350455
-0.0775482
0.0260619
0.214623
0.00610565
-0.59824
-0.775687
1.17496
0.256436
0.157009
-0.0746947
0.183341
0.243196
-0.0842428
0.0240573
0.191575
0.00816988
-0.633062
-0.831438
1.31993
0.280283
0.211276
-0.112496
0.162153
0.258883
-0.0794229
0.0668175
0.142118
0.0217172
-0.875757
-0.794908
1.46209
0.366483
0.221996
-0.0894736
0.147408
0.294858
-0.0390848
0.0210498
0.128885
0.0635832
-0.734441
-0.791945
1.38593
0.226348
0.150746
-0.0787141
0.112769
0.258118
-0.039033
0.0335809
0.162047
0.0330975
-0.620209
-0.66724
1.25845
0.215579
0.157533
-0.0273986
0.10515
0.206404
-0.00245109
0.027819
0.170677
-0.0160123
-0.960635
-0.554439
1.537
0.328744
0.255699
-0.0398796
0.0774335
0.284669
-0.00450696
0.0253721
0.0823135
0.0144132
-0.853711
-0.572479
1.44165
0.265841
0.251849
-0.0408638
0.0947051
0.264611
-0.00545436
0.0487139
0.101423
-0.00195392
-1.07467
-0.390208
1.51102
0.401386
0.256028
-0.053465
0.121824
0.30286
-0.0230221
0.0214856
0.0748394
0.0305397
-0.862428
-0.471337
1.37929
0.265486
0.305741
-0.0662031
0.141061
0.282783
0.00508707
0.029326
0.0809513
0.0594408
-0.967882
-0.477043
1.35562
0.332739
0.344452
0.0119724
0.121407
0.298
0.0704992
-0.0050845
0.108139
0.0583561
-0.82132
-0.494239
1.14061
0.222423
0.283403
-0.0165544
0.156854
0.288324
0.0740748
-0.0715798
0.147944
0.093402
-0.895515
-0.42659
1.25738
0.33966
0.284189
0.00435072
0.132562
0.303969
0.0596343
-0.036007
0.151281
0.0876764
-0.818256
-0.46531
1.27663
0.257064
0.211278
-0.0500378
0.151286
0.265072
0.0678832
-0.0430307
0.138923
0.127559
-0.907719
-0.591794
1.20429
0.238159
0.280715
-0.00122252
0.217287
0.257103
0.0708484
-0.0011085
0.132616
0.164349
-0.78696
-0.539243
1.25827
0.270264
0.27154
0.0187878
0.226818
0.254176
0.0670297
-0.00329526
0.140575
0.191719
-0.645413
-0.56304
1.16445
0.12427
0.202115
0.024714
0.207801
0.240966
0.0534337
-0.00935651
0.134262
0.188034
-0.78844
-0.452744
1.21438
0.249433
0.195065
0.0719424
0.134816
0.231317
0.0437488
-0.00840801
0.149178
0.164899
-0.883323
-0.59478
1.26174
0.245925
0.301869
0.125709
0.160435
0.265828
0.0949257
-0.0477409
0.179795
0.172123
-0.727289
-0.374147
1.39622
0.169562
0.238049
0.0426733
0.109635
0.21807
0.063368
-0.0549688
0.104513
0.128105
-0.63414
-0.327846
1.19272
0.131994
0.233827
0.123168
0.163406
0.227471
0.156301
-0.0788499
0.14713
0.145405
-0.815858
-0.22153
1.27605
0.353986
0.310272
0.164585
0.188657
0.295096
0.161388
-0.0518673
0.233124
0.146769
-0.892711
-0.249579
1.39537
0.429466
0.379512
0.201872
0.234159
0.314831
0.16547
0.066298
0.220238
0.152295
-0.645638
-0.18374
1.35593
0.256091
0.286944
0.217823
0.293442
0.324053
0.0749141
0.0461972
0.287565
0.109157
-0.757613
-0.153155
1.44435
0.279588
0.280175
0.233668
0.282238
0.349396
0.0284955
0.0836661
0.303614
0.0887874
-0.722652
-0.253224
1.45155
0.226547
0.27286
0.252052
0.290571
0.324509
0.0383849
0.0906726
0.277686
0.100217
-0.919748
-0.248649
1.35724
0.278921
0.207349
0.242289
0.256514
0.279579
0.0613736
0.0402657
0.256434
0.102902
-0.827697
-0.2243
1.32054
0.222132
0.163061
0.158679
0.257765
0.208113
0.12006
-0.0220151
0.188851
0.143511
-1.01094
-0.288431
1.44828
0.374939
0.19887
0.16037
0.281892
0.238398
0.0635924
0.042875
0.218357
0.106989
-0.947692
-0.340476
1.28939
0.207309
0.236106
0.165591
0.223374
0.250043
-0.0255537
0.0437017
0.250911
0.042399
-0.921098
-0.394614
1.21237
0.178103
0.239118
0.155981
0.137823
0.245931
-0.0837115
0.0560443
0.238823
-0.00726658
-0.933326
-0.499835
1.30581
0.245272
0.324666
0.0622072
0.141041
0.286179
-0.053373
0.0512685
0.238243
-0.0112453
-0.823811
-0.6196
1.25201
0.140701
0.324853
0.0246337
0.103841
0.260942
-0.00146611
0.0515489
0.175858
0.0239052
-0.749108
-0.547372
1.1369
0.169573
0.262396
-0.00363021
0.120473
0.227332
0.0478439
0.0450922
0.151301
0.0352925
-0.624998
-0.509864
1.10978
0.223175
0.293766
-0.00648315
0.137184
0.226356
0.112589
0.013045
0.119195
0.0416356
-0.752831
-0.458065
1.07795
0.357295
0.307833
0.0756208
0.145276
0.230953
0.171515
-0.00398818
0.107169
0.0745141
-0.246107
-0.405122
1.04246
0.27725
0.275792
-0.0441598
0.225258
0.182459
0.115979
0.0650549
0.01087
0.0647782
-0.00102785
-0.039115
1.04196
0.447905
0.188282
-0.0452748
0.146663
0.112652
0.253945
-0.0546195
0.0230816
0.108897
0.215949
0.0927373
0.779976
0.243588
0.167535
0.0968016
0.225494
0.17736
0.265209
0.00369161
0.0538601
0.0579955
0.966278
-0.0554832
0.479618
0.293525
0.216708
0.0955907
0.238391
0.142989
0.318508
-0.128384
-0.0396583
0.131091
1.15449
-0.0382544
0.410694
0.3117
0.278274
0.112116
0.18057
0.112447
0.291217
-0.132211
-0.00757369
0.146436
1.26148
-0.0965749
0.411586
0.302602
0.252995
0.0699465
0.180724
0.195552
0.276384
-0.137966
-0.0508637
0.134347
1.32367
-0.127135
0.371249
0.300015
0.279508
0.0225568
0.177166
0.214906
0.237008
-0.12974
-0.055636
0.109157
1.35588
-0.114957
0.390228
0.336916
0.256977
-0.00782028
0.207373
0.179709
0.258616
-0.107075
-0.067745
0.121016
1.46249
-0.178208
0.363431
0.28927
0.294419
-0.0621144
0.147757
0.167475
0.250755
-0.0707855
-0.0572961
0.113423
1.49501
-0.186728
0.380279
0.316647
0.226217
-0.035511
0.201023
0.183279
0.258428
-0.0522503
-0.0526164
0.108298
1.47996
-0.143256
0.300159
0.324469
0.240407
-0.0932857
0.230866
0.203381
0.259533
-0.0101461
-0.0334747
0.0749928
1.57446
-0.186429
0.312033
0.300472
0.200623
-0.1554
0.280994
0.173939
0.20119
0.00338654
-0.0650127
0.0580284
1.56846
-0.152747
0.229436
0.340009
0.13886
-0.0930391
0.303982
0.126312
0.22372
-0.0146485
-0.026741
0.0362808
1.64357
-0.217989
0.271481
0.312111
0.163863
-0.149189
0.277754
0.136128
0.173649
0.0240345
-0.070601
0.0010781
1.65117
-0.142648
0.189309
0.334397
0.0772315
-0.0252729
0.221625
0.184298
0.167279
-0.0216869
-0.0158388
-0.0126177
1.85808
-0.22641
0.237961
0.364259
0.0878442
-0.0525624
0.205028
0.146172
0.148954
-0.0243833
-0.0643225
-0.0188424
1.47209
0.045382
0.260404
0.390108
0.0877974
-0.0730675
0.170434
0.197516
0.100087
-0.0200141
-0.0528164
-0.0539456
1.8719
-0.196053
0.327177
0.370373
0.161493
-0.0273434
0.204398
0.181115
0.0984821
-0.0406374
-0.0859547
-0.0323771
1.62305
-0.0103203
0.248509
0.495313
0.16786
-0.0388076
0.180998
0.226727
0.0340199
-0.0579069
-0.0913167
-0.0654943
1.71132
-0.0397349
0.275512
0.458908
0.191893
-0.0256379
0.223253
0.215194
0.0365817
-0.00754883
-0.0824047
-0.0947398
1.38051
0.153936
0.243447
0.357567
0.158342
0.0674633
0.152288
0.130835
0.0568908
0.0100246
-0.071806
-0.0719796
1.74226
0.00941333
0.236791
0.432001
0.155451
-0.110132
0.286093
0.141862
0.0972265
0.0531569
-0.0316834
-0.0895603
1.52182
0.197899
0.175584
0.358701
0.147627
0.0107531
0.221229
0.147925
0.136781
0.0348924
-0.0148109
-0.0325518
1.47535
0.200055
0.25582
0.339808
0.188572
0.0188995
0.217005
0.165663
0.125005
0.0275525
0.0019338
-0.00330429
1.65559
0.301791
0.277738
0.231393
0.281698
-0.00966269
0.222925
0.147284
0.248675
-0.0541071
-0.0280981
0.0736144
1.43194
0.444626
0.381287
0.178971
0.147527
0.0698883
0.230878
0.264561
0.115585
-0.00484208
0.0187738
0.0134071
1.46505
0.505422
0.417531
0.2377
0.0984575
0.0510795
0.197391
0.278412
0.172099
-0.0110845
0.102198
0.0594719
1.54062
0.498822
0.383233
0.276978
0.0885289
0.0858032
0.232567
0.191895
0.18447
0.09648
0.0938107
0.0459558
1.59585
0.460078
0.455993
0.288356
0.115309
0.0969771
0.243666
0.191632
0.248253
0.13118
0.0513997
0.0379286
1.41133
0.564303
0.439057
0.329152
0.241343
0.137247
0.164093
0.110978
0.163756
0.0926475
0.00903671
0.0263652
1.25305
0.600001
0.390269
0.287128
0.224566
0.161388
0.159733
0.140626
0.155854
0.111061
0.0165987
0.0287501
1.23652
0.565945
0.424488
0.348201
0.244921
0.190768
0.203485
0.107455
0.0823224
0.119472
0.025645
0.0262236
1.66837
0.595782
0.565158
0.411187
0.24129
0.0637468
0.286451
0.131484
0.19616
0.26401
-0.0159255
-0.00418811
1.30452
0.599392
0.45655
0.318766
0.186976
0.17687
0.189213
0.177798
0.179831
0.151359
0.0160862
0.0369108
1.23739
0.567742
0.389327
0.335213
0.240577
0.215344
0.211967
0.150523
0.10276
0.050261
0.0413462
0.0327683
1.28625
0.604301
0.390011
0.304209
0.224827
0.193107
0.194522
0.193142
0.156598
0.0629026
0.0388848
0.0355243
1.98214
0.368931
0.449031
0.366045
0.26426
0.201448
0.472767
0.294736
-0.0141245
-0.0297255
-0.0066168
-0.00167009
1.18304
0.55412
0.372681
0.279407
0.222348
0.215693
0.240913
0.164693
0.0436437
-0.002048
0.0150006
0.0160603
2.00297
0.325678
0.165216
0.367387
0.215324
0.188486
0.446889
0.236599
-0.018079
-0.0645227
-0.00665081
0.00596605
1.63221
0.529711
0.170665
0.172441
0.144482
0.187933
0.282231
0.217087
0.077648
-0.0177888
-0.0439043
-0.0382934
2.01431
0.285168
0.0261626
0.249665
0.203307
0.125623
0.336393
0.210277
0.0428406
-0.0676901
0.00127062
0.0306936
1.6241
0.362127
0.0758698
0.169317
0.161566
0.137533
0.249283
0.192302
0.0199481
-0.0672424
-0.0319547
-0.0276489
2.21603
0.206487
-0.0515573
0.248931
0.0993221
0.0744009
0.28576
0.176183
0.0604704
-0.0448795
0.0378246
0.0326764
1.70825
0.329886
0.00839949
0.174281
0.109426
0.0759015
0.184795
0.173712
0.0461653
-0.0645671
-0.00777563
-0.013322
1.97887
0.214929
0.0731689
0.217119
0.107287
0.0479606
0.195928
0.172674
0.0482073
-0.0465674
-0.00609048
-0.00441879
1.72838
0.265257
0.0523831
0.229289
0.107518
0.00368213
0.172313
0.218308
0.0722319
-0.0743094
-0.0277977
-0.0160159
2.2405
0.0836263
-0.0459868
0.384583
0.0881026
-0.0996186
0.254847
0.192326
0.100256
-0.0811778
-0.0275373
-0.0343933
1.9627
0.255317
0.0219345
0.330351
0.0689345
-0.0826503
0.18154
0.240719
0.102842
-0.0449149
-0.0285761
-0.0250446
2.04002
0.139451
0.121364
0.306595
0.0462404
-0.132582
0.182969
0.209562
0.136011
-0.00590122
-0.00381707
-0.0168795
1.63716
0.374383
0.147203
0.24546
0.0707325
-0.0632381
0.131959
0.26018
0.171571
-0.0308084
-0.0166279
-0.0184848
1.98267
0.354226
0.058052
0.295126
0.135044
-0.149685
0.173028
0.253523
0.198113
-0.0328827
-0.0210574
0.0159256
2.06134
0.329393
0.11476
0.324065
0.138605
-0.18514
0.226738
0.241571
0.212304
-0.0585668
-0.0367224
0.027756
2.08374
0.503331
0.135465
0.340104
0.189179
-0.181495
0.168136
0.251873
0.270918
-0.0966922
-0.0603099
0.0524791
1.75738
0.443414
0.199219
0.275412
0.124778
-0.0477137
0.0838852
0.35762
0.209918
-0.0780847
-0.0381067
0.0296103
1.66943
0.469313
0.177532
0.326524
0.222983
-0.0391386
0.104466
0.26079
0.217687
-0.0643555
-0.0146424
0.0416154
1.78502
0.389984
0.229809
0.33619
0.149226
-0.0522346
0.242182
0.248211
0.219575
-0.0350651
0.0390154
0.0711867
2.17125
0.433041
0.0488215
0.301531
0.294426
-0.189035
0.38856
0.175117
0.194725
-0.0302425
0.0500819
0.160249
1.78354
0.496351
0.170924
0.276425
0.20279
-0.0167119
0.290166
0.261924
0.174248
-0.0439445
0.0717224
0.0906202
1.71933
0.45865
0.191243
0.270004
0.202629
-0.00144662
0.307272
0.34149
0.142315
-0.0735013
0.0539866
0.0898419
1.76393
0.495885
0.239929
0.366579
0.227248
0.038143
0.264147
0.344208
0.147762
-0.084858
0.00299713
0.0707329
1.71164
0.444033
0.174781
0.379604
0.227557
0.0359585
0.289494
0.312174
0.116939
-0.0855861
0.0417057
0.0905855
1.95598
0.360303
0.218484
0.308159
0.240852
-0.0492521
0.355651
0.327268
0.123082
-0.0524343
0.0480741
0.120599
1.51984
0.482079
0.231072
0.304548
0.21653
0.107559
0.225764
0.281972
0.135049
-0.0270799
0.0881452
0.0659653
1.50416
0.478556
0.187045
0.258376
0.201201
0.0827692
0.229425
0.289314
0.155609
0.0146519
0.13291
0.0764528
1.49107
0.491814
0.1891
0.247091
0.175126
0.129213
0.238992
0.307012
0.184578
0.0321215
0.121259
0.0584954
1.85039
0.407351
0.190905
0.319437
0.13123
0.084039
0.306233
0.315345
0.150873
0.00438289
0.136188
0.123937
1.27662
0.554896
0.304876
0.235275
0.17843
0.132069
0.189895
0.224595
0.17973
0.144475
0.120288
0.0413807
1.20129
0.563288
0.362321
0.262725
0.156759
0.15769
0.215026
0.181173
0.103122
0.0862309
0.133153
0.0387514
1.40173
0.576556
0.319254
0.257003
0.189331
0.180988
0.269461
0.255482
0.142824
0.083571
0.105462
0.0538999
1.64049
0.484734
0.357724
0.357931
0.173111
0.136009
0.354779
0.298921
0.0453432
0.0842171
0.135658
0.076593
1.30699
0.587078
0.426885
0.322127
0.167033
0.156555
0.268296
0.224053
0.0525486
0.0764014
0.142413
0.0515766
1.20403
0.566281
0.339031
0.271524
0.244086
0.220436
0.226922
0.239228
0.14738
0.0620989
0.064159
0.0373525
1.37128
0.499427
0.413252
0.417202
0.26562
0.173907
0.233668
0.246455
0.135245
0.0572869
0.0726525
0.0640703
1.63123
0.63362
0.39127
0.350458
0.190218
0.162177
0.29696
0.278585
0.122657
0.0399933
0.10157
0.0724867
1.39522
0.624627
0.434739
0.353011
0.222266
0.150576
0.198684
0.202461
0.17209
0.0965678
0.0755731
0.0543582
1.34625
0.632786
0.442273
0.369364
0.214542
0.138813
0.164345
0.166824
0.138144
0.0733826
0.0980269
0.0535833
1.24739
0.634168
0.422644
0.297524
0.185357
0.172509
0.187572
0.17629
0.137052
0.0926363
0.0783872
0.0407637
1.38988
0.68347
0.460179
0.325178
0.226564
0.222232
0.2519
0.177751
0.0696471
0.0235566
0.0550036
0.0293417
1.27869
0.676686
0.445466
0.284854
0.224888
0.211139
0.205431
0.157207
0.0923465
0.0596432
0.0542148
0.0336918
1.69184
0.724965
0.448474
0.32657
0.226524
0.221306
0.29595
0.203094
0.0609346
0.0365524
0.0499386
0.0326279
1.15331
0.606762
0.417326
0.309403
0.260111
0.217491
0.167376
0.121385
0.0639146
0.0317914
0.0327568
0.0110366
1.22188
0.641179
0.449994
0.30927
0.213586
0.197536
0.176937
0.124463
0.105634
0.072397
0.0669584
0.0249752
1.23644
0.617843
0.414265
0.323871
0.240134
0.175021
0.143689
0.116805
0.084848
0.0571088
0.0520122
0.0125495
1.51182
0.729695
0.50578
0.349356
0.254706
0.206957
0.237965
0.141929
0.0838366
0.0465328
0.0794764
0.0445379
1.46011
0.679496
0.469337
0.345488
0.242762
0.207693
0.23675
0.168372
0.0839161
0.0839358
0.0913315
0.0555859
1.2952
0.66921
0.469634
0.322083
0.218861
0.231856
0.242676
0.160361
0.127399
0.111581
0.0406771
0.0433892
1.33696
0.660805
0.454977
0.317424
0.237728
0.220022
0.223268
0.120115
0.106989
0.0986656
0.129669
0.072652
1.53484
0.685421
0.502115
0.28833
0.264098
0.266817
0.238036
0.137708
0.076887
0.028306
0.102052
0.0708909
1.36903
0.67552
0.459932
0.257498
0.26084
0.274157
0.257335
0.136499
0.0677094
0.0357793
0.0561498
0.0461672
1.33383
0.623554
0.425694
0.244631
0.230683
0.190575
0.222086
0.11662
0.0588599
0.0280179
0.0528732
0.034213
1.50916
0.663331
0.454119
0.167692
0.206106
0.214621
0.263731
0.166415
0.0331112
0.0115512
0.0161629
0.0147441
1.38864
0.644909
0.370188
0.2289
0.219196
0.221106
0.262372
0.160101
0.082729
0.0325874
0.0196698
0.035343
1.31197
0.641095
0.410774
0.263791
0.213472
0.216351
0.191181
0.154573
0.102263
0.0804858
0.120738
0.0712253
1.40616
0.672787
0.42674
0.229224
0.231328
0.208336
0.240805
0.157164
0.131875
0.119207
0.10604
0.0784346
1.45355
0.706218
0.439831
0.238999
0.236464
0.175066
0.254041
0.206831
0.14356
0.144622
0.118815
0.0857116
1.26381
0.622075
0.40478
0.296422
0.246549
0.185004
0.184704
0.16172
0.136047
0.138344
0.102048
0.0729701
1.25928
0.64371
0.441559
0.278102
0.291564
0.242378
0.201213
0.200105
0.0797565
0.063403
0.108616
0.0707493
1.8302
0.735788
0.659886
0.17805
0.315447
0.168948
0.263789
0.0970277
0.144309
0.0911581
0.0657681
0.106083
1.33285
0.704492
0.482425
0.332819
0.238659
0.253739
0.21454
0.0798827
0.0869536
0.0598678
0.0596349
0.050917
