1.31396
0.645308
0.42047
0.323964
0.244932
0.196155
0.198934
0.121948
0.0821835
0.0507655
0.144918
0.0842988
1.54314
0.738499
0.614026
0.137245
0.297542
0.146964
0.202079
0.130963
0.135847
0.108899
0.157888
0.130721
1.35012
0.75852
0.531362
0.203107
0.230131
0.161919
0.170916
0.116146
0.165284
0.131473
0.129509
0.102599
1.43715
0.73318
0.602312
0.176606
0.241366
0.161058
0.213846
0.159246
0.111728
0.098787
0.19959
0.119819
1.23352
0.653978
0.399308
0.207202
0.198715
0.113272
0.144143
0.130796
0.0903473
0.0952144
0.143956
0.0787473
1.20032
0.603922
0.43086
0.177398
0.152106
0.07041
0.119788
0.144421
0.108098
0.120234
0.192623
0.0770812
1.11713
0.540733
0.357105
0.221519
0.150443
0.151551
0.149333
0.138397
0.116451
0.0945399
0.116403
0.0582997
1.49845
0.614981
0.48564
0.23934
0.219096
0.0781803
0.212444
0.0687797
0.189435
0.203728
0.146863
0.124486
1.13784
0.615189
0.379359
0.26733
0.21651
0.183949
0.149837
0.133235
0.153998
0.0990608
0.0985039
0.0725056
1.29874
0.735542
0.534105
0.309442
0.279734
0.199146
0.186759
0.0746559
0.0777883
0.0968953
0.0998009
0.0769042
1.0736
0.551884
0.388232
0.286263
0.223766
0.174988
0.153045
0.128422
0.108613
0.102242
0.115098
0.0746199
1.24687
0.674869
0.548371
0.366093
0.292728
0.208213
0.181992
0.115021
0.120076
0.106691
0.12677
0.088179
1.1756
0.657596
0.470453
0.294577
0.252959
0.218612
0.184203
0.180941
0.132606
0.131296
0.0946168
0.0854023
1.44326
0.817046
0.602708
0.349514
0.37713
0.21622
0.223585
0.138633
0.0691992
0.0883451
0.0704665
0.0634628
1.16075
0.575864
0.430405
0.289612
0.232249
0.178885
0.131648
0.13698
0.0844647
0.0801388
0.059808
0.0539406
1.2565
0.651068
0.529862
0.293129
0.237467
0.209921
0.148069
0.146034
0.108982
0.0489829
0.000896164
0.0363224
1.26582
0.729992
0.500241
0.251314
0.192204
0.128321
0.129516
0.139052
0.133053
0.0410769
-0.00754981
0.0264959
1.46242
0.667941
0.584514
0.109209
0.217383
0.0842979
0.164981
0.100119
0.195801
0.0940017
-0.00371171
0.0581997
1.27224
0.62237
0.481092
0.231876
0.260668
0.128306
0.138414
0.177625
0.12171
0.107692
0.0519555
0.0634088
1.16148
0.565651
0.453593
0.280777
0.165255
0.189274
0.14534
0.138007
0.110375
0.0673114
0.0683046
0.067371
1.17132
0.611318
0.413858
0.2616
0.258523
0.195074
0.136856
0.137499
0.0811632
0.0868573
0.097087
0.070985
1.27703
0.672683
0.500003
0.261023
0.302276
0.254889
0.252755
0.170817
0.085371
0.0994685
0.105758
0.0857262
1.22755
0.631473
0.501482
0.326627
0.303576
0.229933
0.214132
0.16982
0.175465
0.117935
0.142496
0.104372
1.21613
0.701403
0.480312
0.275495
0.280697
0.216817
0.181769
0.168535
0.167369
0.103881
0.153614
0.0974517
1.20171
0.639488
0.486884
0.2567
0.257622
0.250991
0.195964
0.160757
0.137719
0.13713
0.184687
0.105055
1.08727
0.541384
0.432427
0.258826
0.233561
0.21557
0.186417
0.151382
0.132098
0.0832476
0.0824799
0.0770142
1.21807
0.59195
0.508067
0.262437
0.238415
0.127614
0.173604
0.12499
0.123362
0.0909385
0.12083
0.0833157
1.19063
0.608407
0.416959
0.289613
0.247987
0.205286
0.211648
0.13339
0.143197
0.159831
0.0940109
0.0863054
1.40796
0.556967
0.573115
0.237727
0.24431
0.194501
0.247846
0.116619
0.146366
0.190972
0.0843648
0.0888298
1.13591
0.615378
0.451552
0.265466
0.238462
0.157304
0.157234
0.112478
0.118202
0.127457
0.0987177
0.0790223
1.3005
0.598369
0.581588
0.145862
0.204959
0.182188
0.164736
0.0598636
0.161029
0.0538669
0.169482
0.124858
1.11432
0.538865
0.419123
0.263167
0.198056
0.155067
0.101581
0.0763086
0.136721
0.0434056
0.100813
0.0761022
1.20567
0.604014
0.439615
0.132907
0.204905
0.132258
0.125755
0.1055
0.185813
0.0829129
0.132885
0.0942067
1.17468
0.474386
0.425822
0.186213
0.233186
0.16779
0.155259
0.169082
0.184984
0.130316
0.103903
0.0800447
1.20444
0.564828
0.445594
0.19036
0.178807
0.0580457
0.15605
0.125602
0.105026
0.132895
0.122147
0.0874471
1.0598
0.464435
0.348252
0.18422
0.146136
0.143901
0.146013
0.149376
0.12851
0.125158
0.0980548
0.0696468
1.22737
0.101804
0.602843
0.426128
0.0720173
-0.051356
0.234421
0.293044
0.066724
0.235783
0.104824
0.0260766
1.06384
-0.18451
1.00694
0.283217
-0.0568247
0.0530576
0.161861
0.417973
0.10793
0.196679
0.232734
-0.0159352
0.630452
-0.308768
0.980322
0.405598
-0.0037521
-0.212111
0.404374
0.475484
0.0137299
0.22875
0.160434
0.0629678
0.453039
-0.350039
0.975032
0.421416
-0.0264724
-0.166256
0.264301
0.371763
0.0253432
0.118151
0.155989
0.0446766
0.350319
-0.501068
1.15012
0.372599
0.0796012
-0.244586
0.410767
0.398391
0.0593573
0.134025
0.181989
0.113561
-0.0469908
-0.378657
1.27533
0.431911
0.216117
-0.337138
0.439852
0.418055
-0.0370832
0.0807979
0.250011
0.130494
-0.247183
-0.483064
1.27677
0.431001
0.217007
-0.198391
0.472857
0.37442
-0.0192645
0.0863227
0.217534
0.106461
-0.222125
-0.512073
1.27235
0.383574
0.226733
-0.217862
0.436993
0.416758
-0.0486917
0.0684042
0.219897
0.103157
-0.374335
-0.53469
1.17191
0.360686
0.228276
-0.222851
0.378508
0.387584
-0.0510103
-0.00541162
0.24557
0.0819688
-0.48319
-0.601633
1.30103
0.306318
0.178583
-0.253461
0.374649
0.359135
-0.113181
0.0410484
0.20054
0.0785462
-0.593711
-0.584001
1.2319
0.307863
0.169205
-0.20713
0.403997
0.312101
-0.107916
0.0258425
0.175996
0.0490602
-0.724568
-0.468471
1.25522
0.348644
0.145839
-0.229981
0.428049
0.272711
-0.128259
0.0574924
0.191278
0.005655
-0.793908
-0.521149
0.964502
0.318814
0.206337
-0.162587
0.425709
0.256895
-0.067234
0.0214279
0.178357
-0.00914518
-0.740882
-0.545333
1.01118
0.173434
0.19275
-0.239691
0.446902
0.276914
-0.0781033
0.0311573
0.151829
0.017893
-0.883097
-0.52386
1.1004
0.197916
0.255126
-0.293105
0.346853
0.259786
-0.118379
0.0502084
0.145497
0.0164769
-0.781515
-0.642091
0.89813
0.131457
0.233069
-0.236958
0.350153
0.281246
-0.0808244
0.0430657
0.124206
-0.0108179
-1.01415
-0.656192
1.09081
0.304156
0.271761
-0.181927
0.35386
0.260139
-0.126151
0.0967398
0.144471
-0.0088214
-0.888594
-0.654549
0.989898
0.0813516
0.159679
-0.19575
0.355011
0.25952
-0.0721856
0.128043
0.0984491
0.0199833
-1.08397
-0.632206
1.17146
0.197263
0.159766
-0.2141
0.333197
0.201151
-0.0599347
0.142121
0.076359
0.0461534
-0.853855
-0.647538
0.949634
0.0302555
0.193321
-0.155098
0.337189
0.186302
-0.0128436
0.183606
0.00457612
0.0380529
-1.39285
-0.452691
1.39732
0.179083
0.199231
-0.196599
0.32193
0.17496
-0.0509277
0.128123
0.0529775
0.108183
-1.06961
-0.539606
1.12558
-0.0564545
0.173634
-0.171165
0.3884
0.201805
-0.0199334
0.125555
0.0619419
0.0938744
-1.24682
-0.452156
1.23595
0.0139064
0.165298
-0.193496
0.391168
0.169633
-0.0505181
0.162751
0.0920265
0.0747208
-1.1843
-0.526646
1.21679
-0.0116198
0.228139
-0.109614
0.306885
0.181165
0.00989392
0.0821926
0.101959
0.0859899
-1.34399
-0.488389
1.30292
0.162148
0.214799
-0.162795
0.262729
0.224676
-0.0142408
0.053324
0.134331
0.0686497
-1.14693
-0.603213
1.2892
0.102225
0.165412
-0.142036
0.31548
0.220561
-0.0361468
0.0667816
0.130664
0.0613354
-1.03932
-0.778712
1.23257
0.0780101
0.226158
-0.0613871
0.305569
0.239557
-0.0377059
0.0387698
0.124691
0.0801078
-0.898222
-0.842031
0.997024
0.097357
0.297792
0.00109681
0.429943
0.178137
-0.154396
0.0814425
0.0814589
0.0841342
-0.198352
-0.408916
1.05561
0.2073
0.00186888
0.034538
0.263488
0.138686
-0.0459064
0.0380836
0.00654613
-0.0700554
0.313396
-0.109517
0.826219
0.175288
0.171804
0.164977
0.251247
0.131433
0.0207811
-0.0128184
0.0473443
0.0828319
0.698794
-0.130462
0.760372
0.308985
0.15458
-0.00897294
0.391198
0.104202
0.18437
-0.00678126
0.00495153
0.131367
1.28223
-0.201354
0.487677
0.279778
0.22153
-0.081177
0.383059
0.0651076
0.184991
-0.0419777
0.0540622
0.212252
1.23996
-0.00472113
0.326092
0.369163
0.110594
-0.0310102
0.237492
0.0995967
0.159857
-0.0989666
0.14078
0.0983857
1.56128
-0.165285
0.28133
0.282936
0.213532
-0.0973872
0.33493
0.0697711
0.132562
-0.0638121
0.118021
0.203246
1.62413
-0.198563
0.285102
0.275162
0.191914
-0.108987
0.370315
0.0686229
0.124068
-0.0224712
0.111352
0.188455
1.60162
-0.135603
0.297155
0.226018
0.167548
-0.0938618
0.320644
0.0794543
0.128416
-0.0186424
0.134867
0.170137
1.43979
-0.00621162
0.323432
0.378722
0.0847623
-0.063881
0.251501
0.112317
0.0734787
-0.0424263
0.0873677
0.0370395
1.38108
0.109875
0.392435
0.346259
-0.0326021
-0.0786939
0.271828
0.159467
0.114365
0.00255442
0.0440081
-0.0202681
1.68111
-0.00934972
0.555272
0.313356
-0.0312692
-0.246391
0.309307
0.146843
0.112234
0.045054
-0.00416932
0.0251764
1.67427
-0.0544366
0.557481
0.388131
-0.096511
-0.218027
0.309495
0.140613
0.124298
0.0682491
0.00704629
-0.00996906
1.6145
0.0395808
0.477176
0.314027
-0.0625808
-0.150993
0.293336
0.0752841
0.166427
0.0759295
0.0160088
-0.00277683
1.40341
0.205826
0.400072
0.357751
-0.0669103
-0.0641257
0.203787
0.115623
0.120457
0.0713064
-0.00294345
-0.0628539
1.7712
-0.00761303
0.588223
0.270681
-0.00854538
-0.229244
0.350196
0.035692
0.110167
0.117322
-0.016042
0.05212
1.67735
0.145175
0.551544
0.266624
-0.00533367
-0.188518
0.298285
0.00868955
0.140466
0.0936153
-0.0291392
0.00336183
1.61757
0.194323
0.458241
0.252463
-0.0523382
-0.14868
0.337279
-0.0129819
0.147354
0.094427
0.0232833
-0.0365415
1.52575
0.307037
0.465771
0.194905
-0.064561
-0.0608324
0.285875
-0.00229742
0.102317
0.140049
0.0816027
-0.0389382
1.67585
0.232323
0.478706
0.207343
-0.00844663
-0.0307103
0.289814
-0.0582805
0.123565
0.120955
0.0605946
0.0109223
1.79278
0.190436
0.410417
0.183267
0.0019952
0.00141076
0.312222
-0.0168382
0.125441
0.104903
0.097003
0.0464319
1.65568
0.372235
0.302789
0.218689
0.0636058
0.0182859
0.174935
0.0620406
0.19595
-0.000481368
0.156378
0.0895387
1.55225
0.476049
0.300487
0.197232
0.16475
0.0163326
0.113574
0.0736209
0.0388047
-0.006264
0.168068
0.0802875
1.63353
0.426222
0.386405
0.142369
0.0655864
0.0269644
0.226933
0.0865483
0.117497
0.0529558
0.131559
0.0679032
1.67433
0.457777
0.404137
0.128553
0.0146389
0.0423589
0.235383
0.0892932
0.188242
0.0190479
0.0896508
0.0555825
1.47089
0.570195
0.383763
0.197623
0.0563242
0.0870429
0.161701
0.103976
0.0726928
0.0206133
0.037988
-0.00629036
1.55839
0.561164
0.407876
0.212796
0.0440118
0.128828
0.166734
0.0808149
0.139849
0.0337316
0.02809
-0.00518152
1.81384
0.624861
0.455687
0.0243268
0.12719
0.0518077
0.147615
0.0737076
0.162878
-0.0996272
0.044317
0.0579534
1.64932
0.69759
0.475356
0.142285
0.110011
0.0643836
0.190682
0.0611665
0.0805721
0.0281908
0.0236065
-0.00422054
1.42572
0.599327
0.39197
0.208137
0.136087
0.113591
0.118822
0.054925
0.0684084
0.032081
0.0477355
-0.00664797
1.34442
0.669373
0.386525
0.221299
0.133378
0.134041
0.0996975
0.0577598
0.0698441
0.0248445
0.0939075
0.0122116
1.66793
0.54605
0.276717
0.226683
0.214617
0.203551
0.200203
0.124653
0.0651448
-0.0907135
0.081884
0.0617286
2.04039
0.447217
0.21348
0.167837
0.144867
0.14984
0.279999
0.0723008
0.119591
-0.121686
0.0474087
0.122754
1.76108
0.534855
0.186907
0.154366
0.177918
0.17824
0.25882
0.116622
0.076678
-0.120368
0.129307
0.117652
1.78111
0.362512
0.0691089
0.235318
0.199703
0.0903256
0.193189
0.203452
0.156947
-0.101092
0.079
0.0986714
1.93926
0.216649
0.117292
0.28323
0.126149
0.0615841
0.248216
0.0919178
0.163007
-0.0323282
0.075919
0.0892025
2.05932
0.0943104
0.0131325
0.374046
0.10538
0.00734045
0.360078
0.115007
0.178105
-0.0536422
0.106595
0.1001
2.04632
0.0596689
-0.00863801
0.385492
0.115792
-0.0162873
0.302517
0.163098
0.178308
-0.0630983
0.0840102
0.100314
2.07488
0.0124624
0.0515063
0.374413
0.121537
-0.0586475
0.344759
0.140694
0.179694
-0.0802374
0.0601022
0.122083
1.96302
0.112398
0.0853549
0.373496
0.160572
-0.0605849
0.210568
0.184628
0.153598
-0.0701327
0.059137
0.11038
1.93214
0.160173
0.0700875
0.337648
0.180938
-0.0844219
0.208659
0.253947
0.116613
-0.0668638
0.0340785
0.0855926
2.08319
0.0543599
0.102541
0.363866
0.259432
-0.165347
0.290313
0.26802
0.0821552
-0.0503189
0.0286539
0.094361
2.33445
-0.134864
0.208212
0.253204
0.335189
-0.261564
0.375087
0.281598
0.0118827
0.012951
-0.0103124
0.168213
1.79828
0.249506
0.116254
0.352192
0.219742
-0.116052
0.256182
0.29371
0.0421946
-0.0777215
0.0742859
0.130903
1.69783
0.198001
0.276217
0.466736
0.174916
-0.0974185
0.302685
0.218688
0.0799963
-0.0813747
0.103499
0.125243
1.68538
0.302508
0.149848
0.331406
0.236169
0.0381386
0.230854
0.254757
0.088156
-0.0395119
0.198828
0.183648
1.76806
0.390831
0.109876
0.244762
0.21936
0.0757854
0.248379
0.226289
0.0328336
0.0592961
0.248524
0.194182
1.73936
0.461555
0.138934
0.247483
0.339414
0.012577
0.338727
0.192883
-0.0227247
0.107591
0.207142
0.202511
1.97653
0.445657
0.222744
0.155482
0.301688
-0.0297697
0.350706
0.196919
0.0422733
0.153619
0.149091
0.150686
1.59253
0.582468
0.187266
0.0944386
0.179046
0.113559
0.260089
0.185245
0.116648
0.158699
0.194608
0.0980159
1.55507
0.615906
0.220425
0.122711
0.209
0.0894232
0.230574
0.199735
0.104186
0.14824
0.134978
0.0755539
1.56201
0.55867
0.223155
0.155216
0.128135
0.0930097
0.247897
0.216725
0.101099
0.10049
0.161316
0.0810506
1.82479
0.531926
0.308888
0.224039
0.14765
0.0140755
0.307433
0.236194
0.116176
0.0886222
0.120637
0.0848142
1.72838
0.604824
0.464833
0.343612
0.175588
0.0175461
0.293196
0.226676
0.101067
0.0983666
0.0806847
0.0531992
1.24087
0.554967
0.396646
0.298336
0.200312
0.151114
0.19803
0.201987
0.114277
0.103347
0.0819376
0.0440056
1.52789
0.607883
0.368492
0.3163
0.194037
0.0972234
0.240464
0.231362
0.105426
0.152062
0.123861
0.0737351
1.30801
0.600873
0.411243
0.304149
0.179927
0.121764
0.183683
0.211352
0.203285
0.170167
0.134355
0.0759409
1.28246
0.588106
0.385092
0.285514
0.201755
0.142143
0.168386
0.216141
0.197869
0.137521
0.11856
0.0669245
1.18128
0.59699
0.387492
0.27855
0.191106
0.138061
0.180745
0.218127
0.220005
0.182163
0.137154
0.0731166
1.38419
0.640481
0.371017
0.29114
0.247838
0.152863
0.200456
0.253591
0.220033
0.164574
0.110998
0.0781777
1.26845
0.591649
0.387095
0.319874
0.236092
0.174836
0.191163
0.230266
0.153737
0.131428
0.160546
0.088122
1.20826
0.592172
0.401444
0.347623
0.292356
0.241466
0.222695
0.198807
0.156055
0.0946694
0.0758058
0.0737731
1.2718
0.656683
0.436328
0.370011
0.30427
0.217257
0.211786
0.194487
0.100676
0.036931
0.0804066
0.0625552
1.22924
0.617626
0.44462
0.363078
0.275917
0.210225
0.211739
0.189176
0.107548
0.0756574
0.104119
0.0726363
1.5336
0.683546
0.538971
0.439719
0.321813
0.284195
0.349084
0.263994
0.101355
0.0353862
0.0551773
0.0649433
1.29839
0.655964
0.463909
0.351395
0.270356
0.251767
0.243223
0.180136
0.118027
0.0789104
0.0801745
0.0713896
1.11751
0.572754
0.374267
0.298746
0.251256
0.210606
0.1904
0.152497
0.11987
0.108946
0.11941
0.0729708
1.18965
0.610566
0.410686
0.317574
0.250756
0.222596
0.209156
0.166154
0.113565
0.089432
0.121343
0.0789884
1.23759
0.63044
0.412118
0.296595
0.240018
0.228317
0.22271
0.166046
0.114478
0.103738
0.0856102
0.0691503
1.20392
0.635133
0.427938
0.287785
0.234933
0.224781
0.201445
0.152274
0.119569
0.102332
0.0900525
0.0662713
1.14048
0.595699
0.404348
0.301791
0.236665
0.171403
0.146401
0.158825
0.12964
0.0969335
0.0925591
0.053094
1.34441
0.707911
0.479668
0.365321
0.257926
0.191864
0.208903
0.189881
0.0971409
0.0581963
0.0818256
0.0492118
1.10808
0.553964
0.380643
0.283141
0.232421
0.192235
0.171258
0.146529
0.0866635
0.0699726
0.0764537
0.0159115
1.65333
0.767771
0.500287
0.322092
0.22842
0.210927
0.217404
0.279714
0.230847
0.0577566
0.0448503
0.0340198
1.28654
0.718779
0.499239
0.326502
0.20774
0.202347
0.184798
0.164875
0.153623
0.0935555
0.0907472
0.0591837
1.21119
0.677593
0.467359
0.30727
0.245324
0.196074
0.202919
0.182222
0.145452
0.109527
0.0562522
0.0555212
1.20746
0.622769
0.420511
0.300878
0.251777
0.217548
0.204198
0.17985
0.141227
0.123285
0.092458
0.0706534
1.21452
0.617667
0.441706
0.318012
0.266888
0.248621
0.199127
0.193143
0.129962
0.100791
0.107715
0.077062
1.14976
0.605033
0.42681
0.299485
0.261773
0.231993
0.206646
0.162803
0.126705
0.146268
0.103493
0.0779008
1.19382
0.660376
0.427355
0.324276
0.251395
0.218467
0.237493
0.195711
0.148546
0.139194
0.0958893
0.0827896
1.14524
0.602747
0.43086
0.322107
0.249085
0.218498
0.191112
0.189027
0.158481
0.112955
0.107922
0.0797965
1.20992
0.672315
0.452103
0.333308
0.299208
0.227659
0.218531
0.211886
0.157945
0.119819
0.101425
0.0876962
1.19555
0.646904
0.465516
0.3786
0.334142
0.288348
0.242668
0.188475
0.14408
0.0900359
0.0789724
0.0852805
1.30929
0.719021
0.50198
0.409347
0.332287
0.296607
0.229837
0.19646
0.171298
0.113185
0.0916936
0.091974
1.20301
0.643079
0.478864
0.391292
0.303896
0.266901
0.225971
0.193695
0.138933
0.104398
0.0748961
0.0817672
1.25565
0.715927
0.518058
0.390402
0.310671
0.265916
0.233719
0.195901
0.142164
0.104673
0.0620183
0.077251
1.30281
0.707949
0.534686
0.444726
0.3351
0.29128
0.263773
0.215169
0.143548
0.0900526
0.0785926
0.0859531
1.3711
0.754699
0.549413
0.479541
0.398651
0.327364
0.244517
0.213864
0.130724
0.0857085
0.0724154
0.0784334
1.23106
0.694971
0.526633
0.408897
0.342887
0.284814
0.228573
0.186565
0.120322
0.0653665
0.0876691
0.0765666
1.10123
0.585212
0.4112
0.305012
0.258227
0.217328
0.175357
0.146869
0.120401
0.113826
0.0980068
0.0703298
1.10016
0.606888
0.458997
0.34011
0.299705
0.248486
0.207343
0.167319
0.146371
0.149152
0.106138
0.0867585
1.19883
0.68938
0.538372
0.382225
0.338146
0.271373
0.235902
0.213478
0.16723
0.138872
0.101302
0.101809
1.14656
0.639623
0.450808
0.305628
0.27407
0.215363
0.208748
0.2135
0.184874
0.165162
0.136203
0.0990559
1.08662
0.5616
0.381535
0.296352
0.249937
0.21095
0.187404
0.168762
0.14632
0.128086
0.111712
0.074239
1.16102
0.610654
0.417913
0.303678
0.266532
0.220316
0.200134
0.188295
0.176811
0.167873
0.141993
0.0928717
1.15802
0.586567
0.388962
0.31107
0.248646
0.216686
0.240527
0.231847
0.205813
0.159288
0.140519
0.0955824
1.12412
0.574628
0.397757
0.310117
0.233109
0.219381
0.289027
0.227881
0.155907
0.15331
0.16759
0.094906
1.16005
0.14788
0.463549
0.670151
0.207254
-0.0134632
0.323741
0.385881
0.13393
0.109192
0.116369
0.144887
1.11206
0.150759
0.468673
0.678594
0.168588
-0.0536962
0.326322
0.368471
0.174519
0.117009
0.121787
0.145456
1.16847
0.0641876
0.525894
0.729183
0.139876
-0.097246
0.318375
0.39277
0.157213
0.127574
0.127096
0.145345
1.06489
0.104211
0.488673
0.66851
0.157908
-0.0515932
0.300166
0.357365
0.131374
0.0990194
0.0985095
0.133163
1.12871
0.401469
0.386528
0.448368
0.257053
0.14193
0.210588
0.199825
0.168048
0.0919151
0.0726605
0.081442
1.10469
0.433885
0.383281
0.344528
0.169216
0.1279
0.171821
0.202276
0.142643
0.0655731
0.148865
0.071056
1.36442
0.187323
0.539156
0.462802
0.124325
0.0188152
0.18493
0.247355
0.175479
0.0572309
0.129455
0.129102
1.23542
0.301967
0.424092
0.375728
0.195843
0.0389991
0.151035
0.235102
0.183287
0.00324681
0.155249
0.122288
1.55511
0.00587556
0.498798
0.308374
0.163922
-0.105896
0.264328
0.171403
0.173588
0.0274046
0.0793179
0.187561
1.28064
0.309235
0.39572
0.347436
0.109044
-0.0671589
0.212098
0.161763
0.163262
0.0715587
0.137863
0.102503
