1.28146
0.603341
0.548187
0.26393
0.301397
0.185965
0.172567
0.120323
0.106287
-0.0108502
-0.0909919
-0.0133576
1.31787
0.669175
0.498151
0.208039
0.268601
0.147678
0.136619
0.0856207
0.112733
0.0255463
-0.0829466
-0.0239677
1.30343
0.633062
0.524976
0.220253
0.207666
0.138067
0.178608
0.0720461
0.080349
0.00492882
-0.0832612
-0.0439822
1.40395
0.637582
0.639679
0.101361
0.286947
0.159671
0.247295
0.0153699
0.110792
-0.0286912
-0.087776
0.00273554
1.28401
0.551955
0.42954
0.236761
0.198171
0.152403
0.148855
0.0248074
0.0508206
-0.0290411
-0.0308923
-0.0456371
1.20166
0.625593
0.423756
0.204335
0.196657
0.205751
0.102447
0.0223839
0.0281159
-0.0238649
-0.0272218
-0.0522901
1.43017
0.64647
0.577487
0.0791247
0.230918
0.12212
0.175519
-0.0119895
0.0837967
-0.114519
-0.0129408
-0.0156881
1.31145
0.531868
0.434323
0.210864
0.211017
0.0502814
0.0523878
-0.0129136
-0.014554
-0.167859
0.142782
-0.0232329
0.742439
0.554381
0.301919
-0.102055
-0.0478499
0.175319
0.269208
0.126754
0.0525224
-0.0608165
0.0774139
-0.242241
0.666661
0.174994
0.280248
-0.1276
0.156428
-0.054428
0.202004
0.121122
0.167261
-0.135685
0.168381
-0.219951
0.398366
0.136694
0.236815
-0.22534
0.266863
-0.0159769
0.224397
0.0519768
0.0866134
-0.0387839
0.0406511
-0.226299
0.409824
0.00254583
0.0181747
-0.287785
0.299409
0.0543899
0.289623
0.0291344
-0.0162451
-0.0698862
0.0463793
-0.174685
0.335426
-0.164761
-0.109965
-0.347552
0.270674
0.0692228
0.181664
0.0526145
0.0552451
-0.0549682
0.106818
-0.0925255
0.206919
-0.31078
-0.208723
-0.40258
0.251622
0.053631
0.231878
0.134235
0.0401806
-0.0281815
0.100052
-0.054413
0.21998
-0.391749
-0.292746
-0.449871
0.216935
0.0967952
0.223061
0.144583
0.0517746
-0.0983558
0.0703427
-0.00295681
0.264488
-0.466397
-0.235739
-0.469151
0.207186
0.148559
0.195725
0.148114
-0.00477324
-0.0729638
0.0691133
0.0143994
0.187445
-0.47974
-0.247449
-0.47563
0.164762
0.168565
0.276284
0.113294
-0.0709666
-0.0742337
0.0516206
0.00977773
0.253008
-0.449857
-0.172798
-0.428446
0.208745
0.20602
0.248091
0.0775275
-0.0177923
-0.0573232
0.0370545
0.0716534
0.221852
-0.493858
-0.135502
-0.461421
0.168969
0.224831
0.295661
0.048399
0.000776191
-0.000942467
0.0449451
0.0700375
0.225784
-0.356386
-0.0998188
-0.44264
0.163589
0.223982
0.273565
0.0964377
0.0284295
0.0189099
0.0863566
0.0694439
0.251315
-0.367314
-0.0256341
-0.407921
0.115797
0.192735
0.324905
0.0667375
0.116805
0.0399201
0.0694113
0.0704483
0.280675
-0.400323
-0.00155317
-0.441752
0.137485
0.215932
0.317113
0.0980165
0.105931
0.0174717
0.0888804
0.055656
0.315462
-0.330636
0.00201982
-0.48363
0.12857
0.223561
0.301118
0.139763
0.112275
-0.00408446
0.130521
0.0507673
0.370833
-0.424169
-0.0425165
-0.398486
0.121497
0.148161
0.26731
0.13032
0.15313
-0.060832
0.112705
0.0619799
0.333952
-0.549745
-0.101183
-0.320734
0.249857
0.0383887
0.1856
0.234673
0.0850686
-0.0500914
0.0895881
0.049331
0.282536
-0.593404
-0.136287
-0.279137
0.309364
-0.00860172
0.161912
0.242311
0.135989
-0.0739413
0.0180801
0.0487075
0.18397
-0.722033
-0.0416669
-0.141397
0.364032
-0.054396
0.18122
0.286984
0.0865369
-0.0257569
-0.0260178
0.0324849
0.10788
-0.961567
0.147054
-0.037043
0.350617
-0.132273
0.123519
0.329445
0.109345
-0.0713881
-0.0851658
0.0574665
-0.0166728
-0.993431
0.289404
-0.0413914
0.327413
-0.142711
0.111103
0.392934
0.148248
-0.0764592
-0.0649052
0.0511985
-0.0525488
-1.06384
0.45561
-0.0357547
0.304543
-0.199843
0.135312
0.374637
0.142712
-0.0572601
-0.0895059
0.074171
-0.238514
-1.02489
0.502723
0.0716049
0.28228
-0.26846
0.211163
0.403008
0.168174
0.00912884
-0.0573298
0.0850662
-0.354217
-1.02272
0.621391
0.0505977
0.278317
-0.318489
0.152328
0.443792
0.16016
0.0164352
-0.0254935
0.115551
-0.469289
-1.0784
0.638742
0.0365033
0.337663
-0.295041
0.212621
0.50152
0.100294
0.00154985
-0.00924053
0.105155
-0.462613
-1.1326
0.756743
0.0305146
0.303798
-0.246161
0.251466
0.481278
0.0282595
0.016595
0.0110518
0.0653624
-0.562365
-1.06776
0.668865
-0.000849825
0.296779
-0.244234
0.260234
0.499142
0.01591
0.000646703
0.0513486
0.0139765
-0.573335
-1.07174
0.691497
-0.00367064
0.280519
-0.254958
0.25345
0.50934
-0.0117885
0.0100702
0.0919781
0.00983255
-0.676536
-1.07874
0.688792
0.0152266
0.276715
-0.279438
0.246614
0.458256
-0.0242807
0.00307096
0.0612537
0.0167948
-0.716984
-1.06812
0.721412
-0.012087
0.259131
-0.326959
0.275773
0.45876
-0.050747
0.0181556
0.0632288
0.03981
-0.834492
-1.06101
0.708568
0.0898724
0.278926
-0.342842
0.265944
0.337111
-0.134215
0.00918728
0.0673119
0.0463066
-0.790133
-0.941568
0.761432
0.0616861
0.14489
-0.427168
0.288403
0.345403
-0.0876348
0.0203427
0.077786
0.0426481
-0.771288
-0.981038
0.784015
0.0308886
0.181423
-0.323928
0.399504
0.373904
-0.129342
0.0248123
0.100537
0.0507587
-0.532851
-0.938379
0.858856
-0.0255754
0.172726
-0.293249
0.299176
0.300358
-0.136461
0.0196449
0.0424626
0.00839793
-0.799509
-0.975484
0.909409
-0.0155494
0.141301
-0.264707
0.336394
0.290161
-0.101512
0.12999
0.0314207
0.000876787
-0.513232
-0.878702
0.981393
-0.0948195
0.156534
-0.236238
0.2844
0.265353
-0.150457
0.129903
0.00905041
-0.0631542
-0.65724
-0.876221
1.09261
-0.175353
0.0602383
-0.229965
0.341
0.334591
-0.106468
0.175134
0.0855805
-0.0376741
-0.333591
-0.880854
0.907747
-0.200491
0.0926626
-0.143325
0.269275
0.288525
-0.0928817
0.115087
0.0346111
-0.086317
-0.359213
-0.733431
0.869771
-0.104274
-0.0251342
-0.161019
0.319354
0.359333
0.0400577
0.0236055
0.162618
-0.0840581
-0.136174
-0.542684
0.797633
-0.134458
0.0543553
-0.146429
0.270413
0.265665
0.051233
-0.038205
0.112993
-0.0356606
0.434537
-0.133724
0.852837
-0.0714748
0.175203
-0.109304
0.137722
0.0706022
0.076633
0.134081
0.109693
-0.0292562
0.65059
-0.029303
0.717148
0.137918
0.120653
-0.00462638
0.277744
0.136091
0.126449
0.126512
0.0200022
-0.0405811
1.34079
-0.0975574
0.523014
0.0893565
0.170004
0.000353776
0.276248
0.122842
0.111971
0.0149239
0.00417603
0.0725804
1.37283
0.0427033
0.397591
0.196145
0.138598
-0.0235799
0.260574
0.09767
0.12859
0.00556091
0.0495865
0.0610897
1.63424
-0.0994017
0.342684
0.264594
0.0948149
-0.0476402
0.287634
0.0250936
0.184613
-0.017018
0.00167391
0.103212
1.63781
0.00530675
0.21381
0.326526
0.095601
-0.0620081
0.19463
0.0754925
0.182671
-0.0789326
0.034625
0.0809868
1.71986
-0.102532
0.356814
0.274364
0.17389
-0.141193
0.250899
0.034909
0.178096
-0.0174252
-0.0816714
0.100799
1.54505
-0.0308316
0.256118
0.370355
0.187676
-0.0662769
0.188335
0.0877578
0.0785242
-0.100739
-0.0780066
0.00512731
1.72196
-0.0982664
0.354143
0.249722
0.34551
-0.104832
0.210983
0.0529301
0.0848007
-0.0869839
-0.147667
0.10596
1.71373
-0.0353407
0.340995
0.26752
0.310736
-0.0740635
0.220129
0.0438101
0.0437569
-0.0871474
-0.126937
0.0535255
1.78772
-0.0246255
0.31269
0.268058
0.292425
-0.0986425
0.215218
0.0384225
0.0643409
-0.0817901
-0.106378
0.0694801
1.71703
0.0681314
0.239525
0.215916
0.164523
0.0497573
0.255479
-0.0057011
0.0395957
-0.0908261
-0.0271931
0.0278715
1.94391
-0.0655857
0.242841
0.233682
0.167883
-0.0254559
0.367134
-0.0391357
0.0140969
-0.0270169
-0.0612881
0.0278282
1.67866
0.140413
0.219074
0.192509
0.208016
0.0647656
0.311845
0.00393195
-0.0486181
-0.0233849
-0.0313624
-0.0184197
1.83135
0.052781
0.175418
0.274807
0.12123
-0.00938246
0.407193
-0.0300187
-0.0125692
-0.030385
-0.0223647
-0.0355606
1.97263
-0.0846713
0.262108
0.286371
0.15182
-0.0968933
0.503102
-0.0508425
0.0580881
0.0582047
-0.0649954
0.0144312
2.04703
-0.0745133
0.238383
0.273528
0.155006
-0.102572
0.502701
-0.0505592
0.0494859
0.065953
-0.0632983
0.00563574
1.49219
0.148519
0.180634
0.289862
0.101943
0.0678949
0.338867
0.0676101
0.0450449
0.0883289
0.0106692
-0.0516077
1.78854
0.0657052
0.230933
0.219856
0.134275
0.0523151
0.363198
0.0341623
0.0741363
0.127466
0.0257688
-0.0335052
2.04713
-0.101375
0.303917
0.251956
0.206064
-0.0331725
0.428867
0.034786
0.101195
0.154928
-0.0365355
0.0142904
1.69297
0.138126
0.337467
0.321866
0.167308
0.00877579
0.280394
0.130178
0.102339
0.153446
0.00203939
-0.0525141
1.48293
0.377941
0.268777
0.298237
0.0896233
0.0596091
0.248568
0.064589
0.0292179
0.119567
0.0559046
-0.0119617
2.00639
0.0675492
0.414098
0.298191
0.250461
-0.104239
0.397555
0.09899
0.0893703
0.182666
-0.00361381
0.0187927
1.97854
0.190137
0.39114
0.298347
0.210577
-0.0592734
0.426058
0.062803
0.102182
0.136788
0.00497591
0.0182494
1.45072
0.446808
0.375036
0.319677
0.100319
0.138055
0.251461
0.119144
0.11646
0.0847646
0.0210159
0.00231641
1.6546
0.373089
0.448384
0.332875
0.142548
0.0932312
0.285712
0.148308
0.21413
0.143162
-0.0337993
-0.0223313
1.43661
0.630748
0.390467
0.300025
0.155626
0.0896119
0.165097
0.142912
0.117505
0.0933539
0.0163186
0.0228669
1.36839
0.614622
0.380614
0.256481
0.166373
0.183086
0.228234
0.112723
0.093701
0.104716
0.0260356
0.0208042
1.72514
0.661983
0.417206
0.317404
0.0953937
0.129063
0.238148
0.121897
0.0652962
0.0811015
0.0630266
0.0208397
2.2098
0.470568
0.519005
0.281201
0.13501
0.113006
0.279
0.0570175
0.124292
0.122078
0.0185098
-0.00151042
1.5644
0.616983
0.389265
0.285506
0.0995957
0.116164
0.176519
0.136277
0.0780465
0.0627442
0.0133914
-0.00445208
1.52489
0.652456
0.374634
0.227018
0.128152
0.130399
0.151984
0.130155
0.0947396
0.0804911
0.045834
0.0165701
2.0055
0.46139
0.242695
0.344691
0.0892666
0.075046
0.264814
0.112769
0.089028
0.0785592
0.0450409
-0.0230016
1.66714
0.453246
0.268559
0.265962
0.146508
0.119284
0.170494
0.138726
0.0653703
0.0786112
0.0361915
0.0104707
2.11706
0.187637
0.160165
0.475329
0.175875
0.0199016
0.309518
0.104143
0.16337
0.08716
-0.00430991
-0.095277
2.29827
-0.0062415
0.043658
0.547387
0.10856
-0.00329652
0.333176
0.0814468
0.171709
0.0307874
-0.00408238
-0.0739587
2.09798
0.0271489
0.0967937
0.472791
0.164934
0.00990512
0.283972
0.0913374
0.19407
0.0428971
-0.0320069
-0.0564892
1.68072
0.0779355
0.0849318
0.370765
0.198218
0.0396899
0.195001
0.110084
0.143826
-0.00160122
-0.074917
-0.0429863
1.75885
0.0739788
0.0439779
0.403332
0.181038
-0.00393916
0.237947
0.120634
0.180345
-0.0107355
-0.0455582
-0.0304098
1.92572
-0.027559
0.0506465
0.399517
0.21757
-0.1673
0.337123
0.0660314
0.186966
-0.0502913
-0.0520399
0.01636
2.10957
-0.118252
0.0613784
0.372342
0.242172
-0.245314
0.406593
0.0603048
0.184902
-0.0144229
-0.073038
0.063012
2.02727
0.0209361
0.0305814
0.405743
0.247353
-0.283559
0.343753
0.1111
0.200461
-0.0546125
-0.00532827
0.102585
1.73183
0.114959
0.0390813
0.374945
0.202827
-0.16371
0.239311
0.172818
0.138623
-0.105997
-0.0462634
0.0574196
1.84751
0.114658
0.020294
0.348822
0.275372
-0.176095
0.218112
0.241198
0.124659
-0.0394083
0.0390083
0.146162
2.16796
-0.156213
0.151492
0.345975
0.214026
-0.171093
0.397288
0.144873
0.169548
0.0369171
0.0656106
0.221613
1.78381
0.271311
0.0249876
0.29518
0.21658
-0.063312
0.144573
0.251266
0.172797
-0.0680324
0.12155
0.196526
1.68198
0.400875
0.116176
0.225683
0.186781
-0.0165071
0.169142
0.243475
0.182062
0.0362042
0.20386
0.162209
1.71263
0.419701
0.149013
0.21126
0.144611
-0.00589354
0.250792
0.268672
0.200625
0.0591246
0.183158
0.130639
1.69813
0.443199
0.165697
0.208151
0.163768
0.0147741
0.225325
0.201903
0.134409
0.0781233
0.208219
0.144127
1.70837
0.481517
0.178252
0.287911
0.171755
0.0435554
0.277321
0.226168
0.0892799
0.00226865
0.155335
0.133734
1.45365
0.477231
0.25062
0.253812
0.180941
0.106291
0.225761
0.230605
0.11085
0.0506481
0.16276
0.0948189
1.44752
0.521025
0.271673
0.289659
0.25444
0.159986
0.253685
0.261323
0.122603
0.0189776
0.0953563
0.0782603
1.4795
0.47267
0.284591
0.313711
0.235169
0.145313
0.281603
0.289863
0.101149
0.0364076
0.126495
0.0974628
2.14138
0.355653
0.209407
0.389999
0.175722
0.0425917
0.374328
0.309952
0.165064
0.0205299
0.120151
0.137181
1.20695
0.511961
0.325763
0.290423
0.215763
0.151314
0.181904
0.220141
0.171841
0.112021
0.102628
0.0544444
1.58858
0.470138
0.248547
0.305062
0.245204
0.127879
0.268223
0.306741
0.164223
0.0595949
0.12019
0.101716
1.4086
0.55136
0.250514
0.257803
0.252876
0.223321
0.285718
0.302751
0.186441
0.0516532
0.087493
0.0666699
1.3135
0.583824
0.336812
0.291177
0.268685
0.237404
0.251555
0.242138
0.143201
0.049206
0.0816539
0.066558
1.21155
0.578919
0.358333
0.291793
0.272912
0.252709
0.210166
0.14241
0.0821442
0.0920795
0.167351
0.0779448
1.43965
0.667106
0.370475
0.300824
0.280973
0.247762
0.294104
0.240869
0.16652
0.0958928
0.0955037
0.0803541
1.31246
0.620375
0.399893
0.360072
0.273268
0.201425
0.210641
0.25229
0.163165
0.086034
0.11634
0.0844587
1.18939
0.607067
0.404361
0.303532
0.236677
0.231161
0.214339
0.174897
0.134045
0.106299
0.0971232
0.0658119
1.88388
0.628946
0.361356
0.425063
0.344529
0.235723
0.372288
0.26522
0.059976
0.014585
0.110127
0.131546
1.19599
0.601176
0.411831
0.35111
0.292339
0.232774
0.199278
0.17576
0.151592
0.113683
0.111157
0.0750817
1.34712
0.677231
0.44652
0.372671
0.325375
0.322734
0.286919
0.172751
0.0850729
0.0735779
0.11685
0.0906803
1.20222
0.613245
0.399023
0.31255
0.28091
0.261855
0.219195
0.165814
0.112598
0.100138
0.134392
0.0816199
1.19925
0.602921
0.421994
0.344334
0.266447
0.226891
0.192607
0.158476
0.129531
0.14385
0.170515
0.0894717
1.13349
0.580733
0.409558
0.328679
0.265643
0.232804
0.208184
0.175756
0.13313
0.107795
0.111569
0.0747725
1.27705
0.624754
0.44588
0.383954
0.3033
0.244813
0.273192
0.225876
0.154881
0.112651
0.107244
0.0928885
1.15774
0.595243
0.412169
0.307271
0.249169
0.219884
0.213599
0.182827
0.125321
0.0945325
0.0843303
0.0633644
1.08709
0.559052
0.386812
0.294255
0.230204
0.196114
0.164393
0.13477
0.13341
0.130951
0.0957752
0.0506981
1.7113
0.660569
0.431014
0.367888
0.333344
0.274927
0.300963
0.14015
0.0451251
0.0938294
0.130854
0.103238
1.49515
0.685064
0.367059
0.35541
0.332568
0.243232
0.2688
0.196079
0.0753597
0.0620386
0.0988897
0.0833381
1.26581
0.601845
0.356569
0.264695
0.267617
0.220254
0.193462
0.126006
0.116568
0.11028
0.103805
0.0579413
1.14264
0.537372
0.356116
0.274792
0.232435
0.170872
0.147606
0.135968
0.108598
0.0800331
0.0944646
0.0350875
1.47033
0.61298
0.365444
0.249503
0.247403
0.170969
0.168332
0.173468
0.186196
0.141326
0.164049
0.0961577
1.27825
0.634553
0.406397
0.282585
0.217242
0.180053
0.187377
0.188693
0.160245
0.11218
0.132282
0.0762288
1.29973
0.606159
0.393486
0.281967
0.250698
0.203591
0.193342
0.16257
0.140354
0.12875
0.143123
0.0826438
1.18336
0.589288
0.375957
0.269068
0.206208
0.175723
0.1711
0.19141
0.147781
0.164459
0.152338
0.0775874
1.13393
0.571955
0.392791
0.278633
0.207036
0.188309
0.2095
0.180868
0.151229
0.156587
0.134474
0.076771
1.379
0.672175
0.448658
0.239149
0.221835
0.182417
0.200434
0.227008
0.237415
0.156537
0.195133
0.12001
1.2811
0.6347
0.427909
0.269985
0.184071
0.178005
0.199763
0.228552
0.202202
0.164457
0.232073
0.119523
1.26935
0.641519
0.43426
0.301687
0.24131
0.196594
0.172237
0.20415
0.18709
0.156898
0.231664
0.122251
1.11013
0.568425
0.376256
0.274122
0.262137
0.20615
0.168656
0.151041
0.145275
0.117138
0.129217
0.0759785
1.49928
0.612385
0.36133
0.196113
0.30997
0.235543
0.211732
0.184827
0.167662
0.172466
0.267003
0.165849
1.16422
0.579489
0.383589
0.281627
0.252355
0.220192
0.195909
0.18689
0.17235
0.1998
0.207781
0.10247
1.08096
0.568239
0.404955
0.289511
0.251411
0.204417
0.166349
0.141473
0.126443
0.141694
0.140688
0.0757215
1.15541
0.631238
0.419249
0.325573
0.285361
0.256732
0.245367
0.199925
0.174648
0.151303
0.167808
0.10518
1.0773
0.570273
0.414326
0.284976
0.264718
0.243496
0.223535
0.201506
0.18292
0.175468
0.150693
0.0915459
1.08597
0.583235
0.400024
0.30257
0.262558
0.209576
0.18749
0.164022
0.159987
0.154264
0.152432
0.0832632
1.07815
0.565475
0.383038
0.294437
0.2454
0.214111
0.189394
0.159649
0.147205
0.144647
0.137706
0.0773776
1.19403
0.643885
0.421666
0.314528
0.25519
0.227983
0.220651
0.205667
0.172398
0.182452
0.187173
0.110104
1.16503
0.616397
0.431337
0.32457
0.276951
0.23578
0.19032
0.185956
0.16562
0.150081
0.148864
0.0956877
1.12247
0.596568
0.412093
0.313247
0.242316
0.205034
0.189948
0.16177
0.149156
0.135238
0.128995
0.0811638
1.24266
0.678367
0.467846
0.33241
0.268899
0.245819
0.215254
0.19884
0.173311
0.1227
0.0727642
0.0819849
1.31239
0.741373
0.528707
0.336635
0.303371
0.265045
0.19701
0.169185
0.122511
0.0666317
0.0889487
0.0691513
1.3486
0.768493
0.607056
0.386843
0.329816
0.258344
0.204591
0.143553
0.1465
0.11833
0.0314239
0.0611753
1.1943
0.667394
0.466712
0.345015
0.257582
0.204562
0.161718
0.108389
0.104406
0.0639413
0.0464639
0.049016
1.21358
0.660332
0.483868
0.361976
0.277127
0.221202
0.171977
0.137935
0.0994681
0.0776009
0.0240212
0.0478592
1.25226
0.723831
0.526239
0.379157
0.362134
0.277535
0.220998
0.180045
0.0905219
0.032762
0.0149204
0.0422479
1.28851
0.716964
0.545847
0.40016
0.377389
0.241901
0.17481
0.175705
0.115755
0.0664778
0.0162229
0.0422799
