1.41422
0.564922
0.6344
0.0350832
0.184988
-0.0135366
0.180062
0.0473872
0.0966559
-0.0334459
0.064662
0.0895736
1.30607
0.600077
0.597197
0.132707
0.189564
0.0467277
0.203901
0.037911
0.0676899
0.0146944
0.0630298
0.0472891
1.40277
0.546286
0.59532
0.0622249
0.181838
0.0532998
0.251076
0.0468576
0.116036
-0.0482489
-0.0171304
0.0478349
1.29578
0.527164
0.469593
0.127327
0.0801297
0.0999593
0.167827
0.0456969
0.073728
-0.0483968
0.013126
0.0222871
1.52269
0.482841
0.556745
0.0198664
0.159707
0.0305736
0.206559
0.0330769
0.141473
-0.113137
0.0302691
0.106962
1.39729
0.514752
0.44797
0.0191871
0.120905
0.045357
0.125183
0.0884777
0.0821468
-0.0648843
0.0528938
0.0404827
1.08905
0.516647
0.317
0.137562
0.203578
0.10336
0.0579641
0.0961932
0.0309946
0.0441632
0.0586345
0.0266518
1.28922
0.582996
0.407007
0.166471
0.155729
0.133896
0.158467
0.0689561
0.096434
0.0864186
0.143123
0.0899207
1.18075
0.579994
0.391212
0.203367
0.214947
0.177019
0.150115
0.143552
0.182576
0.151831
0.113124
0.0822192
1.29045
0.637783
0.492901
0.16051
0.174696
0.198857
0.221236
0.196448
0.151815
0.153334
0.126587
0.0874796
1.10069
0.520935
0.348492
0.23629
0.181717
0.196204
0.149999
0.119561
0.124008
0.0831171
0.107882
0.0762294
1.18509
0.557451
0.478317
0.245156
0.192877
0.127081
0.196563
0.203956
0.130761
0.0961278
0.179938
0.0954127
1.15496
0.327144
0.444437
0.434257
0.134411
0.0136884
0.280078
0.218318
0.00471272
0.125469
0.230094
0.0908367
1.10858
0.361653
0.542269
0.48169
0.105969
-0.0188353
0.288536
0.210033
-0.00235343
0.146067
0.209423
0.0790605
1.08372
0.323741
0.445885
0.419395
0.112842
0.0701515
0.2685
0.180593
0.0155491
0.101681
0.218891
0.072475
1.04135
0.379083
0.425791
0.382776
0.0661803
0.0650639
0.235265
0.138169
-0.0031033
0.121125
0.224396
0.0590406
1.23888
0.294253
0.627701
0.391224
0.0323628
0.107433
0.281311
0.0767814
0.0587648
0.142882
0.178178
0.0602623
0.978847
0.333758
0.583523
0.340094
0.00109168
0.209495
0.28923
0.080578
0.0156808
0.159794
0.181484
0.0202017
1.08691
0.0878842
0.988774
0.377591
-0.0729777
0.211184
0.277693
0.0583877
0.0995214
0.104006
0.201738
0.0916235
0.924103
0.0942464
0.768817
0.388588
-0.0919858
0.259116
0.235785
0.0764427
0.112749
0.132469
0.167184
0.0609129
0.668131
-0.314718
1.32016
0.466007
-0.10119
0.118696
0.179337
0.192556
0.176536
0.0889893
0.240947
0.126456
0.738148
-0.366455
1.02683
0.367688
0.0605696
0.0769424
0.0968999
0.286406
0.121018
0.073632
0.180841
0.0400014
0.45529
-0.588657
1.2494
0.371622
0.118611
-0.0609338
0.184324
0.373997
0.181473
0.0589338
0.174395
0.125304
0.405679
-0.588672
1.32399
0.311915
0.122045
-0.0131827
0.165294
0.291385
0.149213
0.113839
0.0822516
0.104045
0.157741
-0.653945
1.20567
0.343728
0.176948
0.0148344
0.267137
0.287147
0.137683
0.0939602
0.0711079
0.126122
0.199847
-0.69316
1.39098
0.276458
0.0967335
-0.0143512
0.207742
0.243935
0.00123686
0.131376
0.0871639
0.0681079
-0.30539
-0.507204
1.30351
0.384394
0.0835698
0.014875
0.223668
0.180785
-0.0211224
0.0970502
0.122751
0.05306
-0.309471
-0.723393
1.26254
0.238564
0.0954079
0.0425078
0.206024
0.176092
0.048397
0.0733416
0.133268
0.0730901
-0.484036
-0.620715
1.29679
0.382407
0.0896313
0.0178809
0.216442
0.148011
0.0629305
0.0399709
0.1482
0.0702218
-0.8207
-0.557969
1.30012
0.52389
0.106609
0.00946422
0.188339
0.169052
0.096445
0.0244572
0.11442
0.0657943
-0.832248
-0.579969
1.32512
0.519733
0.0942368
-0.0127241
0.235154
0.168349
0.095006
0.0086803
0.114872
0.106487
-0.649037
-0.688752
1.1804
0.37256
0.0415104
0.0171652
0.236884
0.129908
0.082439
0.053716
0.102113
0.0994776
-0.607057
-0.684314
1.02275
0.384701
0.0156859
0.0278115
0.175798
0.149825
0.0943162
0.0386828
0.0768168
0.10913
-0.783602
-0.606404
1.23018
0.456115
0.11608
-0.00503004
0.132529
0.265015
0.0262031
0.0133208
0.0878421
0.091424
-0.827852
-0.602517
1.14809
0.372488
0.161148
0.0267807
0.190154
0.239705
0.0458509
0.0167619
0.101341
0.0768289
-1.089
-0.641813
1.23837
0.472485
0.27394
0.0689127
0.222994
0.261091
0.0698002
0.0596212
0.124162
0.0691067
-1.00185
-0.507983
1.05073
0.343941
0.225571
0.0701913
0.227975
0.194497
0.0347738
0.0487356
0.121091
0.0412887
-0.970335
-0.449325
1.12631
0.312279
0.192592
0.0844741
0.277552
0.163977
0.0781775
0.0125149
0.180777
0.0255801
-0.861114
-0.494182
1.02412
0.227757
0.118078
0.0810401
0.261368
0.160047
0.126675
-0.0483489
0.173966
0.0469369
-1.27449
-0.541758
1.30437
0.50019
0.265409
0.0959075
0.214715
0.237479
0.208999
-0.0510931
0.16414
0.116433
-1.24076
-0.572193
1.21271
0.393612
0.205961
0.102666
0.153617
0.196332
0.210184
-0.0617587
0.107278
0.144545
-0.986607
-0.687756
1.18278
0.165984
0.101678
0.084654
0.143848
0.163976
0.181812
-0.0392289
0.0636163
0.157921
-0.961102
-0.739458
1.17288
0.155371
0.0881135
0.11913
0.124567
0.146248
0.173981
-0.0231364
0.0661311
0.137887
-1.04525
-0.703105
1.3176
0.0874166
0.0733665
0.0890107
0.12522
0.149242
0.0947117
0.00692492
0.0725149
0.110883
-1.04137
-0.7441
1.15339
-0.00921263
0.0144169
0.137748
0.106574
0.145631
0.129934
0.0286522
0.0801422
0.0946198
-1.17935
-0.730767
1.263
0.0339198
0.0314799
0.122282
0.0722088
0.126666
0.103491
-0.019982
0.062576
0.0960421
-1.24149
-0.734829
1.09492
-0.0151536
0.0360341
0.127748
0.0965652
0.13387
0.100613
-0.0349742
0.0712911
0.102694
-1.20144
-0.645452
1.11152
-0.000284873
0.0122094
0.124814
0.0955944
0.0967112
0.226239
-0.0823758
0.0238869
0.174056
-1.10379
-0.61711
1.01228
-0.083088
0.0230945
0.107636
0.105549
0.112585
0.197338
-0.135933
0.0111452
0.176751
-1.58571
-0.622303
1.21576
0.214204
0.148881
0.124389
0.107433
0.126856
0.238432
-0.103007
0.0679149
0.200701
-1.42026
-0.545049
1.11677
0.0886683
-0.00592932
0.10787
0.0473246
0.159296
0.242021
-0.096184
0.0659238
0.189495
-1.63072
-0.700495
1.15387
0.227641
0.116829
0.134687
0.0575079
0.154099
0.242873
-0.0999935
0.0477998
0.203235
-1.49552
-0.602163
1.04512
0.150174
-0.0229909
0.132775
0.0719219
0.134312
0.274652
-0.131556
0.0645401
0.174177
-1.57831
-0.698488
0.99329
0.12222
0.0161108
0.137592
0.0303566
0.0961276
0.324337
-0.166288
0.00740841
0.190888
-1.42099
-0.605138
0.96933
0.134407
-0.0377786
0.106184
0.0813302
0.0723067
0.289404
-0.130525
0.0275448
0.158438
-1.15969
-0.531078
0.956709
0.0185025
-0.0129392
0.101953
0.0924594
0.0308013
0.305131
-0.164114
0.0295716
0.106244
-0.507451
-0.464691
1.04541
-0.162755
0.0172924
0.0215512
0.189404
0.0669268
0.293341
-0.030694
-0.0622925
0.132785
0.0959654
-0.164668
1.02928
0.104677
0.140651
0.0484918
0.219821
0.0808923
0.225435
0.00129252
-0.0491657
0.0492063
0.439589
-0.0655887
0.900285
0.0877346
0.103723
0.0845854
0.133996
0.231362
0.231313
-0.008803
-0.0185615
0.0641379
0.885595
-0.258685
0.620554
0.266216
0.176645
-0.0502438
0.246926
0.177706
0.251541
-0.104
-0.102823
0.127795
1.08884
-0.25047
0.477435
0.306036
0.141174
-0.0641824
0.158952
0.151647
0.282268
-0.13652
-0.0597559
0.115844
1.16073
-0.280927
0.46894
0.259645
0.166454
-0.0645882
0.152024
0.150029
0.287125
-0.12155
-0.0623688
0.131688
1.34152
-0.301323
0.393272
0.277717
0.120847
-0.118058
0.154886
0.089896
0.284141
-0.0848415
-0.0405525
0.136809
1.19448
-0.135001
0.252744
0.312824
0.0391563
-0.0322944
0.116086
0.133976
0.260463
-0.155052
-0.0132308
0.0521904
1.46674
-0.254196
0.323473
0.197452
0.0990056
-0.09998
0.150231
0.0425289
0.307158
-0.0916715
-0.0318252
0.156013
1.52341
-0.243142
0.254358
0.239953
0.0697604
-0.131456
0.154876
0.0401457
0.300966
-0.078367
-0.0130326
0.120246
1.45256
-0.150581
0.237987
0.204053
0.0754337
-0.11603
0.111138
0.0847382
0.32127
-0.0830802
0.0178209
0.0951757
1.24672
-0.0571283
0.245541
0.277098
-0.0140911
-0.141392
0.0568612
0.139907
0.264581
-0.0509731
0.0169162
0.00276948
1.3677
-0.0649366
0.228469
0.27021
0.0473456
-0.177527
0.0631572
0.133456
0.238773
-0.0774195
-0.0261729
0.00311184
1.33952
-0.0950422
0.255537
0.30609
0.121488
-0.262631
0.122557
0.126019
0.207435
-0.0758877
-0.0881047
0.00939338
1.41472
-0.116534
0.272088
0.314053
0.0690877
-0.235339
0.115191
0.0595221
0.235056
-0.105193
-0.0862337
0.0241822
1.51138
-0.116319
0.295247
0.265482
0.119485
-0.201907
0.18012
0.0216644
0.272562
-0.10151
-0.129031
0.0534923
1.29863
0.0153174
0.284292
0.287052
0.103184
-0.221434
0.120569
0.0933752
0.180895
-0.0854867
-0.0421118
0.0119574
1.43908
0.0577523
0.320228
0.206861
0.0714101
-0.125231
0.102578
0.0583348
0.225369
-0.0414589
-0.00351129
0.020107
1.52054
0.183234
0.245958
0.186894
0.0775046
-0.15253
0.0876715
0.103226
0.157668
-0.00368174
0.0503396
0.0197516
1.77689
0.030271
0.305074
0.171618
0.0579131
-0.199725
0.196719
-0.0218795
0.243474
-0.00818929
-0.0235153
0.122476
1.64924
0.159918
0.254279
0.186669
0.0460649
-0.170239
0.138639
0.0213262
0.260347
0.0230326
0.0259985
0.0468622
1.75413
0.0948697
0.298597
0.194128
0.0505143
-0.178872
0.177111
0.0166898
0.292814
0.0559033
0.00295616
0.0822452
1.42619
0.243216
0.265532
0.243165
0.0711239
-0.0476372
0.100012
0.100696
0.214772
0.0561746
0.0445873
-0.00341513
1.49241
0.310711
0.299262
0.214905
0.150348
-0.0589497
0.114938
0.0942955
0.223281
0.050356
0.0696873
0.0351505
1.57439
0.361196
0.348444
0.195469
0.179112
0.0635347
0.25967
0.0500157
0.244866
-0.0425592
0.0304836
0.0624772
1.60799
0.460032
0.394506
0.155363
0.195695
0.0381854
0.248811
0.053451
0.236888
-0.0322436
0.0500674
0.0742833
1.3807
0.518624
0.298926
0.217519
0.236061
0.0841763
0.160734
0.131433
0.198481
0.0398043
0.0599611
0.0139686
1.35388
0.463039
0.389825
0.235516
0.218154
0.109857
0.181235
0.114869
0.122909
0.098239
0.0807041
0.0287632
1.50169
0.524058
0.370698
0.243908
0.189277
0.0903619
0.139771
0.118754
0.305694
0.0554008
0.0978389
0.0605818
1.29361
0.549315
0.439779
0.274288
0.160418
0.10901
0.165256
0.154336
0.216022
0.0902554
0.0714709
0.0405245
1.41768
0.499582
0.351045
0.265913
0.214049
0.15887
0.196927
0.152073
0.243703
0.0760274
0.0609537
0.0361947
1.51103
0.483162
0.389716
0.268137
0.187595
0.211098
0.197779
0.16088
0.195923
0.0310436
0.0243956
0.0334127
1.68121
0.314838
0.331555
0.326034
0.20078
0.186627
0.208387
0.176338
0.265464
-0.013727
-0.0403735
0.0294156
1.37469
0.425554
0.309359
0.256881
0.235321
0.192261
0.166415
0.215455
0.176391
0.00338476
-0.0136634
0.0184714
2.13372
0.0959785
0.147649
0.363238
0.256746
0.0322218
0.387203
-0.00218217
0.294552
-0.0353643
-0.12341
0.0320198
1.44977
0.319172
0.148325
0.317361
0.298116
0.155387
0.243706
0.160407
0.180847
-0.0152374
-0.0617111
-0.00622511
1.92918
0.0839562
-0.0950206
0.492119
0.262034
-0.0430445
0.316924
0.0784799
0.289275
-0.117605
-0.0719326
-0.0534406
1.90839
0.0103539
-0.137887
0.494731
0.220205
-0.0695337
0.297103
0.0631398
0.282683
-0.11448
-0.0264469
-0.0319597
2.14552
-0.104689
-0.203418
0.553997
0.229261
-0.175259
0.379935
0.0333313
0.330982
-0.0996463
-0.0168737
-0.0688375
1.78598
-0.0327176
-0.2004
0.428864
0.3181
-0.130429
0.229413
0.111455
0.263683
-0.101051
-0.130501
-0.0496702
1.7635
-0.0455004
-0.143623
0.450528
0.25842
-0.118906
0.255578
0.0830888
0.307842
-0.0852421
-0.106171
-0.0560579
1.81966
-0.0313707
-0.194204
0.50994
0.276942
-0.222912
0.265246
0.0834924
0.337103
-0.100992
-0.0925724
-0.0774164
1.52762
-0.0149118
-0.0703168
0.458724
0.244719
-0.213433
0.280737
0.135484
0.273174
-0.0600728
-0.126005
-0.0733272
1.85088
-0.0434956
-0.117012
0.501546
0.285025
-0.296612
0.279324
0.0933708
0.354505
-0.0693164
-0.109411
-0.0617357
1.68774
-0.0246784
-0.0585932
0.440328
0.262241
-0.259012
0.234892
0.125104
0.334766
-0.0409134
-0.121493
-0.0525247
1.77763
-0.0138964
-0.0552233
0.411623
0.32152
-0.262389
0.241816
0.144331
0.308626
-0.0289183
-0.137296
-0.0158896
1.49646
-0.0359938
0.0966177
0.339975
0.25762
-0.186552
0.1421
0.254985
0.203113
0.0190886
-0.0968169
-0.0061129
1.6228
0.0357212
-0.0173976
0.359496
0.26014
-0.247247
0.21632
0.233864
0.21182
-0.0162733
-0.0376714
0.0554947
1.71186
0.036317
0.00531671
0.344943
0.300311
-0.250151
0.206363
0.262188
0.17159
-0.00979466
0.0121011
0.1324
1.70712
0.0546592
-0.0112194
0.405361
0.287034
-0.26627
0.248752
0.271721
0.206591
-0.00846124
0.0216506
0.123074
1.7143
0.149555
0.025981
0.353326
0.287153
-0.236082
0.245052
0.215475
0.180942
-0.053033
0.0542988
0.179467
1.67746
0.123343
0.0637276
0.392836
0.257102
-0.131575
0.212121
0.311113
0.137076
-0.050737
0.0282999
0.131126
1.6572
0.245654
0.129314
0.390897
0.235388
-0.16348
0.249294
0.223764
0.149851
-0.0610736
0.111058
0.167715
1.50851
0.213698
0.172773
0.383818
0.243589
-0.0919575
0.174945
0.209129
0.154116
-0.0134559
0.102034
0.11443
1.60406
0.27404
0.200971
0.355388
0.246566
-0.109385
0.236421
0.261379
0.146982
-0.0408772
0.089023
0.134824
2.01421
0.167536
0.0128077
0.435823
0.37233
-0.201248
0.444389
0.220037
0.180399
-0.0688225
0.0319104
0.173809
1.40925
0.242368
0.163641
0.317661
0.276753
0.0551644
0.329447
0.288798
0.122474
-0.064539
0.0935358
0.116697
1.53253
0.317583
0.092082
0.258699
0.262752
0.0237525
0.295236
0.314671
0.112177
-0.0619269
0.122565
0.137249
1.38257
0.349191
0.207479
0.28851
0.196688
0.0701637
0.308759
0.293384
0.0975274
-0.0300653
0.157569
0.100457
1.90812
0.283989
0.045205
0.385123
0.247792
-0.114244
0.396668
0.23076
0.227324
-0.0162741
0.193341
0.209316
1.43047
0.328865
0.23723
0.280841
0.207621
0.0655971
0.267018
0.324347
0.167565
0.0297869
0.189786
0.105276
1.37355
0.423087
0.203157
0.278312
0.23652
0.0860716
0.234076
0.302541
0.148066
0.0409997
0.164551
0.0841114
1.3318
0.432162
0.256208
0.317967
0.23166
0.0615427
0.209558
0.315607
0.196919
0.00498545
0.181438
0.0966274
1.43173
0.481824
0.225478
0.300339
0.219169
0.106177
0.255068
0.297281
0.19864
-0.0628062
0.167296
0.104306
1.47373
0.358734
0.317149
0.360503
0.266266
0.0885176
0.265305
0.341642
0.168773
-0.0539264
0.13004
0.13128
1.29583
0.418316
0.301793
0.375584
0.299737
0.139749
0.24625
0.315316
0.159949
-0.0550262
0.0872281
0.0933371
1.39401
0.480428
0.281674
0.391044
0.311481
0.0898869
0.265466
0.336845
0.11899
-0.0231652
0.0968091
0.108658
1.37625
0.39406
0.232724
0.435148
0.273999
0.117243
0.201026
0.318762
0.167654
-0.00756959
0.11441
0.109214
1.32585
0.400892
0.294463
0.379481
0.285835
0.146992
0.20738
0.300352
0.135051
0.0255662
0.122924
0.0932945
1.53863
0.346963
0.162988
0.387677
0.371719
0.140856
0.236603
0.328474
0.168767
0.0125833
0.108167
0.134507
1.26445
0.484044
0.270398
0.314115
0.285563
0.192857
0.236915
0.245883
0.106082
0.0409558
0.170593
0.0873936
1.45215
0.374995
0.230779
0.340769
0.272251
0.123283
0.331017
0.315727
0.0646302
0.0471679
0.257003
0.165802
1.18057
0.42684
0.342269
0.396562
0.311873
0.181892
0.244399
0.237488
0.121097
0.0665751
0.162199
0.0923118
1.26081
0.42899
0.394956
0.44319
0.245881
0.0952729
0.201199
0.26575
0.144136
0.0804507
0.181857
0.106605
1.16178
0.479169
0.393886
0.379967
0.230999
0.106072
0.179233
0.247371
0.13167
0.0787284
0.195879
0.086486
1.39003
0.42705
0.429978
0.48037
0.235838
0.0579917
0.226411
0.302239
0.167815
0.0810629
0.182932
0.139938
1.23143
0.46744
0.354675
0.365265
0.254248
0.160946
0.244711
0.271099
0.180256
0.0983362
0.123282
0.0861118
1.15299
0.562367
0.39665
0.308956
0.231165
0.218982
0.214561
0.13402
0.114778
0.14817
0.151804
0.0708017
1.40376
0.542864
0.432802
0.386503
0.26963
0.175571
0.252879
0.22782
0.100749
0.153728
0.174812
0.108288
1.21096
0.569287
0.434898
0.381769
0.259469
0.197452
0.233872
0.218651
0.138968
0.134886
0.148215
0.0914745
1.18699
0.538076
0.41533
0.377329
0.281104
0.206508
0.203712
0.212583
0.148064
0.127537
0.113345
0.0821855
1.16754
0.563916
0.438099
0.400131
0.290289
0.218775
0.215328
0.167453
0.129872
0.111362
0.139592
0.0822553
1.27509
0.512821
0.491376
0.494105
0.320926
0.187441
0.229492
0.238708
0.156606
0.114968
0.126909
0.104668
1.08471
0.577964
0.444145
0.378284
0.263991
0.190896
0.235939
0.224286
0.133036
0.0956535
0.119393
0.0766803
1.16243
0.583454
0.417262
0.359626
0.293289
0.222239
0.219401
0.176022
0.143649
0.124825
0.1157
0.0752175
1.24481
0.624707
0.449377
0.347898
0.256421
0.253917
0.203688
0.181826
0.179931
0.0785276
0.117742
0.0771399
1.22581
0.622418
0.453772
0.379233
0.292664
0.197486
0.200679
0.170089
0.102962
0.107879
0.11666
0.0686395
1.28427
0.620475
0.460291
0.371478
0.258271
0.181937
0.231401
0.170894
0.142436
0.106667
0.10336
0.0654182
1.26915
0.641445
0.462757
0.361972
0.227968
0.199566
0.205957
0.129469
0.147745
0.0567888
0.148033
0.0634186
1.18461
0.608573
0.44389
0.339028
0.237236
0.252368
0.210485
0.173857
0.144063
0.0813837
0.111228
0.0582027
1.0946
0.627102
0.468865
0.300927
0.301883
0.200048
0.130093
0.127422
0.18782
0.121663
0.164962
0.0619223
1.13338
0.602602
0.478712
0.316327
0.278742
0.211694
0.168901
0.173408
0.205371
0.0785067
0.120558
0.066967
1.11564
0.546504
0.502062
0.314705
0.308539
0.198329
0.16362
0.184902
0.157168
0.118195
0.0917778
0.0573255
1.12455
0.590434
0.46746
0.306833
0.259971
0.173669
0.174548
0.158591
0.153723
0.149748
0.12523
0.0637251
1.16879
0.575603
0.692359
0.280057
0.333085
0.178669
0.157878
0.172774
0.190984
0.139308
0.0739508
0.0835868
1.31922
0.57256
0.735582
0.198453
0.372003
0.169819
0.140577
0.0994518
0.253899
0.10226
0.110451
0.13503
1.19759
0.585832
0.557751
0.222702
0.262228
0.266281
0.115672
0.20588
0.206812
0.10818
0.132317
0.079199
1.09451
0.573795
0.435147
0.250914
0.255417
0.224095
0.152708
0.189736
0.192568
0.123453
0.14805
0.0691822
1.24298
0.660821
0.598237
0.363942
0.324168
0.244443
0.15481
0.13606
0.17773
0.106379
0.153846
0.095836
1.46588
0.61156
0.766585
0.160072
0.413993
0.196488
0.213528
0.142216
0.22629
0.0523692
0.164388
0.176651
1.1088
0.58445
0.428269
0.290152
0.24616
0.204653
0.186778
0.172394
0.162385
0.130394
0.117905
0.068751
1.15881
0.611025
0.457589
0.322378
0.262662
0.270532
0.216627
0.166219
0.18807
0.144888
0.129774
0.0886413
1.13801
0.587139
0.432272
0.304375
0.269146
0.255368
0.19741
0.188565
0.188049
0.131235
0.145301
0.0862404
1.13569
0.600758
0.455738
0.317323
0.284591
0.249664
0.24461
0.184628
0.165409
0.193982
0.142422
0.0983936
1.07471
0.558294
0.390015
0.313304
0.247934
0.210237
0.175738
0.146771
0.165189
0.117466
0.140536
0.0740593
1.13481
0.584929
0.447462
0.325574
0.282336
0.232679
0.226476
0.207614
0.183433
0.161163
0.147998
0.0976841
1.10045
0.569734
0.415902
0.298835
0.249912
0.227041
0.183456
0.168868
0.157436
0.143566
0.151294
0.0826304
1.13457
0.591664
0.453891
0.309952
0.281246
0.244827
0.226422
0.212945
0.194952
0.170833
0.127296
0.0973296
1.13834
0.627698
0.476947
0.343609
0.304045
0.24858
0.200224
0.16596
0.131937
0.173108
0.176016
0.0974233
1.15224
0.581734
0.449404
0.320301
0.280204
0.243429
0.240136
0.199077
0.139785
0.127051
0.158767
0.0958106
1.14151
0.591951
0.43075
0.30164
0.284874
0.22945
0.201666
0.200429
0.188033
0.149969
0.132308
0.0932784
1.18113
0.640076
0.458584
0.345949
0.313173
0.23644
0.187253
0.14992
0.138758
0.15207
0.135233
0.0942563
1.23512
0.640071
0.528677
0.352986
0.291008
0.250484
0.251944
0.215672
0.16374
0.145969
0.136663
0.106339
1.13164
0.611798
0.451344
0.338258
0.319033
0.202376
0.162111
0.156603
0.175764
0.114887
0.136727
0.0855498
1.25376
0.643636
0.510374
0.311517
0.32445
0.197487
0.155268
0.17897
0.162673
0.154854
0.114566
0.0906793
1.13693
0.610484
0.43966
0.247663
0.275
0.237946
0.197586
0.143522
0.150495
0.19192
0.0959136
0.0839814
1.1636
0.609809
0.466367
0.217175
0.24135
0.204565
0.159651
0.156573
0.176127
0.0986736
0.121954
0.0812263
1.1416
0.547457
0.427117
0.233021
0.172554
0.214035
0.130826
0.112047
0.12977
0.103094
0.126956
0.0701832
1.21325
0.701043
0.452162
0.155398
0.220428
0.151404
0.130254
0.0583358
0.148884
0.0993415
0.187404
0.100963
1.45976
0.678461
0.607294
0.130573
0.238303
0.129226
0.166365
-0.0162262
0.202103
0.0663743
0.164354
0.161952
1.46273
0.583963
0.604665
0.113362
0.302287
0.105305
0.197479
-0.0242813
0.120079
0.0302943
0.167056
0.166931
1.28882
0.580056
0.501578
0.212554
0.289611
0.0755663
0.139764
0.0293434
0.0789713
0.0901934
0.163041
0.0862538
1.30998
0.550724
0.491685
0.209856
0.218517
0.148824
0.208519
0.088989
0.0824389
0.0622915
0.0906974
0.0564839
1.34929
0.49183
0.502097
0.0991861
0.193952
0.0889903
0.19314
0.127973
0.0163628
0.0718777
0.0465104
0.0282733
1.39798
0.504049
0.62557
0.0593923
0.199158
0.0132997
0.148949
0.0965352
0.00131647
0.0239123
0.0299561
0.0321365
1.28874
0.537174
0.476502
0.143121
0.129785
0.102904
0.134011
0.0797615
0.078344
-0.0280533
0.0125125
0.0171673
1.33876
0.481251
0.505975
0.167805
0.141101
0.110399
0.136454
0.069704
0.135406
0.00539659
0.00238152
0.0438666
