1.19278
0.602109
0.476606
0.220529
0.220193
0.246933
0.147569
0.0966547
0.172989
0.087796
0.0653347
0.0815367
1.20808
0.537418
0.511516
0.248359
0.191815
0.242198
0.178497
0.086247
0.205911
0.0213106
-0.0354752
0.0693752
1.17837
0.537926
0.473442
0.239654
0.175778
0.234231
0.192003
0.103243
0.184619
0.00727785
-0.0245361
0.0650436
1.33992
0.454983
0.559728
0.235519
0.16354
0.234366
0.17914
0.0461842
0.246913
0.0176819
-0.0553322
0.0775784
1.19133
0.513439
0.494107
0.279338
0.196203
0.192792
0.127078
0.121957
0.233358
0.0499855
-0.00254738
0.0752832
1.41897
0.408455
0.646691
0.32537
0.184608
0.178477
0.148434
0.198626
0.326569
-0.0356603
-0.0149562
0.130553
1.13202
0.333908
0.594686
0.438446
0.14659
0.0590063
0.212645
0.286333
0.160019
-0.0146928
0.0394642
0.12891
0.761882
-0.366763
1.05064
0.399028
0.373612
-0.0582927
0.122975
0.390357
-0.0357708
0.0600952
0.180832
0.0377739
0.397141
-0.734533
1.33573
0.305248
0.261746
-0.1044
0.0652498
0.375166
-0.098215
0.0576206
0.204681
-0.0510691
-0.114328
-0.687866
1.11943
0.46094
0.229208
-0.0448306
0.0828956
0.282681
-0.0251025
0.0646639
0.153912
-0.0495399
-0.0829338
-0.928704
1.4053
0.335598
0.20191
-0.0765249
0.0693126
0.358869
-0.0204469
0.00688844
0.141041
0.0579125
-0.429213
-0.867716
1.1554
0.413041
0.0267245
-0.0200633
0.111014
0.291295
0.0115482
-0.0441972
0.219229
0.116143
-0.469262
-0.966888
1.21792
0.305825
0.00687375
-0.0197662
0.170032
0.251923
-0.00825426
0.000313484
0.206626
0.084766
-0.844186
-1.02115
1.29962
0.52499
0.034761
0.0836543
0.135537
0.268436
0.0239472
0.0137965
0.209544
0.0153277
-0.784883
-0.98445
1.36591
0.412374
0.0445295
0.0283744
0.0683302
0.263911
0.00978372
0.00332405
0.174845
-0.00202652
-0.802243
-0.864357
1.3788
0.380826
0.128175
0.0428099
0.0926013
0.234468
0.0281185
0.0426174
0.14548
-0.014633
-0.694959
-0.84221
1.28439
0.299876
0.166314
0.0980816
0.12173
0.17902
0.0515347
0.0994496
0.117354
-0.0124038
-0.816317
-0.742089
1.28226
0.237926
0.219864
0.0814994
0.0755596
0.268843
0.0553605
0.0225564
0.130245
0.0784509
-0.895024
-0.791946
1.43979
0.379361
0.259214
0.0986148
0.0863746
0.301235
0.104368
0.0297559
0.0836024
0.111204
-1.09063
-0.68427
1.36455
0.359856
0.210433
0.108666
0.0790483
0.229517
0.167961
0.00397056
0.052716
0.139605
-1.13842
-0.594159
1.29149
0.316894
0.190968
0.0507529
0.0599184
0.20129
0.158665
-0.00140574
0.031961
0.137376
-1.04404
-0.668706
1.11167
0.229899
0.158518
0.0903831
0.0817219
0.132012
0.194981
0.0188423
0.0459641
0.136941
-1.15662
-0.552273
1.15884
0.253133
0.188478
0.124926
0.0411477
0.0908226
0.24912
0.0114294
0.0204156
0.112849
-0.864342
-0.559352
0.94909
0.116699
0.132197
0.0937957
0.011747
0.111885
0.202278
0.0480389
0.059962
0.081795
-1.24473
-0.644594
1.26535
0.44044
0.273618
0.178297
0.0544771
0.175076
0.212491
0.0812506
0.028678
0.0658945
-0.838861
-0.66712
1.03688
0.0921212
0.204412
0.153028
0.00719935
0.140877
0.126401
0.0727394
0.0795723
0.0304045
-1.04857
-0.696429
1.13958
0.273646
0.323049
0.142557
-0.0318703
0.182937
0.148627
0.0795683
0.0490183
-0.00317118
-0.778755
-0.701553
0.96584
0.089388
0.203326
0.0683295
-0.0455186
0.190957
0.0947334
0.0149933
0.0720306
0.0395566
-1.04216
-0.708949
1.07391
0.137285
0.312015
0.0293329
-0.0938092
0.196449
0.142461
-0.0479895
-0.00502069
0.0660358
-0.959223
-0.649547
0.949109
-0.015018
0.226664
0.01015
-0.0463584
0.19037
0.151166
-0.0365635
0.00775048
0.10233
-1.03649
-0.714005
1.11162
0.0600718
0.293263
0.0485723
-0.0245539
0.236283
0.138243
-0.110925
0.0206444
0.138212
-0.920417
-0.666529
1.04886
-0.0799657
0.248346
0.0189691
-0.01049
0.270521
0.159229
-0.121957
-0.00187437
0.166825
-0.732694
-0.62233
0.971564
-0.274942
0.0931928
0.00580697
0.075583
0.347679
0.217813
-0.141036
-0.0397221
0.147025
-0.667414
-0.605962
0.855779
-0.192095
-0.0649389
0.0115194
0.00149163
0.351914
0.233104
-0.126111
-0.0022987
0.102604
-0.548672
-0.627838
0.75841
-0.239104
0.00687483
0.000146398
0.0825891
0.36897
0.294301
-0.11715
-0.060497
0.137212
-0.222526
-0.311855
0.920097
-0.0229615
0.0210858
0.0488219
0.217712
0.369605
0.391244
-0.131493
-0.0425188
0.11349
0.180094
-0.0957223
0.931493
0.197069
0.174125
-0.0793905
0.210288
0.369939
0.266913
0.0203862
0.0227938
0.125932
0.589086
0.094482
0.890318
0.15566
0.201586
-0.160111
0.139281
0.372259
0.212766
0.064061
0.0283278
0.120176
0.954032
0.242399
0.582333
0.231002
0.162609
0.0108461
0.226132
0.227932
0.202249
0.0417851
-0.07977
0.0406586
1.25328
0.0617584
0.692088
0.0481972
0.21129
-0.0349769
0.208557
0.171536
0.229526
0.114566
-0.0371045
0.077954
1.56153
-0.0254334
0.514985
-0.0105329
0.255152
-0.0837828
0.152239
0.244519
0.208873
0.0292568
0.0203564
0.117527
1.38348
0.172017
0.171983
0.145978
0.153616
0.0075572
0.0646161
0.253832
0.235144
-0.00101605
0.0157876
-0.0329229
1.51205
0.089741
0.130922
0.153902
0.247284
-0.116872
0.0876885
0.278519
0.287115
-0.0552511
0.0902861
0.092966
1.84208
-0.110761
0.138804
0.15117
0.229001
-0.14628
0.115279
0.234835
0.282699
-0.020146
0.00447781
0.128496
1.78118
-0.0443731
0.122777
0.144773
0.277537
-0.168336
0.0717886
0.297762
0.26327
-0.00278661
0.0336336
0.11456
1.63132
0.0393991
-0.00232607
0.245523
0.154728
-0.0999317
0.0302051
0.254873
0.218337
-0.0707619
-0.00233911
0.0408277
1.55753
0.00965424
0.0262101
0.237082
0.177829
-0.090852
0.0339128
0.288091
0.205484
-0.0571667
0.00414002
0.0252548
1.97313
-0.17515
0.0663496
0.165014
0.237615
-0.111836
0.0896372
0.210621
0.198649
-0.0459281
-0.042063
0.0818423
2.05212
-0.198577
-0.0226555
0.255051
0.216498
-0.187788
0.140568
0.170312
0.209866
-0.0291825
-0.0561922
0.0656631
2.11369
-0.286912
0.0453259
0.192691
0.223746
-0.130505
0.153967
0.125758
0.208585
0.00318797
-0.070949
0.101403
1.52562
0.000868117
0.000667766
0.232575
0.196411
-0.048124
0.0145552
0.212339
0.222288
-0.0575742
-0.0202966
0.0158949
2.01839
-0.213434
0.0103405
0.236912
0.255316
-0.0556608
0.0831387
0.187618
0.214114
-0.0418779
-0.0825773
0.0429227
2.12526
-0.256993
0.0958325
0.165336
0.336536
-0.0816375
0.148594
0.135538
0.195969
0.00371355
-0.11844
0.0959548
2.06638
-0.20324
0.0852707
0.204234
0.324552
-0.0386141
0.148475
0.0553102
0.23819
0.013044
-0.127664
0.0655391
1.79975
0.0229337
-0.0553656
0.284772
0.270801
0.0215645
0.11459
0.159124
0.25989
-0.043354
-0.0864064
-0.0245559
1.8934
0.0738349
0.0175381
0.214997
0.257126
-0.0389821
0.120512
0.0861112
0.342978
0.0262034
-0.0470512
0.00807101
2.18124
-0.117358
0.0616107
0.136815
0.295397
-0.0206875
0.28832
-0.0191673
0.375145
0.0980818
-0.172443
0.0773102
1.54582
0.264616
0.118268
0.155671
0.176511
0.136401
0.0821335
0.0960258
0.233671
0.0167729
0.0688426
0.0158223
1.80734
0.21022
0.126644
0.136037
0.215527
0.170831
0.0671675
0.0683096
0.276869
-0.00385886
0.0797884
0.0834832
1.92581
0.188465
0.29089
0.0238753
0.255119
0.0908602
0.111742
0.0828769
0.280169
0.00414149
0.0279116
0.129563
1.81135
0.348238
0.151825
0.110649
0.201843
0.0459799
0.153374
0.13039
0.194901
0.0224103
0.088124
0.0569391
1.39097
0.476866
0.216441
0.174834
0.191891
0.121379
0.0963471
0.0991056
0.145941
0.0320849
0.0999831
0.0104239
1.79196
0.41504
0.195273
0.148104
0.302503
0.0441858
0.12464
0.163071
0.156279
0.00127486
0.0688323
0.0717416
1.80446
0.453608
0.191604
0.0733833
0.271211
0.0580988
0.130268
0.116001
0.195079
-0.00455219
0.102385
0.0924435
1.74584
0.416949
0.168094
0.0882782
0.25592
0.0445255
0.134831
0.138554
0.222646
0.00531648
0.143323
0.107162
1.37756
0.468306
0.193202
0.14226
0.145425
0.0561676
0.110108
0.164363
0.181985
0.106834
0.167116
0.0231675
1.77943
0.472043
0.216126
0.155098
0.12881
0.0479005
0.0532689
0.153757
0.242512
0.134942
0.16875
0.0871083
1.89583
0.398009
0.257235
0.0881849
0.114497
0.0605933
0.107777
0.135565
0.252874
0.0874119
0.177473
0.142202
1.7271
0.4143
0.233921
0.136532
0.150878
0.0781012
-0.00192234
0.188457
0.325121
0.0587561
0.143168
0.0880399
1.33919
0.457971
0.210821
0.187448
0.197147
0.109173
0.0497276
0.159474
0.260181
0.135806
0.101047
0.0075542
1.94848
0.339015
0.0726713
0.113215
0.296302
0.223053
-0.0491553
0.201548
0.368248
-0.04845
0.0568239
0.0741623
2.3652
0.0117217
0.276092
-0.0244453
0.381825
0.138264
-0.0441126
0.190464
0.365103
-0.00480208
-0.0696098
0.144803
1.79273
0.355259
0.0819415
0.237672
0.307422
0.102798
-0.035484
0.226472
0.347918
-0.0415759
0.000161176
0.0220395
1.7359
0.275499
0.00945442
0.238686
0.316327
0.107679
-0.036686
0.242014
0.342042
-0.0592576
-0.0496519
-0.0160128
2.20914
0.064442
0.00431691
0.216552
0.287089
0.0427271
0.00627695
0.164275
0.331325
-0.00855234
-0.0794771
0.0529376
2.06681
0.108882
-0.0324012
0.194992
0.29141
0.032359
0.0476827
0.187504
0.381848
-0.0346184
-0.0780323
0.0468522
1.96884
0.120759
-0.0258314
0.239249
0.244629
0.0447281
-0.00121927
0.226832
0.3528
-0.0582212
-0.0828678
0.0293125
2.21304
-0.0549202
0.0274591
0.196257
0.285597
-0.0695974
0.173836
0.148444
0.334313
-0.00449783
-0.102221
0.117733
1.94961
0.146339
-0.0087807
0.195436
0.331292
-0.0831782
0.128027
0.252519
0.305059
-0.0590537
-0.072621
0.0737682
2.03083
0.00967778
0.00954184
0.1519
0.415454
-0.115471
0.149228
0.321238
0.268599
0.0201266
-0.0883235
0.0645901
1.68199
0.213876
-0.0282972
0.193508
0.34491
-0.0751845
0.124857
0.346068
0.223615
0.018854
-0.00195956
0.0450978
1.88496
0.164537
-0.0580128
0.232829
0.381937
-0.138987
0.155666
0.309965
0.206845
0.0820051
0.0152463
0.0808847
1.73338
0.217382
-0.0567852
0.232821
0.369687
-0.119352
0.109308
0.332195
0.229834
0.107844
0.00619405
0.0376122
2.10668
0.121206
0.0103054
0.177511
0.460572
-0.258199
0.276822
0.267971
0.188214
0.133215
0.0130142
0.192058
1.47446
0.28855
0.0930725
0.243874
0.269277
-0.00172468
0.148077
0.294138
0.179286
0.00128383
0.049471
0.0360605
1.50822
0.368345
0.0981643
0.226799
0.328627
0.0543531
0.25476
0.255074
0.116955
-0.0391401
0.144781
0.118904
1.40087
0.450174
0.13723
0.249595
0.282122
0.0999859
0.237775
0.267535
0.120868
-0.0898337
0.0961192
0.06327
2.06165
0.376194
0.0109627
0.175523
0.443302
-0.129454
0.454234
0.207565
0.147156
-0.103131
-0.0010434
0.287345
1.36158
0.481591
0.188409
0.200934
0.311022
0.177239
0.26764
0.182984
0.0958632
0.0151282
0.0932814
0.0444373
1.7922
0.496168
0.125344
0.158334
0.352419
0.0366557
0.250872
0.22854
0.123129
-0.0796779
0.117678
0.167614
1.35059
0.517456
0.196984
0.235898
0.251089
0.203703
0.198339
0.172229
0.13379
-0.00570787
0.0993705
0.0288761
1.94397
0.480596
0.107337
0.278204
0.321604
0.0336088
0.270879
0.184411
0.217992
-0.0559355
0.0693425
0.129155
1.53743
0.538231
0.190739
0.214444
0.268807
0.147718
0.189649
0.232972
0.156267
-0.0183805
0.0698016
0.0362862
2.22667
0.268574
0.0925919
0.2741
0.426555
-0.000741661
0.341869
0.172272
0.179721
-0.0468911
0.00472181
0.196819
1.3918
0.454304
0.187351
0.189154
0.239054
0.218274
0.241916
0.213654
0.103454
0.0597449
0.127751
0.0411105
1.82922
0.430271
0.113657
0.156878
0.232801
0.133624
0.281719
0.251042
0.126898
-0.0495942
0.16339
0.169035
1.40461
0.558285
0.248447
0.190215
0.224228
0.174301
0.210486
0.175406
0.0661914
0.0483942
0.189412
0.073065
1.80062
0.483879
0.132815
0.166304
0.278881
0.0872282
0.196179
0.208907
0.158361
-0.0133865
0.19719
0.173201
1.35918
0.514372
0.229464
0.228752
0.249225
0.165553
0.18764
0.212507
0.141792
0.0534795
0.14435
0.0446424
1.77596
0.430027
0.175167
0.239472
0.322045
0.0646216
0.257781
0.266181
0.166877
-0.06396
0.129216
0.166405
1.55695
0.509954
0.237645
0.227724
0.226802
0.13848
0.241934
0.297338
0.118441
-0.0304749
0.144026
0.088562
1.37902
0.464196
0.22701
0.276487
0.319477
0.197171
0.189416
0.258123
0.159627
-0.0208135
0.115875
0.0604532
1.3177
0.496247
0.277591
0.297361
0.288332
0.207777
0.223425
0.220376
0.0981962
0.0257174
0.122408
0.0560704
1.44446
0.447682
0.265241
0.294514
0.196328
0.111838
0.211701
0.286688
0.152206
0.00473142
0.16655
0.0797291
1.45349
0.464567
0.244214
0.288667
0.195616
0.0821089
0.203035
0.279019
0.138476
0.0272358
0.21011
0.0992625
1.37235
0.504812
0.301209
0.314067
0.254604
0.0735384
0.147889
0.223732
0.139748
0.0711255
0.156552
0.0649429
1.56665
0.402667
0.202768
0.334742
0.280766
0.134577
0.199945
0.232121
0.0977871
0.00294365
0.181597
0.123607
1.35942
0.500572
0.275122
0.309155
0.318519
0.205624
0.197401
0.177543
0.145785
0.0867326
0.103692
0.0514406
1.35404
0.5383
0.300092
0.325357
0.371946
0.257866
0.194087
0.15961
0.0936861
0.0290127
0.124488
0.0701583
1.25139
0.517309
0.32145
0.333667
0.292542
0.162588
0.157503
0.190748
0.159688
0.0900909
0.126221
0.058417
1.29055
0.560647
0.327685
0.311619
0.263475
0.18651
0.180044
0.154365
0.147125
0.118914
0.135595
0.0675134
1.50624
0.534306
0.378937
0.333181
0.293257
0.270263
0.241888
0.14515
0.153812
0.132893
0.0714837
0.0595196
1.52962
0.45714
0.337192
0.325306
0.254021
0.293658
0.255976
0.223286
0.170869
0.115572
0.0730548
0.0698107
1.21229
0.534434
0.437262
0.323587
0.24484
0.219258
0.206113
0.216145
0.161698
0.10922
0.0675444
0.065711
1.14904
0.578236
0.453928
0.335193
0.222547
0.20469
0.202844
0.189636
0.12439
0.0782393
0.0718757
0.0575297
1.4953
0.586226
0.495011
0.337264
0.298402
0.247974
0.244145
0.304285
0.204425
-0.0444134
0.0602297
0.0774148
1.76705
0.532016
0.515529
0.301152
0.344284
0.258454
0.238416
0.252546
0.235753
0.00702544
0.0204806
0.0678125
1.493
0.593834
0.446123
0.293758
0.293505
0.297605
0.233634
0.232691
0.166956
0.0667765
-0.0125776
0.0233647
1.2441
0.569605
0.373148
0.280441
0.194924
0.159478
0.187708
0.167149
0.101339
0.0505685
0.0524111
0.0215718
1.31297
0.594324
0.373089
0.241207
0.226088
0.198774
0.195881
0.186178
0.15615
0.0613314
0.0641651
0.0304743
1.52825
0.510502
0.461443
0.166718
0.104009
0.18586
0.283944
0.154168
0.174342
0.0770458
0.0988249
0.049143
1.39697
0.594128
0.414509
0.233655
0.139521
0.160447
0.279879
0.178264
0.110418
0.0608602
0.122243
0.0429188
1.34256
0.512754
0.434982
0.20915
0.226736
0.227212
0.228722
0.225814
0.127759
0.0364831
0.1098
0.0494509
1.22071
0.519942
0.386788
0.223065
0.191153
0.182291
0.157683
0.184552
0.143221
0.0908447
0.111389
0.0335932
1.64571
0.443218
0.444377
0.2103
0.2013
0.262752
0.349727
0.109359
0.179382
-0.0402589
0.0993677
0.123114
1.46558
0.576011
0.335094
0.148994
0.204166
0.20371
0.245746
0.167787
0.146481
0.0623998
0.0952634
0.047096
1.56514
0.582822
0.361886
0.118071
0.201562
0.247494
0.243468
0.155117
0.131157
0.0276182
0.0846545
0.0568709
1.52182
0.649586
0.425143
0.0707335
0.166969
0.197639
0.24755
0.226896
0.108041
-0.0283225
0.111391
0.0400085
1.70681
0.544633
0.500746
0.0144173
0.182559
0.148627
0.202658
0.222331
0.126752
-0.00672432
0.109619
0.0663134
1.35589
0.604037
0.423151
0.158024
0.108392
0.168071
0.213489
0.178123
0.161479
0.0503043
0.113701
0.0273531
1.40244
0.525047
0.42384
0.191235
0.101469
0.15918
0.212315
0.181111
0.153759
0.0576853
0.100238
0.0267267
1.3596
0.543317
0.382974
0.170897
0.0683384
0.157375
0.193267
0.15924
0.16323
0.0505024
0.119649
0.0251089
1.46757
0.581503
0.518246
0.0770326
0.0290507
0.235048
0.232377
0.126006
0.149632
-0.0106151
0.0864173
0.0366981
1.44093
0.486436
0.448284
0.111214
0.12984
0.224985
0.220345
0.11799
0.134234
0.0467973
0.0910312
0.0445256
1.57727
0.47835
0.490115
-0.0200751
0.172266
0.18384
0.222892
0.0991978
0.107507
0.0983061
0.129624
0.0831877
1.34888
0.558292
0.413709
0.13054
0.134108
0.161711
0.186951
0.108591
0.0974905
0.0578522
0.146906
0.0421833
1.39507
0.523643
0.42178
0.111886
0.163369
0.142339
0.161718
0.0899493
0.130734
0.0916365
0.147583
0.0588691
1.3322
0.539563
0.347012
0.168613
0.20962
0.145496
0.136857
0.117286
0.130424
0.158244
0.108428
0.0439378
1.30192
0.630247
0.418887
0.200575
0.207476
0.174485
0.137306
0.103667
0.149291
0.126376
0.175614
0.0854272
1.1287
0.599595
0.381847
0.271606
0.219704
0.173932
0.164535
0.15899
0.135392
0.123454
0.123706
0.0628023
1.28506
0.612157
0.43169
0.313202
0.240031
0.19264
0.190017
0.177651
0.199535
0.125047
0.193005
0.106604
1.29755
0.668655
0.472028
0.319819
0.286776
0.176794
0.213182
0.132147
0.165691
0.13265
0.18175
0.108972
1.28976
0.639722
0.486103
0.302696
0.272924
0.232192
0.192405
0.152882
0.138791
0.158008
0.151436
0.0973697
1.19372
0.590452
0.429407
0.304298
0.24143
0.193329
0.146983
0.135693
0.133187
0.129178
0.138933
0.0782437
1.29211
0.599384
0.400597
0.228039
0.202709
0.160965
0.166479
0.0754611
0.0976124
0.124673
0.0789034
0.0668113
1.30978
0.578837
0.504321
0.163324
0.179548
0.098697
0.0886852
0.107292
0.0979069
0.134213
0.0821561
0.0633686
1.25691
0.626417
0.338072
0.177079
0.182518
0.108263
0.203157
0.0821695
0.150175
0.127291
0.0948838
0.0695204
