0.871727
0.553346
0.57259
0.0418273
0.324521
0.100293
0.106139
0.145481
0.159353
0.128931
0.016582
0.0987075
0.906213
0.654703
0.619504
0.0142376
0.318976
0.0708346
0.0918654
0.126201
0.0897698
0.145852
0.0986921
0.0852019
1.03532
0.519493
0.655061
-0.00374069
0.32778
0.0218731
0.215079
0.131532
0.122162
0.123826
0.0570393
0.118087
0.986365
0.635277
0.521101
-0.0325203
0.281668
0.15969
0.133094
0.124396
0.11383
0.103674
0.0539209
0.0840552
1.02836
0.648665
0.613131
-0.0308164
0.210528
0.135802
0.0863217
0.186439
0.176567
0.106104
0.127103
0.072733
1.06463
0.679195
0.584309
-0.134445
0.344945
0.104581
0.0909532
0.180716
0.194521
0.0172443
0.0769185
0.0632895
1.11142
0.625434
0.671305
-0.19574
0.25345
0.0342393
0.0835812
0.130743
0.11136
-0.0134505
0.0653209
0.0525176
1.05497
0.620795
0.483388
-0.0767385
0.233007
-0.0407572
0.0996888
0.124634
0.108099
-0.0377199
0.0521648
0.0333543
1.22799
0.557366
0.624383
-0.213057
0.289422
-0.0765367
0.172559
0.0567493
0.0265857
-0.0175975
0.0600794
0.119599
1.20603
0.513956
0.510516
-0.0412957
0.26442
-0.0405425
0.155249
0.0594234
0.105723
-0.029999
0.0503862
0.0904155
1.23685
0.597306
0.480342
-0.0470457
0.216236
-0.0586369
0.172463
0.0514935
0.135624
-0.0164323
0.0781074
0.0941927
1.26647
0.624432
0.439766
-0.0450501
0.190304
-0.028369
0.141565
0.0608339
0.131953
-0.0273513
0.0890616
0.0705258
1.31711
0.618977
0.485326
-0.0163447
0.212633
-0.0457057
0.123772
-0.0106838
0.172545
0.0485962
0.00348209
0.089578
1.35244
0.542003
0.488277
-0.0423184
0.155078
-0.00527548
0.0810936
-0.00531824
0.124228
0.040399
0.027555
0.079561
1.26992
0.531766
0.470291
0.00596257
0.122633
0.0268349
0.011418
0.00229912
0.114878
0.0526031
0.0959078
0.0658188
1.27958
0.54697
0.478687
0.126483
0.15824
0.043071
-0.0080393
0.0120165
0.128616
-0.0022392
-0.00962546
-0.0167846
1.29455
0.469434
0.606584
0.006523
0.0505127
0.0142091
0.0971371
0.0681467
0.0866169
-0.0722303
0.0490697
-0.0393048
1.06833
0.264618
0.532162
0.0808894
0.0219662
0.0761645
0.0799976
0.030421
-0.00647108
0.0390688
0.0433266
-0.141924
0.789055
0.181088
0.872201
0.0193177
-0.107799
0.174746
0.0582068
0.0759166
-0.00720458
0.0167061
0.0839371
-0.206
0.310518
-0.0763879
1.14106
0.131612
-0.0292576
-0.0258182
0.172201
0.183728
-0.0690891
-0.033175
0.0810325
-0.142923
-0.0249826
-0.289845
1.08718
0.25019
0.0632999
0.0644005
0.138878
0.144294
-0.0878662
-0.0945432
0.0710695
-0.177689
-0.224005
-0.242666
1.2731
0.423176
0.0780821
0.0356483
0.123036
0.173382
-0.026356
-0.145565
0.152019
-0.0635136
-0.168203
-0.520889
1.34767
0.326789
0.230166
0.00219242
0.0993628
0.136518
0.0598042
-0.0638702
0.00925268
0.026688
-0.408655
-0.54053
1.45868
0.429278
0.24352
0.00377509
0.0932501
0.224561
0.0730484
-0.0745638
0.0643397
0.0923103
-0.599214
-0.50296
1.3656
0.413843
0.188226
-0.00466979
0.0363213
0.252772
0.0533051
-0.0768421
0.102981
0.0420942
-0.740294
-0.509112
1.20549
0.321411
0.219004
0.0214173
0.0916391
0.242526
0.0967525
-0.0173177
0.121412
0.0551802
-0.694155
-0.596913
1.07379
0.308147
0.0811228
0.0252791
0.120702
0.193418
0.0473721
0.0172863
0.211674
-0.0323882
-0.954979
-0.598055
1.1121
0.250419
-0.028418
-0.127027
0.115848
0.189779
0.0805327
0.0468148
0.210166
0.0303453
-0.885879
-0.602761
1.09026
0.217617
-0.0557749
-0.120227
0.0960596
0.142015
0.123108
0.0689719
0.200706
0.0479208
-0.933667
-0.672385
1.02057
0.179117
-0.0647627
-0.11149
0.128475
0.159584
0.160047
0.0900275
0.18421
0.049463
-0.843307
-0.64169
1.01005
0.132907
0.0519879
-0.0352028
0.14841
0.134398
0.112432
0.104354
0.129181
0.0457631
-1.02761
-0.658473
1.04298
0.178777
0.0601345
-0.0892669
0.121373
0.164471
0.156653
0.061173
0.113153
0.0975849
-0.993209
-0.551303
1.09886
0.260206
0.0974874
-0.0738153
0.0944749
0.165343
0.137437
-0.00631324
0.117964
0.116284
-1.01893
-0.645959
0.962455
0.117259
0.0317949
-0.127506
0.11058
0.259492
0.150964
0.0303149
0.156573
0.127051
-0.78034
-0.647254
1.01239
0.0814385
0.0336387
-0.0502007
0.116155
0.17551
0.18684
0.0133148
0.115763
0.14839
-0.736228
-0.738462
0.989091
-0.0432011
0.0366684
-0.073252
0.107994
0.287621
0.192627
0.0387052
0.0774708
0.148699
-0.70156
-0.77753
0.944132
-0.0837598
0.033711
-0.111152
0.104986
0.305747
0.229219
0.0767061
0.0464645
0.131887
-0.584358
-0.776915
0.902461
-0.134233
0.0139042
-0.0751075
0.0706499
0.305004
0.291097
0.0828034
0.0157992
0.122411
-0.389377
-0.729467
0.86909
-0.104793
0.0384863
-0.172116
0.114702
0.349694
0.220279
0.0890803
0.0462365
0.0429605
-0.217735
-0.512091
0.85974
-0.0249909
0.00167992
-0.147524
0.134859
0.260425
0.309611
0.0528567
0.0281258
0.0648859
-0.0506439
-0.223819
0.937855
0.0164945
0.0189656
-0.0716071
0.1585
0.302504
0.358631
0.00788606
0.0300206
0.0511142
0.736179
-0.0103637
0.820099
0.034934
0.163482
0.0073021
0.201114
0.261159
0.237848
0.116283
-0.0304263
0.0494722
1.43782
-0.208338
0.460403
0.141519
0.219215
-0.00183843
0.221207
0.259095
0.289113
-0.0700896
-0.103544
0.132982
1.52185
-0.211715
0.367456
0.145433
0.222145
-0.016018
0.205567
0.213503
0.325014
-0.0527286
-0.0724157
0.149198
1.6556
-0.275368
0.199172
0.212448
0.2443
-0.0378732
0.171154
0.246645
0.291944
-0.0600915
-0.0637304
0.108474
1.92704
-0.461398
0.268623
0.138583
0.220618
-0.0291923
0.173902
0.197015
0.231922
0.0115059
-0.087385
0.136548
1.89843
-0.430856
0.165952
0.128718
0.269662
-0.0923076
0.233805
0.197051
0.220643
0.00811434
-0.109421
0.130809
1.92205
-0.40856
0.105067
0.192222
0.231224
-0.148778
0.286202
0.162953
0.201464
0.00969055
-0.103741
0.0956308
1.78679
-0.267013
0.0941933
0.179239
0.215278
-0.0962309
0.248539
0.187807
0.222273
-0.0134019
-0.0339006
0.0864737
1.97373
-0.345933
0.0696498
0.213585
0.218394
-0.156134
0.26508
0.126182
0.200838
0.0382449
-0.0549339
0.0909796
1.53879
-0.0784999
0.0075439
0.223968
0.166492
-0.0430123
0.132827
0.236676
0.210158
-0.021583
0.0149855
0.0198095
2.14101
-0.323628
0.02501
0.149076
0.25754
-0.113107
0.292304
0.153053
0.19692
0.026938
-0.0860162
0.118147
2.07765
-0.263446
-0.0599632
0.214613
0.219214
-0.109954
0.276572
0.136538
0.196192
-0.0312832
-0.0786272
0.063715
2.02039
-0.19124
-0.0680761
0.184101
0.233838
-0.0382396
0.28682
0.101519
0.22197
-0.0425647
-0.0702204
0.0767101
1.56817
-0.0458234
-0.0230237
0.214941
0.17335
0.111278
0.15197
0.148073
0.148819
-0.0717139
-0.0308964
0.00645183
2.03581
-0.146908
-0.0850585
0.199722
0.283689
-0.0239153
0.282548
0.0890733
0.25532
-0.0392736
-0.0932158
0.0609124
2.09546
-0.1854
-0.026182
0.202197
0.29458
0.0121263
0.288533
0.0504217
0.23667
-0.0230634
-0.127425
0.0703747
2.02721
-0.101943
-0.0743545
0.280912
0.271191
0.0741093
0.256083
0.0693195
0.237422
-0.0527
-0.10069
0.0208444
2.16049
-0.0748349
0.0561675
0.168846
0.342043
0.0174837
0.296266
-0.0044847
0.263526
0.0260099
-0.157682
0.0673699
1.82932
0.108614
-0.00964497
0.16995
0.281675
0.117012
0.0825209
0.151836
0.246609
-0.0359175
-0.0632018
-0.01582
2.38576
-0.0128771
0.212408
0.0241655
0.246034
-0.0635065
0.255387
-0.00165051
0.317503
0.186122
-0.181688
0.0778587
1.96704
0.327416
0.121349
0.153419
0.14335
0.046154
0.121141
0.0367919
0.278597
0.12331
0.0208109
-0.0464019
2.22244
0.254379
0.18468
0.0522338
0.202967
-0.0884208
0.22767
-0.00717227
0.28998
0.113687
-0.0596769
0.045639
1.6338
0.494
0.260968
0.142921
0.156466
0.0594319
0.13888
0.0805999
0.0998655
0.0542047
0.0395576
-0.00886234
2.18044
0.207581
0.306274
0.105741
0.261446
-0.0463619
0.29565
-0.0399755
0.166313
0.0322143
-0.106456
0.104321
1.9524
0.340138
0.253561
0.11533
0.283468
0.0712552
0.22834
-0.018
0.198045
-0.00493987
-0.013878
0.0757293
1.99954
0.323779
0.243132
0.137532
0.28705
0.0289368
0.215378
0.00922841
0.225948
0.067445
-0.00709104
0.0558325
1.70029
0.466378
0.163468
0.164565
0.25397
0.0599419
0.106735
0.126622
0.227919
0.109577
0.056308
-0.00229047
1.89916
0.407115
0.179924
0.0785681
0.267526
0.00622455
0.0961043
0.154927
0.258061
0.0302286
0.0739461
0.0845262
1.91746
0.441118
0.0621667
0.0690948
0.167236
0.0269863
0.113785
0.177368
0.210131
-0.00459105
0.0853776
0.0844889
2.08881
0.321765
-0.00807407
0.0976581
0.2234
0.063801
0.143311
0.136919
0.285939
0.0314031
0.0479242
0.0684425
1.81059
0.332405
-0.0495525
0.114366
0.225031
0.102241
0.0798893
0.167505
0.2396
-0.00746037
0.00210546
-0.0100169
2.01858
0.279846
-0.0778785
0.127244
0.293085
0.116745
0.0929821
0.172616
0.275951
0.0114248
-0.0346209
-0.018249
2.07267
0.0810186
-0.125081
0.282229
0.286831
0.108296
0.175181
0.121614
0.238513
-0.010196
-0.112788
-0.0698509
2.46851
-0.0825591
-0.211951
0.316421
0.349289
-0.141966
0.299411
0.0937933
0.244288
0.00417128
-0.0921745
-0.0114547
2.09449
0.0505292
-0.152177
0.259959
0.316283
-0.0361336
0.177833
0.135007
0.295625
0.028142
-0.0776485
-0.0303687
1.8596
0.101426
-0.155337
0.24661
0.285014
-0.00664372
0.120123
0.189379
0.29732
0.0108445
-0.0672338
-0.03628
1.87659
0.158382
-0.136525
0.272873
0.286905
-0.045653
0.0876133
0.212893
0.303911
0.0476009
-0.050304
-0.0300121
2.46146
-0.0901293
-0.18816
0.359111
0.281538
-0.25347
0.283018
0.115238
0.350489
0.0570845
-0.0502534
0.000881331
1.82795
0.0878162
-0.0910222
0.295575
0.2261
-0.042379
0.0864191
0.262252
0.328537
0.0307899
-0.057876
-0.0300749
1.83563
0.11962
-0.055839
0.330647
0.218393
-0.0885991
0.0575319
0.283201
0.317579
0.0792997
-0.0508229
-0.0397829
1.76193
0.102365
-0.0588882
0.347163
0.188064
-0.121023
0.0674369
0.237477
0.29423
0.0730097
-0.0269985
-0.038008
1.71754
0.135342
-0.0173574
0.342742
0.214542
-0.100661
0.0730662
0.29141
0.30471
0.0822994
-0.0203718
-0.0224796
1.61122
0.155646
0.0220706
0.339788
0.206534
-0.117753
0.0563903
0.277554
0.30115
0.105218
-0.00368308
-0.033347
2.1299
0.0166387
-0.0637862
0.377132
0.367046
-0.291102
0.152392
0.255995
0.311142
0.11179
-0.0451415
0.0103329
1.66737
0.227304
-0.0389843
0.30464
0.329704
-0.103414
0.0313203
0.28813
0.259097
0.110791
-0.00378757
-0.00280652
1.58525
0.228921
0.00668088
0.255633
0.276527
-0.102051
0.0835414
0.295007
0.216054
0.0843994
0.00228948
0.00126821
1.60253
0.244652
0.0211473
0.294968
0.319546
-0.086837
0.049655
0.267051
0.284311
0.0906851
0.0590259
0.0371826
1.88379
0.315513
-0.0217871
0.315165
0.312245
-0.125673
0.102442
0.272611
0.22874
0.0839747
0.127515
0.160516
1.55672
0.320339
0.0603898
0.279602
0.256025
-0.00808024
0.116218
0.282952
0.264144
0.104283
0.157687
0.071676
1.94179
0.220784
0.00532653
0.30119
0.264261
-0.0901668
0.181696
0.340329
0.283814
0.0928549
0.151213
0.165291
1.43742
0.384982
0.22397
0.279959
0.140266
0.000366325
0.173772
0.375074
0.22198
0.021026
0.152751
0.0798157
1.81971
0.359052
0.0401377
0.223323
0.246624
-0.00750714
0.192801
0.382047
0.219711
0.00971795
0.109266
0.136848
1.56167
0.337847
0.06369
0.244071
0.213514
0.0349894
0.156769
0.351893
0.228721
0.023926
0.127365
0.0726968
2.20461
0.229984
-0.0752677
0.28816
0.262123
-0.038279
0.242975
0.380898
0.193123
-0.00540837
0.0554224
0.14949
1.89728
0.35597
-0.00598555
0.26198
0.20377
0.00681468
0.187298
0.333155
0.180011
-0.0226564
0.0917941
0.135197
1.99209
0.239723
0.00945285
0.267418
0.194725
0.0226125
0.187186
0.3826
0.182734
-0.0240873
0.0789713
0.139219
1.97426
0.364823
-0.00955418
0.220863
0.22293
0.0362393
0.206499
0.36673
0.177841
-0.0184066
0.0680986
0.12642
1.76657
0.397818
0.0511091
0.204661
0.180098
0.0490693
0.160555
0.340583
0.233103
0.0225259
0.121017
0.0913895
2.75814
0.180561
-0.088865
0.354136
0.233802
-0.0927126
0.258462
0.339757
0.203109
0.000945354
0.0765264
0.161756
2.20166
0.405259
0.0176794
0.270511
0.244654
-0.0350559
0.135825
0.355986
0.241642
0.0682635
0.0651055
0.128223
1.93232
0.377882
0.0835922
0.325783
0.242703
0.0147082
0.161167
0.307784
0.228581
0.022209
0.0766718
0.11744
1.52751
0.439148
0.20515
0.330054
0.286414
0.119391
0.195576
0.254324
0.139496
0.0386395
0.109068
0.0820086
1.68484
0.413761
0.16519
0.370066
0.271802
0.0790753
0.178583
0.263345
0.122913
0.0565831
0.146179
0.126109
1.5662
0.420607
0.240703
0.396295
0.31451
0.116642
0.186876
0.260555
0.111695
0.0483988
0.119828
0.106503
1.68255
0.442101
0.238528
0.372353
0.2831
0.117944
0.171587
0.258009
0.121594
0.0540227
0.15184
0.133385
1.64709
0.538012
0.269378
0.366746
0.264095
0.119784
0.148863
0.203664
0.179415
0.126211
0.124513
0.0883717
1.34643
0.525231
0.308546
0.351146
0.307643
0.183833
0.162211
0.221298
0.193287
0.121494
0.114277
0.0727344
1.37011
0.54358
0.329408
0.296789
0.248783
0.174415
0.191404
0.231368
0.186704
0.122478
0.105202
0.0671042
2.03971
0.39079
0.16886
0.331672
0.352874
0.130684
0.181537
0.287169
0.2016
0.154988
0.118283
0.10547
1.99596
0.427245
0.177826
0.2578
0.282394
0.120759
0.19869
0.283198
0.237079
0.115149
0.125911
0.122554
1.44943
0.573332
0.247183
0.212172
0.237813
0.194643
0.186946
0.187513
0.100521
0.0912669
0.180416
0.0945722
1.50291
0.545
0.265995
0.285005
0.327584
0.23118
0.249656
0.214215
0.110224
0.0239952
0.101492
0.0898905
2.29334
0.270235
0.266015
0.232082
0.387108
0.109597
0.333323
0.161993
0.127756
-0.0248602
0.00186249
0.177019
1.82772
0.460527
0.221036
0.280489
0.318648
0.206455
0.188635
0.213615
0.0700318
0.0446332
0.106179
0.106229
1.37001
0.596404
0.325248
0.237715
0.218758
0.181345
0.147296
0.130427
0.079268
0.0479781
0.120388
0.0622495
1.58933
0.606994
0.301693
0.27872
0.310007
0.174144
0.0605049
0.130192
0.141217
0.0961364
0.138033
0.0657224
1.29819
0.621286
0.338716
0.277536
0.225784
0.152686
0.137021
0.0875233
0.112782
0.131381
0.120098
0.0446932
1.82118
0.700887
0.287717
0.271689
0.276736
0.12209
0.119839
0.114951
0.233804
0.0900148
0.102571
0.0531861
1.266
0.638738
0.420573
0.337619
0.220744
0.145805
0.112131
0.116284
0.125426
0.0932255
0.0814829
0.0323937
1.66633
0.624238
0.365528
0.315042
0.245389
0.172975
0.18663
0.1634
0.204368
0.0814789
0.0535994
0.0307831
1.23294
0.611682
0.38781
0.278094
0.203541
0.209404
0.183945
0.138317
0.103285
0.0635773
0.0735444
0.0209327
1.30351
0.641167
0.458021
0.301714
0.22428
0.163583
0.134373
0.138039
0.122699
0.0750941
0.0294895
0.00871578
1.29329
0.620745
0.401715
0.301553
0.229495
0.188683
0.146381
0.0936917
0.0800726
0.0518443
0.0792521
0.0149006
1.37962
0.681492
0.411321
0.275197
0.247539
0.208522
0.155152
0.142102
0.179618
0.0401338
0.0122226
0.000706208
1.28156
0.617825
0.387593
0.263506
0.279398
0.243289
0.18256
0.146652
0.0885449
0.0436053
0.0355658
0.0106526
1.27982
0.605344
0.407469
0.297561
0.248048
0.225515
0.192234
0.142793
0.0937495
0.115693
0.0588837
0.0404091
1.24682
0.638533
0.395703
0.272439
0.254763
0.250257
0.217582
0.159127
0.123805
0.0628585
0.0566748
0.047247
1.39018
0.685251
0.409705
0.287838
0.264316
0.271983
0.236942
0.159942
0.119111
0.0412344
0.10139
0.0682696
1.21755
0.61045
0.417077
0.310651
0.209838
0.208572
0.182698
0.134646
0.129872
0.122828
0.104108
0.0557119
1.38239
0.676206
0.423518
0.329528
0.244167
0.219746
0.18048
0.167546
0.163009
0.105439
0.0851661
0.0622419
1.21885
0.675937
0.456227
0.346292
0.24516
0.197414
0.201552
0.161962
0.164806
0.0832144
0.0647429
0.0589815
1.21414
0.657699
0.412555
0.317336
0.265615
0.192665
0.209991
0.151059
0.130841
0.088746
0.0699556
0.0547061
1.26416
0.67231
0.477694
0.362863
0.297399
0.263309
0.242269
0.147634
0.115175
0.10733
0.0913275
0.0728857
1.47396
0.69331
0.539149
0.360711
0.291553
0.257963
0.266025
0.180606
0.181804
0.148178
0.01874
0.0507925
1.39497
0.762945
0.485962
0.248446
0.25214
0.245264
0.214298
0.185942
0.162244
0.0982535
0.0662911
0.0524534
1.06256
0.506017
0.338446
0.225523
0.179466
0.18907
0.149597
0.1051
0.109307
0.066387
0.0468986
0.0235578
1.48579
0.614728
0.577714
0.122187
0.160059
0.156416
0.220639
0.0880731
0.113643
0.114781
0.136519
0.0879968
1.44393
0.59497
0.48983
0.116811
0.134928
0.128817
0.131398
0.116951
0.153049
0.136672
0.123638
0.0666392
1.19663
0.595638
0.427773
0.206475
0.142157
0.129833
0.0766156
0.0558833
0.0537146
0.114042
0.0770595
0.0320749
1.42928
0.649656
0.495244
0.165962
0.162922
0.0886203
0.0967634
0.107353
0.125828
0.126558
0.148081
0.0804502
1.46977
0.644931
0.464653
0.117152
0.177454
0.0904799
0.12738
0.082806
0.137166
0.10502
0.165167
0.093007
1.68567
0.6277
0.582216
0.10698
0.204742
0.0607977
0.150848
-0.0150744
0.198547
0.0432639
0.150264
0.177612
1.18609
0.537171
0.379973
0.205766
0.151265
0.0952032
0.0838168
0.0849494
0.107705
0.126915
0.161754
0.0380049
1.55385
0.548669
0.553449
0.142943
0.227244
0.0130746
0.147478
-0.0284217
0.180037
0.0158894
0.0570351
0.101453
1.36029
0.588801
0.470887
0.151327
0.157717
0.0133801
0.0792466
0.0325863
0.155118
0.017468
0.103169
0.0536847
1.54082
0.626469
0.517134
0.147012
0.177753
-0.0258689
0.121936
-0.0296129
0.18892
-0.0146697
0.0626666
0.0860927
1.23012
0.615745
0.478991
0.18798
0.20081
0.038635
0.029955
0.0973424
0.0381202
0.0632121
0.0849909
0.0354249
1.53125
0.657977
0.571155
0.106515
0.283964
-0.0249791
0.0986897
0.0673312
0.20212
-0.0241285
0.093929
0.116083
1.36735
0.657668
0.541817
0.188252
0.235837
0.0474883
0.135062
0.0831023
0.152977
0.0237947
0.0750161
0.0654699
1.26858
0.639709
0.501029
0.21028
0.20714
0.115589
0.135984
0.141272
0.123937
0.0671646
0.0598468
0.0486467
1.26733
0.691617
0.441887
0.241703
0.178639
0.120354
0.152921
0.0958127
0.061838
0.0460901
0.0452845
0.0263598
