1.28974
0.361942
0.433083
0.142302
0.215191
0.0819659
0.022754
0.0864765
0.22666
0.0750517
0.00391527
0.0306171
1.36222
0.343545
0.613964
0.087601
0.249065
0.0505741
0.00334513
0.105711
0.202122
0.122043
0.0363731
0.0473078
1.27573
0.447261
0.491642
0.167728
0.113087
0.00589585
0.132843
0.144629
0.119972
0.0986942
0.0634391
0.0291215
1.38118
0.482987
0.508153
0.133034
0.119421
-0.0553137
0.167827
0.161667
0.137087
0.103391
0.0580835
0.0552632
1.1883
0.531694
0.404452
0.184741
0.0879543
0.00848581
0.178766
0.205599
0.135474
0.126597
0.0274462
0.0321036
1.44998
-0.290342
0.492762
0.474222
0.200016
-0.174869
0.175199
0.291596
0.129467
0.0895963
0.119559
0.0990468
1.46185
-0.595131
0.620534
0.499755
0.176837
-0.148181
0.12325
0.424338
0.186637
0.0615036
0.15206
0.0801142
0.897198
-0.57895
0.69381
0.406136
0.17156
0.0881392
0.0625996
0.462704
0.117334
-0.0141605
0.162986
-3.33548e-005
0.786641
-0.84077
1.02201
0.269855
0.204701
0.0198181
0.0738712
0.361959
0.132139
0.0252653
0.161125
0.0445857
0.208494
-0.72615
0.801258
0.409002
0.198364
-0.0808285
0.137611
0.389143
0.0850722
-0.0574215
0.238912
0.0497153
0.344078
-1.05962
1.07636
0.280558
0.207658
0.00819675
0.0662939
0.395277
0.0117763
-0.0249591
0.262161
0.0125451
0.261232
-1.05224
1.21447
0.239663
0.267367
-0.0845352
0.0710926
0.464483
-0.0128512
-0.00613704
0.228589
0.0406782
0.11268
-1.03027
1.27649
0.309629
0.236013
-0.121894
0.106671
0.428828
-0.0391744
-0.0130649
0.214109
0.0755376
-0.204915
-0.955932
1.12135
0.275671
0.152186
-0.0899123
0.056946
0.364236
-0.0426743
-0.0157712
0.284677
0.0279115
-0.45334
-0.802943
1.01086
0.406399
0.0224828
0.0418947
0.101846
0.311662
-0.0653327
-0.0210836
0.286875
0.0194903
-0.416216
-0.932714
1.14617
0.238719
0.0543022
0.045938
-0.0151419
0.266512
0.00292758
-0.0214921
0.270921
0.0669943
-0.465957
-1.0473
1.22119
0.179464
0.073705
0.0451922
0.10529
0.31368
-0.0275647
-0.0322087
0.285481
0.0650412
-0.476108
-1.09002
1.22304
0.164211
0.0507726
0.0379379
0.140662
0.284232
-0.00435382
-0.0123506
0.245755
0.0947411
-0.770002
-0.88783
1.12951
0.363481
0.0252849
0.0474394
0.148853
0.235412
0.020424
-0.00760535
0.233322
0.047771
-0.562292
-0.855328
1.20427
0.235152
0.106572
-0.00471139
0.203373
0.223597
-0.0247492
0.0537649
0.208333
0.0302147
-0.628238
-0.824389
1.22259
0.305188
0.13879
0.0571895
0.125948
0.143896
0.0836928
0.0747458
0.124051
0.0287774
-0.758274
-0.825156
1.23171
0.329586
0.22124
0.0360817
0.171377
0.17817
0.0867245
0.0713451
0.132397
0.038149
-0.677924
-0.727527
1.10101
0.3116
0.220723
0.0451734
0.118786
0.139649
0.171056
0.0244841
0.101854
0.0638468
-0.489921
-0.658475
1.1399
0.229983
0.167459
-0.00662028
0.141594
0.132186
0.158435
0.0189126
0.093847
0.0874497
-0.524282
-0.543482
1.22341
0.243597
0.133291
-0.0952182
0.0499282
0.148739
0.0494344
0.0285848
0.130799
0.0586682
-0.596993
-0.635551
1.24654
0.115001
0.142122
-0.0851478
-0.00895327
0.227052
0.0835029
0.0223775
0.140671
0.0862977
-0.515012
-0.618888
1.23217
0.0199722
0.139807
0.0164239
0.0210249
0.221811
0.0853046
0.0409016
0.141004
0.0731706
-0.571576
-0.622393
1.22986
-0.0406794
0.117383
0.0504481
0.0232059
0.218211
0.134674
0.030965
0.107086
0.120426
-0.443834
-0.597763
1.11473
-0.101833
0.117224
0.121106
0.089263
0.242266
0.195866
-0.0013189
0.0647447
0.130584
-0.351177
-0.776208
1.00395
-0.0994549
0.128324
0.0964854
0.165701
0.245074
0.242328
0.0102832
-0.03226
0.162653
-0.187427
-0.755923
0.994763
-0.073558
0.129689
0.0886839
0.202162
0.246322
0.256204
0.0158886
-0.0637869
0.164211
-0.0766501
-0.793147
0.888142
-0.0624916
0.085837
0.0325646
0.196778
0.315896
0.213177
0.0290855
0.010029
0.0810967
0.183634
-0.426934
0.909165
0.168951
0.155639
0.0324857
0.249744
0.261385
0.274337
0.0458764
-0.00715913
0.0818012
0.568276
-0.0624762
0.830358
0.235571
-0.0282849
0.0298904
0.327178
0.225778
0.248624
0.149857
0.0846329
-0.0108166
1.1187
-0.0612146
0.614698
0.170907
0.0849423
0.0350196
0.293072
0.117594
0.188553
0.134972
0.108714
0.0490106
1.33087
-0.045925
0.472152
0.249219
0.112635
-0.0674549
0.273252
0.201025
0.354777
0.0281688
-0.00781773
0.0993669
1.71407
-0.216213
0.303535
0.219628
0.188636
-0.0655855
0.230363
0.278232
0.276472
-0.0232924
-0.0833351
0.0754224
1.70352
-0.143336
0.190526
0.260513
0.164935
-0.0432112
0.203717
0.23619
0.333385
-0.0516172
-0.0601203
0.0893317
1.96779
-0.310807
0.171006
0.258952
0.190812
-0.0882787
0.304518
0.1751
0.24431
-0.0197028
-0.127526
0.0966844
1.23167
0.0159655
0.104706
0.264432
0.150359
0.000188517
0.180048
0.313864
0.152045
-0.0851475
-0.088896
-0.0143934
1.82403
-0.130745
0.0336675
0.278256
0.122096
-0.0240227
0.174363
0.243006
0.267787
-0.062311
-0.0578454
0.0451074
1.83572
-0.12035
0.0318697
0.298778
0.140608
-0.0948231
0.216107
0.256401
0.227782
-0.0443313
-0.0534549
0.013847
1.74991
-0.00634503
0.0418553
0.226847
0.12788
-0.0786016
0.164463
0.243658
0.263883
-0.00324635
0.0127826
0.040895
1.27193
0.135123
0.180314
0.263506
0.0551987
-0.0481265
0.131839
0.245728
0.190826
0.0572413
0.0190889
-0.0381514
1.81346
-0.0311335
0.105713
0.270987
0.129779
-0.0959873
0.213727
0.223501
0.215205
0.0372744
0.0123952
0.00499866
1.69428
0.0172761
0.0861227
0.287954
0.136996
-0.0269896
0.211337
0.246718
0.188499
0.0141293
-0.00725456
-0.023591
1.60719
0.033729
0.0705056
0.328921
0.184279
0.0385099
0.239161
0.271256
0.152373
-0.0328809
-0.0709167
-0.041421
1.75269
0.0600272
0.017605
0.321378
0.225033
0.0628402
0.301385
0.233203
0.109013
-0.0430522
-0.0708131
-0.0374956
2.20102
-0.0941784
0.0308108
0.424757
0.319725
0.00565267
0.417503
0.0872388
0.0734052
-0.0384683
-0.0845372
-0.0519353
1.88526
0.149225
0.0527371
0.275023
0.27892
0.123528
0.348407
0.157213
0.106334
-0.0233488
-0.0722698
-0.0411885
1.8352
0.249818
0.108465
0.220094
0.162019
0.133836
0.265768
0.132606
0.136129
-0.00808161
-0.0478459
-0.0486333
1.62368
0.470021
0.17266
0.172453
0.187179
0.148938
0.143731
0.124597
0.175954
0.0661442
-0.0741748
-0.0837995
2.03221
0.39074
0.309303
0.149537
0.178647
0.0127655
0.204674
0.0593582
0.263762
0.0773488
-0.0686431
-0.034034
2.02325
0.377769
0.222491
0.163225
0.184937
0.053818
0.198303
0.0261981
0.266799
0.0974269
-0.0459165
-0.0584683
1.81031
0.530009
0.262554
0.27171
0.0939752
0.0485582
0.182945
0.0552361
0.219842
0.12155
-0.0131668
-0.0743856
1.62577
0.575431
0.32129
0.203152
0.0808835
0.0726456
0.138855
0.101889
0.170428
0.154346
0.0225921
-0.0234945
2.06528
0.388812
0.336892
0.278934
0.116106
0.0214334
0.242771
0.0103046
0.232617
0.153392
-0.00062041
-0.0419946
1.75807
0.476754
0.339387
0.225681
0.124272
0.0415723
0.148231
0.117428
0.263556
0.117866
0.0206298
0.00366394
1.81456
0.454487
0.30376
0.238276
0.16571
0.0411838
0.228304
0.160915
0.266412
0.0579028
0.0296604
0.0375501
1.76583
0.502777
0.218062
0.179879
0.194109
0.0676743
0.222985
0.14747
0.235983
0.0262577
0.0461363
0.044403
1.90162
0.372544
0.220136
0.200528
0.236454
0.121146
0.255696
0.100451
0.272674
0.0224047
-0.0290957
0.0156485
1.74685
0.407164
0.216724
0.226869
0.202934
0.146184
0.245155
0.132093
0.224021
0.0359782
-0.00489322
0.000984348
2.07469
0.176199
0.0997624
0.303131
0.281793
0.182465
0.312705
0.080539
0.21187
0.0547351
-0.0772868
-0.0768369
1.90339
0.283495
0.10013
0.267953
0.214577
0.156004
0.197225
0.124246
0.161853
0.0508495
-0.0310401
-0.0588489
2.25243
0.0377424
0.00282676
0.349207
0.285892
0.12951
0.221047
0.104136
0.177278
0.0719214
-0.0610243
-0.106282
2.2811
-0.0505417
-0.0488945
0.4356
0.254883
0.100269
0.200046
0.135475
0.158697
0.0575887
-0.0522265
-0.103873
2.44065
-0.116442
-0.121564
0.48266
0.236789
0.0911201
0.283262
0.0710152
0.185842
0.0590499
-0.057266
-0.131474
2.29648
-0.126548
-0.117824
0.466619
0.264869
0.0384098
0.242694
0.111405
0.221226
0.0508788
-0.0649114
-0.108017
1.85583
0.0927601
-0.0877925
0.393636
0.312298
0.0802342
0.137193
0.198249
0.236039
0.0608074
-0.0822938
-0.0867087
2.95283
-0.34278
-0.20764
0.464775
0.246923
-0.21108
0.327493
0.162271
0.17135
0.0758438
0.0250439
-0.0029453
2.47698
-0.18113
-0.130543
0.45509
0.197645
-0.0889678
0.199695
0.133298
0.265792
0.0791878
-0.0163697
-0.0324136
2.54774
-0.128477
-0.125504
0.462152
0.152217
-0.121904
0.175793
0.1355
0.270022
0.0799808
0.00172347
-0.0112396
2.02944
0.103384
-0.108024
0.332538
0.224923
-0.0667958
0.0230322
0.221144
0.280396
0.0542973
-0.0220457
0.00739367
1.90481
0.179124
-0.0141771
0.337357
0.185648
-0.0894019
0.0493141
0.245696
0.285212
0.0630987
0.0404262
0.0541301
2.36173
-0.0198883
-0.0118734
0.290071
0.254586
-0.202854
0.16997
0.193817
0.282961
0.0612704
-0.00312857
0.108169
2.65725
-0.318972
0.0876992
0.246986
0.380404
-0.393624
0.301667
0.293138
0.156743
0.173437
-0.0732991
0.182438
2.0211
0.110133
-0.0259181
0.297102
0.310399
-0.137289
0.0992451
0.334979
0.224712
0.039242
0.0227076
0.106988
1.70372
0.173092
-0.0794438
0.278766
0.286736
-0.0359625
0.0713166
0.348104
0.230254
-0.00380014
0.0206651
0.0810939
1.92287
0.093272
0.0378567
0.415842
0.35572
-0.169679
0.119852
0.387376
0.2199
0.0579832
0.0172797
0.10403
2.25956
0.0127897
0.151963
0.299353
0.298984
-0.087319
0.351559
0.273837
0.159669
-0.0464868
0.022248
0.215612
1.5019
0.283841
0.104504
0.337695
0.295014
0.116574
0.256146
0.370126
0.123453
-0.104754
0.0590345
0.119736
1.76821
0.268795
0.0889836
0.335265
0.294576
0.164669
0.278293
0.328306
0.110503
-0.103358
0.0328284
0.126103
1.42168
0.352194
0.170421
0.251801
0.231003
0.188445
0.307937
0.330581
0.0784523
-0.10207
0.0827653
0.0803948
1.60533
0.382455
0.116474
0.271599
0.238619
0.146275
0.252529
0.297895
0.103276
-0.0612822
0.142144
0.128432
1.39204
0.402337
0.151988
0.24609
0.268105
0.179573
0.18946
0.219339
0.135729
0.0276677
0.142178
0.0530899
1.47109
0.452441
0.178028
0.245021
0.236798
0.170184
0.244026
0.277428
0.098173
-0.0107458
0.13092
0.0801128
1.43773
0.494425
0.220568
0.220758
0.242152
0.168546
0.193884
0.253876
0.156979
0.0543224
0.099143
0.0390677
1.36812
0.498618
0.208442
0.211706
0.270559
0.26334
0.24356
0.188539
0.110507
0.0602224
0.0838372
0.0389941
1.35853
0.581711
0.31649
0.247106
0.193493
0.183335
0.233162
0.229792
0.139748
0.0566239
0.11548
0.0458964
1.29612
0.539855
0.294027
0.267869
0.215513
0.162623
0.191297
0.215254
0.144882
0.0629603
0.104379
0.0352818
1.43604
0.538651
0.266862
0.23718
0.209783
0.206532
0.262579
0.251272
0.110858
0.0446997
0.149441
0.073094
1.37422
0.536573
0.27895
0.258285
0.212937
0.173259
0.200679
0.241677
0.164958
0.0772528
0.117247
0.0489927
1.35922
0.602317
0.37654
0.297902
0.1398
0.0873807
0.213212
0.248667
0.125038
0.0107123
0.0904011
0.0340785
1.28722
0.478418
0.307607
0.358775
0.252956
0.124598
0.181982
0.247628
0.140993
0.0252807
0.099559
0.0555264
1.28037
0.457071
0.343528
0.419352
0.275117
0.113651
0.179922
0.222664
0.0599827
-0.0329667
0.0955932
0.0613569
2.40481
0.0519759
0.226168
0.630774
0.402325
-0.125913
0.279997
0.294507
0.0947184
-0.00446956
0.0863498
0.128005
1.8508
0.230871
0.234468
0.572953
0.282013
-0.0325919
0.221786
0.299199
0.0726094
0.0224396
0.107334
0.122144
1.47629
0.349902
0.249431
0.4319
0.25291
0.0522893
0.189675
0.298197
0.120966
-0.0184342
0.0172705
0.0687154
1.55676
0.3391
0.201513
0.44147
0.310689
0.108455
0.226415
0.28431
0.0742517
-0.0423624
0.04417
0.0968458
2.30667
0.0357491
0.2668
0.445256
0.340151
0.118869
0.356489
0.30528
-0.0155103
-0.0576415
0.0525163
0.0727195
1.93872
0.255329
0.186889
0.451933
0.296558
0.110131
0.305644
0.274202
-0.00112737
-0.0141299
0.0748095
0.0871125
1.70914
0.386065
0.212925
0.329032
0.228118
0.11361
0.274948
0.264098
0.0186859
-0.000425953
0.126308
0.111023
1.45744
0.438896
0.246978
0.33521
0.257383
0.150374
0.19893
0.218289
0.0354205
-0.0463294
0.147875
0.105595
1.65174
0.44963
0.21754
0.363248
0.326377
0.119007
0.226945
0.265088
0.102623
-0.00439693
0.111369
0.126157
1.70068
0.436764
0.240095
0.36303
0.32772
0.17668
0.272934
0.277213
0.106779
-0.0168387
0.0966004
0.128975
1.88882
0.441429
0.240846
0.376211
0.335661
0.1175
0.298019
0.289968
0.0695965
-0.0260467
0.107408
0.165728
1.29669
0.53697
0.337956
0.310084
0.287066
0.227173
0.222827
0.184511
0.0780155
0.0562422
0.152067
0.0872458
1.20362
0.539766
0.343087
0.264464
0.2426
0.204378
0.188658
0.169496
0.0793732
0.0564853
0.109857
0.0657902
1.21344
0.539958
0.385593
0.303481
0.25076
0.198334
0.195416
0.1654
0.113685
0.111708
0.135502
0.0762759
1.82368
0.462656
0.436778
0.352055
0.31878
0.162466
0.284833
0.235216
0.120619
0.0696096
0.155027
0.150563
1.43074
0.634777
0.440116
0.308905
0.256312
0.215438
0.238652
0.192455
0.15378
0.0865164
0.148475
0.0999334
1.09809
0.548285
0.400288
0.286127
0.225386
0.198003
0.173213
0.179765
0.153685
0.125133
0.082232
0.0622374
1.09484
0.328486
0.341501
0.357035
0.212526
0.0391655
0.0791849
0.253531
0.203325
0.0081396
0.0845867
0.0816727
1.54171
-0.125028
0.567001
0.441183
0.300425
0.0526595
-0.0631465
0.340231
0.289264
-0.0142036
0.173125
0.203445
1.38989
-0.00437982
0.475858
0.429709
0.293648
0.0138586
-0.0366483
0.307015
0.262625
-0.0209346
0.163328
0.17546
1.46758
-0.047452
0.498627
0.38038
0.267746
-0.0429843
-0.0404438
0.287438
0.293944
-0.000614347
0.173479
0.201223
1.22413
0.451351
0.351053
0.276258
0.176863
0.0437356
0.054694
0.168681
0.164556
0.114116
0.126531
0.0538358
1.72183
0.393702
0.565824
0.169368
0.227163
-0.0661873
0.128774
0.23271
0.12575
0.12475
0.177017
0.139515
1.79367
0.357808
0.633854
0.0966616
0.280961
-0.0863374
0.140528
0.219696
0.153003
0.0865817
0.125455
0.181786
1.45957
0.555129
0.525873
0.249578
0.190454
0.0761201
0.117669
0.171637
0.132226
0.098588
0.117961
0.070239
1.25119
0.521431
0.361558
0.286062
0.22344
0.10323
0.0992927
0.124487
0.102369
0.068154
0.0734928
0.0302138
1.57754
0.474217
0.531098
0.154269
0.259416
0.0320926
0.174412
0.0658433
0.203341
-0.106328
0.0742429
0.133557
1.61677
0.464393
0.587198
0.191953
0.28426
0.0663022
0.200795
0.0159765
0.192924
-0.066146
0.0701096
0.156063
1.2658
0.57442
0.483263
0.325611
0.29214
0.100753
0.161072
0.0413241
0.05365
0.0166596
0.0571655
0.0216217
1.34892
0.563717
0.518714
0.227313
0.276909
0.0495123
0.182094
0.098032
0.0314047
0.0216172
0.0688168
0.0218555
1.15038
0.579608
0.374914
0.251323
0.162476
0.100709
0.149403
0.102836
0.0558305
0.047319
0.0350788
-0.00464901
1.33865
0.694616
0.509883
0.288999
0.242768
0.115283
0.195075
0.121806
-0.0106888
0.0315512
0.0458868
0.011263
1.43544
0.692166
0.541273
0.266614
0.267999
0.170494
0.177321
0.124056
0.0568254
0.0644888
0.0382301
0.0195685
1.32661
0.720954
0.479852
0.328386
0.22613
0.153045
0.135233
0.0695437
0.0843823
0.0826605
0.0569547
0.0268465
