1.21447
0.528836
0.417181
0.189382
0.16646
0.130029
0.152215
0.100668
0.0705703
0.0879924
0.12411
0.0667131
1.46986
0.490768
0.614036
0.0666823
0.219662
0.0926705
0.29346
0.0691017
0.120354
0.0172615
0.166831
0.173444
1.37183
0.529771
0.576899
0.13966
0.198182
0.127699
0.204487
0.117434
0.146334
0.0149461
0.144084
0.109303
1.14632
0.560915
0.390043
0.259294
0.189191
0.165268
0.0847295
0.0726637
0.0548216
0.0349304
0.105912
0.0577858
1.15115
0.513705
0.407815
0.171937
0.183993
0.129353
0.144036
0.12604
0.098871
0.0573674
0.0543294
0.0419987
1.52553
0.513526
0.53833
0.0658223
0.247777
0.0963818
0.184339
0.043018
0.126712
0.0257744
-0.00280191
0.0707128
1.4309
0.485533
0.467138
0.163346
0.233767
0.0226678
0.0922869
0.145253
0.159866
0.0108134
-0.00966522
0.0442941
1.41155
-0.287052
0.505601
0.270644
0.52066
-0.195151
-0.187671
0.21915
0.243116
0.142764
-0.0289708
0.034076
0.926976
-0.353468
0.562001
0.47164
0.320645
-0.10157
-0.248986
0.188113
0.273195
0.0373933
-0.0010439
0.00216221
0.81777
-0.860587
1.12266
0.24995
0.437894
-0.176687
-0.178411
0.288805
0.163492
0.115998
-0.0712938
0.0523504
0.778758
-0.980805
1.02911
0.240317
0.476656
-0.153016
-0.191636
0.300618
0.210649
0.0515871
-0.149745
0.132223
0.524
-1.0905
1.00211
0.378818
0.467318
-0.217687
-0.168771
0.39942
0.171001
-0.0617859
-0.0809226
0.161137
0.077479
-1.01547
1.00618
0.366232
0.563083
-0.266373
-0.137734
0.429212
0.0943404
-0.0291522
-0.0444309
0.116143
0.0545208
-0.986692
0.812034
0.243199
0.453617
-0.274013
-0.0869369
0.42036
0.10989
-0.054421
0.0236025
0.109767
-0.191343
-0.91643
0.767163
0.264502
0.47664
-0.320146
-0.0725837
0.376986
0.123995
-0.0494685
0.00517582
0.141178
-0.313352
-1.02548
0.9838
0.29878
0.484185
-0.265847
-0.0598825
0.397741
0.048733
-0.0713119
0.0537946
0.107137
-0.551645
-0.825439
0.987674
0.435078
0.443452
-0.275787
-0.0376704
0.360851
0.081321
-0.10845
0.0720749
0.109587
-0.45228
-0.901257
0.786746
0.309842
0.394538
-0.253742
-0.0360844
0.305434
0.068634
-0.0781566
0.111728
0.0731716
-0.675555
-0.876085
0.87721
0.392292
0.368706
-0.184632
-0.0316625
0.27595
0.0557085
-0.0673007
0.106543
0.0472322
-0.634589
-0.897134
0.807785
0.27471
0.301882
-0.208652
-0.0128248
0.240577
0.0845692
-0.051348
0.0732002
0.0791717
-0.76863
-0.926973
0.845016
0.306305
0.231834
-0.218574
-0.0129742
0.258122
0.0827008
-0.0923216
0.0706359
0.0731251
-0.783718
-0.93259
0.840287
0.202792
0.179117
-0.193688
-0.0201061
0.268751
0.0708018
-0.102159
0.0529064
0.0808185
-1.17445
-0.927857
1.0711
0.414643
0.26011
-0.177741
-0.0172078
0.289374
0.0400125
-0.154637
0.046956
0.0611076
-0.973405
-0.924304
0.914107
0.229221
0.240309
-0.172247
0.0294437
0.279201
0.0391574
-0.105093
0.0908769
0.0621008
-0.987652
-0.942626
0.978363
0.196548
0.184332
-0.15866
0.00625427
0.2693
0.0618205
-0.122718
0.0436284
0.133124
-1.01311
-0.978127
0.943656
0.17074
0.122364
-0.152455
0.0511546
0.24632
0.0976552
-0.101226
0.0379601
0.166943
-1.25296
-1.02573
1.10179
0.32437
0.199364
-0.139732
0.0155431
0.249369
0.0734848
-0.113452
0.0250209
0.142858
-1.30565
-1.01151
0.959483
0.1973
0.0806753
-0.0794646
-0.00514766
0.298956
0.0862946
-0.128899
0.0833811
0.12527
-1.17312
-1.01348
1.01923
0.172976
0.161819
-0.0767924
0.00580351
0.297459
0.0635502
-0.0809416
0.119143
0.0883196
-1.0806
-0.971259
0.929689
0.0896863
0.11238
-0.0489631
0.0287882
0.298481
0.09193
-0.0916206
0.123888
0.0806564
-1.01802
-0.894809
0.961541
0.0451862
0.0381032
-0.132223
0.00791448
0.311663
0.0957022
-0.114919
0.130562
0.0865054
-1.05756
-0.840891
0.877316
0.100522
0.030804
-0.142632
0.0287983
0.26472
0.0984839
-0.131169
0.10298
0.0974362
-1.07763
-0.942854
0.901103
0.0710067
0.00211664
-0.192564
-0.0478708
0.243808
0.0729234
-0.153724
0.0665393
0.0983368
-0.915286
-0.942963
0.732444
-0.0194824
-0.00287097
-0.204074
0.0122976
0.323906
0.129044
-0.120987
0.0827668
0.0702315
-0.691592
-0.863421
0.721187
-0.0314105
-0.0856111
-0.232573
0.0983461
0.351619
0.206049
0.010106
0.0410806
0.0809811
-0.403628
-0.611611
0.758188
0.0525921
-0.111771
-0.236041
0.148975
0.280655
0.20454
-0.0475725
0.0489942
0.0851759
-0.159094
-0.358604
0.694899
0.0886858
-0.0590753
-0.196576
0.142272
0.360367
0.271007
-0.0473503
0.0524105
0.00523741
0.356585
-0.0114459
0.786039
0.196299
0.107311
-0.0532229
0.133138
0.307317
0.23177
0.0609059
0.0790971
0.047507
1.04947
-0.0852333
0.523722
0.160684
0.245406
-0.00859771
0.13957
0.29274
0.244023
-0.0554054
0.00575763
0.0542573
1.283
-0.0663301
0.28962
0.284583
0.251894
-0.0877884
0.147621
0.292297
0.230101
-0.0515609
-0.0262556
0.0451607
1.52668
-0.187431
0.32954
0.267581
0.263412
-0.109287
0.194261
0.217255
0.284085
-0.0279155
-0.0543797
0.122227
1.53276
-0.117461
0.181022
0.350155
0.205335
-0.147349
0.142366
0.245139
0.277448
-0.0427912
-0.0434791
0.0526906
1.49534
-0.0930051
0.156634
0.410181
0.16863
-0.140839
0.0772874
0.283666
0.242151
-0.0352697
-0.0343833
0.028195
1.53731
-0.0988979
0.14959
0.370763
0.200753
-0.189446
0.0889038
0.267773
0.290486
-0.0158997
-0.038504
0.0330323
1.76453
-0.144784
0.0675914
0.352138
0.264756
-0.241953
0.0896909
0.259854
0.24746
-0.0184578
-0.0676143
0.0367157
1.69026
-0.0661126
0.0636369
0.350322
0.242558
-0.158581
0.0648786
0.250992
0.260076
-0.051171
-0.0468919
0.0475813
1.62804
-0.00382645
0.0119565
0.350611
0.231077
-0.136231
0.00810363
0.267819
0.221693
-0.0537689
-0.0570966
0.0247704
1.84067
-0.104232
-0.0153459
0.324209
0.274786
-0.147423
0.0837291
0.263173
0.236332
-0.0490464
-0.0641613
0.0420632
1.85504
-0.0303032
-0.0707822
0.316838
0.312229
-0.171896
0.0955559
0.223886
0.25782
-0.0304953
-0.0534881
0.0494086
1.93464
-0.0741487
-0.103343
0.290522
0.248151
-0.12367
0.109396
0.181632
0.277052
-0.0389085
-0.021678
0.0699258
1.75778
0.0390174
-0.0609683
0.271733
0.204617
-0.0739699
0.0727267
0.21361
0.265085
-0.0374987
0.0414115
0.0806106
1.93633
-0.0501462
0.014009
0.23315
0.171746
-0.0466239
0.0475554
0.187625
0.254392
-0.0239771
0.015364
0.0869989
2.21567
-0.154204
-0.0068264
0.273339
0.1991
-0.121964
0.12713
0.151966
0.22789
0.0126813
-0.00882891
0.08494
2.23817
-0.136489
0.0195128
0.226973
0.249468
-0.119841
0.150425
0.120235
0.254061
0.0327749
-0.0499886
0.0860246
1.79594
0.103395
-0.105892
0.259579
0.270585
0.00442974
0.0432762
0.220694
0.238088
-0.041805
-0.0267474
0.0208771
2.36829
-0.282633
0.155412
0.233765
0.344384
-0.0916727
0.19072
0.166473
0.18416
0.0740424
-0.107546
0.060492
2.0333
-0.038252
0.0248575
0.320077
0.357161
0.0508677
0.0603881
0.208805
0.206551
0.00359545
-0.062188
0.00715896
1.66949
0.145014
0.0606359
0.352875
0.297131
0.0324286
0.0704879
0.251371
0.184221
-0.00383563
-0.0807433
-0.0213429
2.18207
0.0732186
0.156515
0.331382
0.309881
-0.037903
0.115959
0.0950891
0.243065
0.0234833
-0.0991898
0.00104436
1.88767
0.228367
0.0465832
0.31845
0.225868
-0.00358031
0.0522262
0.107532
0.225225
0.00955766
-0.0334581
-0.0324511
2.24794
0.176397
0.201604
0.266568
0.224427
-0.105611
0.0782273
0.0414299
0.222566
0.0852372
-0.0264049
0.00859666
1.49595
0.453541
0.22494
0.213385
0.129232
0.00433826
0.0157984
0.0893751
0.175226
0.0750631
0.0461914
-0.0300599
1.95294
0.400364
0.221815
0.173881
0.0812013
-0.0142125
0.029622
0.0215452
0.209529
0.122602
0.0538857
-0.0154697
1.57713
0.568111
0.276771
0.180754
0.0886279
-0.00445066
-0.0135045
0.0857295
0.19919
0.10006
0.0153881
-0.0368342
1.58136
0.494307
0.228047
0.151632
0.0836339
0.0200424
0.0307882
0.0826262
0.17161
0.0682933
0.0717156
-0.0154686
1.7564
0.484673
0.191998
0.125231
0.143091
0.0619716
-0.031431
0.0938958
0.137383
0.0505248
0.101647
0.0230014
1.72146
0.520861
0.219226
0.10283
0.171537
0.122195
-0.00938165
0.0447974
0.108985
0.0518261
0.125542
0.0421911
1.68481
0.500106
0.222987
0.104589
0.136028
0.119962
-0.0164592
0.0996953
0.137342
0.0478995
0.161647
0.0705039
1.37191
0.472668
0.279519
0.180789
0.132162
0.10453
0.0721649
0.0928884
0.125847
0.141661
0.164067
0.0339732
1.32307
0.565884
0.32016
0.224011
0.174094
0.109215
0.0876353
0.108577
0.0702991
0.0588629
0.0674827
0.0129985
1.57638
0.542743
0.378888
0.232902
0.130367
0.101304
0.0968469
0.199863
0.162186
0.0263031
0.0696527
0.0366652
1.67622
0.611756
0.386802
0.293719
0.150748
0.0557937
0.132669
0.167884
0.162338
0.0613926
0.0357214
0.0165099
1.96103
0.528556
0.395642
0.301999
0.14992
0.0396594
0.059205
0.193304
0.223843
0.0137636
-0.00296655
0.0187946
1.40637
0.51643
0.250665
0.304147
0.239902
0.0843035
0.047079
0.126067
0.151096
0.0379757
-0.00275716
-0.0183247
1.79765
0.3857
0.15073
0.333027
0.289633
0.0730828
0.0283378
0.143198
0.185755
0.00939061
-0.0330174
-0.019271
2.00058
0.137531
-0.065895
0.396543
0.378756
0.104642
0.0699512
0.182197
0.164493
-0.0182467
-0.133569
-0.0732312
2.41163
-0.0949899
-0.0293309
0.420293
0.230243
0.0865207
0.11094
0.0904169
0.17272
0.0186031
-0.0974988
-0.0554749
1.89067
0.106551
-0.0767901
0.390678
0.367208
0.0734738
0.0556541
0.191856
0.182808
-0.0210385
-0.160633
-0.0892423
2.38584
-0.0668086
-0.175222
0.464591
0.33411
-0.0540012
0.104836
0.183022
0.234574
-0.0236467
-0.133994
-0.0714017
2.01842
0.110995
-0.0926072
0.398392
0.314686
-0.0273768
0.0314451
0.213401
0.230427
-0.00451936
-0.137429
-0.0643741
2.18498
0.0556045
-0.0748598
0.408345
0.264621
-0.0455355
0.0290428
0.210667
0.246575
-0.000308813
-0.109792
-0.0305926
2.03425
0.131078
-0.0307455
0.361018
0.196217
-0.0291968
0.0333343
0.20971
0.265105
-0.0147161
-0.0814471
0.00140576
2.07699
0.187791
-0.0493351
0.355273
0.248027
-0.0656227
0.0411289
0.287025
0.257877
-0.0228466
-0.0893975
0.0192405
2.14271
0.083396
-0.0732371
0.413679
0.266512
-0.137205
0.0753972
0.323247
0.266049
0.00315321
-0.0674203
0.031795
1.95063
0.150446
-0.00212625
0.406507
0.260938
-0.145155
0.0822438
0.336566
0.260138
0.020565
-0.0407609
0.0527887
1.90646
0.062415
0.0457127
0.472375
0.248489
-0.192619
0.0836221
0.333878
0.24117
0.0128612
-0.0241079
0.0684455
1.95122
0.0752747
0.0075431
0.469349
0.27257
-0.186885
0.080244
0.359418
0.244376
0.0297327
-0.00719007
0.0837391
2.01355
0.0281848
-0.0132176
0.511291
0.269746
-0.155717
0.100813
0.377109
0.25371
-0.00379295
-0.0254897
0.0897121
1.92032
0.0606629
-0.0367917
0.496492
0.288118
-0.139028
0.120568
0.367027
0.254313
-0.00769699
-0.0184448
0.0968473
1.7376
0.143685
0.0231922
0.425672
0.31434
-0.0136482
0.105959
0.360861
0.257898
-0.0430211
-0.00248651
0.118515
1.819
0.0742409
0.012486
0.483556
0.298482
-0.0212534
0.140103
0.334893
0.232017
-0.0450603
0.0113106
0.1325
1.72536
0.321384
0.0606808
0.332165
0.276133
0.0268517
0.111266
0.309296
0.2011
-0.0654239
0.0999766
0.156741
1.58298
0.221477
0.0694856
0.37833
0.315143
0.0843269
0.197579
0.346865
0.168225
-0.0849616
0.0585545
0.129833
1.56101
0.267827
0.0651296
0.347604
0.319341
0.11277
0.19293
0.321721
0.148748
-0.0751202
0.0703077
0.12307
1.72492
0.301413
0.0244295
0.325202
0.319401
0.103729
0.181221
0.345869
0.154198
-0.0772371
0.0372669
0.127207
1.85774
0.256634
-0.0124631
0.358695
0.306956
0.0816433
0.248456
0.363617
0.109965
-0.0797648
0.0297965
0.145983
1.85939
0.284862
0.0173802
0.354129
0.295682
0.0841655
0.223642
0.31913
0.128843
-0.0271328
0.0776758
0.146095
1.44008
0.313268
0.134022
0.330583
0.279551
0.148226
0.204621
0.273638
0.125152
-0.0110315
0.0873397
0.0702454
1.45613
0.303929
0.116384
0.328157
0.273927
0.151128
0.245781
0.264314
0.105552
0.012545
0.143037
0.0956205
1.76529
0.300296
0.0378981
0.359288
0.299127
0.0920014
0.221485
0.318067
0.136642
0.0149063
0.116659
0.143463
1.76536
0.324283
0.0941721
0.365578
0.232281
0.0750384
0.283956
0.351254
0.0869063
-0.055742
0.0959208
0.14216
1.33501
0.306677
0.185254
0.335228
0.255774
0.152865
0.2718
0.329997
0.130553
-0.027217
0.124173
0.0861043
1.33662
0.323269
0.207338
0.368227
0.275621
0.157229
0.258917
0.317163
0.117031
-0.0525591
0.080126
0.0841159
1.50291
0.280913
0.170921
0.380667
0.23658
0.131764
0.331081
0.390569
0.125546
-0.0762402
0.0666355
0.10843
1.63594
0.344987
0.167549
0.371949
0.269897
0.0863185
0.272965
0.370361
0.100289
-0.0247523
0.0931458
0.125284
1.38009
0.360623
0.245354
0.349581
0.215199
0.152192
0.272444
0.286892
0.11369
0.0180498
0.101888
0.0582579
1.38459
0.442031
0.252158
0.360222
0.282427
0.128303
0.215614
0.299632
0.139739
0.0131132
0.112125
0.0795416
1.34349
0.474448
0.278135
0.295036
0.237788
0.189957
0.22158
0.208219
0.113532
0.0795225
0.131631
0.0531848
1.34645
0.46033
0.285008
0.316295
0.247727
0.165663
0.224652
0.232002
0.13958
0.0750247
0.13015
0.0577696
1.53977
0.48235
0.245668
0.32432
0.271328
0.180252
0.219842
0.226949
0.105981
0.0655996
0.150773
0.0964451
1.24965
0.49848
0.286327
0.267273
0.223444
0.174805
0.200955
0.20372
0.123904
0.0979139
0.165341
0.04689
1.34254
0.530194
0.302849
0.293208
0.225015
0.159297
0.176786
0.203957
0.136678
0.0945364
0.17764
0.0686949
1.22188
0.511532
0.355513
0.309814
0.203033
0.164727
0.194638
0.182116
0.132163
0.106343
0.135763
0.0477653
2.38446
0.140757
0.241056
0.412172
0.28953
0.0290352
0.302481
0.250627
0.0700814
0.025428
0.149861
0.18018
1.35609
0.445899
0.261393
0.299041
0.238364
0.220687
0.268536
0.21404
0.0291703
0.012763
0.172013
0.0917612
1.31594
0.467772
0.248984
0.306389
0.287637
0.196326
0.231349
0.232708
0.0830033
0.00881299
0.161719
0.0918599
1.66523
0.503011
0.174512
0.310021
0.361989
0.233536
0.273142
0.278514
0.071751
-0.0529952
0.115131
0.146733
1.30014
0.525227
0.303144
0.299129
0.330375
0.276055
0.240152
0.195073
0.0948145
0.0503054
0.0974197
0.0745874
2.19425
0.331491
0.363972
0.481413
0.453799
0.193214
0.370005
0.182119
0.00611629
0.0305554
0.111984
0.126346
1.41438
0.633316
0.397036
0.361368
0.344684
0.334271
0.277878
0.156076
0.01097
0.0267885
0.0784333
0.0714796
1.44304
0.541982
0.445128
0.495293
0.431685
0.313494
0.269941
0.158352
0.0171488
0.0316586
0.0884394
0.0761641
1.14119
0.568758
0.396379
0.337573
0.285996
0.223818
0.178045
0.137796
0.103461
0.0749631
0.0443089
0.0481308
1.39165
0.583197
0.405927
0.441933
0.434874
0.336463
0.256884
0.128517
0.0494233
0.080306
0.126867
0.0968137
1.27235
0.572036
0.375197
0.36837
0.331144
0.275248
0.256938
0.157387
0.0598467
0.0633408
0.170139
0.100425
1.31608
0.568305
0.44519
0.409991
0.312992
0.243125
0.213883
0.173611
0.0714215
0.095341
0.204295
0.108421
1.10504
0.545311
0.390055
0.295442
0.239817
0.209065
0.167046
0.141308
0.136639
0.150858
0.138762
0.0652912
1.30162
0.622514
0.468199
0.346241
0.295279
0.225065
0.157179
0.17664
0.173297
0.0976264
0.123467
0.0827628
1.29905
0.652386
0.468792
0.328045
0.287284
0.27789
0.185485
0.123772
0.114614
0.0813128
0.140487
0.0851333
1.37158
0.685272
0.463523
0.30141
0.237621
0.179672
0.189031
0.138871
0.114489
0.0829912
0.138111
0.0850805
1.65201
0.547885
0.493431
0.316234
0.187533
0.0817978
0.249786
0.0549845
0.155301
0.053425
0.171347
0.142302
1.65428
0.491564
0.457177
0.232868
0.170496
0.0985271
0.311359
0.11233
0.094103
0.0938632
0.102698
0.0832296
1.42418
0.585307
0.406541
0.205363
0.143846
0.128275
0.151709
0.113026
0.0619923
0.0718422
0.0883034
0.0678646
1.61569
0.674927
0.458943
0.221354
0.123732
0.112201
0.273309
0.149308
0.106439
0.063702
0.155862
0.102231
1.41778
0.677323
0.468654
0.223975
0.158084
0.112313
0.18729
0.133312
0.125492
0.108396
0.179023
0.104001
1.25159
0.626847
0.375242
0.274555
0.188211
0.146669
0.162529
0.123416
0.143559
0.13853
0.156683
0.086566
1.32045
0.655469
0.432606
0.28473
0.243653
0.158051
0.191504
0.173335
0.135974
0.103903
0.169342
0.100928
