-0.10688
-0.608722
0.486201
-0.207572
0.370795
-0.174012
0.106886
0.223252
-0.0816211
-0.111034
-0.110599
-0.149244
-0.38851
-0.507775
0.410515
-0.170992
0.311823
-0.107869
0.00801653
0.260684
-0.0735257
-0.133029
-0.0525025
-0.065576
-0.440466
-0.735831
0.655438
-0.341824
0.378812
-0.105455
-0.0155624
0.321821
-0.039681
-0.141535
-0.0634444
0.0187495
-0.709685
-0.796188
0.623654
-0.238165
0.491824
0.0123907
-0.038439
0.269064
-0.0523858
-0.147974
0.0180454
0.0851708
-0.778401
-0.80929
0.584793
-0.236548
0.542781
0.111864
-0.022921
0.294185
-0.0679095
-0.159904
0.117343
0.135278
-0.733173
-0.650697
0.513633
-0.151795
0.483939
0.183612
0.0266946
0.249713
-0.0298647
-0.184213
0.173051
0.150325
-0.242531
-0.627916
0.644727
-0.137518
0.535343
0.16308
0.0499516
0.231018
-0.0928974
-0.0992059
0.242176
0.0987022
0.0338794
-0.345396
0.630521
-0.037483
0.400336
0.236884
0.157377
0.21062
0.00479572
-0.16385
0.239595
0.0828917
0.433125
-0.273122
0.478774
0.0406368
0.38464
0.333947
0.163961
0.23581
0.0415537
-0.147661
0.191319
0.0539283
0.875358
-0.220505
0.445223
-0.0406556
0.397666
0.246958
0.179753
0.154565
0.0396465
-0.0628307
0.129153
0.0706461
0.984182
-0.131386
0.347397
-0.0274517
0.446809
0.238136
0.256976
0.188638
0.108743
-0.115883
0.156283
0.0961299
1.1691
-0.174787
0.297205
-0.065006
0.481546
0.206922
0.237143
0.268234
0.117429
-0.121034
0.158302
0.112411
1.19026
-0.0521647
0.259228
0.00380479
0.424893
0.196034
0.219422
0.247988
0.1516
-0.126947
0.145678
0.0971145
1.20713
-0.0729368
0.274424
0.0294321
0.440832
0.180611
0.20737
0.247331
0.171307
-0.111264
0.139739
0.0964683
1.29853
-0.150776
0.274516
-0.0289973
0.511061
0.178404
0.221832
0.326991
0.138058
-0.108021
0.129908
0.114407
1.35652
-0.0727689
0.304449
-0.0024545
0.475741
0.149979
0.222947
0.296234
0.154293
-0.0927045
0.138483
0.14316
1.28471
0.0855953
0.288316
0.0923338
0.362787
0.183424
0.184084
0.278142
0.145458
-0.0952528
0.170463
0.0805552
1.42299
0.128413
0.298602
-0.00523774
0.427612
0.154482
0.198417
0.318833
0.0565825
-0.0727502
0.170151
0.0847718
1.45507
0.246888
0.269837
-0.0108782
0.423064
0.0899646
0.156774
0.245866
0.129574
0.0446469
0.177189
0.0710147
1.43333
0.407379
0.199815
0.0905061
0.391255
0.0597401
0.0774682
0.159642
0.0956642
0.119812
0.147368
0.0348041
1.54852
0.309537
0.260821
-0.0210592
0.497994
0.0315063
0.0853091
0.189584
0.155783
0.16957
0.189281
0.0768382
1.55952
0.354785
0.184601
0.0840478
0.395627
0.0470509
0.10906
0.144666
0.205452
0.169328
0.162379
0.0588004
1.3912
0.328961
0.232253
0.124977
0.282408
0.145912
0.160695
0.213512
0.111287
0.0850661
0.148437
0.0367283
1.45228
0.446359
0.19687
0.161862
0.33562
0.149596
0.0797338
0.159822
0.13436
0.133524
0.122484
0.0223827
1.42109
0.392898
0.188184
0.125286
0.344709
0.133827
0.0615338
0.161742
0.174695
0.144115
0.167485
0.0218459
1.49616
0.447665
0.187328
0.105064
0.387717
0.0723035
0.0415299
0.164463
0.122948
0.133436
0.171375
0.0388021
1.52847
0.452305
0.275868
0.138453
0.306443
0.0842307
0.0672856
0.110202
0.136205
0.106232
0.173217
0.0611351
1.40132
0.512776
0.255357
0.207318
0.213811
0.0815747
0.0779337
0.145025
0.159998
0.0314642
0.11354
0.0283804
1.50145
0.53101
0.244914
0.235271
0.188672
0.04608
0.109131
0.162544
0.150598
0.0186658
0.111892
0.037862
1.76749
0.495449
0.245631
0.232399
0.246603
0.0294605
0.071696
0.232907
0.121423
-0.0769761
0.110445
0.109437
1.67197
0.452584
0.295191
0.254917
0.20741
0.0409891
0.10229
0.192186
0.113984
-0.0624672
0.0824319
0.0629636
1.32155
0.537514
0.331976
0.272634
0.213181
0.0657388
0.0371931
0.145563
0.055258
0.00733352
0.0718794
-0.00742487
1.65115
0.457545
0.270946
0.267476
0.295799
0.0404005
0.00880834
0.242653
0.114432
-0.0874852
0.0612436
0.0501311
1.51766
0.429522
0.300204
0.280568
0.31048
0.0771686
0.0224312
0.231417
0.133188
-0.0955987
0.0699321
0.042001
1.43792
0.488415
0.37869
0.330755
0.244897
0.103731
0.0754918
0.204219
0.132652
-0.0688221
0.0774876
0.0441184
1.3416
0.509366
0.355354
0.290776
0.192069
0.102051
0.127757
0.18596
0.115326
0.0283887
0.0668329
0.0163274
1.43902
0.529892
0.378695
0.270653
0.250362
0.0831786
0.107085
0.243497
0.090275
0.000221183
0.127425
0.0482469
1.30662
0.57771
0.452353
0.318935
0.188354
0.0672058
0.106131
0.111603
0.0640439
0.0887897
0.0951362
0.0157852
1.36617
0.528417
0.391437
0.329557
0.219083
0.153103
0.113453
0.116339
0.0645069
0.0209573
0.0669814
0.00738867
1.2011
0.550482
0.432414
0.296317
0.160612
0.063115
0.109901
0.182213
0.0849092
0.0375583
0.0593921
0.00244228
1.50864
0.492032
0.46405
0.393187
0.200904
0.0244144
0.0745463
0.228383
0.0358414
-0.000910049
0.0963154
0.0533624
1.23597
0.499099
0.379755
0.322276
0.202116
0.0893745
0.1095
0.142473
0.0754707
0.0522685
0.0595663
0.00389613
1.5784
0.405784
0.474275
0.422868
0.239548
0.102509
0.0288005
0.136446
0.0721321
0.107603
0.097469
0.0326035
1.57719
0.381837
0.431806
0.509216
0.286026
0.103301
0.177992
0.111098
-0.00292103
0.178648
0.0786742
-0.0179216
1.33424
0.520999
0.422786
0.424662
0.265141
0.144979
0.164688
0.0687243
0.0146441
0.156359
0.0565444
0.00047349
1.24044
0.512135
0.49097
0.41821
0.224802
0.139709
0.151803
0.107706
0.0773305
0.166567
0.0266968
0.0121716
1.51269
0.428597
0.465716
0.487223
0.243486
0.153784
0.215097
0.112558
0.021676
0.172597
0.121317
0.0252894
1.42706
0.53534
0.497754
0.424119
0.229856
0.199505
0.255162
0.141549
0.0490413
0.109665
0.10784
0.0502969
1.31893
0.636509
0.480298
0.2878
0.206547
0.237378
0.15293
0.102166
0.0736458
0.0886681
0.135699
0.0596505
1.24671
0.652135
0.439832
0.302085
0.285589
0.200428
0.100814
0.125282
0.14154
0.120843
0.0925228
0.0505251
1.45041
0.70077
0.518474
0.364583
0.278918
0.139845
0.076353
0.146354
0.119546
0.0630392
0.132172
0.0747984
1.27064
0.619165
0.464489
0.297857
0.224533
0.169185
0.102508
0.104795
0.0841901
0.0934164
0.124907
0.0516943
1.5293
0.668236
0.55916
0.312562
0.211716
0.185087
0.0771001
0.0789076
0.11892
0.120148
0.155982
0.0991265
1.29725
0.661538
0.496589
0.309033
0.240337
0.151293
0.0898264
0.118595
0.114279
0.127583
0.124319
0.0665349
1.46805
0.674393
0.456523
0.299026
0.282989
0.230402
0.154355
0.145106
0.137808
0.117124
0.0870721
0.0640808
1.20834
0.612957
0.424168
0.323607
0.257692
0.198098
0.152583
0.139637
0.120768
0.11365
0.0941388
0.0545373
1.44248
0.703039
0.496067
0.374778
0.283588
0.186185
0.126483
0.0985698
0.0876297
0.0870738
0.0871163
0.0527242
1.29905
0.615492
0.485665
0.390297
0.257411
0.243898
0.170206
0.131569
0.152015
0.0864765
0.0583129
0.0515742
1.20082
0.603951
0.443449
0.338602
0.268786
0.208247
0.154023
0.119621
0.0786594
0.0618586
0.0856766
0.0438139
1.25021
0.609618
0.40506
0.311292
0.266992
0.208006
0.146049
0.128409
0.11003
0.0772205
0.0432293
0.0440883
1.47562
0.640239
0.452628
0.359476
0.349466
0.247716
0.193851
0.157589
0.031976
0.0294599
0.147662
0.0879334
1.47586
0.67413
0.41795
0.312543
0.312831
0.236402
0.16884
0.135678
0.125503
0.0772227
0.050587
0.044536
1.10113
0.531784
0.358524
0.300722
0.245544
0.158469
0.137769
0.118673
0.0555277
0.0148734
0.0368117
0.0243415
1.39248
0.640601
0.462704
0.396808
0.343429
0.232033
0.15243
0.113296
0.00614568
0.0190671
0.105535
0.0413476
1.42419
0.616677
0.481108
0.371248
0.31437
0.195584
0.117352
0.138224
0.0364973
0.00436524
0.137854
0.0562189
1.24935
0.612788
0.429344
0.334387
0.258697
0.187028
0.140411
0.165736
0.0855288
0.00562722
0.0942507
0.0360468
1.65356
0.667214
0.476244
0.37223
0.395877
0.268214
0.0971691
0.161134
0.0970118
-0.00225833
0.113267
0.0715644
1.21336
0.638713
0.464641
0.361802
0.306549
0.231479
0.140473
0.141322
0.106035
0.0651615
0.0478502
0.0476175
1.3718
0.68066
0.492121
0.384226
0.327522
0.241342
0.156485
0.116645
0.0885172
0.0979438
0.115812
0.0713049
1.24014
0.649805
0.454613
0.363434
0.294358
0.223131
0.196096
0.116144
0.0978925
0.109902
0.114515
0.0725911
1.4878
0.78639
0.545144
0.392708
0.384344
0.328238
0.194377
0.150188
0.105724
0.0103073
0.148089
0.0817394
1.24048
0.660395
0.470844
0.390839
0.323476
0.230169
0.188578
0.140069
0.112583
0.106783
0.0954219
0.0648653
1.35836
0.745333
0.54322
0.427557
0.364206
0.23847
0.207188
0.172548
0.154845
0.0982667
0.0545238
0.0603181
1.441
0.713854
0.50854
0.344491
0.307019
0.285325
0.265415
0.157742
0.128247
0.124027
0.0553809
0.0599903
1.39313
0.702628
0.484239
0.356403
0.328598
0.258345
0.224508
0.170911
0.115267
0.0838568
0.0809253
0.0656154
1.35397
0.740526
0.488855
0.32709
0.247101
0.196801
0.190659
0.158738
0.113757
0.0487425
0.0376254
0.0383138
1.37631
0.727433
0.443527
0.303921
0.268626
0.236696
0.262139
0.157699
0.137394
0.116518
0.0282446
0.049804
1.47682
0.771377
0.51485
0.283435
0.276566
0.185956
0.195187
0.228133
0.133855
0.0947948
0.0473336
0.0381609
1.1338
0.599885
0.425557
0.309914
0.226882
0.187447
0.150929
0.119639
0.0773571
0.0539915
0.0455026
0.0215391
1.35245
0.794476
0.553815
0.390152
0.248773
0.162659
0.167531
0.166007
0.145148
0.0967871
0.0592215
0.0582368
1.50439
0.82441
0.596932
0.385092
0.254013
0.219634
0.125297
0.103537
0.191182
0.150158
0.0316847
0.0575818
1.36911
0.768613
0.571835
0.376978
0.278399
0.234392
0.169269
0.140439
0.134892
0.0909519
0.0681903
0.0574575
1.11467
0.588918
0.415361
0.30293
0.219816
0.178672
0.15478
0.132338
0.114554
0.0955711
0.0689103
0.0354501
1.33932
0.70647
0.487776
0.353983
0.300912
0.237636
0.183683
0.175481
0.116287
0.116594
0.034891
0.0454645
1.23427
0.710851
0.468314
0.369862
0.326914
0.248655
0.198376
0.146298
0.127093
0.121397
0.0560552
0.0569359
1.30647
0.750346
0.54782
0.35584
0.268368
0.238328
0.193742
0.145806
0.143904
0.101046
0.0600418
0.0543519
1.12778
0.584668
0.413335
0.304677
0.26244
0.214334
0.205069
0.181993
0.152291
0.113721
0.108614
0.0594677
1.2422
0.667227
0.477576
0.325641
0.243781
0.206374
0.186
0.128842
0.106326
0.0833819
0.120308
0.0605094
1.21136
0.658675
0.456258
0.321899
0.202761
0.179288
0.160848
0.158499
0.186421
0.115078
0.0856681
0.0605133
-0.168852
-0.727081
0.326146
-0.23671
0.536878
0.175042
0.22605
-0.0970101
-0.0381853
0.174071
0.0643274
-0.0813134
-0.248096
-0.754733
0.388967
-0.205354
0.598083
0.221739
0.236788
-0.0989361
-0.0781114
0.158492
0.0903666
-0.0275725
-0.278594
-0.810039
0.412928
-0.207681
0.56988
0.304728
0.193889
-0.0828198
-0.0795207
0.14794
0.118151
-0.0418271
-0.22357
-0.724314
0.395212
-0.158849
0.491503
0.29849
0.146546
-0.0762102
-0.0496413
0.149308
0.127181
-0.0918672
-0.0966592
-0.719058
0.424836
-0.286953
0.425856
0.302955
0.211858
-0.0249326
-0.0626012
0.0981739
0.0827763
-0.0470418
-0.0157149
-0.616194
0.47896
-0.195465
0.405331
0.383108
0.198116
-0.0472805
0.0361545
0.105521
0.120908
-0.0525855
0.300517
-0.404973
0.635278
-0.0508268
0.416639
0.418741
0.314484
0.0358673
0.166396
0.0889694
0.0660026
-0.0517603
0.799185
-0.211466
0.581573
-0.242057
0.360435
0.379492
0.239813
0.168987
0.199446
0.105663
0.0699274
-0.052413
1.00207
0.0288017
0.474845
-0.228485
0.365821
0.338997
0.168564
0.201909
0.231945
0.0507662
0.104799
0.0024853
1.08129
0.190438
0.226232
-0.0485733
0.290847
0.305573
0.208104
0.226164
0.200099
0.0252686
0.052519
-0.0395269
1.38131
0.153416
0.220827
-0.122124
0.411103
0.302615
0.174132
0.155237
0.253938
0.0428085
0.0549486
-0.00532373
1.49572
0.307701
0.166748
-0.147861
0.429826
0.343588
0.153373
0.0289148
0.268111
0.117219
0.0443705
-0.00754128
1.70271
0.257354
0.215957
-0.123834
0.4057
0.288097
0.152988
0.00289105
0.249273
0.18324
0.0312344
0.00163896
1.39516
0.385865
0.140653
0.0188387
0.302939
0.323062
0.061936
0.0875636
0.187924
0.186774
0.0927559
-0.0374822
1.72339
0.349062
0.131805
-0.0129847
0.338482
0.260257
0.137251
0.0592882
0.191572
0.206205
0.0540372
-0.0526439
1.48728
0.463522
0.174728
0.0817736
0.253119
0.268724
0.113123
0.0765519
0.17425
0.142264
0.0622164
-0.0150661
1.66694
0.495021
0.234059
0.0581744
0.277762
0.232072
0.0666936
0.123431
0.170603
0.119407
0.0578783
-0.0209016
1.69714
0.580906
0.134342
-0.0343369
0.291416
0.357375
0.125468
0.0978464
0.160042
0.135816
0.0672244
-0.0179975
1.93023
0.410905
0.29775
-0.0697368
0.380166
0.349485
0.0381648
0.112241
0.15279
0.13957
0.116899
-0.0134879
1.41813
0.530542
0.248915
0.123268
0.259575
0.25657
0.0875274
0.0841132
0.100129
0.0817025
0.085604
0.0134554
1.52832
0.533444
0.279395
0.116695
0.327269
0.284857
0.00685428
0.0581428
0.100924
0.118458
0.140568
0.0309865
1.3484
0.534282
0.222159
0.172622
0.312688
0.240355
0.0850888
0.0417019
0.0610654
0.132249
0.132443
0.0354614
1.58362
0.50935
0.248859
0.17982
0.391023
0.278487
0.0508463
0.0829651
0.100075
0.0520401
0.121938
0.0381371
1.49735
0.544951
0.29051
0.185312
0.317977
0.315251
0.0871645
0.0611886
0.0719787
0.0554689
0.138002
0.0577948
1.4288
0.549443
0.325038
0.17984
0.275647
0.311512
0.123296
0.052471
0.0703221
0.0759952
0.107169
0.0497225
1.26595
0.569165
0.306746
0.176263
0.259853
0.23516
0.0889662
0.0792668
0.0434194
0.0737087
0.116655
0.0233556
1.53983
0.589065
0.311358
0.189865
0.332884
0.290665
0.105561
0.0277633
0.0492668
0.134627
0.106895
0.0437775
1.331
0.565445
0.294149
0.206313
0.207574
0.213581
0.13324
0.0734405
0.0716814
0.0526166
0.085352
0.0245522
1.42184
0.577792
0.300432
0.215913
0.272819
0.227983
0.0912221
0.0606092
0.0670084
0.0515297
0.0795478
0.0154192
1.72709
0.645002
0.328588
0.158675
0.381302
0.25254
0.0782336
0.0391534
-0.00569786
0.0612701
0.124053
0.0561109
2.23405
0.345267
0.55686
-0.0196447
0.482616
0.257829
-0.0183534
0.0148371
-0.00479562
0.0410913
0.0970605
0.0505438
1.177
0.581484
0.346049
0.213783
0.21902
0.197288
0.0983282
0.00716053
0.0145326
0.065051
0.100506
-0.0109878
1.94329
0.592961
0.38165
0.0847281
0.426335
0.346482
0.035163
0.136024
0.0500299
0.0174099
0.0749606
-0.00658485
1.98794
0.665013
0.471342
0.0272889
0.29241
0.28836
0.149503
0.213525
0.106806
-0.0583916
0.0330569
0.0161116
1.80107
0.740586
0.497944
0.158261
0.207731
0.247317
0.154991
0.221613
0.190075
-0.0295782
0.0420997
0.0162821
1.30507
0.63626
0.375029
0.258247
0.235484
0.196883
0.169697
0.168704
0.0966239
0.0319788
0.053017
0.00786798
2.25758
0.49071
0.707891
0.093522
0.390132
0.213786
-0.0231751
0.199171
0.136456
-0.0475318
0.0496539
0.0291944
1.7912
0.568244
0.500004
0.257919
0.285807
0.173456
-0.0719335
0.115831
0.125078
-0.00671856
0.104822
0.0545929
1.27911
0.612796
0.419036
0.282556
0.269394
0.148698
0.0224105
0.0700593
0.105957
0.0775504
0.089789
0.0105754
1.39208
0.704929
0.471564
0.295074
0.286301
0.18946
0.00966255
0.0233474
0.0983721
0.100583
0.0876082
0.0316219
1.51497
0.683894
0.463741
0.312801
0.333872
0.237822
-0.0103507
0.00646771
0.0996977
0.0570544
0.11309
0.0385932
2.18797
0.677674
0.57772
0.0592585
0.4842
0.25896
-0.0553426
0.109946
0.177849
-0.00787142
0.0610659
0.00381476
1.27131
0.627941
0.402942
0.274644
0.255951
0.216751
0.148232
0.129824
0.0864125
0.0407614
0.0135637
-0.00142057
1.3283
0.699971
0.428127
0.264441
0.248124
0.213482
0.140769
0.124578
0.0750099
0.0389264
0.0596484
0.0121757
1.27757
0.654148
0.431959
0.318161
0.254317
0.225742
0.156385
0.100802
0.0851828
0.0651347
0.0720753
0.0229729
1.34776
0.704212
0.455111
0.311735
0.281727
0.223952
0.148022
0.122728
0.0919906
0.0880187
0.109465
0.0489241
1.3509
0.68633
0.489182
0.332626
0.251392
0.227926
0.120423
0.0916692
0.0997993
0.108343
0.119684
0.0557342
1.1757
0.606256
0.408388
0.283777
0.239934
0.204437
0.158003
0.166689
0.117148
0.0734185
0.0992009
0.0345412
1.18739
0.61189
0.39983
0.263076
0.208141
0.216487
0.179972
0.135355
0.105826
0.0407893
0.0112696
0.00811089
1.2332
0.608331
0.377494
0.260455
0.250918
0.191304
0.154031
0.119592
0.0481327
0.0579814
0.0382003
0.0172543
1.23473
0.630716
0.385689
0.239381
0.226819
0.199845
0.176922
0.151375
0.0655051
0.0115679
0.0434632
0.00747707
1.48013
0.67617
0.43894
0.278027
0.236946
0.233238
0.211029
0.216482
0.0933338
0.000845291
0.0589558
0.0304105
1.21583
0.597248
0.453306
0.348006
0.284973
0.24424
0.170199
0.148256
0.101418
0.04355
0.058013
0.0420998
1.38897
0.664638
0.433852
0.339241
0.306244
0.266337
0.145021
0.105787
0.126327
0.0870955
0.0565378
0.0408735
1.1567
0.580853
0.366667
0.28777
0.250874
0.191874
0.13853
0.0960263
0.0605074
0.0287711
0.041101
0.0040966
1.67569
0.720013
0.481386
0.32731
0.387329
0.25415
0.102832
0.117976
0.127523
0.0927814
0.0274202
0.005688
1.80056
0.726544
0.484925
0.263352
0.363746
0.213294
0.0689961
0.218186
0.10735
0.0500876
0.00885504
-0.0258082
1.27982
0.651127
0.45507
0.375213
0.322349
0.224416
0.1477
0.13049
0.0764863
0.0257423
0.00157472
0.0044688
1.26823
0.649103
0.41921
0.306506
0.269482
0.233438
0.158316
0.0804205
0.0568119
0.0739103
0.0424952
0.0199322
1.42735
0.592653
0.45378
0.311211
0.365716
0.304768
0.0832623
0.0681055
0.108534
0.0673156
0.050371
0.0140531
1.42808
0.616511
0.391007
0.214528
0.336259
0.285254
0.0975394
0.169621
0.205124
0.0448638
0.0218266
0.00229583
1.2811
0.522557
0.363088
0.214284
0.293528
0.253494
0.125013
0.212384
0.164444
0.0721145
0.0565527
0.0241304
1.88018
0.245574
0.532545
-0.00820713
0.471752
0.273286
0.0597014
0.28589
0.269378
-0.0143641
0.0392544
0.0644686
1.31629
0.505625
0.396741
0.229814
0.21073
0.219523
0.123722
0.194239
0.211535
0.0443676
-0.00576126
0.0211733
1.27779
0.565087
0.379391
0.27734
0.308483
0.225178
0.156938
0.206175
0.137464
0.065568
0.0438623
0.0462208
1.34355
0.575039
0.484549
0.317477
0.208265
0.219081
0.175404
0.187208
0.200499
0.0962656
0.0232623
0.0517638
1.2257
0.634037
0.430176
0.314201
0.245487
0.219282
0.195816
0.163582
0.165803
0.0626618
0.056223
0.0517924
1.26287
0.672181
0.51271
0.355889
0.291401
0.250632
0.199784
0.153708
0.138945
0.126815
0.0705994
0.0646951
1.21649
0.646244
0.471261
0.36443
0.272111
0.206367
0.178855
0.143055
0.126481
0.114931
0.0854044
0.0599858
1.43437
0.675977
0.532224
0.396082
0.36909
0.334863
0.246636
0.189161
0.155868
0.086894
0.059712
0.0692764
1.24596
0.699122
0.511202
0.360682
0.277316
0.220053
0.171171
0.161353
0.150796
0.0928479
0.0537177
0.0529574
1.30504
0.698345
0.533604
0.376614
0.33872
0.32395
0.215495
0.164947
0.123737
0.0277954
0.0833082
0.0560396
1.16844
0.61192
0.419382
0.265172
0.233891
0.229452
0.162551
0.115381
0.121578
0.065786
0.0711215
0.0289186
1.32141
0.633811
0.479763
0.247924
0.199408
0.22816
0.163878
0.0947104
0.08049
0.101367
0.121349
0.0457369
1.2656
0.656984
0.442012
0.262138
0.242037
0.193936
0.128579
0.110486
0.0601506
0.0826094
0.07617
0.0358232
0.500379
-0.67554
0.268998
-0.352934
0.284038
0.367764
0.409129
-0.0611662
-0.0748878
0.0653707
0.106587
0.125635
0.463666
-0.714068
0.277177
-0.335475
0.286815
0.312075
0.445939
-0.0486379
-0.0775405
0.079743
0.107601
0.148821
0.187601
-0.705588
0.397465
-0.137839
0.332463
0.242771
0.373061
-0.0579729
0.00475312
0.141736
0.0878671
0.07007
0.213292
-0.720447
0.387525
-0.182775
0.190088
0.209082
0.433072
-0.0319942
0.042376
0.117138
0.0614031
0.0958658
0.374629
-0.614913
0.428721
-0.11529
0.223083
0.178603
0.399324
-0.0487368
-0.00697423
0.177482
0.0459277
0.00678401
0.725378
-0.566083
0.570702
-0.108366
0.180444
0.285784
0.308738
-0.0400604
-0.0177391
0.226678
0.0891734
-0.0168523
0.882106
-0.319914
0.635624
0.0467215
0.181432
0.295203
0.357318
0.0038818
0.0223054
0.208403
0.092725
-0.0224876
1.18835
-0.252861
0.582785
0.203445
0.12539
0.281422
0.4323
0.0178371
0.103138
0.135704
0.122398
0.0651286
1.49822
-0.175942
0.474286
0.148539
0.205045
0.194013
0.326035
0.0745879
0.147781
0.142152
0.129758
0.104861
1.52572
-0.0593397
0.363706
0.152691
0.24097
0.181023
0.248326
0.123259
0.191136
0.0861846
0.0986094
0.0821717
1.46058
0.0701666
0.294738
0.234794
0.192623
0.175285
0.208196
0.133198
0.219883
0.065955
0.0963309
0.0441534
1.92636
-0.189803
0.407548
0.0741333
0.351192
0.0844625
0.210685
0.157611
0.210208
0.133022
-0.00804975
0.131361
1.57853
0.268148
0.153074
0.235795
0.267608
0.105921
0.144545
0.183985
0.150094
0.0253857
0.0503312
0.0326069
1.62897
0.151594
0.163547
0.306643
0.279526
0.110187
0.18484
0.249617
0.158088
0.0192601
0.078252
0.0673146
1.68082
0.144008
0.107417
0.331207
0.296193
0.115883
0.194939
0.237985
0.135024
0.0732996
0.066009
0.0306178
1.9849
-0.0129848
0.179151
0.334989
0.341697
0.0644853
0.268656
0.209083
0.141418
0.0810073
0.0556362
0.0527745
1.56595
0.26073
0.201025
0.364441
0.257207
0.126131
0.114234
0.199368
0.150689
0.0416903
0.0811535
0.0511824
1.77121
0.109633
0.138741
0.346606
0.288241
0.122939
0.183184
0.197499
0.174825
0.0608464
0.0847656
0.0618676
1.87486
0.1013
0.19358
0.337425
0.251745
0.123924
0.160178
0.227633
0.157037
0.0471678
0.100241
0.0996745
1.876
0.110963
0.241998
0.281984
0.25754
0.113008
0.153176
0.238151
0.145749
0.0353766
0.0877679
0.0923361
1.74204
0.253642
0.17826
0.329903
0.299464
0.142512
0.181533
0.209409
0.0969598
0.0406197
0.0611192
0.0608323
1.90881
0.15763
0.240813
0.323926
0.270674
0.160288
0.219115
0.261965
0.131829
0.0161211
0.0356214
0.0640064
1.92655
0.159044
0.315891
0.352585
0.240503
0.159791
0.212657
0.245333
0.152987
-0.0272979
0.0286452
0.0926301
1.61469
0.327688
0.255675
0.354497
0.236946
0.163808
0.167853
0.212227
0.108558
-0.019072
0.0847035
0.0820282
1.58425
0.365714
0.282627
0.37868
0.272898
0.0773705
0.0617477
0.151267
0.0708044
-0.00557953
0.122332
0.0848523
2.03355
0.222964
0.338172
0.496488
0.198273
0.0163707
0.165658
0.118737
0.0796679
-0.0248119
0.116817
0.143458
1.9562
0.225555
0.335069
0.5197
0.202338
0.0145715
0.113193
0.129237
0.034088
-0.0674761
0.148101
0.177689
1.4653
0.405449
0.328967
0.467662
0.260751
0.027785
0.140789
0.190509
0.0399151
-0.0493665
0.118066
0.0821853
1.35438
0.372101
0.349204
0.443188
0.25363
0.0895516
0.19072
0.235286
0.0757445
-0.0529026
0.0543349
0.0554139
2.17238
0.0446189
0.43306
0.609639
0.126943
0.00432246
0.276671
0.173649
0.0394588
-0.0654677
0.0681947
0.119581
1.98293
0.238863
0.492488
0.526802
0.131113
0.06428
0.266459
0.209518
0.0369443
-0.0120989
0.0912044
0.068268
1.88334
0.260127
0.470597
0.556779
0.12718
0.0739889
0.258977
0.125947
0.0420536
-0.0197105
0.0975084
0.0694702
1.31418
0.494518
0.48091
0.406727
0.173899
0.12718
0.170618
0.105892
0.0340299
0.0657383
0.103309
0.010642
1.63995
0.439383
0.452222
0.53832
0.258794
0.119204
0.190915
0.0855227
-0.0114276
0.0772915
0.0684648
-0.005558
1.97878
0.248562
0.458216
0.563104
0.135762
0.0781894
0.231845
0.0830791
0.00141048
0.0657745
0.0848108
-0.00158174
1.28115
0.504876
0.429388
0.369597
0.185296
0.110419
0.140102
0.111961
0.0490507
0.0452567
0.057209
0.0337458
1.52933
0.496081
0.488313
0.463581
0.186692
0.0920307
0.16816
0.111993
0.0226969
0.086108
0.0949818
0.040871
1.50331
0.622989
0.42004
0.350559
0.208287
0.207965
0.252288
0.113946
-0.00116909
0.066349
0.0903643
0.0434908
1.3653
0.610747
0.470145
0.420142
0.280533
0.200486
0.160079
0.090439
0.0381341
0.0642287
0.059235
0.0226142
1.23824
0.636115
0.464563
0.363375
0.274111
0.208112
0.149967
0.12266
0.113105
0.0606231
-0.00398661
0.0141778
1.57109
0.691107
0.510116
0.4264
0.279568
0.202924
0.179639
0.130687
0.125635
0.0759835
0.0267043
0.0238855
1.41626
0.610656
0.448956
0.503555
0.362841
0.19354
0.172593
0.182578
0.161429
0.0601219
0.0460905
0.0515917
1.29213
0.593672
0.454437
0.452022
0.302287
0.162938
0.170838
0.157646
0.103297
0.0775317
0.0929331
0.0545672
1.77292
0.542255
0.449233
0.588133
0.405608
0.0877911
0.202938
0.249051
0.142232
0.0491108
0.0568259
0.092642
1.21981
0.590422
0.434642
0.37862
0.257808
0.163456
0.16053
0.183829
0.148072
0.0663698
0.0594664
0.0478624
1.40295
0.587785
0.394478
0.408215
0.273909
0.14722
0.159969
0.170615
0.112322
0.0704187
0.105956
0.0692315
1.35824
0.594602
0.446048
0.429572
0.297432
0.151009
0.164428
0.22537
0.162717
0.070015
0.100485
0.0806501
1.21195
0.577688
0.457629
0.412481
0.265362
0.142611
0.162887
0.195287
0.154458
0.0900456
0.113928
0.0745253
1.15897
0.582705
0.395602
0.305466
0.235185
0.177631
0.153004
0.151845
0.128928
0.112689
0.0921131
0.0559218
1.27547
0.717909
0.461873
0.319026
0.263345
0.219665
0.186771
0.12501
0.119329
0.142234
0.121728
0.0802349
1.28228
0.653071
0.461412
0.371677
0.258237
0.165292
0.158054
0.173028
0.144826
0.0819306
0.0683011
0.0574781
1.20578
0.601031
0.435997
0.355137
0.231059
0.146807
0.154354
0.173497
0.125646
0.0623927
0.0873077
0.0454137
1.29298
0.621591
0.469552
0.420249
0.290989
0.145297
0.133778
0.174756
0.12718
0.0337198
0.0554424
0.04802
1.22982
0.553077
0.435591
0.431631
0.309039
0.185267
0.167008
0.174538
0.105035
0.0155728
0.0394537
0.0460434
1.42729
0.654812
0.541406
0.518398
0.348063
0.140412
0.191458
0.196465
0.065955
-0.00996213
0.115569
0.0726303
1.21648
0.620836
0.41182
0.30759
0.274407
0.21927
0.149163
0.11555
0.141652
0.146592
0.0915967
0.0621261
1.23101
0.637602
0.440667
0.358579
0.278634
0.196823
0.186879
0.169509
0.115139
0.0897316
0.0884744
0.0629084
0.324943
-0.365678
0.111333
-0.418639
0.0667809
0.162202
-0.0293381
0.147026
0.189789
0.0119237
0.289302
0.047478
0.287425
-0.386031
0.319743
-0.441709
0.169738
0.144716
-0.0259441
0.193395
0.178827
0.0820035
0.213548
0.0280399
0.467669
-0.291593
0.458268
-0.33327
0.216248
0.151889
0.00326629
0.168869
0.154575
0.0331992
0.143818
0.00239377
0.472358
-0.214234
0.593563
-0.25414
0.29997
0.225482
0.0876822
0.250044
0.158589
-0.00110089
0.0740746
-0.00497855
0.71001
-0.1079
0.706797
-0.146303
0.375171
0.181437
0.0332091
0.225264
0.0914959
0.0215458
0.0200514
0.0214852
0.892722
-0.0153045
0.582125
0.0103641
0.414038
0.239212
0.15131
0.160818
0.10864
0.0828149
-0.00503803
0.0219119
1.12793
0.0762948
0.578898
-0.022701
0.47232
0.243731
0.103536
0.205019
0.116241
0.0956185
0.00453521
-0.00891461
1.46106
0.110511
0.352467
0.1533
0.398042
0.223234
0.0983716
0.149917
0.268283
0.00204425
0.0840144
0.0844903
1.45766
0.314457
0.349743
0.197185
0.367598
0.21933
0.0417218
0.139681
0.201424
-0.0126916
0.0947054
0.0487155
1.43753
0.38746
0.32082
0.254592
0.252142
0.159625
0.0773052
0.159093
0.208649
0.0104975
0.0774981
0.0349679
1.68367
0.368465
0.361594
0.173678
0.312681
0.128719
0.0527792
0.171689
0.205508
-0.0295416
0.151785
0.125531
1.58055
0.509153
0.349317
0.211202
0.278909
0.098642
0.0872434
0.170413
0.133052
0.0385997
0.167405
0.0901311
1.72489
0.642863
0.370435
0.134575
0.306415
0.110176
0.059178
0.162514
0.158561
-0.034232
0.153514
0.0950949
1.52114
0.594144
0.407013
0.21345
0.212789
0.139894
0.0769567
0.160143
0.0845875
0.0676759
0.175264
0.0776746
1.61182
0.638353
0.470034
0.242463
0.163805
0.162214
0.082839
0.108864
0.141163
0.00403803
0.182238
0.110885
1.26025
0.563718
0.440112
0.318394
0.201841
0.0882231
0.0715747
0.140605
0.132832
0.0571956
0.13905
0.0462343
1.28292
0.546352
0.472021
0.367447
0.192496
0.105751
0.102927
0.169401
0.122812
-0.00372657
0.162138
0.0593373
1.39257
0.563761
0.666002
0.334683
0.179664
0.0917751
0.118135
0.224225
0.0857168
-0.0331172
0.171228
0.0730245
1.47719
0.545793
0.759895
0.31394
0.145191
0.169539
0.0975745
0.291106
0.16486
-0.193446
0.212883
0.131449
1.21091
0.55831
0.47017
0.246968
0.271237
0.267495
0.0912513
0.210778
0.14746
-0.0148641
0.111281
0.0338771
1.19848
0.615364
0.560461
0.266935
0.234788
0.263508
0.116894
0.186931
0.117529
-0.0208956
0.08838
0.0268221
1.34141
0.650886
0.58034
0.35578
0.287878
0.181755
0.121873
0.235478
0.0717667
-0.0341445
0.131538
0.0448821
1.43371
0.597933
0.5133
0.440404
0.271883
0.147727
0.0984828
0.13946
0.0828042
-0.000485077
0.111508
0.0572111
1.91123
0.551941
0.57433
0.469874
0.140082
0.152358
0.225995
0.202912
0.052695
-0.219777
0.123889
0.179998
1.37164
0.559541
0.448234
0.414442
0.242596
0.152577
0.21239
0.232617
0.0686039
-0.0631188
0.116212
0.0742518
1.34143
0.571026
0.431433
0.404677
0.255357
0.095902
0.143824
0.229395
0.0817273
-0.0255774
0.126173
0.0741543
1.37082
0.537311
0.397282
0.420319
0.28754
0.164118
0.205095
0.265505
0.0932591
-0.0591127
0.106349
0.0836018
1.92614
0.361032
0.410491
0.510077
0.335086
0.142809
0.197725
0.318162
0.0707896
-0.169549
0.0997647
0.222537
1.25623
0.49995
0.396203
0.465476
0.301654
0.110332
0.179004
0.254847
0.0779254
-0.0365616
0.13425
0.0840038
1.16202
0.49566
0.411384
0.376488
0.225349
0.117473
0.181799
0.232516
0.108922
0.00875974
0.105532
0.0516295
1.97555
0.302305
0.417707
0.611375
0.395305
0.117676
0.133617
0.242144
0.0196885
-0.139867
0.114662
0.212089
1.86967
0.402007
0.47283
0.645929
0.397476
0.0648919
0.0631208
0.168648
0.00830939
-0.129106
0.139221
0.182628
1.51053
0.526087
0.42978
0.535667
0.332279
0.0610546
0.111023
0.249959
0.0798859
-0.112573
0.130651
0.120508
1.20499
0.554182
0.417833
0.391113
0.264192
0.131603
0.13021
0.156241
0.0893814
0.0390437
0.1042
0.0340899
1.27301
0.574245
0.422313
0.427463
0.308743
0.137688
0.154445
0.188545
0.0649954
0.000185876
0.120633
0.0475266
2.23554
0.267168
0.614426
0.574692
0.391575
0.122381
0.157016
0.251661
-0.0330961
-0.154443
0.11658
0.19035
1.31301
0.57636
0.419014
0.415961
0.314187
0.180949
0.169134
0.194894
0.090136
0.00167045
0.0939172
0.043078
1.27885
0.520424
0.418689
0.466829
0.327036
0.187034
0.243552
0.272378
0.0801489
-0.0817567
0.0576134
0.0603766
1.12655
0.583565
0.41098
0.296929
0.222886
0.160865
0.125821
0.124583
0.0730275
0.0287943
0.0556054
0.0192887
1.30556
0.605049
0.478596
0.430867
0.309398
0.209292
0.220966
0.215423
0.0831572
0.0209085
0.0884862
0.0626743
1.31374
0.612051
0.468021
0.425013
0.320792
0.217374
0.182249
0.179212
0.136682
0.0824142
0.0695332
0.0631139
1.2786
0.656507
0.466163
0.404574
0.332746
0.215119
0.154745
0.161756
0.119118
0.0730437
0.074891
0.0567348
1.95242
0.605716
0.641654
0.541725
0.377231
0.261177
0.217752
0.187644
0.103495
-0.0695064
0.0739826
0.107599
1.19414
0.623465
0.453952
0.360406
0.274761
0.209223
0.194522
0.162818
0.091733
0.0526918
0.0699063
0.0432189
1.53931
0.702242
0.587019
0.587271
0.330803
0.21939
0.27301
0.259531
0.151478
0.029145
0.0823231
0.0794389
1.16806
0.616845
0.421848
0.343307
0.288207
0.229
0.186779
0.177335
0.145299
0.0902102
0.0703136
0.0515854
1.38637
0.725408
0.544448
0.442421
0.33326
0.236044
0.187284
0.180055
0.144594
0.0854156
0.0910974
0.0677574
1.20291
0.649583
0.480158
0.370446
0.286268
0.246252
0.214461
0.152003
0.101846
0.0899422
0.0806241
0.0575158
1.21869
0.684539
0.494157
0.351661
0.272969
0.214184
0.185025
0.137458
0.0811543
0.0746806
0.0768738
0.0474264
1.16879
0.65244
0.468084
0.333089
0.252159
0.193253
0.152551
0.12897
0.0948923
0.0710278
0.0833123
0.0435454
1.24089
0.669215
0.485436
0.374316
0.281657
0.207417
0.175089
0.174139
0.119802
0.0938704
0.110369
0.0661176
1.22524
0.697275
0.502353
0.376798
0.282495
0.224843
0.179274
0.146815
0.115517
0.102659
0.1042
0.0658105
1.17757
0.642295
0.478123
0.3562
0.26556
0.224681
0.201255
0.165987
0.110469
0.0738739
0.0722739
0.0577428
1.15203
0.608652
0.441243
0.338339
0.285015
0.234757
0.212701
0.172286
0.117059
0.0799202
0.0560142
0.0564339
1.17855
0.614951
0.453343
0.354647
0.280464
0.220999
0.183631
0.142135
0.088911
0.0520028
0.052093
0.0374268
1.55111
0.780787
0.542446
0.350498
0.338169
0.294253
0.280553
0.218643
0.121354
0.0118437
0.035592
0.0354269
1.2194
0.665921
0.467542
0.340533
0.279068
0.242318
0.19434
0.140396
0.104596
0.0691149
0.0639266
0.0487234
1.24927
0.628705
0.437433
0.360596
0.290437
0.261
0.204776
0.14079
0.112394
0.0782071
0.101831
0.0639968
1.12621
0.57545
0.395002
0.303845
0.247924
0.227556
0.180206
0.136427
0.135568
0.111827
0.106051
0.0476904
2.02484
0.489296
0.827859
0.275718
0.42885
0.215159
0.270934
0.206902
0.142035
0.0558398
0.0487405
0.122189
1.12143
0.59263
0.409829
0.324593
0.262009
0.212699
0.191691
0.15743
0.120717
0.0873207
0.0822982
0.048189
1.32152
0.657473
0.523481
0.422308
0.348016
0.279395
0.252956
0.190605
0.164403
0.0961662
0.0675167
0.0759697
1.08288
0.5681
0.410242
0.30139
0.241437
0.223102
0.20794
0.142496
0.10663
0.0737036
0.0634022
0.049749
1.48734
0.697469
0.560248
0.382817
0.337479
0.281524
0.206955
0.173946
0.0841727
0.059283
0.0818195
0.058126
1.27146
0.629173
0.475572
0.381854
0.307782
0.230856
0.194828
0.143309
0.0927618
0.127698
0.105849
0.0649516
1.08682
0.56356
0.38798
0.310446
0.250755
0.195121
0.166314
0.163169
0.128549
0.106121
0.101182
0.0449953
1.16492
0.635827
0.452679
0.365535
0.284112
0.254238
0.248569
0.183862
0.153737
0.147269
0.0819774
0.0786977
1.44369
0.760763
0.598254
0.39753
0.398721
0.295565
0.225233
0.200597
0.177445
0.133247
0.0823277
0.0840846
1.21133
0.664354
0.466406
0.370995
0.301999
0.242342
0.216799
0.180214
0.144861
0.116975
0.107501
0.0795814
1.10746
0.581338
0.405851
0.314381
0.242459
0.215913
0.177017
0.140408
0.132405
0.109076
0.0835047
0.0531201
1.19001
0.676391
0.470858
0.355419
0.313147
0.266773
0.23481
0.167457
0.117765
0.108981
0.081583
0.0706721
1.72196
0.721305
0.718239
0.341281
0.365234
0.269091
0.357315
0.173737
0.143706
0.0746512
0.045793
0.0676997
1.14208
0.608381
0.433723
0.301971
0.246576
0.209212
0.203859
0.18165
0.147702
0.0942178
0.0344147
0.0639199
1.36318
0.798692
0.548128
0.217832
0.321544
0.266211
0.240562
0.244673
0.167197
0.124144
0.0729636
0.0742875
1.48402
0.768666
0.589499
0.165532
0.235505
0.200461
0.31782
0.265156
0.23731
0.166609
0.0861037
0.0800759
1.19869
0.639026
0.441166
0.253217
0.228019
0.217641
0.21938
0.189637
0.142706
0.123159
0.0867553
0.0740064
0.362762
-0.696558
0.630092
-0.339233
0.000978629
0.244513
-0.142137
0.0356066
0.292519
0.0406972
-0.0505842
-0.0651585
0.369424
-0.773061
0.674072
-0.347165
0.00288309
0.278329
-0.132594
0.0808798
0.299895
0.039024
-0.0581973
-0.02
0.386746
-0.815461
0.675917
-0.348903
-0.00762305
0.281675
-0.123247
0.114535
0.311074
0.0425357
-0.0418516
-0.00762458
0.106525
-0.85974
0.600843
-0.22819
0.0335485
0.374778
-0.0578299
0.194193
0.335941
0.0274858
-0.03853
0.0339966
0.614209
-0.384788
0.721375
-0.0500532
-0.0404074
0.327436
0.0335156
0.14466
0.261825
0.00103514
-0.0935459
0.0640779
0.868553
-0.324623
0.732844
-0.043694
0.13177
0.360774
0.0617019
0.208586
0.346631
0.0773535
-0.0696457
0.00632621
1.25095
-0.329769
0.59616
0.0874825
0.0886733
0.273745
0.171179
0.270625
0.335331
0.00293102
-0.0934725
0.0457277
1.41615
-0.173366
0.384591
0.198384
0.0638283
0.18165
0.277221
0.259312
0.291598
-0.0335947
-0.0725468
0.0597156
1.43537
-0.059352
0.188491
0.233493
0.114097
0.193555
0.246599
0.300176
0.335336
-0.150036
-0.0125791
0.105439
1.83487
-0.28698
0.174317
0.161939
0.154141
0.20222
0.307402
0.311454
0.327106
-0.0988185
-0.0471044
0.165875
1.89305
-0.185369
0.16957
0.186861
0.155289
0.230373
0.234262
0.35399
0.270888
-0.0832112
-0.00548341
0.129438
1.53402
0.0356281
0.105914
0.228239
0.181121
0.224994
0.249197
0.300681
0.243769
-0.0559865
0.0396544
0.0661268
1.79367
-0.0104403
0.0827343
0.169188
0.212674
0.241175
0.23704
0.328352
0.26436
-0.056625
0.026284
0.101204
2.14158
-0.16925
0.244642
0.0790577
0.206098
0.337964
0.152928
0.31524
0.262078
-0.0282313
0.0397018
0.108274
1.92625
0.0078792
0.168972
0.0775216
0.203089
0.361133
0.153419
0.324172
0.252088
-0.0591689
0.0226772
0.0951475
1.74317
0.167776
0.142372
0.0967138
0.242212
0.328626
0.164707
0.336627
0.242131
-0.0550717
0.00919932
0.0485122
2.00266
-0.0227038
0.243994
0.0815251
0.231218
0.346761
0.159537
0.310937
0.264757
-0.0614198
-0.00816731
0.0880565
2.00972
0.0237734
0.243816
0.158797
0.197297
0.278108
0.216273
0.333505
0.249004
-0.106236
-0.0417737
0.112675
1.73971
0.234632
0.141003
0.225365
0.254006
0.19253
0.248878
0.340454
0.20311
-0.0917416
-0.0280043
0.0632999
1.87732
0.237987
0.138885
0.251337
0.192312
0.199312
0.202027
0.260695
0.187382
-0.11242
-0.0226792
0.0891898
2.0387
0.132172
0.233211
0.241396
0.177418
0.177906
0.214187
0.17002
0.205461
-0.042976
-0.00201244
0.108591
2.17844
0.0217192
0.290711
0.267242
0.189145
0.191902
0.170399
0.226821
0.179547
-0.0554438
-0.00685187
0.120358
1.52858
0.347635
0.258343
0.337755
0.242931
0.117577
0.125466
0.155377
0.119548
-0.00657257
0.0884081
0.0511487
1.71351
0.336944
0.243997
0.343772
0.221033
0.193975
0.147221
0.184826
0.149214
-0.129677
0.0216025
0.0809965
1.60682
0.400594
0.256377
0.338632
0.219933
0.134126
0.1899
0.241656
0.0983604
-0.139419
0.0253694
0.0635118
1.48953
0.461424
0.260822
0.330873
0.255144
0.121569
0.178165
0.218625
0.0923702
-0.0494661
0.0181318
0.0297632
1.44548
0.458276
0.277907
0.33147
0.260526
0.158798
0.189756
0.223052
0.07227
-0.0778417
0.0528204
0.0493809
1.58061
0.468416
0.2788
0.355659
0.279043
0.118217
0.111207
0.24635
0.116334
-0.110324
0.061643
0.0794901
1.45522
0.396589
0.319636
0.376018
0.276836
0.199071
0.222335
0.24265
0.100317
-0.0372773
0.03238
0.0511956
1.33611
0.479686
0.344001
0.382291
0.288033
0.16612
0.156865
0.205812
0.115539
-0.0457061
0.0416987
0.0359349
1.33249
0.513061
0.381891
0.360681
0.273359
0.21403
0.183868
0.189942
0.100487
-0.0155817
0.0654177
0.0369004
1.28652
0.611513
0.376836
0.294669
0.245352
0.161517
0.138702
0.190529
0.155381
0.0340794
0.0474606
0.0135077
1.51489
0.595302
0.420814
0.451648
0.310321
0.101727
0.102963
0.225264
0.154712
-0.00560257
0.0586147
0.0567751
1.32481
0.577705
0.386719
0.377628
0.294712
0.188784
0.136645
0.151475
0.109422
0.0290401
0.0554614
0.0278471
1.42201
0.567274
0.449536
0.441918
0.279797
0.141327
0.151559
0.190367
0.0991785
-0.0348045
0.0841106
0.0529676
1.16789
0.589441
0.372769
0.264261
0.232346
0.198857
0.144678
0.137975
0.118874
0.0532578
0.0324345
0.00984855
1.36219
0.603137
0.432636
0.398368
0.317206
0.184952
0.129921
0.174397
0.14816
0.0284969
0.0275125
0.0274246
1.56384
0.608573
0.46973
0.435826
0.326457
0.281672
0.18781
0.200273
0.155125
-0.0314631
0.0831507
0.0751881
1.38134
0.638968
0.477484
0.404389
0.294154
0.177529
0.166004
0.207324
0.131467
0.0415871
0.11264
0.0684534
1.1603
0.592167
0.410237
0.30721
0.230395
0.190183
0.17705
0.14379
0.100408
0.0850078
0.0899006
0.0390237
1.24976
0.620381
0.439825
0.354066
0.269564
0.197764
0.148425
0.149118
0.125709
0.0579649
0.0634291
0.0451393
1.75901
0.596893
0.510176
0.421375
0.250818
0.167248
0.172463
0.228208
0.178653
-0.132473
0.0732036
0.11381
1.21436
0.572456
0.392792
0.304403
0.205917
0.174694
0.176815
0.143669
0.121842
0.10638
0.0956633
0.049831
1.40261
0.635377
0.399797
0.33375
0.25328
0.200535
0.16929
0.156678
0.156033
0.0824459
0.0757377
0.0572137
1.1836
0.616094
0.416098
0.321516
0.292736
0.263372
0.205267
0.169398
0.127542
0.058207
0.0239463
0.0485508
1.43063
0.688813
0.499305
0.452779
0.362452
0.300978
0.207784
0.152362
0.126607
0.0652207
0.0874687
0.0669452
1.23967
0.643302
0.493218
0.405552
0.304671
0.218221
0.170277
0.149851
0.129495
0.104982
0.110066
0.0701431
1.4514
0.710809
0.570451
0.436876
0.346782
0.278022
0.194256
0.167591
0.148567
0.0774644
0.0905518
0.0725566
1.7007
0.647804
0.59648
0.445738
0.388018
0.215326
0.110292
0.169249
0.18387
0.0267811
0.124618
0.113621
1.22318
0.647849
0.501336
0.368624
0.251125
0.20505
0.189486
0.175536
0.145566
0.104569
0.123684
0.08161
1.40124
0.717553
0.57082
0.388373
0.342468
0.217998
0.123535
0.136484
0.181278
0.0796884
0.11175
0.0839741
1.30571
0.720554
0.549645
0.391988
0.271221
0.18124
0.151654
0.183816
0.142472
0.114606
0.107596
0.0848873
1.42503
0.767799
0.584967
0.426864
0.283816
0.231386
0.202478
0.167283
0.148191
0.125384
0.0559546
0.0642685
1.28885
0.734961
0.522617
0.370582
0.313685
0.259329
0.222345
0.180653
0.129581
0.0595771
0.0240764
0.0415658
1.61113
0.786811
0.573416
0.361459
0.286089
0.273433
0.23556
0.146383
0.163153
0.0559065
0.0212557
0.0249246
1.22271
0.676607
0.476978
0.326215
0.265833
0.229473
0.179597
0.14632
0.118218
0.0584097
0.0360661
0.0266659
1.26767
0.681081
0.5142
0.378875
0.288506
0.235785
0.222587
0.140193
0.0902053
0.0679003
0.0472059
0.0343304
1.33975
0.623248
0.45292
0.308499
0.284006
0.287107
0.221755
0.138671
0.190281
0.0656611
0.0699214
0.0592405
1.27698
0.683281
0.484732
0.304738
0.268611
0.210302
0.148407
0.112
0.110638
0.0962407
0.0888904
0.0479892
1.18536
0.629939
0.414686
0.326299
0.290646
0.202613
0.150342
0.152146
0.146711
0.0934009
0.10955
0.0522863
1.13824
0.600594
0.438705
0.317387
0.261705
0.198617
0.17234
0.176816
0.115442
0.0858461
0.0714303
0.0473906
1.3994
0.788951
0.570615
0.354506
0.320811
0.226663
0.163674
0.17493
0.159353
0.115927
0.0792216
0.0699013
1.20083
0.610556
0.431885
0.355307
0.306587
0.244399
0.207501
0.179368
0.127779
0.114139
0.104698
0.070494
1.19461
0.660409
0.479372
0.358955
0.262476
0.189985
0.161767
0.15892
0.123727
0.121571
0.116423
0.0661824
1.19099
0.67424
0.471297
0.33291
0.305232
0.245036
0.197967
0.1541
0.112151
0.102393
0.10123
0.0594379
1.51183
0.81167
0.58069
0.3515
0.293783
0.213961
0.244862
0.175522
0.136145
0.101567
0.08663
0.0646704
-0.051929
-0.612164
0.546937
-0.554109
0.231342
0.139081
-0.0807156
0.314127
0.132098
-0.107017
-0.0457035
-0.010772
0.101067
-0.791862
0.701611
-0.605466
0.246558
0.158053
-0.0811354
0.3071
0.101913
-0.0648267
-0.0794655
-0.0576486
-0.00776056
-0.770941
0.692777
-0.56165
0.281785
0.241368
-0.0219263
0.262506
0.0695291
-0.0642247
-0.0378209
0.00835146
0.276945
-0.594334
0.771824
-0.328078
0.18736
0.34184
-0.0336455
0.17853
0.109935
-0.0991498
0.0168896
0.0672983
0.179316
-0.157516
0.76439
-0.0926862
0.194341
0.449867
0.104907
0.184608
0.257873
0.0268631
-0.0168893
0.0607513
0.717095
-0.24928
0.820771
-0.0182118
0.160163
0.403778
0.138311
0.273467
0.301049
0.0153351
-0.0672947
0.0689786
0.976338
-0.161354
0.77202
0.083267
0.156442
0.33139
0.135269
0.347505
0.335656
-0.0189337
-0.137657
0.0886251
1.02728
0.110684
0.532907
0.135228
0.203747
0.268098
0.0815757
0.250835
0.327166
-0.0168189
-0.129121
0.0617344
1.12445
0.108971
0.569236
0.148911
0.236101
0.162795
0.177873
0.468306
0.303267
-0.0916312
-0.0937082
0.0592816
1.35403
0.0452831
0.603625
0.108864
0.265622
0.17292
0.19576
0.486965
0.329278
-0.136901
-0.0735059
0.0830767
1.21898
0.369462
0.422231
0.185706
0.259792
0.222608
0.14115
0.390795
0.285293
-0.113415
-0.0201944
0.0323609
1.18768
0.382824
0.377236
0.221167
0.253292
0.288301
0.118043
0.318069
0.253343
-0.122639
0.0185986
0.0473732
1.35668
0.367899
0.568475
0.208465
0.228006
0.291439
0.187843
0.399865
0.307604
-0.170526
-0.0226445
0.0797568
1.59244
0.293515
0.699975
0.154335
0.264255
0.289396
0.154254
0.398191
0.288468
-0.166842
0.0266055
0.109234
1.30842
0.549851
0.510667
0.231813
0.241492
0.284183
0.126352
0.307258
0.248437
-0.108083
0.0506598
0.0477387
1.39481
0.495887
0.467574
0.26915
0.251843
0.232606
0.167497
0.265139
0.185473
-0.0430878
0.0475375
0.0495539
1.52899
0.482668
0.484392
0.252738
0.220719
0.245013
0.230871
0.32525
0.220579
-0.0841644
0.0290936
0.0608147
1.4222
0.537389
0.430374
0.263319
0.178588
0.192142
0.225727
0.272453
0.182564
0.0266265
0.0132166
0.0247286
1.83587
0.449858
0.503609
0.190408
0.245705
0.202973
0.227552
0.394669
0.213741
-0.161044
0.0254366
0.0937065
1.39577
0.618488
0.40786
0.225972
0.216136
0.244084
0.199788
0.243901
0.167241
-0.0227005
0.0576434
0.0346444
1.35527
0.584369
0.379205
0.249415
0.262999
0.222693
0.151295
0.208358
0.126712
0.00290669
0.0787175
0.0423483
1.41791
0.69747
0.496166
0.231175
0.115449
0.181561
0.24773
0.258735
0.140649
0.00244405
0.0911915
0.0252073
1.35879
0.641508
0.420361
0.268001
0.225495
0.175793
0.127845
0.171646
0.135649
0.037506
0.104978
0.0489591
1.30552
0.646602
0.401924
0.265495
0.220825
0.181563
0.171927
0.209642
0.110669
0.00166754
0.0827234
0.0315263
1.35204
0.624295
0.382738
0.288052
0.241157
0.223208
0.185602
0.196056
0.143078
0.020077
0.066563
0.035991
1.4464
0.59348
0.40548
0.340507
0.274896
0.174984
0.178423
0.273208
0.142541
-0.0584837
0.0915079
0.0613734
1.30686
0.632783
0.390808
0.284721
0.247402
0.174676
0.153183
0.199868
0.140325
0.0365669
0.0702419
0.0265746
1.31234
0.658459
0.424888
0.329711
0.241217
0.111428
0.148223
0.215026
0.11556
0.0183182
0.095366
0.0389558
1.30377
0.686264
0.479531
0.353849
0.253209
0.099533
0.0997185
0.160378
0.0535792
-0.0112762
0.10179
0.0253926
1.34514
0.690537
0.474525
0.372449
0.282609
0.163318
0.111824
0.145014
0.0618921
-0.02151
0.0790084
0.0179964
1.33584
0.67111
0.567344
0.42797
0.273278
0.123531
0.090054
0.203715
0.0984136
-0.0656612
0.0937693
0.0377379
1.2647
0.636248
0.467099
0.387271
0.286111
0.116528
0.0726715
0.174062
0.109954
0.0286812
0.121106
0.043231
1.21775
0.617178
0.487551
0.442272
0.312544
0.148515
0.152481
0.202157
0.0900062
0.0192063
0.109134
0.0454015
1.29684
0.675153
0.527843
0.435256
0.317598
0.14669
0.122281
0.214045
0.125282
0.00799496
0.112228
0.0525067
1.25126
0.641053
0.496923
0.459896
0.312514
0.190008
0.18093
0.191236
0.129322
0.0349174
0.0650472
0.0435658
1.26404
0.639658
0.485781
0.417553
0.311703
0.206171
0.170531
0.195136
0.156299
0.0311174
0.0447631
0.0371092
1.19081
0.630774
0.453087
0.342142
0.292994
0.228901
0.190777
0.180347
0.107735
0.056051
0.075242
0.0359573
1.25011
0.665361
0.464884
0.36302
0.274533
0.201907
0.170034
0.154621
0.098033
0.0730672
0.0696607
0.0342835
1.54509
0.697221
0.646599
0.464786
0.340263
0.283193
0.189233
0.246957
0.166128
-0.0517883
0.0856441
0.0689967
1.1175
0.603497
0.417348
0.312693
0.251827
0.187987
0.144609
0.126538
0.096818
0.0585893
0.0408689
0.0197117
1.44991
0.720509
0.637325
0.481455
0.342871
0.254509
0.227929
0.225396
0.154018
-0.00353578
0.06374
0.0512529
1.33441
0.70384
0.521554
0.39222
0.324923
0.245809
0.179334
0.182024
0.130435
0.0420826
0.0567281
0.0408667
1.32275
0.73476
0.553778
0.409032
0.294897
0.224085
0.165616
0.138125
0.0885202
0.0494915
0.0697404
0.0326822
1.11813
0.587132
0.382286
0.293795
0.234636
0.17985
0.140792
0.112313
0.0818083
0.0536931
0.0534095
0.0206309
1.82512
0.810654
0.683436
0.459563
0.269165
0.216597
0.171023
0.190091
0.152472
-0.145989
0.108257
0.093979
1.33327
0.736154
0.584046
0.375653
0.295831
0.241101
0.194912
0.177495
0.132103
0.0585731
0.103208
0.0561294
1.2022
0.637471
0.435842
0.377431
0.311002
0.231748
0.214795
0.165452
0.12935
0.102445
0.0489212
0.0453219
1.27721
0.686346
0.481651
0.366792
0.286506
0.259227
0.222733
0.191964
0.133612
0.0674197
0.0508418
0.0536931
1.24219
0.665426
0.482114
0.33383
0.295883
0.260326
0.201427
0.184513
0.160629
0.0868876
0.0472093
0.0541714
1.86002
0.74696
0.662949
0.372179
0.400527
0.287226
0.266287
0.270492
0.299032
-0.0723005
0.0566567
0.098619
1.33604
0.757007
0.539342
0.400826
0.354012
0.29151
0.25533
0.174767
0.102942
0.0937856
0.100471
0.0722516
1.14846
0.615183
0.435267
0.309896
0.260171
0.216983
0.158838
0.152578
0.141624
0.0897323
0.0486744
0.0457312
1.10515
0.572954
0.392036
0.279562
0.226384
0.183861
0.163416
0.142187
0.120419
0.0938166
0.0692924
0.0449707
1.50389
0.751953
0.556904
0.355886
0.374821
0.271374
0.116172
0.191497
0.212634
0.045547
0.0474472
0.0424466
1.43066
0.73766
0.580857
0.430013
0.341585
0.259263
0.143942
0.156049
0.173856
0.0640514
0.0403341
0.0458757
1.34276
0.725021
0.548545
0.38506
0.318679
0.251096
0.165395
0.151106
0.156121
0.0616374
0.0776905
0.0565342
1.14961
0.612687
0.451498
0.288545
0.250326
0.243206
0.146784
0.11905
0.108344
0.0834697
0.0706141
0.0288705
1.39056
0.693036
0.613047
0.348338
0.360349
0.338492
0.158591
0.151655
0.188294
0.034003
0.0813321
0.0630067
1.15524
0.596624
0.477295
0.319743
0.262895
0.234016
0.178042
0.175475
0.149963
0.0875282
0.0786723
0.0455016
1.25805
0.698289
0.525496
0.343356
0.238721
0.220854
0.180934
0.12807
0.175258
0.124166
0.0855302
0.0603827
1.20863
0.6869
0.481788
0.320115
0.291261
0.232108
0.205468
0.155828
0.156148
0.105156
0.0988562
0.0661754
1.14198
0.597024
0.417804
0.334242
0.242948
0.188219
0.16626
0.151431
0.14779
0.114606
0.0903241
0.0471334
1.15671
0.609086
0.433299
0.300612
0.26367
0.204973
0.166773
0.119176
0.136399
0.124577
0.120913
0.0518792
1.19139
0.666034
0.48236
0.351753
0.291012
0.225891
0.188034
0.145263
0.13863
0.103525
0.0864728
0.0619723
1.14885
0.610918
0.392751
0.306379
0.275924
0.206615
0.186199
0.146387
0.116286
0.144706
0.0912066
0.055596
1.11828
0.584033
0.40679
0.30318
0.264864
0.217478
0.182895
0.147472
0.121372
0.107701
0.127315
0.0579967
1.44199
0.75458
0.586132
0.354976
0.283587
0.203299
0.152608
0.155565
0.145429
0.155014
0.130881
0.094418
1.20608
0.663455
0.507082
0.335776
0.261205
0.181914
0.180279
0.160655
0.154514
0.145734
0.13823
0.0782863
1.11439
0.582448
0.453083
0.356701
0.235126
0.19855
0.153567
0.183035
0.182831
0.150225
0.123649
0.0656481
1.20421
0.628213
0.445341
0.292728
0.262426
0.197413
0.131837
0.127336
0.115475
0.115045
0.135251
0.0539903
1.33098
0.705434
0.531415
0.329515
0.306925
0.164391
0.120791
0.0703536
0.142286
0.106864
0.137571
0.0805406
1.6481
0.56128
0.743055
0.15011
0.355817
0.0895379
0.144466
0.0225287
0.146499
0.0194728
0.138506
0.197192
1.57055
0.58397
0.621405
0.128847
0.357192
0.0791025
0.0850881
0.00670101
0.102093
0.0266812
0.183663
0.166681
1.33233
0.565021
0.45882
0.174133
0.245682
0.152062
0.0919349
0.10306
0.146348
0.152838
0.165593
0.0885203
-0.190574
-0.630982
0.727399
-0.365996
-0.0165477
0.392664
0.0898284
0.066745
0.288673
-0.0829581
-0.175065
0.0295515
-0.252052
-0.669036
0.613374
-0.276646
-0.0136723
0.449517
0.161176
0.0537479
0.261203
-0.125025
-0.160731
0.0945228
-0.187633
-0.826423
0.516662
-0.251336
0.0846674
0.473842
0.112747
0.02425
0.284132
-0.038233
-0.135655
0.1003
-0.165342
-0.809519
0.533845
-0.215384
0.095662
0.434979
0.121136
-0.00800617
0.281312
-0.0314023
-0.138737
0.111241
-0.0432847
-0.843049
0.433999
-0.133212
0.118315
0.398683
0.182526
-0.0217242
0.291609
-0.048027
-0.160135
0.138192
0.0879283
-0.828621
0.403503
-0.0951457
0.107966
0.333924
0.221275
0.00532147
0.281325
0.00269212
-0.145121
0.143453
0.227491
-0.787857
0.463157
-0.0221135
0.0740039
0.237707
0.324572
0.0351444
0.315669
-0.0430853
-0.197441
0.11268
0.246876
-0.769772
0.382542
0.0298446
0.0822798
0.196034
0.327247
0.157049
0.203783
-0.0306357
-0.126146
0.0544094
0.297212
-0.623062
0.448266
0.0510693
0.0193062
0.173415
0.300077
0.180833
0.274966
-0.0242396
-0.124274
0.0489599
0.259322
-0.486828
0.365374
0.0623311
0.114503
0.125731
0.264024
0.14667
0.261887
0.0175451
-0.0223071
-0.0328479
0.653732
-0.0687597
0.467395
0.141968
0.0747805
0.116803
0.124462
0.061729
0.240937
-0.0327242
0.120105
0.0318799
0.665919
-0.0677337
0.560015
0.198764
0.185479
0.237878
0.236729
0.193883
0.369327
0.0927413
0.126965
0.011053
1.05877
-0.00680614
0.459886
0.129166
0.11908
0.22481
0.356602
0.32886
0.263169
-0.043311
0.0615689
0.0444627
1.36357
-0.0545754
0.498285
0.134357
0.0742797
0.226521
0.361733
0.349457
0.291698
-0.0157363
-0.0586486
0.0369753
1.15002
0.246251
0.360463
0.143722
0.0694681
0.243041
0.219967
0.2523
0.25571
-0.0119947
-0.0227377
0.00961848
1.31408
0.121848
0.405356
0.196287
0.0409682
0.256524
0.285981
0.347874
0.366345
-0.10527
-0.0728324
0.0636093
1.60547
0.0608866
0.455643
0.157792
-0.0384964
0.280159
0.287488
0.344779
0.378743
-0.0843812
-0.0570926
0.101948
1.7579
0.0690678
0.400089
0.102694
0.0504639
0.274443
0.242456
0.334483
0.37601
-0.0677579
-0.00988704
0.126461
1.42994
0.344054
0.181539
0.259213
0.157313
0.11836
0.255107
0.316118
0.174495
0.0616781
0.0136133
0.00462443
1.41002
0.404218
0.215911
0.212036
0.138339
0.153684
0.234322
0.269974
0.212361
0.076423
0.0464845
0.00454938
2.131
0.0883798
0.312817
0.244937
0.202308
0.0663548
0.221986
0.359342
0.206535
0.0542732
0.0858033
0.0991439
1.44434
0.444414
0.256956
0.289909
0.230515
0.0972335
0.147309
0.281354
0.211012
0.0920613
0.0951949
0.0532101
1.6528
0.381849
0.264797
0.352729
0.239909
0.0580625
0.209962
0.368167
0.174367
0.024807
0.0892173
0.105542
1.39414
0.425033
0.305617
0.368508
0.229949
0.0704688
0.202172
0.34727
0.161992
0.00799976
0.0993044
0.0882178
1.68223
0.352003
0.352418
0.416472
0.239938
0.0896427
0.22998
0.380014
0.149574
-0.0522996
0.0886693
0.137312
1.26166
0.516227
0.401009
0.393815
0.206571
0.0506834
0.17301
0.30427
0.15365
-0.00125772
0.0874277
0.0705401
1.31464
0.489667
0.369705
0.380086
0.23411
0.125915
0.206131
0.285632
0.160872
-0.0227353
0.0490618
0.0569195
1.77594
0.480468
0.400528
0.463907
0.236344
0.0794411
0.242895
0.365872
0.153032
-0.0520428
0.0622368
0.117812
1.29605
0.58527
0.419612
0.348792
0.238208
0.195952
0.235369
0.214867
0.113044
0.0277159
0.0701315
0.046759
1.3196
0.656227
0.437442
0.307209
0.231217
0.205481
0.186708
0.190743
0.153068
0.0563484
0.0575426
0.040179
1.18502
0.596969
0.450214
0.344252
0.237192
0.177995
0.201176
0.226052
0.142657
0.0775879
0.0551121
0.0503233
1.38666
0.653756
0.436671
0.363726
0.255707
0.19097
0.181404
0.246588
0.206508
0.0671797
0.0409468
0.0529152
1.15279
0.536142
0.396312
0.339377
0.236759
0.186815
0.228618
0.209276
0.131207
0.0729837
0.0803292
0.0564953
1.30875
0.601605
0.464191
0.360309
0.207828
0.171693
0.246905
0.327658
0.217246
0.0301573
0.0736819
0.0715675
1.42091
0.570103
0.539597
0.440768
0.210169
0.129829
0.285686
0.326344
0.26219
-0.0543225
0.0907406
0.108123
1.21552
0.594971
0.442364
0.384768
0.312837
0.235733
0.160273
0.217359
0.199471
0.0298079
0.0641154
0.0591461
1.15627
0.606514
0.47569
0.372605
0.259034
0.16279
0.164981
0.209327
0.154918
0.00987821
0.0934336
0.0528289
1.31829
0.586202
0.626357
0.433629
0.144831
0.183944
0.134582
0.118801
0.229113
0.00337001
0.137126
0.0951837
1.16675
0.540368
0.562738
0.418391
0.235666
0.19693
0.199357
0.160151
0.167603
0.0159306
0.112249
0.0603439
1.33595
0.562053
0.650804
0.505973
0.20867
0.114372
0.126619
0.204943
0.253531
-0.0783729
0.141223
0.131525
1.10172
0.582098
0.44704
0.311239
0.236856
0.199554
0.156831
0.140573
0.103943
0.0596132
0.0861042
0.028083
1.4531
0.514208
0.742317
0.535847
0.248199
0.169435
0.178331
0.193606
0.311648
-0.141713
0.0771253
0.163324
1.18651
0.591941
0.516821
0.369719
0.244931
0.22688
0.181758
0.179191
0.156836
0.0198043
0.100115
0.05013
1.34841
0.666491
0.570147
0.335722
0.212568
0.268491
0.179791
0.130188
0.17585
-0.0124585
0.081838
0.0450367
1.1917
0.621089
0.399243
0.301359
0.218321
0.197548
0.134054
0.166571
0.132841
0.0751638
0.0936584
0.0463202
1.5938
0.537097
0.641736
0.39673
0.165808
0.242394
0.16924
0.134593
0.278448
-0.0914905
0.112428
0.156892
1.42753
0.610546
0.628933
0.392978
0.168599
0.273873
0.214098
0.164593
0.254912
-0.0107014
0.0866194
0.0984221
1.35788
0.650426
0.741443
0.412939
0.241624
0.245387
0.130975
0.15889
0.223028
-0.0102478
0.138445
0.114778
1.28592
0.665831
0.490067
0.402135
0.284024
0.196912
0.164084
0.229208
0.186706
0.0147667
0.119726
0.0750022
1.16213
0.595117
0.489866
0.383376
0.263779
0.228163
0.162244
0.146555
0.122669
0.0469705
0.0883621
0.0480559
1.12588
0.616913
0.425493
0.302155
0.283949
0.221538
0.159899
0.172598
0.12938
0.0751136
0.0899976
0.0433998
1.3733
0.755826
0.698383
0.387341
0.304299
0.310059
0.188044
0.208295
0.201636
-0.0449509
0.0804665
0.0573448
1.59988
0.68757
0.847812
0.423561
0.279743
0.352357
0.163466
0.237677
0.239584
-0.0325385
0.0527481
0.0871658
1.16454
0.599291
0.470805
0.343923
0.260353
0.27303
0.18394
0.156533
0.118835
0.0439269
0.0343751
0.0441595
1.11962
0.603758
0.437135
0.30354
0.240475
0.191333
0.143152
0.10353
0.109892
0.0825472
0.054323
0.0332102
1.24654
0.658913
0.547233
0.364406
0.253099
0.192785
0.146838
0.16183
0.162834
0.0477945
0.0998042
0.0633159
1.55787
0.691529
0.767386
0.318348
0.199385
0.264274
0.131694
0.186878
0.215134
0.0245009
0.125303
0.112245
1.3774
0.753669
0.646037
0.351507
0.254364
0.261846
0.184493
0.14011
0.193187
0.09285
0.113943
0.0899962
1.12769
0.577137
0.431691
0.308532
0.231488
0.217429
0.184209
0.150562
0.15791
0.090404
0.0641796
0.0514424
1.2299
0.655255
0.476321
0.344703
0.269301
0.232879
0.179635
0.147352
0.115329
0.0565207
0.0520992
0.0430591
1.83547
0.721407
0.808072
0.180637
0.205903
0.232144
0.364287
0.0888405
0.190512
-0.0224913
0.030758
0.110342
1.24399
0.648413
0.472151
0.335359
0.263986
0.231858
0.217759
0.161912
0.140611
0.0638918
0.0230697
0.0424749
1.39506
0.664647
0.561885
0.304924
0.256123
0.246622
0.245179
0.146782
0.154401
0.112277
0.0614623
0.0647008
1.30233
0.679128
0.502314
0.340578
0.243146
0.200255
0.255814
0.143128
0.130609
0.175994
0.0587987
0.0674264
1.69304
0.730402
0.800261
0.214019
0.222
0.221531
0.41953
0.150842
0.263424
0.132649
-0.0266097
0.0541852
1.31945
0.742227
0.55437
0.320555
0.311577
0.287227
0.25342
0.210256
0.213732
0.0674507
-0.0298185
0.0396507
1.30713
0.699854
0.554931
0.317533
0.306792
0.275021
0.204633
0.202295
0.17982
0.0465371
-0.0158971
0.0337318
1.19658
0.650146
0.474877
0.326499
0.277422
0.239218
0.181558
0.159918
0.112532
0.0421413
-0.0105142
0.0321242
1.24822
0.698023
0.513882
0.323576
0.30655
0.266411
0.17693
0.172442
0.111269
0.0526361
0.00466376
0.0406453
1.25019
0.677167
0.505364
0.368922
0.309462
0.273465
0.218754
0.134057
0.136537
0.0383224
-0.0177393
0.0399962
1.29286
0.648771
0.567329
0.340289
0.311371
0.336036
0.172026
0.178506
0.098831
0.00455558
0.00129769
0.0345504
1.18999
0.645915
0.461484
0.310893
0.237134
0.171223
0.138701
0.128902
0.0870274
0.0634612
0.0100737
0.0333827
1.31572
0.740806
0.513507
0.355415
0.308032
0.207593
0.153043
0.167836
0.0805019
0.0112361
-0.00221217
0.0120697
1.23033
0.712955
0.508464
0.381087
0.28299
0.232681
0.174652
0.106452
0.0687458
0.0225128
-0.0252868
0.00709219
0.267397
-1.00076
0.835013
-0.493137
0.133511
0.356248
0.101997
0.378359
0.0207668
-0.156872
0.0852295
0.0219994
-0.00249077
-0.868777
0.722375
-0.398787
0.0922731
0.353208
0.129273
0.311091
0.0513093
-0.142055
0.0806138
0.0724169
0.00527293
-0.73118
0.667154
-0.272132
0.0187992
0.282344
0.189279
0.341819
0.0445259
-0.144029
0.0428155
0.0488275
0.334851
-0.809314
0.800048
-0.152059
0.0423309
0.270891
0.251386
0.298421
0.111257
-0.0751736
-0.0340782
0.0415975
0.631244
-0.501413
0.838192
0.00637294
0.0565845
0.312055
0.345471
0.276835
0.145974
-0.0347744
-0.047464
0.0981978
0.815924
-0.39318
0.754853
0.15198
0.125983
0.303944
0.332868
0.41513
0.182636
-0.0931451
-0.0474002
0.109697
1.08375
-0.0949356
0.642636
0.171178
0.129256
0.161642
0.234266
0.454965
0.182043
-0.111942
0.000830506
0.0774308
1.10483
-0.0327799
0.583383
0.192213
0.178586
0.187929
0.238486
0.480188
0.15369
-0.124641
0.0182765
0.0600039
1.47662
-0.208622
0.61631
0.0872538
0.259041
0.13277
0.220432
0.48984
0.165304
-0.149324
0.0566617
0.0965074
1.35492
0.00225036
0.49226
0.210255
0.187132
0.150781
0.279657
0.415658
0.183631
-0.144207
0.0867669
0.121226
1.28381
0.118665
0.485267
0.30692
0.107064
0.152948
0.279528
0.382072
0.236853
-0.158284
0.046963
0.121927
1.34768
0.0992688
0.403969
0.320118
0.185293
0.148128
0.336961
0.430958
0.178294
-0.157808
0.0159241
0.115533
1.49065
-0.0095968
0.385966
0.308697
0.198555
0.215451
0.317908
0.397331
0.20987
-0.153182
0.013365
0.150998
1.3059
0.0871739
0.441891
0.281311
0.217798
0.262164
0.307002
0.382314
0.183954
-0.141022
-0.0154312
0.110008
1.40779
0.206966
0.350061
0.26744
0.205214
0.255877
0.273725
0.37472
0.182346
-0.195728
0.0338117
0.122373
1.54742
0.10982
0.37083
0.258536
0.200617
0.257849
0.249508
0.378755
0.2122
-0.183731
0.0140643
0.140825
1.50265
0.159775
0.368371
0.262011
0.223472
0.217354
0.278741
0.370719
0.169475
-0.168439
0.0253527
0.11472
1.61964
0.277172
0.387994
0.266352
0.206339
0.169919
0.313455
0.39619
0.150911
-0.267821
0.0526836
0.160445
1.2888
0.299748
0.342173
0.333596
0.152292
0.124195
0.264154
0.345985
0.13352
-0.147924
0.0782326
0.0784994
1.57879
0.297651
0.388693
0.349366
0.199229
0.12569
0.210378
0.339352
0.103644
-0.24837
0.100671
0.164976
1.56363
0.250065
0.346386
0.417226
0.196742
0.0948034
0.242478
0.341685
0.0755834
-0.202237
0.0602028
0.137716
1.3532
0.281167
0.370148
0.419678
0.212014
0.0935244
0.211711
0.328161
0.0854369
-0.187398
0.0999298
0.124424
1.24586
0.369888
0.350513
0.405737
0.187848
0.0349841
0.192426
0.300252
0.0628461
-0.113834
0.0926116
0.0713129
1.38185
0.271236
0.398447
0.479446
0.168356
0.0798793
0.232744
0.322971
0.116544
-0.151431
0.0840913
0.126865
1.49136
0.326214
0.424433
0.484781
0.206758
0.0869362
0.207859
0.311102
0.128195
-0.189553
0.116391
0.159398
1.27467
0.401343
0.408047
0.448559
0.199152
0.0434689
0.208256
0.354661
0.0991923
-0.149347
0.120112
0.104287
1.26421
0.41117
0.403592
0.467355
0.238639
0.0449215
0.15864
0.303628
0.0836742
-0.128971
0.130976
0.0987796
1.22527
0.393077
0.392149
0.446813
0.193923
0.0631066
0.236202
0.322738
0.0982496
-0.120734
0.0669423
0.0752921
1.66971
0.156059
0.441033
0.596467
0.195145
0.149182
0.254814
0.293858
0.105444
-0.183003
0.0559329
0.192224
1.1837
0.367057
0.346713
0.42109
0.198052
0.00627253
0.113083
0.253032
0.100269
-0.0604209
0.0747434
0.0783915
1.45101
0.259484
0.523728
0.585526
0.209681
0.142366
0.233661
0.299746
0.141869
-0.159625
0.0436171
0.157051
1.24708
0.503679
0.466075
0.417184
0.222458
0.158012
0.182192
0.145895
0.0570831
0.0195044
0.0902828
0.0387534
1.54307
0.439055
0.594334
0.519937
0.188691
0.158045
0.217595
0.220899
0.0616439
-0.0877716
0.104312
0.0923775
1.26849
0.601015
0.44879
0.371626
0.235709
0.162844
0.186842
0.172001
0.0666512
0.0188563
0.0542075
0.027813
1.59411
0.562183
0.557242
0.42621
0.21428
0.219209
0.219668
0.173599
0.0905698
-0.0600334
0.0966725
0.0755523
1.3082
0.624418
0.430104
0.331022
0.26625
0.216968
0.220904
0.189628
0.136009
0.0618931
0.053059
0.0481073
1.34336
0.581693
0.581321
0.455132
0.212277
0.209441
0.199902
0.125279
0.125118
0.0844274
0.116447
0.0663398
1.64136
0.471528
0.707537
0.523725
0.208976
0.220617
0.170398
0.156136
0.172562
-0.00732456
0.0989824
0.125395
1.3266
0.607112
0.566148
0.42863
0.247305
0.177874
0.181519
0.192308
0.103328
-0.009835
0.104281
0.0634207
1.28715
0.532983
0.537858
0.411014
0.250055
0.210059
0.151905
0.146376
0.115678
0.00538941
0.0978919
0.0668856
1.28318
0.557652
0.492283
0.417273
0.278221
0.17878
0.173068
0.227996
0.150832
0.0508736
0.120797
0.0871116
1.28243
0.56345
0.501321
0.434851
0.270547
0.20292
0.200664
0.204147
0.160749
0.0395362
0.117728
0.0857173
1.21739
0.58826
0.411907
0.353967
0.276344
0.207738
0.237041
0.210969
0.0907939
0.0933002
0.15322
0.0833544
1.21712
0.580481
0.425665
0.340976
0.264947
0.243617
0.213085
0.184703
0.158479
0.0849689
0.0902574
0.0706255
1.1936
0.559661
0.335876
0.301429
0.2426
0.195053
0.237979
0.216528
0.118991
0.0408031
0.08137
0.0532896
1.25719
0.545139
0.394808
0.323939
0.25798
0.248955
0.263669
0.214225
0.133445
0.0200501
0.00242057
0.0389089
1.31102
0.562367
0.462024
0.35409
0.237873
0.198466
0.222658
0.229587
0.129866
0.000595092
0.0243225
0.0364644
1.15123
0.545516
0.398905
0.312554
0.206097
0.178216
0.157122
0.114663
0.0667525
0.035262
0.0318481
0.00483278
2.10336
0.405351
0.629316
0.346145
0.223047
0.19734
0.356912
0.15491
0.0907145
-0.100728
-0.0332467
0.0768999
1.39758
0.58201
0.397816
0.332453
0.250704
0.182932
0.163464
0.193172
0.0646455
-0.0882319
0.0373339
0.0093517
1.31591
0.656684
0.419036
0.313214
0.21264
0.154844
0.18469
0.152919
0.0730334
-0.00784741
0.0355571
0.00912678
1.35861
0.608734
0.492528
0.349579
0.248368
0.161008
0.174546
0.212842
0.10596
-0.00528725
0.0856668
0.0504242
1.99656
0.46406
0.758681
0.253245
0.241298
0.0180068
0.301838
0.188082
0.146586
-0.140243
0.0402515
0.23329
1.28877
0.634737
0.463529
0.316697
0.259151
0.188075
0.156868
0.131582
0.125546
0.0836904
0.105685
0.0585361
1.62408
0.639874
0.616134
0.38456
0.246269
0.15417
0.1811
0.130462
0.117468
-0.0165015
0.136707
0.103968
1.30038
0.678123
0.530437
0.406405
0.303036
0.215273
0.176909
0.152903
0.0872705
0.0443699
0.101623
0.0530821
1.49426
0.697806
0.594926
0.487546
0.307503
0.207268
0.204192
0.233754
0.0964678
0.0108652
0.119594
0.0795892
1.32231
0.733769
0.546005
0.396765
0.310281
0.202625
0.201153
0.182734
0.136329
0.0783562
0.0851024
0.0635477
1.60209
0.772201
0.709377
0.464134
0.273724
0.205454
0.25043
0.240236
0.156608
0.0707113
0.0851937
0.0682216
1.27649
0.689739
0.537525
0.390923
0.314364
0.235244
0.221747
0.203862
0.170864
0.0987628
0.0428603
0.063354
1.23925
0.682544
0.499033
0.365528
0.257316
0.251443
0.227675
0.175567
0.135903
0.0937664
0.077142
0.0624016
1.26029
0.742628
0.476518
0.34215
0.306703
0.257202
0.224526
0.194304
0.184927
0.0701235
0.0709971
0.0627812
1.5989
0.776511
0.612874
0.336787
0.395671
0.276662
0.289421
0.125367
0.142895
0.0839323
0.062506
0.0722943
1.23227
0.652712
0.495408
0.370658
0.283783
0.276992
0.236801
0.160992
0.130896
0.0973893
0.0807572
0.0733933
1.17546
0.641076
0.445568
0.328721
0.255632
0.217839
0.1768
0.146643
0.114453
0.0962001
0.0829544
0.0642179
1.24051
0.655968
0.491418
0.346644
0.282742
0.242743
0.223833
0.194353
0.196459
0.143765
0.0801683
0.0893844
1.31396
0.689326
0.484288
0.33004
0.284055
0.217882
0.207359
0.201751
0.126783
0.091748
0.134099
0.0898699
1.28487
0.707626
0.534331
0.376837
0.333897
0.313328
0.244493
0.170472
0.0971608
0.119589
0.0773066
0.0770176
1.22566
0.687384
0.478075
0.365738
0.299241
0.247406
0.204818
0.176431
0.137113
0.0709787
0.0475383
0.057159
1.43105
0.812481
0.607395
0.404552
0.365911
0.295982
0.215553
0.152295
0.113453
0.108856
0.0416574
0.0496032
1.2641
0.695447
0.505272
0.395001
0.324874
0.249206
0.233598
0.164591
0.0808995
0.0803035
0.065446
0.05426
-0.189588
-0.435775
0.299801
-0.491143
-0.000932033
0.168831
0.0648849
0.1487
-0.093078
-0.233876
-0.0465564
-0.0191056
0.0369548
-0.832961
0.566847
-0.661252
0.105628
0.196656
0.0444284
0.136985
-0.14089
-0.20291
-0.0813877
0.0162759
-0.00354353
-0.898828
0.572674
-0.610536
0.102126
0.183278
0.0424459
0.164428
-0.128449
-0.229976
-0.080496
0.046735
-0.293422
-0.869428
0.465052
-0.460984
0.0879801
0.296074
0.12619
0.187915
-0.0498758
-0.230766
-0.028984
0.0897922
-0.408646
-0.750517
0.414521
-0.425124
0.0740063
0.33172
0.133904
0.248269
-0.0923345
-0.182425
0.014603
0.0874653
-0.042268
-1.01223
0.60554
-0.370324
0.133059
0.305236
0.220149
0.220289
-0.00855285
-0.164393
-0.0195587
0.122931
0.124675
-0.863292
0.5743
-0.357441
0.0448737
0.363578
0.279147
0.133271
-0.0139257
-0.0829414
-0.00616056
0.0469206
0.382596
-0.542836
0.649829
-0.0894858
0.123899
0.386724
0.362357
0.108807
0.0824765
-0.0889665
-0.0703037
0.0948786
0.716329
-0.313818
0.685329
-0.085156
0.191038
0.361538
0.405513
0.219421
0.135487
-0.0277994
-0.0488007
0.055095
0.871348
0.0702487
0.563313
0.0346178
0.0895831
0.247293
0.29057
0.243055
0.122559
-0.0261279
-0.0238183
0.00912543
1.11693
-0.0959232
0.568119
0.00550661
0.22325
0.275784
0.243112
0.353982
0.239271
-0.156793
-0.0218285
0.0859572
1.37383
-0.117256
0.562305
-0.0521377
0.261954
0.215155
0.240379
0.388439
0.220242
-0.17241
-0.0102148
0.1111
1.31069
-0.0148867
0.4302
0.0706218
0.227765
0.27736
0.175806
0.351966
0.233303
-0.195344
-0.0014696
0.0881008
1.15738
0.141518
0.41816
0.116944
0.166502
0.225589
0.194545
0.4205
0.189525
-0.21326
0.0138773
0.0432347
1.51444
-0.156682
0.44108
0.074487
0.244992
0.229872
0.221836
0.437659
0.205425
-0.173464
0.0305299
0.101559
1.34108
0.00131668
0.363697
0.193028
0.180497
0.207703
0.206766
0.387865
0.172197
-0.112913
0.0552819
0.0716063
1.39642
-0.023381
0.270905
0.234163
0.225069
0.239319
0.21308
0.363348
0.20459
-0.157005
0.0065494
0.10163
1.50264
-0.060617
0.309223
0.219558
0.231538
0.220509
0.226263
0.36866
0.211218
-0.145722
0.0198351
0.119872
1.35094
0.0878992
0.248276
0.2417
0.213778
0.239222
0.220515
0.328031
0.197203
-0.149329
-0.0140557
0.0744123
1.4519
0.116662
0.35139
0.300321
0.0823315
0.17487
0.312668
0.326098
0.199635
-0.186684
-0.0554956
0.0749874
1.49182
0.202001
0.308105
0.283601
0.142011
0.130818
0.233097
0.381124
0.147753
-0.183455
-0.00501237
0.0774596
1.76945
0.0588459
0.461729
0.183009
0.118691
0.153786
0.224207
0.344718
0.176818
-0.244215
-0.0190586
0.153166
1.37771
0.249993
0.25807
0.318104
0.234881
0.108765
0.158802
0.30909
0.114727
-0.162312
0.0430096
0.0750451
1.72674
0.115519
0.416921
0.292353
0.159111
0.136091
0.116845
0.275804
0.182637
-0.169203
0.0309375
0.149388
1.3
0.291979
0.324917
0.335316
0.191393
0.133216
0.152309
0.231428
0.161598
-0.0906663
0.0488701
0.0480516
1.47306
0.265171
0.363164
0.367526
0.17918
0.172414
0.168766
0.228493
0.187347
-0.124089
0.00944381
0.0812737
1.28324
0.297052
0.349946
0.364179
0.164941
0.188572
0.255359
0.226752
0.103562
-0.0443465
0.00953084
0.0293289
1.57154
0.265532
0.42971
0.379285
0.179585
0.206743
0.209146
0.242295
0.160998
-0.0959673
0.0151898
0.0815159
1.27606
0.363026
0.354675
0.337825
0.209702
0.136571
0.152738
0.248532
0.133328
-0.0451518
0.0510092
0.031674
1.35333
0.35334
0.478538
0.414497
0.192156
0.167277
0.169191
0.22558
0.114118
-0.048028
0.0622397
0.0561968
1.14946
0.420064
0.391653
0.362709
0.22193
0.132655
0.135477
0.163763
0.10428
-0.00513872
0.0566635
0.0116236
1.64587
0.209479
0.487927
0.468243
0.218216
0.134926
0.129117
0.213064
0.169845
-0.0980932
0.00624088
0.105117
1.22835
0.43347
0.37888
0.368888
0.187086
0.102729
0.118001
0.17438
0.140038
-0.0164465
0.0071457
0.0108338
1.62804
0.223086
0.48346
0.500103
0.290608
0.121297
0.0827764
0.238222
0.103895
-0.102118
0.0130131
0.0812423
1.13785
0.478668
0.419018
0.340945
0.201587
0.0928508
0.0943742
0.158302
0.0933119
0.00591603
0.0277814
0.00168705
2.08176
0.00207789
0.669392
0.365082
0.32818
0.155184
0.119382
0.268903
0.110931
-0.0683938
0.00106499
0.0554066
2.13412
-0.0304449
0.686998
0.341045
0.306503
0.193414
0.131116
0.284276
0.100305
-0.0704413
0.0484953
0.0742326
1.37309
0.445866
0.432167
0.435269
0.273636
0.177888
0.149412
0.201182
0.14134
-0.0467876
0.0282036
0.055747
1.23565
0.479287
0.388605
0.330838
0.243628
0.184573
0.194152
0.204267
0.109501
-0.00201282
-0.00940908
0.0301297
1.44097
0.386751
0.505413
0.510572
0.295384
0.275136
0.177116
0.127074
0.152846
0.00708141
0.0382074
0.0636652
1.70765
0.290558
0.652106
0.442547
0.241268
0.332122
0.153396
0.151211
0.135488
-0.0135146
0.0307597
0.0889419
1.2615
0.508247
0.418104
0.369916
0.281176
0.24211
0.211139
0.140187
0.071562
0.0657253
0.02728
0.0366243
1.27661
0.576285
0.512785
0.315459
0.238503
0.246646
0.164164
0.12315
0.120009
0.0919819
0.057424
0.0482239
1.38186
0.577341
0.519166
0.350569
0.231997
0.252511
0.236505
0.170643
0.149583
0.0808254
0.0125701
0.0372103
1.53662
0.52923
0.514074
0.417116
0.285291
0.285133
0.216094
0.158373
0.113073
0.0632987
0.0353604
0.0430349
1.35797
0.637901
0.483067
0.311123
0.276569
0.29628
0.180216
0.0968322
0.0883776
0.0859679
0.0642055
0.0522631
2.01955
0.24273
0.615864
0.344292
0.387694
0.491932
0.232029
0.263158
0.118962
0.0775799
0.0350056
-0.00674712
1.66584
0.371465
0.476642
0.326267
0.369647
0.413226
0.253297
0.202982
0.182694
0.135429
-0.0294894
0.0191919
1.29977
0.571935
0.422122
0.311633
0.27874
0.336183
0.269947
0.194094
0.161021
0.0645312
0.00254564
0.0586196
1.33345
0.556886
0.394435
0.31731
0.270168
0.285983
0.242485
0.166531
0.142496
0.104884
0.0213209
0.051189
1.77841
0.296937
0.499711
0.351998
0.328419
0.441665
0.248635
0.209015
0.283877
-0.0035493
-0.054328
0.0978149
1.36088
0.510975
0.423289
0.378102
0.291008
0.284806
0.270433
0.211947
0.143374
0.0224677
0.0281714
0.0662029
1.23708
0.55229
0.394104
0.324691
0.260163
0.227722
0.222632
0.15605
0.0805942
0.0283723
0.0733366
0.0557117
1.34332
0.586912
0.414655
0.327408
0.289769
0.244146
0.224104
0.238297
0.122537
0.0351074
0.061711
0.0595594
1.73903
0.499752
0.49456
0.396839
0.283701
0.316575
0.214421
0.209513
0.170898
-0.118579
0.0422236
0.112391
1.29251
0.553618
0.45932
0.35707
0.269818
0.247041
0.205047
0.176273
0.117579
0.0123068
0.0749909
0.0563639
1.21402
0.580787
0.414843
0.328877
0.275736
0.239664
0.178304
0.163015
0.11969
0.0628568
0.059689
0.0394474
1.24863
0.583843
0.379069
0.318483
0.28967
0.180916
0.134053
0.183044
0.13696
0.0660728
0.110559
0.0397122
1.2295
0.618622
0.453033
0.320735
0.216019
0.175568
0.173998
0.176264
0.135369
0.0555797
0.0234317
0.0220339
1.2845
0.579619
0.409778
0.341096
0.248263
0.202436
0.217943
0.169027
0.0996026
0.0627326
0.0271098
0.0260976
1.59861
0.537531
0.512177
0.298598
0.239428
0.286011
0.26222
0.207087
0.134364
-0.0589273
0.078964
0.0858501
1.19812
0.575719
0.418849
0.282643
0.22936
0.22309
0.19793
0.159551
0.0962816
0.0779692
0.105197
0.0531288
1.24862
0.660252
0.424308
0.30795
0.297669
0.262894
0.240202
0.186909
0.142523
0.0879524
0.0793312
0.0633232
1.39627
0.666678
0.508478
0.298314
0.276516
0.328045
0.254637
0.183956
0.122827
0.0618597
0.109744
0.0783286
1.70624
0.719664
0.587322
0.28711
0.2579
0.278815
0.255801
0.251034
0.168255
-0.000537665
0.0942862
0.0753297
1.18785
0.645801
0.439915
0.292106
0.254764
0.227482
0.204127
0.182421
0.131865
0.104632
0.089799
0.0600198
1.29956
0.660341
0.472382
0.324548
0.247923
0.231846
0.207555
0.197846
0.183662
0.114974
0.0682546
0.0674063
1.40618
0.694631
0.518814
0.291988
0.269314
0.289894
0.248089
0.230554
0.180588
0.0704364
0.0459504
0.0598614
1.71701
0.780827
0.60274
0.334993
0.228144
0.261379
0.350252
0.239419
0.177315
0.0263475
0.0373416
0.0310804
1.18262
0.64674
0.461183
0.343886
0.273482
0.243738
0.197808
0.146111
0.107821
0.0564211
0.0291766
0.0414623
1.32044
0.754779
0.561432
0.353374
0.282446
0.24369
0.207391
0.198083
0.146455
0.0548362
0.00956447
0.035638
1.23506
0.681119
0.484633
0.350251
0.285007
0.224936
0.194748
0.151442
0.126101
0.0835444
0.014603
0.0420667
1.7528
0.831473
0.637305
0.339091
0.385283
0.254103
0.126914
0.189428
0.19942
0.124851
0.0359568
0.0311029
1.16059
0.620915
0.430071
0.326406
0.267513
0.187093
0.152219
0.150289
0.123485
0.109416
0.077283
0.058482
1.14316
0.584901
0.406651
0.29385
0.221941
0.201648
0.177445
0.140127
0.124477
0.107684
0.085763
0.0554977
1.20394
0.647762
0.442599
0.317203
0.239886
0.181119
0.179182
0.190136
0.13975
0.0966449
0.093011
0.0632458
1.83035
0.715969
0.648089
0.155461
0.35739
0.181784
0.238607
0.261474
0.283359
0.145709
0.0504009
0.0671946
1.32807
0.675281
0.450867
0.285972
0.241157
0.19531
0.20425
0.218822
0.212395
0.12978
0.11678
0.0852528
1.06337
0.533963
0.374031
0.263483
0.213575
0.169645
0.138861
0.122362
0.1118
0.0887521
0.0816893
0.0468487
1.29999
0.648734
0.479649
0.295415
0.200119
0.229505
0.193221
0.15304
0.207388
0.116039
0.098936
0.0798034
1.65272
0.660906
0.616783
0.235585
0.243457
0.193742
0.291339
0.0413652
0.212377
0.0659526
0.0836471
0.117962
-0.267021
-0.752872
0.389769
-0.186404
0.547345
0.244475
0.021386
0.0799866
0.0753035
0.00777742
0.0850253
0.098817
-0.408716
-0.848421
0.412223
-0.28137
0.571447
0.172336
0.00434119
0.132969
0.0115084
0.0664329
0.10148
0.0192065
-0.484564
-0.981396
0.408755
-0.355502
0.525021
0.174029
0.0120148
0.190777
-0.0178973
0.0425006
0.10891
-0.0456623
-0.543843
-1.07749
0.370743
-0.351857
0.507999
0.21604
0.0156088
0.148196
-0.0538366
0.0299729
0.134867
-0.0515942
-0.580143
-1.13009
0.351301
-0.344803
0.468582
0.25365
0.0525581
0.222476
-0.0656555
-0.00844962
0.148609
-0.0464375
-0.437342
-1.10604
0.42055
-0.34089
0.388899
0.286311
0.0619558
0.167737
-0.068698
-0.0390663
0.138776
0.0134454
-0.135691
-1.12752
0.477833
-0.329732
0.425214
0.341637
0.105115
0.199098
-0.042393
-0.0397557
0.129882
0.0920548
-0.0428733
-0.84971
0.489843
-0.288258
0.368892
0.362645
0.134598
0.219518
0.00982709
-0.0807192
0.0867322
0.177058
0.147092
-0.63309
0.668415
-0.237319
0.564387
0.457061
0.199911
0.159926
0.0566506
-0.0506337
0.00249127
0.18763
0.600206
-0.315017
0.700437
-0.209433
0.366263
0.39077
0.168551
0.249106
0.157569
-0.0289017
0.0298042
0.0291973
0.831211
-0.229707
0.609455
-0.198098
0.371246
0.268564
0.206861
0.269854
0.219647
0.0385203
0.0118841
0.000710411
0.986239
-0.126354
0.495411
-0.0202334
0.309839
0.151036
0.178566
0.384365
0.212112
0.0263743
0.145332
-0.0781698
1.21767
-0.217701
0.549284
-0.106456
0.361141
0.135204
0.23417
0.406639
0.144714
0.0547585
0.136869
-0.0234608
1.14885
0.0902544
0.408857
0.0663035
0.161466
0.197101
0.139426
0.337483
0.143777
0.0360424
0.161702
-0.0494008
1.11557
0.00185479
0.459541
0.0774427
0.275699
0.194395
0.207822
0.392011
0.119979
-0.00904362
0.154692
-0.0253143
1.15209
0.00108063
0.455839
0.0548301
0.297099
0.173975
0.26405
0.425392
0.106135
0.00472529
0.161833
-0.0150226
1.12575
0.201042
0.426508
0.135413
0.207193
0.188332
0.176498
0.377817
0.148388
-0.0356389
0.203683
0.0196211
1.07891
0.264501
0.507496
0.200069
0.155502
0.189212
0.218652
0.304578
0.121995
-0.00913453
0.123629
0.0199433
1.19407
0.247075
0.445084
0.165673
0.20357
0.209003
0.183961
0.335779
0.158582
-0.0111438
0.162601
0.0364341
1.21078
0.325671
0.423358
0.168553
0.137667
0.238725
0.194753
0.217022
0.172366
0.0615389
0.127525
0.0213176
1.23966
0.402331
0.353175
0.178278
0.218529
0.172276
0.192724
0.238346
0.161449
0.053321
0.0965839
0.0136839
1.29258
0.471459
0.488606
0.120689
0.125778
0.19698
0.156093
0.198954
0.163598
0.030966
0.135
0.0371024
1.36554
0.433755
0.528982
0.122507
0.0802926
0.185348
0.134142
0.194404
0.106437
-0.00129935
0.178387
0.0499941
1.33613
0.497646
0.528091
0.120209
0.0226634
0.174632
0.152979
0.183389
0.110757
-0.00732135
0.190666
0.0391328
1.29612
0.514372
0.50854
0.174665
0.0749974
0.096164
0.0986074
0.201335
0.0806222
-0.0123767
0.205481
0.0393863
1.3392
0.537025
0.452349
0.20229
0.129281
0.0958438
0.0939167
0.191517
0.0727704
-0.0419307
0.180426
0.0374535
1.50679
0.510169
0.573426
0.146092
0.0700853
0.107259
0.198465
0.210818
0.0714373
-0.116212
0.208299
0.0719885
1.45207
0.495961
0.511508
0.182826
0.0911156
0.124008
0.185122
0.232313
0.0918587
-0.0789283
0.133556
0.0360141
1.20229
0.554151
0.454984
0.1747
0.14093
0.174741
0.100394
0.135391
0.116287
0.0141073
0.0916545
0.00337038
1.43284
0.518603
0.554134
0.210338
0.12238
0.15229
0.138321
0.23449
0.0798898
-0.0130961
0.132809
0.0331535
1.40254
0.465424
0.480495
0.252167
0.199647
0.186738
0.0952556
0.144703
0.0807465
0.0240037
0.150917
0.0532176
1.41828
0.547833
0.486714
0.284668
0.158918
0.149045
0.130692
0.18566
0.076119
0.0176098
0.14037
0.0513496
1.2778
0.608939
0.448267
0.279289
0.219591
0.146086
0.150251
0.192705
0.0419937
-0.000113064
0.122841
0.0256622
1.2858
0.571526
0.495993
0.274452
0.174731
0.172682
0.216637
0.244531
0.122275
0.0118695
0.0785003
0.0228141
1.29223
0.544332
0.460133
0.306921
0.249822
0.159648
0.139651
0.219362
0.0847217
0.00640691
0.0941489
0.0271384
1.4163
0.616977
0.538362
0.305109
0.259489
0.136893
0.156251
0.277496
0.0458072
-0.0592295
0.129916
0.0393091
1.22786
0.611564
0.485275
0.348095
0.244792
0.139551
0.149672
0.199859
0.064077
0.0218885
0.0783642
0.0227028
1.39461
0.591992
0.655437
0.438915
0.249453
0.0554122
0.114352
0.192022
-0.0131596
-0.0221736
0.176924
0.0570678
1.20882
0.545687
0.44855
0.372922
0.195239
0.131039
0.138813
0.140886
0.0720279
0.0230191
0.103734
0.0311011
1.58082
0.556751
0.654759
0.376479
0.22409
0.149429
0.108681
0.296026
0.0937381
-0.110361
0.160598
0.109957
1.53694
0.577397
0.694542
0.392519
0.245143
0.200382
0.13418
0.280942
0.0898136
-0.086657
0.14275
0.0855374
1.32644
0.625545
0.525076
0.357151
0.260465
0.224132
0.188361
0.241016
0.115314
0.00163851
0.0793574
0.0498805
1.11758
0.580998
0.426498
0.303008
0.246347
0.193125
0.171109
0.183263
0.112148
0.0713457
0.0736026
0.0403465
1.20225
0.608629
0.50715
0.366903
0.287194
0.250632
0.203512
0.190354
0.138076
0.0650062
0.0436085
0.0494676
1.58659
0.611715
0.686194
0.334221
0.329018
0.373029
0.182177
0.262031
0.182551
0.0213454
0.0666789
0.0698334
1.19688
0.656537
0.557594
0.335495
0.288902
0.312306
0.18968
0.175569
0.141322
0.0831466
0.0527652
0.0562865
1.16854
0.619809
0.431727
0.314539
0.27974
0.241947
0.171156
0.163597
0.124773
0.064788
0.067227
0.0392565
1.2288
0.643563
0.509181
0.347918
0.257075
0.251854
0.171337
0.166723
0.164029
0.0505837
0.0703175
0.0518043
1.56888
0.619847
0.701209
0.396254
0.234578
0.375515
0.16022
0.162156
0.189281
0.0166949
0.0531653
0.0809459
1.24083
0.646341
0.480294
0.355378
0.260393
0.245722
0.200418
0.180148
0.147681
0.074296
0.0711113
0.0589739
1.28036
0.689559
0.539651
0.345685
0.257619
0.242686
0.187009
0.177425
0.15267
0.0977444
0.0722912
0.0640553
1.54243
0.804926
0.746423
0.21447
0.218783
0.301687
0.142973
0.186125
0.158907
0.0990032
0.118238
0.0903744
1.28304
0.692776
0.560321
0.318078
0.248986
0.251579
0.16115
0.1688
0.160376
0.087268
0.150617
0.0899875
1.19612
0.659209
0.486265
0.322872
0.254444
0.253278
0.150307
0.100021
0.151581
0.105205
0.104546
0.0718926
1.16071
0.642
0.469736
0.313919
0.242896
0.194413
0.132429
0.138072
0.154003
0.134198
0.130419
0.0783299
1.30827
0.720774
0.557822
0.352863
0.257464
0.168925
0.109934
0.109973
0.168404
0.134332
0.150392
0.100463
1.19715
0.653624
0.438374
0.288059
0.229839
0.186978
0.134232
0.122939
0.137569
0.138136
0.166633
0.0853838
1.34125
0.747775
0.544295
0.245762
0.228081
0.216817
0.108669
0.178901
0.181375
0.14036
0.194163
0.116679
1.25113
0.632939
0.523469
0.298033
0.229196
0.215708
0.116954
0.102941
0.0924678
0.135368
0.1693
0.0862336
1.26118
0.703222
0.498111
0.348431
0.25337
0.158583
0.0844162
0.113406
0.123833
0.0899516
0.105889
0.0655308
1.21348
0.721155
0.530658
0.317866
0.279617
0.189779
0.121758
0.117907
0.104004
0.0575888
0.0976535
0.0484685
1.26154
0.698334
0.514115
0.294874
0.216705
0.18443
0.0940793
0.0769626
0.0949228
0.0702478
0.0751282
0.047703
1.50788
0.839128
0.55298
0.32026
0.268438
0.181754
0.13601
0.134996
0.095837
0.0443208
0.096897
0.0594662
1.3653
0.747525
0.558014
0.303176
0.283816
0.222038
0.122988
0.149758
0.163809
0.0507766
0.0815391
0.0618465
1.18389
0.662886
0.466008
0.274877
0.24047
0.19938
0.136577
0.167342
0.15628
0.0917717
0.103003
0.0693793
1.17085
0.630644
0.454838
0.33777
0.264016
0.235402
0.183708
0.14177
0.137462
0.096666
0.072138
0.0640899
1.21635
0.660143
0.507624
0.333573
0.302141
0.298662
0.212713
0.198018
0.170404
0.107013
0.0687875
0.0818948
1.37952
0.809082
0.624235
0.397957
0.308857
0.269633
0.241218
0.145125
0.175901
0.0974244
0.0938594
0.0812074
1.25626
0.689131
0.525736
0.37779
0.328901
0.236669
0.18917
0.201062
0.122747
0.0937083
0.089708
0.0711197
1.22355
0.682034
0.50794
0.394131
0.300183
0.255845
0.218937
0.143138
0.15667
0.0970084
0.0594599
0.0668543
1.2717
0.708306
0.506063
0.383976
0.326179
0.257762
0.214281
0.12869
0.111033
0.113762
0.0812754
0.066832
1.46012
0.807162
0.577151
0.380556
0.29986
0.205913
0.177236
0.090348
0.170512
0.116162
0.0773105
0.0746249
1.13844
0.605761
0.419684
0.30621
0.221699
0.167383
0.149264
0.113117
0.0983471
0.0883255
0.0680907
0.0539911
1.38089
0.749587
0.537325
0.36773
0.253734
0.202609
0.164712
0.0958759
0.0857721
0.0970131
0.102265
0.0718902
1.49363
0.845783
0.65184
0.36701
0.260737
0.162016
0.243949
0.0950997
0.131374
0.105489
0.112699
0.0890621
1.21936
0.644126
0.475969
0.342756
0.281018
0.23537
0.179265
0.154021
0.101653
0.0808499
0.0867143
0.0650845
1.10711
0.598415
0.397396
0.289225
0.251843
0.19858
0.166758
0.142072
0.137082
0.121836
0.0770593
0.0636615
1.29527
0.719139
0.557048
0.382739
0.310409
0.299579
0.250129
0.212185
0.173627
0.116794
0.0487376
0.07877
1.31559
0.719909
0.560613
0.429849
0.345409
0.286985
0.203579
0.154337
0.108468
0.0703215
0.100479
0.0679038
1.25534
0.688881
0.49855
0.339944
0.290641
0.248458
0.205851
0.186693
0.157354
0.116267
0.0615125
0.0725599
1.19584
0.683629
0.496034
0.351472
0.280795
0.221244
0.175439
0.150027
0.126789
0.112995
0.105025
0.0758717
1.26492
0.70236
0.569181
0.339149
0.334239
0.19552
0.192721
0.205545
0.0971445
0.17032
0.135523
0.0955757
1.20679
0.648008
0.487192
0.309824
0.30218
0.257404
0.227678
0.205537
0.169334
0.127242
0.099893
0.0917983
1.30416
0.712439
0.521619
0.217919
0.368762
0.279168
0.27932
0.196722
0.114082
0.158842
0.0992638
0.098782
1.40718
0.74693
0.653237
0.16258
0.384743
0.198241
0.276812
0.246415
0.141658
0.13142
0.0906817
0.0840512
1.41969
0.748084
0.573746
0.197987
0.332229
0.232681
0.17998
0.298698
0.253498
0.0759217
0.0889781
0.0649215
1.45498
0.771908
0.506862
0.235663
0.314469
0.216672
0.202562
0.244619
0.262518
0.0635043
0.0883706
0.0690268
