-39
-39
-43
-64
-66
-59
-32
-31
-28
-17
-15
-22
-26
-35
-52
-46
-33
-27
-29
-28
-13
-9
-23
-9
2
0
9
0
-13
-19
-22
-32
-36
-34
-33
-33
-35
-39
-37
-20
-30
-42
-46
-58
-49
-61
-73
-81
-93
-87
-88
-83
-81
-86
-90
-78
-62
-39
-18
-25
-31
-40
-44
-41
-43
-44
-51
-53
-48
-42
-26
-10
-11
-11
-5
-5
0
7
9
6
3
4
0
1
-2
-11
-13
-9
5
5
-6
-7
-13
-25
-9
15
10
11
6
0
-3
-4
-1
-17
-26
-32
-31
-20
-30
-30
-24
-37
-48
-49
-64
-68
-68
-82
-76
-82
-82
-60
-54
-44
-33
-30
-11
5
22
30
29
18
11
11
13
32
23
18
20
27
46
60
58
40
22
11
14
13
13
-6
-14
-24
-15
3
0
9
6
10
22
31
36
40
27
12
15
13
17
30
14
10
27
40
36
32
37
22
18
12
4
4
8
11
18
21
28
33
37
48
47
54
56
55
64
68
82
79
62
57
57
59
71
81
77
71
77
92
94
89
89
50
19
28
21
18
13
11
13
12
12
7
2
-23
-33
-45
-41
-24
-7
5
0
14
20
41
45
31
37
33
27
28
44
39
30
26
34
25
22
39
38
43
40
48
48
48
60
69
66
54
49
56
57
52
47
35
24
15
43
38
37
33
8
14
16
16
1
0
-16
-12
-7
1
19
-9
-27
-35
-26
-17
-21
-9
-10
-8
-4
-7
0
7
5
-9
-17
-12
-9
1
32
49
41
51
64
60
53
78
97
80
57
66
86
57
28
18
28
42
78
103
85
82
90
85
75
68
48
19
-12
-19
-16
-38
-47
-24
-13
-38
-42
-13
-23
-41
-34
-53
-64
-67
-78
-90
-105
-99
-83
-79
-59
-30
-26
-14
-3
-9
8
15
9
-14
25
47
-29
20
80
40
9
64
122
46
11
81
39
-53
38
72
-10
-6
55
40
-40
-3
43
-27
-66
12
35
-56
-70
12
2
-86
-49
31
-24
-82
-9
26
-45
-63
21
39
-21
6
53
24
-4
19
38
8
-12
1
-9
-38
-24
2
-12
-46
-27
-1
-22
-31
-4
-1
-20
-31
-14
8
-22
-10
4
-28
-27
8
28
-3
-10
52
65
31
72
96
52
9
33
62
35
43
66
53
30
42
61
37
21
22
-1
-14
8
-16
-46
-22
-16
-21
-22
-13
-9
-52
-63
-14
-22
-57
-43
-23
-21
-27
-6
4
-3
18
40
10
6
41
15
-14
28
63
-9
-19
54
40
-29
-7
49
-14
-63
-4
22
-43
-59
-27
-55
-92
-53
-23
-90
-80
-16
-36
-43
5
21
-49
-70
11
2
-70
-22
23
-54
-107
-27
-6
-93
-71
-17
-41
-64
-20
13
-36
-39
8
0
-28
-7
0
-54
-61
12
-13
-77
0
27
-52
-78
43
103
-13
-24
76
52
-24
24
81
44
-14
-14
-8
-3
8
7
-1
37
83
-11
-10
96
53
-52
-25
59
-23
-118
-1
47
-74
-63
16
6
-3
36
15
-8
70
71
-23
-8
68
-24
-140
-49
27
-65
-133
-38
27
-107
-144
-1
1
-85
-101
-3
33
-57
-41
11
-2
-49
-66
-26
-17
-28
-72
-58
43
48
-35
-24
57
33
-48
-41
17
4
-60
-90
-11
15
-59
-67
8
53
-44
-62
24
19
-54
-90
-53
-23
-33
-60
-61
2
17
-24
29
60
64
34
24
101
126
115
68
69
131
93
13
81
152
41
-21
119
126
17
26
52
64
-19
14
68
-29
14
0
-61
-4
-12
-54
-104
-54
5
-95
-81
18
-2
-90
-93
6
7
-75
-82
-17
25
-73
-89
35
57
0
-99
52
123
-24
-13
9
102
-14
-138
83
110
23
26
70
136
46
0
97
128
52
18
105
147
89
39
77
87
12
3
33
43
58
-7
-34
58
60
-14
-11
63
56
-3
15
65
63
24
-33
8
98
10
-34
42
50
-74
-60
88
40
-66
-17
65
-56
-48
52
-50
-25
-11
-24
-22
-31
110
-38
-94
159
15
-68
69
103
58
1
102
145
61
14
105
131
-14
46
100
-49
41
152
4
-90
85
189
-150
-143
246
78
-328
-50
357
-147
-346
186
109
-270
-146
166
-78
-291
95
-20
-285
16
40
-198
-182
96
38
-326
23
258
-189
-191
102
44
-78
-92
107
223
-129
-62
173
56
18
-73
141
176
-123
18
73
54
21
-109
73
100
-74
-100
-1
98
0
-152
-135
70
2
-245
-83
57
-22
-162
-183
109
68
-214
-116
109
61
-171
-166
142
29
-306
53
81
-180
-8
-24
28
-81
15
168
-263
38
327
-190
-147
286
139
-231
17
343
-38
-222
179
216
-205
-120
198
-95
-167
115
43
-82
18
-9
-25
12
-78
85
-77
-134
152
-79
-71
9
114
84
-268
75
262
-193
-262
358
139
-429
132
312
-137
-178
355
170
-366
164
356
-210
-166
310
191
-313
-18
507
-158
-244
252
165
-63
-194
296
138
-392
90
334
-271
-168
319
-2
-317
99
357
-368
-181
412
-117
-333
53
198
-290
-147
174
-219
-29
7
-142
-5
-87
36
-50
-232
163
127
-273
-39
142
109
-111
-150
380
90
-273
191
125
-29
164
-64
-38
296
98
-286
-1
512
-124
-343
450
167
-315
141
237
-130
65
156
-113
-210
398
176
-745
357
506
-557
-154
333
219
-388
-157
470
-20
-245
137
197
-88
77
163
-78
138
175
-131
-32
424
-31
-288
265
279
-200
-204
417
87
-498
90
410
-571
-137
400
-373
-164
175
-20
-257
140
50
-236
26
212
-150
-271
417
88
-441
167
376
-362
-187
317
94
-292
-12
151
-127
-71
-88
159
-213
-85
316
-461
-80
514
-413
-420
472
100
-322
-211
219
471
-666
-36
699
-459
-6
51
-48
216
-161
-42
34
229
28
-504
333
426
-641
-71
346
16
-375
-239
434
-24
-453
182
20
-159
277
-579
129
654
-667
-134
389
148
-82
-308
400
264
-187
-122
-93
607
-27
-686
336
482
-220
-505
87
837
-645
-639
832
-179
-345
-49
96
-119
-194
82
-398
-84
192
-162
-741
270
644
-950
-341
636
-124
-586
-106
465
-354
-272
229
-305
432
-262
-405
630
-112
-230
69
75
81
81
-118
-113
405
76
-319
235
160
100
-112
-238
505
93
-203
-38
204
408
-263
-312
624
362
-704
109
675
-402
-158
360
-240
-131
203
81
-529
113
550
-425
-345
407
553
-937
-55
1072
-561
-545
609
300
-566
61
414
2
-221
215
394
-372
-14
625
-406
-307
764
-92
-600
226
620
-700
-302
925
-314
-616
309
524
-598
-361
941
-488
-526
885
-54
-678
296
784
-750
-307
979
10
-944
192
1281
-894
-609
1151
409
-1205
23
1558
-936
-826
1321
117
-1336
666
832
-1110
-390
1162
-260
-1418
1150
399
-1085
137
765
99
-1153
535
1305
-1230
-397
1592
-302
-880
641
900
-645
-643
1309
129
-1128
404
1122
-1010
-412
1396
-700
-449
630
-103
-410
-63
515
-665
-338
620
-522
-616
416
438
-1212
95
1251
-1168
-408
1149
-56
-976
448
842
-682
-404
912
98
-681
694
136
-368
506
202
-558
145
888
-680
-636
1129
-228
-1066
686
-70
-445
-1
-98
-78
-543
585
-317
-1128
1439
-73
-1667
1268
585
-1134
-93
1204
-176
-1161
1291
96
-722
520
456
-401
-449
1408
-630
-1049
1834
-308
-1450
1166
370
-1116
167
185
-327
92
-389
-10
140
-234
-173
-84
618
-739
-253
1053
-662
-555
1046
24
-949
396
794
-169
-1395
1388
1138
-2781
1104
1772
-1958
-262
931
197
-1100
-292
1036
-719
-570
162
445
-955
-192
919
-1273
315
316
-414
-64
-244
726
-247
-885
1188
194
-1199
1157
83
-277
94
-97
822
-752
-17
622
-367
-215
1
271
-112
-500
229
152
-521
91
-103
285
-454
-331
849
-496
-204
162
339
-204
-132
422
73
42
-67
490
-41
211
7
186
302
-117
441
-551
588
408
-897
410
392
-326
-297
152
226
-145
-566
447
4
-654
457
-278
16
82
-274
521
-148
-318
1072
-563
-293
1102
-47
-51
-619
1463
170
-1343
1028
626
-523
-370
442
417
-357
-1013
1239
-245
-1220
808
0
-422
-595
595
36
-672
34
434
274
-917
363
1117
-583
-144
897
215
-52
-11
740
68
-665
1321
-355
-747
1164
-136
-487
-55
594
-183
-796
336
425
-995
-142
866
-1032
-187
578
-429
-278
100
300
70
-480
535
655
-644
177
917
-209
-106
706
59
87
256
254
-141
194
490
-228
-394
287
648
-876
-635
1062
219
-1440
-249
1213
-45
-2012
551
1940
-1791
-1176
2025
498
-2292
683
2003
-1117
-1141
1727
1068
-2010
298
2076
-808
-1505
1700
944
-2106
235
1638
-1060
-952
1034
144
-1084
-233
989
-915
-1009
1289
-864
-815
838
-510
-414
-59
701
-653
-625
1804
-1172
-396
1457
-892
-135
814
-85
-353
382
411
-385
189
536
-520
374
268
-474
-2
261
-206
-811
761
-11
-1677
1078
665
-2549
1247
652
-1774
553
-123
600
-1141
-522
2135
-1317
-1206
1971
74
-1980
1361
1151
-2057
804
1255
-1239
34
597
226
-595
-339
1192
-533
-1253
1361
-388
-1129
747
-489
-79
-128
-303
-134
108
-376
-265
658
-1072
410
653
-1333
531
1034
-1359
275
1001
-1068
311
136
16
-317
-782
1918
-1186
-1869
3166
-1287
-2109
2179
137
-1587
-605
2071
-871
-2596
2562
614
-3562
1432
2319
-2753
-578
2205
-66
-2329
1201
1934
-2422
332
1725
-1102
-167
1078
327
-1294
714
1729
-2078
-240
2047
-446
-1915
866
2103
-2115
-1236
2092
578
-2581
257
2657
-2570
-741
2535
-1320
-1279
1587
747
-2123
533
2728
-2118
-1328
3416
-302
-2771
2321
1619
-2884
269
2726
-1645
-1430
1874
783
-2580
99
3155
-3154
-798
3082
-1955
-1084
1324
154
-970
-498
1225
548
-2304
1136
2370
-3064
669
2521
-1827
172
1424
-214
-292
488
1192
-906
-399
2532
-1525
-1064
2735
-536
-2361
1958
1240
-3540
1707
1009
-2325
677
250
-224
-671
274
276
-588
252
425
-958
1190
785
-2167
2065
1195
-1741
974
1376
-716
-9
1294
-284
-379
843
194
-1192
868
907
-2168
406
1422
-1519
-1247
1764
-143
-2666
1683
882
-2404
472
1601
-1334
-344
1155
66
-584
194
1022
-137
-129
-162
1971
-889
-1304
3092
-635
-1873
1705
1269
-2011
28
1628
-527
-2373
2034
1078
-4340
2157
2307
-3983
-1230
5205
-2235
-4788
5255
897
-4786
1271
4097
-3236
-1225
3759
-884
-1287
1125
1522
-1224
-556
2534
-681
-1658
2349
101
-1803
1521
-403
-449
560
-1115
512
-53
-564
-504
275
435
-1278
278
-158
749
-879
-1141
3183
-1683
-1751
3394
-365
-1941
1488
1197
-710
-878
1754
850
-2218
1105
1873
-2452
179
2717
-2771
-245
2557
-1688
-1573
2031
622
-3778
2189
1715
-3794
1131
2042
-1913
-1540
3155
-241
-3718
3757
960
-4287
2567
2727
-3721
-544
5190
-2553
-3912
5995
191
-5879
3700
3296
-5229
54
3532
-730
-3876
2128
2937
-5498
1271
2740
-2704
-1344
2332
133
-3064
2113
320
-1317
-50
776
455
-1713
1274
690
-1269
609
743
-656
228
591
-850
747
153
-952
379
151
46
-1164
-274
1710
-1754
-1740
2792
-1022
-2305
1818
-73
-963
-284
255
786
-1095
-632
1612
-502
-888
703
235
128
-885
999
621
-1373
443
1186
-758
-1174
1712
-136
-1535
281
913
-776
-1737
1873
-360
-2320
1598
-221
-1324
166
-455
740
-1518
-203
1358
-2040
936
-123
-1148
1380
-1055
7
825
-1371
1238
-115
-1324
1928
-1342
-8
1389
-1820
739
182
-741
641
-1483
736
833
-2364
953
823
-1606
-413
957
-135
-1521
612
934
-1570
255
1051
-1327
496
1073
-1415
-69
2362
-1807
-793
2969
-1373
-1010
2129
-387
-448
91
495
1023
-2778
2307
1060
-3961
2513
1014
-3156
1239
1098
-2030
507
-62
513
-1233
-127
1356
-1302
-15
303
1246
-1763
374
2110
-1997
125
2253
-1459
-421
2334
-882
-561
703
1506
-1646
-543
2673
-741
-2023
1030
2491
-3377
161
2155
-1849
292
-17
273
-529
-63
332
-955
1089
227
-1568
1340
650
-1265
467
886
433
-1468
853
2422
-2780
509
3147
-3490
1385
1612
-2119
1817
-1180
903
-155
-1247
1952
-1459
-50
546
-714
559
-193
-586
124
860
-1146
-210
1969
-1489
-432
1500
415
-1851
1614
1127
-2255
2825
-1401
325
1790
-2265
1880
-53
-609
1119
-543
-24
310
-191
4
-100
-341
466
-673
-290
1181
-1648
86
1360
-1403
-136
1024
-98
-988
426
1512
-1898
783
1913
-2441
1025
1320
-305
-1664
1467
1453
-2468
725
1140
306
-2749
2069
1838
-4246
1940
1350
-1869
-462
743
1171
-2571
257
2304
-2033
-456
1487
-37
-1637
1654
-10
-1367
1763
-598
-212
680
361
-150
-407
1126
193
-1132
1088
254
-381
-536
902
383
-1935
1955
-793
-318
537
-826
821
-839
251
271
-1166
1210
178
-1861
2176
-537
-964
1561
-901
402
553
-257
488
-633
1050
460
-1790
2557
-1074
-470
1896
-1965
1300
-111
-1038
1280
-1047
-139
1369
-1828
693
415
-1426
1398
-1222
-29
1576
-2195
413
1885
-2159
1056
455
-720
951
-582
637
-168
387
-126
-26
723
-831
846
-18
-566
830
-339
449
-731
285
1464
-2180
132
2243
-1557
-1699
2771
-246
-2248
1595
582
-1215
698
223
-338
140
225
668
-1313
1186
932
-2256
858
2013
-2391
224
1439
-1162
473
-479
358
75
-535
-386
856
-510
-771
692
-1098
794
-289
-1124
1322
-821
-998
1890
-1373
-537
1167
-462
-360
-232
1861
-1662
-787
2546
-1398
-760
1421
162
-1433
341
1284
-1152
-378
827
-168
-1009
863
-13
-1339
1132
-698
-1123
1229
-413
-1186
643
301
-904
-276
995
-1016
-510
1357
-1748
320
1401
-1520
25
620
640
-904
-914
2696
-1723
-1214
2593
-1206
-472
372
415
-333
-828
1242
-931
-105
675
-1302
750
-274
-197
-521
-244
1615
-2286
208
1718
-1910
468
198
-953
1363
-766
-621
588
580
-431
-1023
1340
-35
-927
153
1538
-2158
653
1042
-2222
2388
-2289
822
1058
-2609
2145
-1057
-422
775
-1507
627
731
-1336
232
367
-57
-77
-903
691
571
-273
-1068
1660
282
-1994
1578
568
-1366
468
1761
-2445
1103
1525
-2804
1530
39
-353
250
-996
1665
-437
-1706
2007
-1182
-280
1688
-2521
1577
1046
-3248
2006
1559
-3523
2220
1003
-2559
2332
-516
-354
771
-611
421
176
-358
574
67
-1194
1761
-902
-386
882
-656
-24
-35
864
-1417
971
343
-1582
799
526
-616
-349
459
379
-53
-949
1984
-922
-1476
3282
-1592
-1003
2134
-333
-1239
-51
2865
-1058
-3140
3365
1167
-3954
1869
1967
-2999
1007
1135
-1365
304
372
-412
-180
-26
1485
-997
-1635
2252
-884
-57
-212
412
1762
-3340
1419
2284
-2037
-816
1581
852
-3027
1583
2699
-3978
330
3048
-2190
-768
1744
364
-2374
911
2045
-2224
61
1174
-637
-794
1495
811
-2400
1381
1514
-2571
1531
785
-1938
1727
697
-1266
258
1356
-196
-1800
1353
2109
-2190
-854
2755
-82
-2564
1584
1075
-1658
-52
1219
555
-1826
425
1304
-1092
-981
1078
527
-1269
450
1076
-543
-584
565
-453
358
379
-846
1024
-64
-400
335
-446
331
-378
430
-924
100
1285
-1836
476
97
26
-764
-637
984
-834
81
419
-1096
143
1738
-2533
-88
1936
-1757
-270
1206
460
-1626
448
1165
-1819
487
1676
-2325
823
1787
-2863
940
1659
-1601
-1285
1404
769
-2460
616
1649
-1359
-1128
1679
-115
-2222
980
-36
-769
969
52
-886
141
243
-412
124
-1037
782
726
-2116
1428
1532
-2281
-171
1230
-366
-252
83
364
-501
-220
1326
-1015
-702
1527
-1573
-843
2301
-747
-1223
1076
-144
-261
-186
-329
387
-752
17
1259
-94
-679
250
-154
-702
855
479
-1122
668
686
-1125
1072
245
-1433
559
498
-855
795
205
-1394
1052
463
-127
-426
-469
425
-1119
364
1861
-971
140
664
-1398
890
-263
-482
932
-721
518
585
-202
52
-1028
352
422
-876
598
543
-930
-416
703
-609
-169
249
-1164
756
752
-1231
2
602
-239
-1114
291
1205
-1114
-360
617
-213
-165
644
-86
-746
997
314
-877
128
1230
-242
-1062
1424
1228
-1314
-63
974
-162
326
-127
579
430
-113
558
-281
525
590
-615
339
1024
374
378
-582
1048
997
-889
1217
1105
584
180
780
1223
365
1085
783
741
1217
1362
604
690
1116
343
436
826
1206
294
-31
376
-101
-344
-488
-132
-495
-1050
-919
-589
-1282
-1425
-1078
-2349
-1572
-1442
-2262
-1861
-2188
-1915
-2284
-2178
-1744
-2040
-1854
-1854
-1856
-941
-1033
-1967
-753
-695
-888
-284
-229
178
-151
163
528
701
911
92
886
1434
579
927
1312
931
937
1527
1363
1188
1198
1207
826
1394
1637
933
1575
1244
730
1289
1586
1159
1467
1231
1181
1230
956
1204
1376
1568
1059
1770
1350
1636
1123
304
2201
855
1005
2820
1478
2231
2268
-1346
-1521
695
1628
246
-615
742
27
-2629
-2074
-517
-2190
-3823
-3591
-1079
-980
-3545
-3988
-3139
-3975
-4524
-3484
-2051
-2036
-3193
-2803
-2162
-1088
-2541
-3044
-1171
-268
-56
109
1194
665
113
-350
940
1941
1048
1920
1747
2281
2877
1801
1262
1833
1529
480
1748
1808
1204
595
-57
167
-136
-1168
-2413
-1915
-655
-1150
-2538
-1765
-1957
-3157
-3185
-1475
-812
-2305
-1976
-1505
-683
-660
-1498
-809
264
275
885
1844
1893
1538
739
1531
2840
2697
2312
2511
2723
2840
2365
2005
2620
2218
1603
2685
3202
2794
2748
1780
1940
2759
2375
2633
2317
3244
3260
2071
3195
4552
2838
-3041
-2601
2391
3557
1469
-1489
-201
-928
-4446
-3813
-598
-1153
-6135
-5927
-1835
-1150
-4754
-7616
-5966
-4905
-5746
-4931
-1800
-1882
-5102
-5659
-2726
-1625
-2841
-2735
-2357
-189
1027
685
482
154
126
-71
977
3537
4356
1807
1644
3145
3233
2948
2547
2647
3041
3202
3174
3066
2351
1195
-747
265
1753
987
296
-541
-201
-1074
-2164
-1835
-2170
-3572
-3098
-1010
-918
-1539
-2019
-3327
-3250
-1101
-1316
-1566
-44
-354
-1102
-311
-131
-391
-502
-700
735
2027
2281
1199
702
830
773
1354
1803
2368
2221
2142
1498
2296
2708
1275
1781
2781
3533
3648
3726
3183
2682
3025
3244
3928
4956
5447
5533
1699
-3657
-1173
3323
4430
367
-1730
786
-2170
-5230
-3260
-858
-4542
-7881
-5044
-1769
-3136
-7448
-8271
-7312
-6894
-6047
-4114
-2799
-3498
-5595
-5951
-2769
-1654
-2464
-2455
-1708
936
1993
1022
649
976
878
1538
3978
5342
5048
3108
1945
3348
4799
4185
3402
4281
4065
3005
2545
2120
1528
402
-419
467
1518
884
-920
-2092
-1967
-2366
-2510
-1156
-915
-2099
-2159
-2116
-3042
-3981
-3401
-2084
-1074
-510
-974
-993
-1655
-1775
-913
-624
509
973
326
741
711
-224
281
91
283
1732
1433
1658
1752
753
227
553
1233
1856
2306
2179
2583
2267
1922
1812
2254
2833
2975
3880
4081
4042
4020
4589
4640
5945
5687
-738
-2472
2876
7127
4479
-802
-265
-642
-4033
-3915
426
557
-4501
-6333
-4445
-2921
-5465
-8221
-8222
-6178
-5334
-5695
-3928
-3780
-6658
-8759
-6490
-3029
-1728
-1978
-2929
-2481
-1251
-896
-1635
-451
1143
631
1515
3172
4158
2661
680
1488
3612
4849
4918
4588
3822
3175
1788
1850
2434
2109
1886
1484
1560
1255
196
-932
-1117
-1157
-1090
-282
119
-334
-1506
-2274
-2331
-3423
-2536
-216
-315
-356
-595
-1680
-1792
-940
-417
257
494
464
653
76
225
11
-167
635
1146
1349
1567
1187
441
318
1037
2603
3017
2600
2707
2798
2461
2412
2962
3655
4194
4506
4694
4572
4296
3634
3982
5013
6320
6924
7230
4949
-1330
-1921
3210
6600
2991
-565
122
-2547
-5555
-4597
-311
-1324
-5937
-7531
-6642
-5564
-7875
-8805
-8131
-7616
-7329
-6349
-5623
-6202
-7671
-8777
-6721
-4024
-1333
-1549
-3095
-2861
-2406
-1340
-270
1444
2685
2271
1478
2174
3179
2891
2411
2919
4072
4360
4929
4321
2879
2389
1725
1927
2691
3474
2266
854
-30
-894
-37
451
609
-466
-862
-699
-1059
-793
-1070
-1578
-1828
-1687
-1595
-692
-59
-797
-2255
-2375
-1150
-522
56
-77
-628
-843
-584
-636
-647
236
307
218
638
824
1031
910
83
596
2398
2957
2571
2765
2944
2506
2330
2855
4241
4379
4258
4470
4425
4513
3835
3788
4778
4986
4445
5453
5868
4832
816
-3188
-799
3701
4282
564
-1464
-2221
-5976
-7332
-2773
-18
-3063
-7188
-8730
-7463
-7074
-7664
-6804
-5848
-6265
-7673
-7236
-5438
-5181
-6221
-6274
-4137
-1705
-960
-2085
-2936
-2175
-1232
-1056
963
3557
3014
484
-122
1294
2163
2709
2821
3456
3331
2571
1846
1929
3138
2641
1791
1580
2203
2115
1168
1467
1432
789
854
1380
1478
1158
683
473
51
-54
514
153
-381
-1431
-1961
-772
-147
-577
-1315
-1664
-1954
-1959
-962
-263
-967
-1815
-2129
-2176
-822
271
-211
-427
-565
-115
602
1044
1870
2131
1670
1945
3331
3902
3880
3321
2809
3594
4351
4792
5246
4644
3519
3523
3779
4206
4467
3803
3087
3168
3145
2830
2392
-460
-3185
-1470
1993
1931
-1210
-2434
-3113
-5602
-5501
-1852
-9
-2919
-6018
-6668
-6379
-5625
-4666
-3322
-3036
-4667
-6419
-5979
-4309
-3408
-3236
-3193
-2842
-2747
-2507
-2300
-2622
-2336
-2036
-1808
-728
694
648
-786
-991
-761
-392
831
2171
2260
1686
871
343
2211
3409
3105
2523
2342
2604
2846
3453
4065
4382
3344
2372
2919
3646
3704
3844
3658
2795
1730
1597
1661
1738
1519
142
-131
92
22
-717
-1274
-1280
-1702
-2358
-2133
-1122
-1349
-2284
-3058
-2853
-2169
-1412
-1020
-345
-24
-1099
-772
452
1026
1055
1760
2031
2105
2462
1935
2277
2726
2996
2793
2476
2900
2812
2279
1924
1909
2037
1595
975
1318
1283
558
31
-300
-80
52
-1201
-2346
-1777
-735
-645
-1583
-1941
-2357
-4052
-4082
-1896
-904
-1321
-2361
-3496
-3889
-4125
-3479
-1583
-781
-1762
-3151
-3458
-2729
-2122
-1656
-1681
-1809
-2375
-2372
-2010
-1738
-1225
-1605
-2059
-2383
-1344
-1018
-1221
-646
-577
-293
-534
-118
940
1439
1050
1104
1842
2376
2804
3166
3802
3446
3269
3163
3529
4694
4569
4084
3610
3765
3332
2602
2891
2716
2065
1432
1341
786
633
883
55
-696
-1107
-1317
-1656
-1536
-886
-1275
-2153
-2322
-2717
-2759
-1831
-1899
-2052
-1558
-1522
-1421
-890
-896
-1076
-545
-233
82
314
470
825
949
902
793
955
1072
1258
1603
1723
1850
1589
1272
1349
1213
1339
1149
683
778
733
198
-204
-66
0
-244
-308
-74
-759
-1558
-1402
-1181
-851
-1036
-1546
-1422
-1766
-2548
-2403
-2007
-1663
-1796
-2241
-2258
-2371
-2476
-2703
-2176
-1738
-2156
-2279
-2329
-2189
-1874
-1886
-1661
-1426
-1655
-1745
-1488
-318
397
42
-373
-54
479
269
650
1272
1345
1240
1112
1452
1973
2071
1708
1318
1941
2124
1942
2455
2503
2137
1822
2014
2303
2342
2196
1946
1764
1782
1907
2287
2317
1721
1408
1148
1162
1369
1462
1610
1243
487
281
390
222
24
-195
-189
24
-266
-323
-362
-902
-923
-814
-928
-478
-168
-568
-792
-893
-819
-731
-709
-406
-311
-424
-438
-109
225
173
99
-120
-101
-141
-379
-16
227
90
-41
-302
-306
-39
-590
-926
-438
-209
-415
-798
-860
-1026
-1296
-1265
-1359
-1229
-920
-1178
-980
-718
-1190
-1635
-1561
-1041
-600
-385
-356
-342
-292
-426
-771
-166
305
-50
64
365
627
634
365
63
257
342
202
245
375
202
-281
-48
102
185
105
-48
-22
-236
-59
233
519
459
250
304
483
645
753
794
951
1064
1084
1594
1695
1632
1331
1098
1538
1681
1571
1840
2301
1773
1466
1451
1076
938
923
1142
1377
1337
684
130
-88
64
24
-244
-116
-146
-405
-768
-824
-1129
-1192
-1249
-1384
-988
-1080
-1122
-1276
-1532
-1465
-1508
-1653
-1371
-1097
-1375
-1477
-1541
-1602
-1340
-1077
-1124
-981
-732
-1004
-1383
-1385
-980
-928
-1113
-969
-1008
-864
-713
-933
-1066
-951
-826
-672
-407
-376
-146
-247
-598
-240
228
474
887
936
852
1095
1007
1209
1311
1364
1109
1076
1650
1364
1100
689
433
91
20
556
721
233
-494
-408
-792
-861
-521
-475
-636
-737
-680
-726
-296
-139
-170
-204
-30
130
638
891
746
1135
1196
1158
1155
1392
1609
1738
1630
1465
1762
1809
1540
1381
1473
1216
1189
1222
1043
932
732
688
466
447
292
-35
-28
43
-141
-162
-177
-344
-543
-681
-122
-250
-489
-377
-709
-563
-397
-407
-346
-307
-519
-883
-510
-278
-689
-580
-586
-688
-636
-866
-760
-928
-1109
-1220
-1305
-1159
-1235
-1342
-1754
-1595
-1419
-1466
-1543
-1788
-1448
-1209
-1435
-1416
-943
-1122
-1301
-837
-522
-130
140
-155
-80
248
599
1204
1301
1507
1341
802
1133
1439
1673
1849
1659
1484
1424
1453
1319
1229
799
643
690
537
623
407
41
-159
-145
-293
-23
89
-46
48
-292
-461
-466
49
494
266
204
385
259
162
615
701
565
517
527
528
696
711
190
245
477
470
345
299
-131
-502
-254
-399
-433
-466
-635
-920
-641
-345
-559
-395
-533
-707
-578
-148
153
274
116
48
216
294
493
588
715
618
643
623
712
734
535
332
314
516
110
-28
-125
-587
-832
-867
-1075
-1279
-1359
-1572
-1675
-1755
-2012
-2198
-2302
-2285
-1869
-1899
-1853
-1693
-1959
-1880
-1503
-1238
-933
-619
-454
-42
221
186
291
689
856
1068
1552
1607
1467
1688
1650
1438
1775
1782
1639
1567
1456
1421
1338
1167
692
578
801
523
399
355
-49
-152
-136
-106
-243
-213
-200
-213
-36
-74
30
-173
-72
336
394
693
901
562
199
358
417
423
779
703
162
161
150
-192
-336
-548
-567
-534
-440
-683
-878
-1012
-1227
-1044
-1128
-838
-737
-887
-773
-597
-374
-97
118
36
153
305
586
785
974
1105
1020
1051
1083
1270
1265
1030
936
924
724
569
559
320
27
-306
-496
-614
-570
-472
-807
-1034
-1133
-1627
-1855
-1296
-1266
-1182
-1067
-1432
-1418
-1210
-1121
-1308
-824
-673
-715
-347
-185
-31
-273
-163
268
428
458
512
413
524
678
606
679
837
566
148
549
773
768
472
116
269
251
420
588
514
295
47
-60
102
451
527
427
194
225
439
152
249
511
357
440
430
282
243
217
-53
-186
104
131
-117
-297
-402
-519
-649
-762
-749
-622
-648
-818
-915
-823
-778
-799
-536
-372
-320
-369
-442
-138
64
183
564
822
880
818
693
917
1158
1395
1630
1657
1578
1371
1042
1024
1435
1271
1051
1179
888
615
622
457
141
-82
-26
84
89
88
-224
-672
-925
-1019
-815
-514
-532
-803
-1004
-1038
-1082
-1136
-987
-809
-636
-485
-498
-304
-464
-585
-227
127
550
640
406
112
231
487
851
1092
893
737
626
705
711
586
552
518
429
527
476
233
147
-311
-423
-97
-10
164
55
-397
-580
-413
-368
-167
-110
-114
-18
-155
-113
-224
-162
-192
-504
-405
211
201
-311
-483
-600
-598
-725
-694
-640
-551
-743
-1100
-1094
-923
-919
-1059
-859
-595
-562
-929
-814
-602
-619
-268
-162
-56
21
-126
-196
-60
243
359
306
490
647
352
105
270
329
378
592
508
460
353
-8
-4
185
262
222
132
129
-52
-216
-171
-150
-191
-214
-210
-447
-367
-192
-468
-439
-392
-565
-504
-312
-112
-6
-146
-139
-50
86
340
377
544
483
243
350
784
1042
893
654
455
563
672
742
586
525
476
227
110
142
288
-91
-382
-312
-174
-149
-267
-379
-468
-602
-490
-233
-311
-297
-283
-351
-473
-311
-191
-207
-229
-368
-290
-73
39
-81
-157
-265
-315
-249
-168
-125
-61
-111
-201
-244
-137
-11
-68
131
186
86
-89
-62
181
191
195
189
290
398
270
206
339
361
283
275
262
77
-79
-85
-60
38
108
-113
-382
-409
-495
-505
-487
-362
-239
-253
-293
-386
-332
-453
-392
-150
33
243
261
152
185
309
265
451
536
454
510
611
823
674
492
558
545
613
754
788
721
441
112
217
271
286
260
27
50
101
31
-71
-94
-146
-228
-144
17
-49
-267
-302
-282
-274
-92
114
45
0
-43
-168
-220
-257
-110
53
94
57
-9
-84
-231
-305
-340
-268
-113
-196
-244
-203
-334
-444
-548
-478
-231
-132
-158
-212
-195
-105
63
67
196
290
186
484
663
671
611
515
647
729
834
891
840
652
424
328
267
344
268
-80
-277
-380
-496
-633
-694
-797
-900
-802
-882
-945
-1051
-1121
-1063
-873
-734
-946
-807
-640
-676
-415
-134
-197
-130
-120
-103
305
463
584
608
432
435
553
732
889
838
727
794
626
490
614
580
539
390
387
404
307
232
179
294
223
146
128
144
21
-122
-135
-56
90
-51
-70
-82
-91
-149
-387
-313
-287
-253
-196
-349
-308
-237
-340
-424
-371
-407
-433
-327
-307
-331
-370
-323
-390
-401
-270
-151
-172
-237
-80
-46
-42
9
35
115
234
220
282
324
171
170
216
364
419
388
357
397
566
627
516
398
501
355
328
501
495
434
103
-15
-3
-48
0
-180
-277
-322
-504
-565
-684
-731
-729
-800
-692
-660
-593
-691
-812
-666
-669
-422
-249
-242
-134
-114
-81
27
301
455
413
370
557
682
613
672
814
910
905
836
830
944
880
782
710
534
476
482
596
778
703
386
172
140
90
87
202
210
71
-10
-80
-174
-138
-150
-139
-93
-88
-120
-163
-130
-262
-259
-147
-128
-180
-229
-168
-283
-269
-242
-379
-450
-532
-441
-440
-523
-542
-590
-537
-586
-511
-393
-434
-428
-409
-359
-237
-43
-41
9
223
279
354
513
466
427
609
726
695
706
800
657
597
630
585
582
493
337
155
161
-35
-176
-2
-116
-385
-470
-483
-614
-611
-613
-709
-707
-755
-733
-629
-539
-501
-522
-472
-384
-322
-300
-192
-160
-156
-75
-79
180
349
217
250
387
465
487
547
573
459
400
462
565
661
648
462
246
422
540
385
388
351
206
104
137
293
320
232
174
144
179
227
139
51
155
65
-70
156
176
39
19
-153
-223
-179
-147
-222
-219
-272
-476
-621
-581
-434
-340
-388
-658
-391
-290
-452
-1063
-909
-397
-1086
-711
-72
-42
-308
-99
146
-140
-124
259
304
120
548
608
584
780
883
812
854
745
554
602
633
647
614
576
478
363
205
251
248
69
-149
-143
-190
-420
-471
-418
-537
-591
-586
-514
-629
-695
-544
-743
-611
-603
-477
-505
-499
-436
-380
-264
-280
2
-80
77
33
32
149
208
210
177
248
248
299
222
353
316
318
212
117
158
164
97
-23
-8
103
147
-14
-26
-73
-151
-292
-414
-284
-70
-201
-199
-124
-190
-291
-483
-430
-466
-299
-235
-386
-400
-382
-516
-626
-485
-465
-491
-565
-601
-618
-659
-562
-615
-611
-481
-660
-623
-492
-485
-491
-514
-432
-479
-357
-242
-257
-192
-94
-9
-35
129
244
64
191
274
229
299
358
355
329
432
290
492
267
-34
286
-152
-83
116
-98
-53
-225
-180
-379
-488
-297
-389
-461
-506
-376
-455
-401
-198
-418
-366
-421
-509
-180
-251
-360
4
-158
-448
-62
-126
-177
-24
62
277
52
303
329
-249
38
170
-106
176
353
367
129
249
587
101
79
355
201
249
412
464
458
613
600
115
707
698
52
536
690
361
380
830
300
188
541
438
93
109
463
-101
-131
89
-18
-346
-453
-211
-464
-497
-97
-171
-308
-415
-416
-346
-658
-408
-95
-303
-144
236
-155
193
505
-154
660
384
-334
639
245
468
703
439
1199
373
476
980
142
464
666
-89
591
1096
-68
668
670
-58
767
28
226
628
-435
16
336
-33
299
75
77
299
-240
60
-4
-31
122
-833
307
532
-1122
180
-95
-606
-175
-679
479
-644
-506
272
-560
-90
-627
367
-94
-574
684
-234
-73
321
547
91
620
449
-97
1126
-364
1371
1336
-323
1784
915
101
747
1200
61
291
1336
-185
1307
881
-311
1135
-444
285
711
-104
-261
345
572
-1410
763
10
-773
319
-1241
574
-622
-973
900
-1056
-341
-44
-386
-471
-348
485
-1016
-544
509
-103
-941
602
-38
-978
902
-342
124
671
-44
-469
211
729
-708
909
320
195
978
-1312
1844
625
-2337
1684
1227
-1656
532
1908
-1009
383
686
-19
470
-545
740
-165
-985
101
1694
-1171
-1468
2785
-2054
-2187
2613
-1488
-1852
1132
-1213
-1444
-204
-8
-235
-1251
-647
177
-1535
-1593
1025
-884
-1247
808
-237
-592
-1030
236
432
-1037
-212
1330
230
-2121
790
2254
-1686
-898
2792
-946
-1313
559
862
1526
-3015
1668
2348
-3429
836
1340
-1294
300
-89
492
867
-2620
2145
184
-3455
3362
-1415
-1719
2464
-1472
126
458
-315
760
-2008
218
1006
-2502
1314
1007
-2315
1147
529
-1573
464
-367
-435
-462
-106
1168
-508
-476
385
544
-1450
-252
1067
-918
-122
349
222
358
-401
166
1058
-1494
211
1707
-1662
503
1440
-683
1164
-212
-266
1678
-1079
234
1583
-699
-149
922
1499
-426
-128
1960
-1640
-173
1158
151
-441
133
1423
-1404
-179
1121
-284
-1356
1135
-807
-1622
2208
-951
-1273
1953
-833
-1486
334
-614
797
-1627
1685
1117
-3441
2388
936
-2140
992
766
-1325
1433
498
-798
1315
502
-1617
1012
1821
-1719
618
357
380
-924
474
2634
-2538
-25
1205
-500
-1206
-24
2060
-2015
-559
1922
-1322
-855
715
-550
-54
-1460
669
2605
-4405
1225
3046
-3842
16
2126
-359
-1828
1889
301
-1522
1040
-11
-190
308
475
-654
-502
1047
-145
-1473
2079
-121
-2256
1641
-59
-1068
328
738
-431
-1163
1350
139
-1564
2351
-1241
-1696
3960
-2218
-1159
3735
-1400
-991
1028
453
78
-1333
1448
1069
-2468
1679
1401
-2976
1698
907
-2801
763
910
-688
-463
166
84
-137
-1109
138
468
-1448
1068
-1264
-430
2099
-2819
95
1920
-1736
-190
627
-653
-732
858
-250
-1691
1593
-106
-1943
1022
1528
-1584
-1258
1831
-1311
-962
1214
-415
-322
115
-78
-305
-584
37
397
-1120
480
167
-1214
1232
-763
-168
1355
-1664
-99
1243
-651
-810
1938
-1032
-665
2386
-2359
365
1740
-1156
-496
1037
871
-2174
376
2231
-2422
-63
1952
-982
-676
-391
1244
-592
-1294
1082
686
-959
-1054
1371
487
-2936
1265
2659
-3365
934
1649
-1146
33
-527
982
-115
-1318
1550
245
-1340
2084
-642
-1413
687
607
-1252
46
1870
-1907
522
-668
-406
904
-1867
1162
764
-1884
557
1205
-1742
-38
1386
-1085
-452
1185
-934
686
507
-1182
2285
-1493
-1669
4393
-3087
-2001
5369
-2804
-701
2209
-913
-762
-703
1878
-1558
-1043
2711
-1491
-1973
2443
-452
-2422
1426
199
-821
98
750
-182
-1543
2284
-693
-1351
2461
-1071
-472
1958
-661
-111
2057
-1668
812
1350
-1276
1462
533
-549
1428
69
-1803
3052
-48
-1759
2674
-680
-174
369
-1027
2617
-994
-1497
3542
-1915
-576
1743
-1638
586
735
-159
-661
401
1313
-1475
-838
2129
-2
-1980
824
2407
-1864
-1753
2882
-692
-1824
1248
1301
-1066
-791
1908
-518
-973
446
581
435
-1357
1044
709
-934
1302
-1424
53
1265
-908
-12
1694
394
-2310
1514
76
-1622
1787
-321
-555
548
257
717
-1634
906
1192
-2652
666
1452
-192
-430
-98
865
-461
-1338
1067
387
-1180
1075
-141
-797
372
822
-1142
-1842
2744
-788
-2701
1544
1587
-2150
-322
2761
-2661
-31
796
-368
-1133
194
3348
-4574
1122
4046
-4474
132
2521
-1457
-1205
1380
621
-1433
581
1452
-1242
-1814
2663
767
-4173
2604
2570
-3794
-198
3271
-965
-1940
2164
502
-1686
-562
2494
-1400
-1177
3748
-3283
424
2359
-2508
1268
-438
-100
1235
-1921
1363
1894
-3666
1489
2005
-3142
1262
988
-793
-441
1078
408
-1518
1242
-203
-282
-254
-349
972
-1352
57
907
-492
-856
552
461
-1438
272
382
-1074
-314
857
-148
-485
466
99
-253
-615
-90
1273
-649
-990
2024
-185
-1161
586
254
493
-972
-17
2223
-1918
-945
3187
-1847
-952
1853
-1163
652
-870
556
1498
-2602
1175
1015
-1412
-166
759
197
-1163
-955
2914
-565
-3920
3784
589
-3268
156
2932
-1086
-3495
3619
1216
-4740
1551
3729
-4461
-556
3617
-1555
-2148
1286
844
-1192
-1003
1389
82
-2075
1246
-520
417
-763
-945
2118
-1797
-1506
2255
1067
-3770
680
3832
-3317
-1426
3887
-810
-1614
605
1491
-378
-1916
2501
-1036
-844
2216
-1393
736
605
-2131
1289
226
-1122
58
610
732
-3260
2081
1388
-4387
2280
910
-2500
985
211
-888
158
-581
188
-407
-141
1005
-1603
496
1219
-1681
-55
1599
-1446
-464
2374
-1912
199
1254
-1141
656
-576
889
-262
-80
1042
-1234
872
148
-863
919
643
-1368
300
1778
-1160
-890
2177
-538
-1678
2213
114
-551
-256
936
768
-1886
1061
988
-4
-1001
631
1336
-1748
602
747
70
-681
250
1876
-2809
1289
2209
-3537
2061
804
-1576
496
715
929
-3089
1766
2866
-4674
387
4821
-3579
-2533
4799
361
-3948
617
4557
-3215
-2802
4787
-187
-3200
638
2901
-807
-2500
1449
2287
-2874
-1495
4254
-1561
-2118
2041
1324
-2312
-905
4439
-2898
-2626
4430
-68
-3854
2239
2625
-3917
109
3437
-2108
-1321
1987
-160
-1197
335
2391
-2891
86
3292
-2741
-592
1558
143
-1703
645
704
-1227
901
-992
-1524
3124
-2073
-2003
3636
-1755
-1959
1404
487
-2090
-373
2064
-310
-3206
1980
2442
-4994
459
4672
-3954
-1666
4628
-1622
-2370
706
2921
-2380
-2579
5135
-1724
-2974
3447
-66
-2200
1062
1081
-728
-941
2026
-526
-989
1375
-230
-225
-77
980
57
-1088
1140
1313
-2417
1833
1224
-1982
1625
387
-107
-371
761
1031
-1776
1112
1071
-2149
2298
-395
-1640
2172
-903
-1364
1947
-464
-1951
2105
-734
-723
117
499
-306
-1752
1746
-406
-1293
995
-507
-392
264
-780
645
-625
-55
300
-492
661
-472
-236
-48
58
607
-1021
205
1710
-2065
777
695
-1120
91
167
1043
-2012
1794
653
-1891
852
566
17
-1651
1897
248
-2075
1633
314
-711
-20
130
686
-1317
-315
1990
-1984
-510
2592
-1668
-1428
1654
-29
-1956
-143
2078
-1900
-1380
3278
-1915
-1516
2228
-1325
-639
-9
86
684
-1771
1063
965
-2691
2134
204
-3195
2783
-2
-1027
103
496
1926
-4124
1273
3482
-4042
-385
4283
-1642
-2429
2947
-148
-1043
-490
1874
226
-2602
3538
-795
-1826
2592
-1266
581
-379
763
313
-1853
3126
-2329
-444
3190
-2960
-99
2092
-1159
-318
-769
1595
826
-4217
2939
1412
-3965
2263
254
-1237
1458
-2268
1337
889
-2899
1237
1595
-2036
-571
3071
-2138
-1393
2534
436
-2341
56
3335
-1717
-1954
2767
870
-2329
402
2224
-1516
-222
1930
-1632
1311
605
-1371
1040
163
-149
-280
296
286
293
-565
185
366
-417
400
-76
-379
1031
-500
-1274
2339
-1049
-1456
1672
256
-1587
313
2150
-2519
-212
2218
-1892
-583
1304
-884
983
-1196
-1040
3397
-3072
-965
2962
-1021
-1317
433
1165
-654
-843
884
102
-516
25
634
-124
-535
1826
-1702
-254
2576
-2392
-443
2889
-1267
-1816
2377
-340
-1817
717
633
-71
-1360
106
2075
-2191
-1289
2698
-700
-2241
729
1894
-1722
-1156
1726
-332
-843
-243
592
718
-1856
893
1328
-2486
1573
433
-1969
1917
-201
-818
1089
-567
223
-314
-247
1659
-1803
-508
2460
-1966
-635
2307
-1691
-140
1151
-2222
1641
987
-3233
2257
1297
-2165
61
1469
1048
-2693
806
3493
-2130
-2044
4201
435
-3653
2848
1838
-2562
266
2485
-950
-402
614
654
762
-2745
1658
1823
-3351
462
1464
4
-1876
-628
3450
-2508
-1818
2113
797
-1814
-1707
4270
-1560
-2330
2878
50
-840
-448
1519
437
-1614
513
1444
-859
-1109
1300
946
-1668
-1048
2308
-329
-2630
1173
1494
-1591
-1340
1932
-241
-1981
1155
-120
-263
-322
-596
1074
-451
137
-553
772
524
-1854
1278
988
-98
-1690
2439
1059
-3740
2456
1009
-2081
730
937
-703
-83
-675
286
646
-1627
-181
358
526
-1483
-835
1698
-1318
-1018
128
846
-389
-1907
1965
-31
-2174
781
740
-667
-123
624
599
-356
-809
1644
-170
-1650
1919
252
-634
449
287
298
-1365
1179
19
-1645
1367
711
-1333
-610
1952
-1030
-1822
1676
996
-1647
-324
3045
-1337
-1651
2633
543
-1780
-276
3267
-954
-2073
2145
1302
-1712
-1034
2656
-622
-1621
201
2333
-1241
-2076
3037
-1448
-555
152
-182
873
-1692
604
1116
-956
-578
701
650
-822
-473
1185
644
-1012
-448
2681
-590
-2801
3543
852
-2898
1027
1806
-324
-2220
1302
1826
-3122
167
2558
-2025
-1125
2358
-1478
-1187
1985
-1426
-683
2026
-1040
-1518
1791
621
-1641
-1021
3072
-493
-3313
3047
1290
-2452
-676
2318
-191
-1978
943
834
-475
-486
-529
1077
-406
-1841
1766
-717
-1361
944
136
-725
-791
421
-7
293
-1668
185
2648
-2692
-106
2198
-890
-576
-184
1483
1203
-2657
108
4159
-2312
-2750
3702
1038
-3129
255
2664
-1018
-3307
2997
1088
-4291
1240
1741
-666
-3393
2360
2346
-5149
1240
2937
-2294
-1413
2281
819
-1925
-27
1827
-404
-1010
500
1701
-538
-1187
1940
504
-1391
-584
1456
464
-1981
503
1778
-1983
-973
1088
568
-2407
302
2386
-3037
188
1101
-196
-1457
29
2232
-1897
-776
2721
346
-2877
1804
2468
-2313
-378
2791
-487
-1172
1019
1032
-303
-1025
1475
-110
-763
62
264
589
-832
-1016
925
1160
-2554
-381
2800
-2288
-1749
3076
-1096
-1935
1088
847
-140
-2187
1862
1488
-3324
1196
2297
-2154
-123
1879
-1467
225
1026
-563
275
119
308
-1189
239
921
-1401
-575
1830
-1272
-1744
2818
-1640
-1878
2623
-446
-1830
2029
482
-2114
510
2023
-323
-2527
2878
2239
-3786
1406
4052
-3220
-1040
4185
-1216
-1900
1942
892
-941
-1019
1181
992
-2587
380
1170
-1281
-715
-463
1247
-846
-1432
391
1104
-685
-1943
1296
490
-1033
-460
1454
340
-1880
1610
13
-944
1409
-774
-83
1091
-429
-386
624
172
-330
-556
274
588
-902
-379
667
-199
-920
292
460
-1272
-393
1575
-1720
2
2294
-2017
570
1505
-1552
656
1080
-1300
847
1785
-987
-724
2688
-84
-2287
2475
507
-1321
240
1212
21
-2185
1536
1367
-2751
210
1708
-1003
-878
123
817
-793
-1105
732
623
-1018
-1000
1445
352
-1651
356
1974
-860
-1474
2314
576
-2231
795
2117
-1579
-984
1982
40
-1239
193
1464
-1792
-565
2473
-2295
-930
2824
-1508
-1884
2097
-559
-1120
684
-218
291
-679
667
295
-1107
507
1044
-221
-1514
2285
122
-1181
419
961
1295
-2941
1833
1458
-1537
-24
149
2171
-3236
312
2743
-3019
888
-208
-411
814
-1644
881
-234
-1253
718
116
-555
-283
395
361
-582
-828
2077
-266
-3121
3740
168
-3465
3164
626
-1855
126
1257
-277
-1720
1683
675
-2890
1543
2193
-4502
985
3147
-3563
-929
2270
300
-2855
418
2017
-1892
-750
1864
-401
-1342
1800
-85
-629
838
127
95
81
284
269
-148
460
20
-571
2064
-1135
-1272
2451
-1021
-946
882
-241
-136
-206
129
608
-1937
1394
1289
-3687
2315
1917
-2772
108
1410
993
-1741
-869
3878
-2002
-1618
3509
-2112
121
1500
-750
-476
-168
2378
-1606
-2347
3288
977
-4282
719
3720
-2196
-2819
2419
2754
-4185
-989
4236
-837
-3045
1109
3347
-3055
-1231
4374
-1930
-1757
3255
-145
-2089
1078
2617
-1748
-2599
4437
1086
-5582
2178
4319
-4104
-1996
3853
352
-3791
144
3130
-2263
-2484
3137
-673
-2510
1080
891
-1069
-1946
2428
131
-3737
2810
1190
-3054
1162
1539
-56
-2289
1315
2691
-2862
-15
2560
-324
-1838
1943
180
-1715
2034
-54
-1840
572
2227
-2072
-2325
3799
-195
-4180
2253
2296
-3350
-817
3171
-1038
-2618
2862
453
-2961
1511
1647
-1473
-1161
2124
211
-2097
1579
331
-1663
743
919
-2630
744
1948
-2944
34
1246
-506
-2181
75
2800
-3484
-1051
3437
-2310
-1469
1665
-125
-1169
488
601
-1470
948
1047
-2032
128
2806
-1209
-2331
3716
580
-3224
1790
1870
-808
-1373
1432
1837
-3439
1425
2354
-3738
1749
836
-1650
876
-450
428
-438
-98
-15
-675
808
-121
-1047
410
1778
-1653
-1018
2783
-823
-1952
2395
473
-2036
1222
1207
-1326
-1013
2721
-18
-3214
2643
1529
-3001
-318
2542
-769
-2223
1505
638
-1336
-364
896
-208
-1025
1128
-345
-1032
1654
-166
-1673
1645
954
-1951
505
1766
-128
-1592
824
2661
-1981
-1312
2897
-259
-2118
1779
825
-1866
709
569
-1131
244
335
-797
-557
376
415
-1549
28
1162
-1254
-417
351
374
-779
29
530
-750
903
-183
-447
700
-125
723
-418
-317
2306
-1319
-1331
2845
-54
-2650
1452
2415
-2952
-499
3380
-1612
-1789
2079
357
-1828
77
1993
-1483
-1174
2148
-580
-1454
916
893
-1537
431
1364
-1297
215
974
256
-884
823
1337
-1526
605
1249
-341
-552
851
1661
-1640
-395
2297
-256
-1468
524
1538
-1559
-207
1637
-1470
39
861
-177
-1274
428
2630
-3145
-696
4007
-2525
-1082
2329
-809
-490
696
252
-526
-147
1593
-994
-2114
4299
-791
-4905
4615
1941
-5269
729
4010
-2048
-2766
2168
2038
-3395
-143
2693
-2236
-453
1594
-1094
-987
1406
-155
-1532
349
1246
-811
-1084
1156
450
-721
-204
348
500
-718
-198
1200
-662
-446
263
917
-1600
120
2531
-3319
407
2696
-1554
-1792
1456
1846
-2154
-766
1931
368
-1472
220
1240
-841
-274
1367
-1664
231
2300
-2274
-230
1450
312
-1117
-1426
3302
-356
-3119
2101
1501
-2037
-629
2068
-944
-642
1446
-1136
-89
1794
-1306
-916
1516
811
-1055
-2202
3758
702
-4735
2476
2706
-2918
-902
2322
7
-1574
205
1249
-1571
68
785
-1814
647
849
-1583
-1213
2385
-500
-3073
1052
1927
-1445
-2807
2057
1369
-2582
-624
1961
-474
-1835
1955
-598
-1680
1840
589
-2328
-425
3399
-1647
-3485
3569
1582
-4330
148
3466
-975
-2904
1597
2060
-2844
125
2371
-1950
-1142
3284
-844
-3328
3346
1521
-3604
-235
3610
-158
-3727
1389
3498
-2201
-2146
2712
961
-2499
705
1676
-1558
330
998
-839
-290
932
507
-1340
-798
2329
-37
-2799
1375
1439
-1479
-644
816
89
-198
-496
-207
662
-28
-158
-720
96
1318
-770
-1694
1581
1053
-1457
-662
648
1715
-1338
-1781
1675
1370
-1613
-1923
2488
966
-2792
-34
2089
-447
-1995
681
1567
-1714
-134
1724
-1966
413
1722
-1362
-1137
2002
811
-2605
736
2142
-769
-2031
1535
2245
-2169
-947
2542
-238
-1791
1609
349
-1145
181
652
22
-1253
903
788
-1762
103
1523
-669
-1670
509
1514
-878
-2669
2191
1927
-3761
411
2068
-1288
-314
-286
218
1550
-1515
-192
602
-761
2187
-1797
-1299
2833
-170
-1753
-179
1912
99
-1868
252
1271
-41
-586
-1124
998
1353
-1745
-540
1002
995
-1416
-1525
2472
375
-2071
89
1708
-616
-1107
1533
-174
-167
-212
500
1359
-1890
858
1691
-2052
320
1670
-829
-977
251
1349
-978
-990
1689
-680
-1125
593
935
-1185
-382
1712
-1808
-210
1632
-1409
356
72
-636
1184
-366
-281
147
840
26
-1206
1254
1181
-1244
-688
2001
110
-1353
1178
348
-630
625
554
-712
-74
1127
194
-1454
150
2471
-1358
-2040
1887
1793
-2069
-1469
2238
677
-1646
-1085
2264
562
-1994
496
837
142
-103
-458
-113
1125
73
-845
66
612
1019
-1455
-960
2688
-567
-2309
1748
12
-1147
719
-642
-318
225
170
-487
-928
928
821
-1865
-486
2104
-556
-1627
662
1165
-496
-836
233
1072
-565
-769
1080
-354
105
145
-607
716
-190
-502
773
-723
-321
1436
-1258
-699
1611
-644
-740
342
172
261
-1383
971
736
-1981
1109
802
-1253
-491
1598
-159
-1591
1289
644
-1006
12
446
162
-312
-646
1368
-183
-1550
1414
713
-1797
239
1497
-682
-619
-67
1399
-671
-1549
2029
-236
-1297
1037
283
-1076
433
778
-572
-802
1153
926
-2245
844
1864
-1847
-720
2114
-260
-1560
934
751
-413
-1407
1673
886
-2794
940
1809
-2037
-605
2592
-877
-2280
1495
1555
-1928
-1227
2390
308
-2810
974
2197
-1827
-555
1376
-61
-702
320
1064
-862
-783
1487
324
-1259
26
1526
-615
-1228
1240
240
-76
-827
-345
1711
-1005
-804
522
270
131
-1430
632
1174
-1472
-579
932
186
-1104
-12
1009
-1016
-492
1412
-231
-1311
108
1851
-430
-2229
1876
1305
-1824
-671
1383
1170
-1957
-555
1944
-349
-1064
455
643
-585
-311
325
289
-498
-385
791
-834
-86
517
-211
-282
-584
659
194
-577
-414
655
535
-874
-757
1531
389
-2318
1153
1138
-993
-596
376
1230
-1277
-1055
2119
-13
-2608
1360
1714
-2230
-761
2376
-498
-2430
1661
1021
-1947
-364
1720
80
-2409
971
2009
-2448
-482
1959
-79
-1375
102
1327
-1257
175
772
-1131
354
789
-532
-747
855
-130
-454
366
-119
156
-304
521
182
-864
741
997
-600
-738
971
913
-264
-938
707
1607
-801
-963
926
1612
-1291
-516
1515
-134
-260
-237
728
-163
-512
579
-181
-78
81
7
-194
62
631
-536
-647
874
289
-477
-357
365
971
-737
-1223
1462
939
-1579
-179
1271
627
-1481
-131
2270
-1234
-1066
2170
-471
-1558
1315
484
-1244
-323
1286
46
-1552
617
1039
-866
-887
775
731
-1058
-506
1357
-93
-873
-75
825
681
-1783
193
2049
-596
-1914
997
1967
-1380
-1597
1749
1520
-2057
-702
1900
207
-1681
162
1359
-541
-1142
871
930
-1766
6
1539
-899
-1063
805
1071
-1071
-1552
2114
711
-2541
488
1532
27
-1293
7
1769
-632
-1614
1278
1339
-1342
-679
1193
491
-941
-299
561
402
-535
-362
378
406
-45
-1036
255
883
-642
-481
394
447
-739
-306
775
30
-754
-132
1166
-986
-122
990
-1249
-192
1014
1
-1296
-104
1732
-381
-2743
1531
2282
-2470
-1784
2336
1035
-2534
-168
1639
-282
-1590
800
802
-1110
155
4
-419
572
-26
-704
36
438
152
-896
558
366
-754
131
245
-156
-613
865
-528
-1207
1193
278
-1073
-756
633
723
-2007
-435
1601
-675
-1677
166
1451
-1278
-1349
445
883
-1027
-1634
1391
279
-1455
-670
1015
353
-1533
-607
1260
-11
-1396
4
751
102
-1853
446
1531
-1320
-680
232
644
-437
-1059
983
-205
-1065
684
183
-740
-545
619
336
-1167
-453
1268
120
-1812
137
1371
-317
-1578
57
1427
-565
-1405
642
741
-826
-233
17
298
111
-469
227
-223
-433
877
383
-1467
374
1292
-291
-719
-246
1922
-335
-1632
1822
431
-660
138
287
960
-563
-244
1352
-263
-221
1074
-374
-121
1037
34
-198
-118
1164
542
-1502
917
1497
-317
-1035
726
2168
-1022
-1363
2177
1244
-1821
-296
1771
1220
-1263
-920
2125
669
-1017
361
858
212
324
34
29
767
409
0
-274
612
1082
-233
-305
431
757
382
-573
331
1134
-166
-371
426
1215
-277
-640
890
610
269
-684
452
849
-412
152
56
383
572
-694
45
867
-121
44
-441
297
679
-983
323
772
-176
-829
-272
1342
-80
-1420
69
1384
-364
-997
373
708
-346
-925
698
190
-375
-10
-112
108
-103
-100
-256
-83
439
-350
-847
969
69
-1060
100
-279
165
-41
-555
-334
-184
538
-524
-809
352
-100
-566
19
-256
-162
4
-620
-11
-69
156
-510
-750
828
151
-1000
-324
1255
-72
-1284
32
845
325
-1157
-454
1035
151
-867
-101
665
-457
-418
240
-183
106
-848
160
664
-761
-127
66
308
-663
-616
885
-142
-1024
29
789
-493
-785
626
290
-867
-216
714
-361
-459
106
-355
-254
286
-104
-587
296
17
-533
-354
661
196
-1599
337
1254
-959
-886
758
249
-807
-361
597
79
-937
-37
792
-277
-706
433
41
45
-240
-469
920
208
-948
-293
892
21
-1125
-381
1111
-93
-1365
471
420
-393
-575
-225
664
-27
-961
342
611
-764
-138
394
9
-441
-257
629
-50
-770
377
494
-890
-586
1021
575
-1273
-552
1457
461
-1649
-244
1946
-206
-2029
792
1851
-865
-1690
926
1721
-1118
-1018
951
689
-150
-886
128
1236
-98
-874
191
1217
10
-1005
810
644
-526
169
537
11
-195
595
213
-612
498
875
-693
-253
875
227
-378
-56
426
367
-194
-314
425
511
396
-642
-326
1584
82
-1426
857
1354
-880
-258
740
311
-304
-110
606
29
7
452
135
-329
495
566
-591
-82
1004
258
-892
-56
899
411
-885
-395
1188
68
-927
298
577
-126
-382
37
576
-278
-510
549
161
-427
-65
73
334
28
-880
510
707
-629
102
-101
-18
131
172
-59
-490
550
269
-494
-276
529
300
-715
-380
736
318
-865
-252
399
-26
13
-443
-407
862
-159
-1150
389
682
-541
-528
307
477
-685
-164
629
-667
-184
533
-379
-578
370
236
-768
-352
656
-24
-904
-14
518
-411
-577
276
-94
-367
1
-395
-37
-3
-516
-161
54
-82
-646
115
135
-777
-69
289
36
-686
-299
619
-208
-650
159
-84
-420
149
72
-490
-378
391
102
-692
-183
341
-228
-358
-58
-33
-27
-146
-294
-105
169
7
-488
-114
303
-217
7
-163
-76
372
-343
-261
194
386
103
-615
74
808
-279
-548
545
492
-324
-245
424
330
-15
-193
33
443
52
-144
79
89
133
-84
-48
257
-113
5
242
-166
31
375
-68
-390
178
589
-24
-466
162
536
-3
-228
239
298
-93
-29
377
360
-333
149
756
-322
64
738
128
-42
-79
717
707
-843
87
1092
-115
-95
76
308
540
-238
-196
305
455
132
-145
43
357
397
62
-384
231
1075
-237
-674
552
994
-34
-925
582
1230
-87
-648
313
1005
340
-163
-315
312
1165
77
-1041
273
1423
201
-1224
-34
1542
316
-1135
-576
1183
972
-1191
-643
743
501
-108
-870
-105
940
204
-719
-309
488
459
64
-964
-150
1468
307
-1253
-343
1442
538
-1096
-370
1108
537
-451
-575
295
1186
-195
-1016
7
1136
184
-969
-292
582
266
-689
-366
7
449
-14
-754
-361
208
730
-652
-1043
396
575
-169
-1054
-324
792
-92
-946
-136
469
33
-564
-608
358
387
-607
-285
-47
-321
478
-111
-1193
-99
936
-241
-1321
-221
927
119
-1434
-233
513
-32
-410
-754
150
173
-243
-610
-345
122
147
-651
-787
323
151
-411
-832
-216
425
-460
-612
27
-313
-191
-251
-528
23
-147
-293
-314
-402
35
235
-496
-687
-67
335
-151
-751
-44
74
-245
-440
-175
300
-284
-301
90
72
-193
-65
180
-47
-295
-40
547
-224
-432
298
38
-101
-57
11
130
-67
-189
69
228
67
-201
-197
196
342
-183
-175
184
75
164
-33
4
135
77
-114
-123
216
96
-92
-139
106
150
214
-225
-138
482
28
-67
128
399
75
-270
227
538
-103
-372
476
316
-94
169
179
33
296
210
-53
98
233
459
-106
-405
362
436
107
-284
-237
517
246
-78
-233
-136
535
320
-119
-580
280
941
-458
-605
522
628
-312
-318
293
226
227
178
-292
-139
630
505
-507
-467
888
421
-711
-26
596
229
-364
-111
448
236
140
-137
-92
434
47
-208
206
184
-376
142
244
-242
-43
226
26
-358
258
398
-234
-241
516
8
-366
381
376
-173
-287
338
513
68
-329
250
536
159
-160
123
293
110
480
-212
-290
678
577
-187
-383
332
512
215
-50
-271
223
659
184
-564
-105
657
325
-521
-141
442
236
-14
-446
305
103
69
241
-255
187
264
250
-206
23
368
238
-198
-134
506
283
-56
-184
149
368
304
-314
-125
384
-13
-62
120
128
11
126
-151
-151
264
-38
-176
-20
-55
195
188
-267
-69
88
-102
-9
-46
165
-164
-409
210
137
-67
-114
-223
-206
175
102
-487
-145
114
-39
-274
-299
92
-71
-250
-325
-242
-7
-19
-176
-348
-298
-61
221
-395
-634
-110
24
-98
-501
-166
231
-305
-534
-49
83
-264
-330
-234
-202
130
-67
-620
-337
222
127
-603
-285
260
-63
-384
-344
140
63
-226
-235
-63
-132
-139
282
-199
-561
109
309
-232
-373
4
-19
-45
200
-246
-374
221
321
-305
-447
421
211
-208
3
-116
109
285
1
-292
-12
167
102
7
-271
94
276
30
-10
-54
76
142
77
59
12
42
268
280
-130
-243
305
493
-114
-281
163
551
67
-287
194
327
256
-78
23
296
185
138
-119
112
394
-12
-155
160
210
99
-64
-1
334
136
-7
-131
22
385
-111
-197
11
93
104
-160
-108
105
10
12
0
-23
173
-144
40
142
47
-73
37
211
-311
134
218
-96
-129
211
270
-243
17
256
94
-99
-83
50
259
-91
-247
-148
-67
252
-140
-274
17
112
-43
-197
-90
183
93
-413
-55
267
-129
-189
-3
-107
34
96
-360
-59
74
-106
-133
-226
184
160
-295
-164
171
88
29
-213
-82
185
-19
-102
-210
57
48
-92
-111
-129
264
129
-420
-107
390
74
-240
-149
245
98
-138
26
-88
160
57
-216
106
286
-32
-205
42
124
106
-86
-41
5
110
124
-255
-23
270
50
-198
-14
156
144
-146
-96
207
-33
18
100
29
-20
36
19
93
123
-39
22
91
201
122
36
-38
117
225
51
-58
-71
145
110
17
3
9
61
65
73
10
-38
40
18
-101
-112
103
65
-258
16
159
-54
-65
-71
-32
29
-58
-87
52
24
-161
-143
40
-86
-76
-56
-90
-13
-102
-115
-65
167
-77
-80
143
-82
-42
-29
31
-114
-202
83
-32
-304
5
-70
-221
17
7
-190
-329
158
-32
-364
-149
-43
-13
-150
-190
-173
-11
-60
-203
-267
-41
29
-173
-211
-132
101
-41
-159
-45
1
21
-1
-140
-55
203
-25
-207
26
148
-29
-186
-2
77
-125
-173
30
-45
-167
37
-132
-138
-70
-8
-20
-248
-19
19
-220
-96
37
-192
-84
-35
-88
-97
-56
-56
-123
143
-36
-24
119
71
0
-108
48
136
108
-33
32
138
94
51
61
81
42
123
56
14
131
73
5
66
17
47
170
18
-8
85
264
242
-53
174
299
162
127
104
202
158
127
-5
76
421
206
-87
115
373
193
-51
73
383
193
-7
208
95
241
252
-159
-12
297
187
-43
-43
187
350
-91
-96
345
168
6
2
197
223
109
159
-51
55
256
28
-113
80
195
0
25
8
-9
184
-20
-68
43
76
82
-140
43
148
-20
-16
14
48
-41
-2
-23
-116
21
-8
-18
-89
-138
164
-53
-165
35
19
83
-21
-5
78
-31
-96
130
31
-243
73
76
-130
-23
60
3
-124
24
65
-145
-54
79
-64
-97
138
30
-148
89
115
-53
3
128
113
12
156
176
-97
195
272
-60
113
361
182
-2
245
184
148
181
109
178
112
190
124
4
79
107
4
3
25
-9
-58
-53
-30
-93
-48
-47
-31
-68
-164
-115
-24
-145
-246
-77
9
-185
-154
51
-123
-176
-103
-82
-67
-126
-11
-106
-247
12
73
-150
-228
12
137
-144
-216
-24
92
-114
-146
74
-30
-58
-72
-124
1
-16
-135
-12
16
-94
-64
-66
-34
-19
-84
-10
12
-114
-73
-49
-148
-79
-17
-157
-196
-38
59
-180
-216
74
4
-186
-203
-9
-53
-220
-129
-97
-154
-153
-86
-151
-153
-9
-42
-221
-138
45
-67
-223
-128
14
-5
-210
-223
78
-68
-218
-109
-107
-14
-26
-138
-139
-76
-45
-50
-195
-137
9
-66
-200
-59
39
-143
-117
-97
-47
-101
-45
-37
-129
-2
-68
-121
-29
65
-71
-115
126
135
-54
19
137
118
34
56
184
86
145
143
44
186
199
70
-4
142
197
32
93
180
111
55
91
132
63
-26
-11
64
68
49
5
5
105
107
-91
14
136
7
-39
50
194
8
48
163
114
31
34
166
36
55
97
80
70
231
109
-69
203
77
24
111
86
72
45
45
16
61
-42
-30
120
-17
-73
7
27
51
-45
-123
19
68
-49
-32
-19
-41
17
-47
-154
-38
45
-57
-116
-52
45
7
-55
-122
-35
145
-67
-129
63
1
20
29
-65
32
73
37
-59
-89
164
73
-110
69
131
28
-11
10
64
99
-4
-25
67
95
9
-76
0
117
29
-43
61
53
-47
-52
74
34
-81
-44
20
-30
-76
-30
-73
-64
54
-25
-141
5
-23
-161
-119
-47
-86
-133
-47
-69
-172
-114
-26
-107
-148
-96
-59
-55
0
-37
-144
-10
53
-154
-140
33
40
-58
-141
77
41
-119
5
-45
-101
9
36
-80
-27
26
61
-10
-19
90
-30
-18
-38
-16
27
-2
-28
-30
-37
-41
102
-111
-159
87
81
-65
-73
38
71
23
-123
3
80
-34
-13
-18
-10
115
51
-95
90
84
-57
71
69
0
77
66
72
94
5
60
96
54
-11
-76
60
124
-21
-117
46
74
9
-1
-58
137
47
-72
81
109
44
-29
14
48
52
-91
14
140
-67
-29
37
-16
20
-50
-110
98
24
-145
-40
-53
-29
-37
-112
-6
-6
-79
-45
-122
-107
48
-41
-134
-20
37
-47
-102
-23
49
59
-81
-29
84
-4
50
17
-50
127
153
-54
-3
183
183
48
48
124
141
80
26
88
71
139
85
-20
90
189
34
-73
130
135
52
-65
13
136
23
-66
-64
90
0
-83
-85
43
87
-48
32
-25
103
116
-71
23
141
42
-84
23
51
5
-28
14
25
14
21
-72
-18
-12
13
4
-39
30
5
-9
-77
-22
0
-47
-11
-99
-36
38
-22
-78
-3
80
83
36
-46
43
89
17
0
36
89
131
16
-25
71
48
52
46
54
74
112
13
-64
93
70
-11
35
127
19
-49
37
-14
21
-25
-4
16
0
57
-37
-11
13
