124
112
107
114
119
117
114
94
69
62
57
57
65
68
84
102
110
131
145
153
163
153
148
157
160
163
172
179
189
207
208
196
193
179
151
131
113
102
92
82
83
76
65
57
31
16
5
1
-3
-9
-4
-11
-10
0
4
5
3
-5
-12
-16
-11
-3
3
1
13
14
-1
1
-12
-26
-39
-64
-89
-101
-106
-109
-104
-103
-110
-135
-148
-162
-189
-202
-211
-224
-234
-233
-216
-211
-204
-190
-202
-216
-205
-201
-193
-176
-158
-142
-124
-103
-93
-85
-92
-102
-109
-119
-121
-133
-127
-116
-107
-96
-97
-96
-112
-140
-176
-201
-214
-220
-233
-234
-229
-242
-249
-252
-231
-215
-205
-203
-216
-223
-228
-215
-196
-184
-178
-178
-186
-187
-179
-171
-159
-147
-150
-144
-126
-117
-102
-109
-120
-141
-155
-157
-178
-190
-213
-231
-220
-205
-192
-181
-186
-193
-197
-197
-198
-197
-193
-187
-174
-162
-148
-141
-145
-149
-154
-151
-146
-133
-122
-116
-104
-106
-99
-102
-120
-130
-144
-135
-125
-119
-106
-113
-109
-94
-85
-69
-58
-63
-59
-65
-86
-95
-107
-116
-127
-127
-120
-113
-83
-48
-28
-19
-28
-44
-44
-53
-53
-46
-44
-34
-32
-24
-25
-27
-37
-48
-55
-54
-42
-22
-11
-10
-17
-31
-28
-26
-24
-12
1
9
22
35
27
20
16
6
3
7
15
26
24
29
34
36
46
58
74
91
119
134
150
168
166
159
151
143
132
140
142
138
148
141
144
136
130
128
117
119
112
111
129
144
150
155
149
139
133
133
131
124
129
128
140
156
177
197
212
231
236
237
232
248
246
236
252
252
253
258
264
263
246
230
226
219
208
207
209
205
193
187
180
165
152
130
114
112
120
132
137
155
170
178
176
165
153
145
147
140
141
141
153
150
124
108
82
74
75
72
59
53
55
48
36
31
36
40
56
51
62
75
86
94
92
102
95
95
99
111
120
109
110
107
100
92
81
60
35
11
-17
-42
-67
-101
-122
-130
-135
-139
-127
-118
-118
-107
-96
-74
-64
-57
-39
-30
-22
-4
22
35
40
59
65
70
73
68
73
74
68
49
41
29
27
30
12
-5
-30
-49
-82
-105
-117
-127
-133
-152
-163
-180
-184
-177
-167
-164
-159
-149
-142
-128
-130
-127
-114
-112
-112
-99
-81
-65
-45
-30
-29
-32
-40
-56
-56
-57
-61
-42
-35
-46
-48
-49
-46
-41
-30
-14
-10
-26
-40
-44
-67
-91
-110
-125
-134
-119
-112
-113
-106
-113
-132
-143
-142
-138
-127
-118
-105
-91
-83
-89
-103
-102
-113
-123
-112
-98
-91
-83
-68
-55
-50
-41
-38
-26
-6
-2
0
3
7
9
5
4
0
-2
1
-2
-5
-7
-15
-32
-31
-32
-39
-48
-46
-47
-56
-36
-41
-50
-51
-48
-46
-49
-43
-43
-34
-32
-22
-13
2
24
28
36
45
49
41
43
45
40
39
37
26
21
20
30
43
55
64
67
82
81
71
57
46
46
43
46
48
65
83
96
105
94
88
87
90
93
100
109
104
105
114
117
114
106
109
116
132
148
150
155
157
147
145
144
144
145
145
143
138
132
135
139
122
100
87
82
80
76
78
87
93
84
78
79
74
83
102
114
128
133
122
109
92
86
88
96
89
71
72
69
74
61
40
28
13
10
-3
3
12
-1
-10
-20
-23
-29
-34
-45
-62
-78
-89
-98
-109
-103
-102
-91
-74
-61
-56
-60
-65
-77
-86
-88
-94
-116
-115
-121
-131
-121
-130
-129
-136
-147
-156
-169
-180
-185
-184
-187
-179
-186
-190
-182
-184
-183
-189
-182
-170
-166
-171
-191
-193
-198
-211
-199
-195
-195
-189
-205
-213
-218
-224
-224
-227
-233
-229
-226
-226
-225
-222
-208
-205
-205
-205
-199
-187
-187
-179
-166
-168
-175
-175
-174
-169
-149
-135
-122
-101
-99
-94
-87
-91
-82
-80
-80
-82
-77
-84
-102
-108
-119
-121
-129
-133
-138
-141
-136
-129
-115
-112
-114
-117
-124
-124
-108
-96
-83
-69
-67
-79
-74
-73
-64
-48
-52
-44
-44
-29
-13
2
15
18
18
15
12
11
10
8
0
-11
-10
-19
-27
-34
-33
-17
-9
-1
3
4
7
4
1
-3
-23
-30
-32
-26
-21
-20
4
19
36
40
34
42
39
40
42
51
52
49
55
61
73
87
112
119
117
110
100
98
88
83
65
56
49
42
40
33
37
37
45
64
74
76
69
75
94
112
128
138
149
161
167
190
219
253
279
298
316
327
336
337
337
334
326
324
332
343
350
356
353
345
333
323
305
293
283
257
242
230
218
208
189
162
123
96
75
65
72
83
97
114
121
117
116
117
111
115
120
116
117
120
117
124
126
129
142
150
165
162
138
130
110
87
79
63
52
46
41
25
10
-6
-31
-37
-56
-74
-89
-98
-105
-113
-120
-129
-125
-115
-101
-83
-76
-63
-57
-59
-60
-64
-65
-63
-61
-61
-63
-65
-72
-87
-87
-79
-74
-62
-52
-55
-68
-84
-110
-126
-136
-143
-144
-161
-162
-179
-180
-181
-187
-176
-185
-195
-196
-191
-186
-173
-168
-160
-140
-136
-121
-104
-102
-104
-109
-109
-108
-89
-79
-67
-46
-35
-19
2
19
21
25
29
40
49
56
72
76
76
78
91
88
93
94
85
82
74
64
55
59
64
73
83
99
104
94
81
73
59
43
38
39
56
54
65
81
77
78
71
74
76
94
110
110
122
128
128
133
121
105
92
72
67
55
69
78
76
90
104
121
120
107
98
105
99
96
87
72
75
61
65
72
94
116
126
158
190
205
207
209
219
228
228
234
241
248
240
242
256
268
276
269
261
243
231
226
223
208
201
189
175
168
158
155
151
153
150
157
162
152
152
153
145
140
122
104
100
106
116
123
147
152
151
150
146
150
147
146
152
162
148
138
128
114
100
84
73
64
52
29
18
0
-23
-26
-38
-61
-74
-91
-109
-103
-114
-129
-131
-132
-126
-131
-135
-143
-153
-154
-153
-155
-151
-144
-143
-130
-129
-138
-133
-139
-139
-138
-142
-135
-140
-133
-133
-145
-147
-170
-194
-208
-219
-227
-226
-233
-257
-275
-290
-304
-323
-346
-360
-375
-377
-385
-395
-405
-420
-426
-419
-407
-402
-380
-372
-363
-358
-354
-350
-351
-350
-344
-317
-305
-284
-262
-244
-227
-212
-186
-174
-171
-166
-154
-142
-140
-141
-156
-182
-207
-221
-233
-248
-255
-262
-256
-257
-243
-226
-223
-214
-227
-222
-217
-209
-209
-223
-219
-217
-211
-201
-183
-167
-150
-119
-92
-53
-43
-28
-13
-18
-20
-13
-8
-19
-5
4
6
10
14
14
20
35
26
24
8
-9
-24
-42
-46
-57
-66
-64
-66
-71
-71
-68
-66
-58
-53
-55
-62
-62
-43
-27
-22
-14
4
11
19
36
36
33
26
24
22
18
26
21
20
29
31
36
40
43
35
19
10
-1
-13
-19
-19
-26
-33
-36
-43
-48
-52
-62
-73
-76
-76
-73
-83
-87
-79
-67
-56
-51
-49
-59
-59
-59
-64
-84
-98
-94
-95
-75
-56
-47
-31
-18
-9
3
20
13
7
1
-3
-6
-18
-19
-10
-3
11
26
36
36
48
66
72
83
94
100
96
96
93
86
81
61
61
61
59
75
83
84
90
85
81
95
86
86
102
101
122
139
148
149
138
149
150
151
159
164
162
163
169
178
208
213
227
237
241
247
237
246
243
236
244
257
249
247
245
221
212
230
251
265
280
292
297
298
303
291
282
294
308
299
292
294
300
295
286
295
295
295
304
300
284
284
269
240
223
214
218
192
163
177
178
139
124
138
123
86
66
78
73
51
50
50
56
63
70
65
56
68
70
55
51
71
86
92
99
127
141
129
95
81
86
71
44
23
44
42
5
-33
-24
-13
-45
-68
-72
-71
-83
-109
-129
-117
-136
-173
-190
-197
-183
-181
-191
-181
-155
-159
-165
-154
-156
-152
-136
-164
-188
-162
-148
-176
-193
-176
-155
-167
-205
-173
-134
-172
-196
-153
-128
-167
-206
-187
-160
-204
-230
-188
-174
-218
-196
-151
-183
-194
-147
-126
-166
-164
-97
-60
-116
-104
-3
-12
-72
-43
41
9
-59
-16
28
-6
-41
-27
-8
-20
-27
-13
-24
-30
-41
-50
-47
-56
-59
-45
-49
-65
-45
-28
-19
-55
-62
0
6
-52
-36
56
59
-36
-42
97
46
-95
23
121
18
-16
80
142
75
27
154
187
46
44
177
146
37
104
175
103
41
140
174
28
20
131
118
16
20
170
150
-23
101
221
92
34
40
102
115
-46
-38
143
67
13
91
61
122
97
-85
39
223
-25
-49
186
103
-17
24
93
20
-51
77
97
-76
-22
97
25
-102
-25
165
12
-175
36
153
-162
-170
45
-38
-106
-89
-70
-29
-104
-162
-40
-56
-142
-151
-23
1
-227
-142
65
-100
-239
-54
77
3
-197
-94
237
36
-243
-15
191
25
-107
-77
71
144
-114
-158
157
145
-101
-85
100
106
-135
11
150
-146
-17
208
-34
-191
73
221
-100
-329
135
329
-268
-243
228
172
-177
-195
152
141
-184
-23
165
7
94
38
-17
108
75
39
31
6
125
255
-2
-58
259
312
-47
-52
292
325
13
-161
260
362
-178
-179
432
191
-205
135
273
47
-21
100
60
80
47
46
-8
110
209
-128
-106
305
281
-350
-71
638
25
-429
345
280
-49
126
-35
294
105
-170
216
-36
-179
296
29
-234
11
109
114
-450
-123
308
-271
-192
-2
-233
177
-118
-637
312
138
-582
-198
135
-48
-372
-285
219
62
-383
-78
174
-77
-345
46
-158
-296
147
-130
-284
-127
85
80
-403
-431
417
152
-806
-73
396
-333
-274
-168
-67
125
-466
-248
141
-262
-202
15
-280
-215
133
-154
-340
-120
338
-191
-613
416
130
-537
-172
115
155
-514
-372
538
-169
-569
62
289
-201
-566
232
216
-434
-252
175
65
-219
-377
157
418
-612
-207
469
-249
-395
81
129
-125
-205
224
80
-358
-6
280
-71
-498
196
261
-254
-246
47
302
-215
-175
127
0
8
-86
-140
152
-46
15
63
-47
213
-128
112
65
-320
246
202
-225
-99
190
385
-254
-181
508
-90
-156
64
-31
220
-40
-330
250
251
-372
-155
263
160
-298
-354
393
344
-589
-344
628
262
-750
-110
686
-67
-474
170
341
-207
-184
493
99
-645
458
709
-736
-325
899
115
-647
180
163
146
280
-676
112
882
-150
-609
293
857
-349
-630
589
433
-314
-228
160
804
-437
-518
1179
-48
-663
441
489
-129
-343
703
433
-839
895
442
-746
510
258
261
-222
-75
971
-15
-569
780
225
-137
282
-92
451
-53
171
168
-305
571
626
-779
21
1457
-406
-788
875
875
-600
-444
1096
735
-1291
277
1580
-884
-336
985
402
-377
-98
731
527
-754
130
1295
-655
-262
1242
-21
-711
814
523
-638
75
766
32
-283
126
504
357
-841
403
847
-665
-302
827
47
-598
193
289
170
-577
173
664
-763
-72
767
-615
-92
432
-273
5
-63
134
-46
22
-216
325
323
-780
43
683
-456
-706
777
-44
-332
-21
-35
336
-319
-418
108
165
-350
-390
179
-37
-705
404
-413
-628
743
-516
-672
303
-65
-314
-71
-406
-15
279
-359
-721
516
49
-828
63
-321
66
-113
-415
-37
-104
-104
-197
-354
-207
-105
-358
195
-674
-473
711
-612
-791
124
1
-325
-745
-63
382
-883
-339
290
-393
-570
8
257
-587
-615
424
168
-1154
49
666
-614
-449
90
508
-484
-681
764
-16
-644
90
410
-201
-508
211
605
-518
-810
1367
250
-1913
1119
1261
-1822
51
927
-278
-292
-560
765
693
-1862
234
1768
-1647
-922
1569
-197
-1360
464
865
-993
-878
1402
54
-1758
537
1446
-1255
-1217
1714
286
-1686
407
1300
-795
-845
1331
-27
-1350
977
272
-696
219
-316
348
493
-1093
141
860
-881
-277
741
-270
-559
634
-526
-191
695
-832
91
737
-810
-162
895
-346
-362
-31
720
-222
-1051
1542
265
-2039
1192
1405
-1872
250
1111
-432
-154
277
66
-93
586
-497
-99
854
-623
14
511
-627
399
131
-300
691
-555
-2
601
-197
213
-278
357
364
-686
770
-105
-887
1582
-367
-1260
1492
-99
-204
87
-597
1558
-515
-934
1134
-243
396
-245
-740
1317
48
-1154
374
935
-179
-883
377
953
-778
-286
879
-182
-330
335
-139
289
-96
-722
1463
-490
-1347
2106
-427
-1754
1997
-558
-875
1145
-572
448
-940
105
1766
-2134
-809
2941
-1192
-2011
1895
262
-1224
215
246
-65
247
-716
299
179
-678
312
24
-650
1063
-181
-1643
1761
-72
-1351
605
557
-164
-465
274
430
-271
-584
902
-177
-663
1557
-487
-1108
1900
-437
-928
1556
-617
48
822
-608
296
644
-509
159
449
-418
1044
-460
-404
1705
-937
21
1097
-830
1039
-270
-643
1945
-717
-1002
1677
207
-1302
926
661
-815
751
218
-674
1044
175
-857
859
58
-143
924
-891
121
1499
-1306
390
1200
-1771
1358
783
-2236
1723
1073
-1898
798
905
-349
125
-339
1276
328
-1674
1609
895
-1649
1617
-169
-1144
2672
-971
-1372
2154
344
-820
-236
1138
603
-1149
625
363
168
788
-935
-56
1432
290
-1276
114
1732
-12
-1587
932
1687
-1142
-455
1235
-397
244
664
-1214
814
1179
-1165
-631
1801
-402
-1067
1685
-751
-192
1095
-709
-533
829
373
-1501
851
928
-1763
559
1329
-1522
-611
1938
-759
-998
1392
-446
-497
934
-539
-739
1318
-404
-1025
619
653
-579
-1026
910
86
-608
11
21
98
-381
58
-122
-606
978
-678
-1572
1835
-20
-1997
649
776
-1009
-560
554
-416
-384
191
-1044
793
119
-1800
581
791
-1016
-1015
919
244
-1523
7
994
-1031
-536
582
-875
-78
703
-1462
-514
1547
-1461
-1236
1778
-909
-1239
1291
-1139
-437
1340
-1846
-332
1398
-1893
165
1225
-2242
402
939
-2003
1560
-1079
-2090
3706
-2736
-1291
3555
-2811
-48
2124
-3130
511
2580
-2904
-678
2059
-268
-1583
3
1186
-588
-1285
269
1008
-600
-1065
199
1434
-1353
-1721
2631
-828
-2529
2488
-330
-1928
1663
-693
-1237
1123
-710
-663
1145
-1306
-7
1176
-2000
454
1056
-1366
-450
971
462
-1370
5
1147
-423
-1126
248
1808
-1550
-1228
2718
-1097
-1147
1618
-1260
814
267
-1679
2121
-1033
-716
1169
-741
685
-608
320
482
-976
800
-26
-276
340
52
491
-1125
921
826
-2232
1636
644
-1538
923
379
-146
-457
464
129
-436
587
-716
1028
336
-1385
1294
-144
-660
755
-1174
1702
175
-2053
2335
-568
-295
217
-986
2175
-809
-1255
2087
-476
297
-257
-670
2278
-1676
55
1813
-1077
748
1115
-1754
236
3249
-2809
-619
4313
-2040
-879
2461
-663
105
164
-378
2213
-344
-877
1503
451
311
-315
-323
2183
215
-2127
2863
689
-1842
1804
162
-974
1785
338
-1557
2328
499
-1650
1411
781
-1298
1435
147
-1180
2662
-959
-1179
2238
-261
-922
392
301
779
-322
-825
1634
-43
-1314
1339
-344
-592
1830
-1312
-374
2326
-2090
-373
1906
-1984
900
636
-2256
2052
35
-3108
2753
578
-3483
2394
212
-2071
2014
-1079
-1029
2223
-2292
117
3009
-3621
-211
3502
-2906
-1024
3242
-2397
-693
1986
-1545
-259
410
-20
-674
152
222
-713
388
-611
-578
1457
-1243
-882
1564
-1063
-648
173
-115
-844
124
-50
-1111
985
-1217
-221
298
-1862
1295
-114
-2069
1037
347
-1666
324
184
-1415
604
578
-2566
1375
1182
-3817
1944
785
-3095
1268
60
-919
812
-1194
303
554
-2347
1183
987
-2702
960
1151
-1997
1090
-394
-850
1541
-1897
14
1540
-1778
155
678
-1175
740
-201
-1347
741
379
-1115
299
42
170
-176
-1520
1902
-437
-1674
1005
-23
-258
-98
-1013
518
885
-2182
38
580
-258
611
-2483
568
3133
-4206
-429
3134
-2250
608
-777
-1157
3109
-1736
-2561
2589
270
-2227
1091
-164
-1111
2082
-2524
-1115
4276
-2700
-2166
3640
-1841
-515
797
-1969
2769
-1194
-2431
2781
-537
-1398
733
-680
813
-421
-718
379
301
-13
-1434
1801
-1759
73
2783
-3332
-366
3393
-2305
-1473
3226
-1343
-1089
1359
-124
-611
610
18
508
-531
-788
1819
-1353
55
1082
-970
545
921
-1438
26
1903
-2006
58
1751
-828
433
208
-806
1546
-822
-700
2061
-1971
1577
1073
-2329
1568
512
-555
-445
5
2478
-581
-2170
2943
545
-1368
279
856
338
189
533
-1106
2256
1049
-3259
2068
2295
-3159
2266
289
-1552
3230
-1194
-1414
2886
476
-2747
1994
2132
-1825
-198
2255
-631
271
939
-1843
3034
-638
-2111
3711
-1018
-818
2920
-1849
-90
2657
-1515
-363
1866
280
-315
339
483
744
-761
-350
2306
-527
-1135
3005
-953
-1310
2816
-1158
250
388
-64
1751
-1728
1771
616
-1897
2195
-1058
103
1888
-1676
883
1039
-1340
1213
188
-1409
1345
-88
-689
974
-197
450
-155
-1528
2074
-846
-1369
3119
-2190
-100
1806
-2137
839
249
-1234
1592
-863
-1220
2583
-1830
-1182
2946
-2255
-791
2643
-2403
496
1733
-2884
1357
1027
-2831
1689
1145
-3260
1946
523
-2697
2449
-921
-1181
1330
-1521
128
564
-1047
85
864
-899
-903
920
-297
-807
320
-525
290
217
-1076
265
-461
-302
-293
-382
737
-868
-293
213
-505
-128
-578
-60
340
-815
-3
450
-611
-128
-327
-237
142
-516
3
54
-541
498
-413
-760
644
276
-1060
-244
1597
-1354
-594
1391
-1004
348
-192
-641
1786
-1076
-1667
2250
-9
-2314
1904
338
-1869
1731
-720
-842
2135
-1297
-726
1453
46
-213
-150
638
-63
-46
-433
64
1696
-603
-655
1109
11
-291
-404
70
2080
-1151
-609
2373
-548
-1622
1331
87
-454
2064
-1969
941
2254
-2983
472
1631
-1152
220
525
677
595
-1099
793
-554
-290
1225
-1178
897
1280
-1042
-760
1134
370
-1418
675
729
-118
-139
-689
1011
-19
-979
556
277
540
-506
-402
899
-675
132
457
-719
1214
-2
-932
1154
-196
6
0
-34
1495
-1067
-70
1429
-703
-219
538
710
138
-132
-355
426
992
-1140
-45
1253
-93
-1
-66
166
791
-623
-338
950
543
-237
-623
755
58
335
-116
-345
1621
-1187
-377
1551
-697
-167
1508
-1215
265
1500
-1281
121
83
559
115
-598
896
427
-1261
498
-232
-122
1133
-1592
866
703
-1153
-121
270
-733
265
295
-428
712
-688
-337
-70
-407
445
-19
-1121
1192
186
-1014
405
-224
239
-773
164
1490
-356
-465
781
-481
-196
348
-418
152
395
103
-263
299
-71
-993
-396
469
-474
-385
279
-334
35
-563
-992
268
-487
-780
150
-336
381
-759
-1808
859
24
-1593
-7
5
-529
-695
-495
-308
-288
-835
-1129
64
-254
-995
-738
-294
-882
-781
-288
-1029
-688
7
-1358
-1291
489
-706
-1819
-251
157
-1464
-793
109
-966
-1139
-44
-507
-1005
341
-842
-1092
599
-822
-699
475
-812
-506
21
41
-16
-663
-94
-102
-532
290
152
-595
384
-297
-673
1195
-137
-301
565
-102
139
40
559
-146
60
1032
-20
264
992
-225
-584
1095
1235
-270
506
1541
-121
598
880
313
1063
532
390
1263
1219
149
523
615
464
188
704
77
-557
423
-383
-650
-73
-666
-1419
-937
-1379
-972
-1242
-1846
-1635
-1362
-1512
-2251
-1186
-1722
-2026
-1378
-1220
-1190
-956
-1144
-1365
-508
-353
-745
-466
414
-322
-544
510
554
475
44
361
1047
47
776
1235
636
929
880
630
501
1568
656
271
1469
1255
547
754
1351
898
678
1073
1403
508
1109
1147
377
1334
1070
1131
1180
1113
1315
987
954
1232
1701
978
1569
2007
1003
1812
1989
1549
1741
2001
1903
2060
1709
1726
2402
1890
2385
2654
2468
920
-1512
101
1936
1897
460
-690
589
-1238
-3319
-1887
-676
-1299
-3317
-3337
-626
-1355
-4805
-4245
-2666
-3794
-3875
-2179
-1305
-1567
-3089
-3628
-1951
-1242
-2061
-1162
-167
-9
-13
52
834
363
251
650
1180
2390
2297
1483
1722
1591
1387
1691
1677
1667
1710
1128
775
1148
817
-157
-806
-235
-13
-551
-971
-785
-1461
-1474
-1683
-2073
-803
-1622
-1883
-1334
-792
-828
-1639
-1250
-136
-441
-567
767
778
292
237
918
891
1206
1236
1248
1788
1815
1636
1684
1938
1451
1871
1516
1874
1979
1572
1593
1580
2170
1350
1791
2017
1457
1693
1650
1930
1864
1169
1900
1925
1545
3083
2724
2666
-430
-3212
94
2153
2900
247
-1385
-393
-2937
-5024
-2755
10
-1706
-5000
-4611
-1317
-2692
-6265
-5810
-3703
-4163
-4928
-2503
-1067
-2263
-5351
-5164
-2216
-1915
-1531
-878
-523
-104
-562
-483
245
689
489
453
2037
3105
2755
2142
1172
1392
1959
2258
3010
3271
3002
1672
901
1320
1439
942
822
546
533
717
-129
-989
-1512
-1204
-1920
-2161
-906
-331
-1410
-2747
-2772
-1968
-2010
-2075
-848
-529
-562
-1738
-1287
-224
-583
-913
-580
1485
998
204
778
595
598
217
734
2283
1883
1382
1442
769
1273
1538
975
1716
2774
2046
1627
2077
2093
1559
1162
2573
2871
1909
2515
2971
2492
3157
3455
-187
-2637
-323
2637
4076
1168
-1392
-660
-3163
-5743
-3288
1105
318
-4852
-5589
-1880
-3004
-7251
-5568
-3158
-3778
-4256
-2770
-833
-2156
-4688
-5150
-2894
-123
196
-340
1159
760
-1152
78
1827
1904
2388
2926
2812
3726
3815
3390
2686
2415
3258
3782
3963
4075
3829
2021
962
1237
2442
2299
1617
1262
313
-107
-780
-745
-545
-656
-1016
-1080
-1467
-1683
-1934
-2647
-2391
-1735
-1392
-1108
-1371
-1815
-1410
-1614
-1746
-504
9
-499
-92
-393
-243
-148
-426
107
166
342
392
453
745
584
66
471
744
952
1321
1451
1047
1610
1695
1264
2448
2280
1949
2597
2766
2338
2900
2958
3295
4079
4171
4320
1517
-1590
-63
3947
5073
1774
-331
-19
-2743
-5252
-2490
1516
347
-4224
-6137
-3972
-4325
-7473
-6512
-3930
-4206
-6641
-5940
-3423
-4257
-7325
-7190
-4367
-3259
-2471
-1947
-1917
-2174
-3108
-3002
-714
1397
1589
1109
1214
1844
2035
1860
2153
2705
3155
3370
3663
3821
3378
2411
1233
1605
2655
2662
2281
1868
909
-75
-749
-767
684
828
-590
-1153
-1041
-1491
-2257
-2202
-2086
-1247
-1232
-1849
-924
-1110
-2174
-2254
-1486
-428
317
-45
-259
-220
-497
-460
-43
1083
1467
904
788
1748
1515
887
1371
2066
2241
2448
3047
2688
2655
2428
2473
2611
3469
3873
2709
3508
3772
2606
2805
3486
3638
3555
3146
3750
4020
3232
1002
-1534
-213
2204
2905
912
-999
-1393
-3622
-5611
-4015
-141
-458
-4899
-7037
-5793
-5422
-7133
-6118
-3754
-4132
-6407
-6848
-4529
-4229
-5941
-5114
-3337
-3217
-2285
-1775
-1884
-1860
-1985
-1739
-646
1502
2106
1789
1098
894
933
1366
2210
2996
3738
3255
2228
1585
2742
2813
1933
2204
2854
2761
1791
1667
2033
1450
615
1053
1376
1166
657
227
-508
-1255
-437
-536
-1131
-825
-947
-1419
-2146
-1485
-1157
-2047
-1292
-948
-1293
-1178
-1603
-1329
-1034
-1298
-768
145
260
102
542
407
1019
1432
1510
2796
2698
2375
2751
3120
3313
3233
3417
3679
3875
3631
3569
3588
3150
2928
3049
2858
2599
2074
1538
1461
890
874
1193
1074
-189
-1911
-2591
-2237
-345
434
-1074
-2194
-2094
-3894
-4951
-2567
-176
-350
-3036
-3689
-2766
-3267
-4016
-2735
-1216
-1692
-3073
-2959
-1546
-1782
-2601
-2201
-1205
-1301
-1494
-1082
-689
-714
-1426
-1380
-481
-158
199
188
-397
-399
-315
-62
687
1460
1153
1050
829
703
1457
1875
2296
2744
2778
2186
1986
2524
3120
2761
2648
2682
2564
2455
1556
1621
1741
1104
533
285
770
645
-717
-831
-892
-1797
-1620
-1319
-1407
-1550
-1979
-2616
-2305
-2141
-2229
-1809
-1203
-915
-1018
-826
-690
-383
-262
380
987
1129
1468
1347
1370
1357
1549
2120
2167
2112
2090
2046
2012
2004
1928
1454
1152
1208
881
679
761
187
-506
-1085
-1042
-906
-746
-740
-1355
-1602
-1744
-1639
-2181
-2455
-1708
-1045
-717
-959
-1125
-1335
-1956
-2239
-1484
-71
513
-422
-1231
-1177
-1510
-1877
-1050
-580
-955
-1470
-2125
-1747
-1361
-1765
-1792
-1728
-1790
-1902
-1439
-895
-1285
-1217
-1492
-1646
-646
166
352
103
324
765
900
1449
2332
2850
2836
2541
2601
3029
3628
3524
3698
3858
3405
3334
3466
3452
2803
2836
2840
2351
2081
1974
1597
1035
773
628
352
74
-152
-727
-1022
-1249
-1247
-1199
-1437
-1690
-1813
-1579
-1697
-1923
-1630
-1437
-1622
-1471
-940
-850
-895
-827
-701
-601
-645
-448
-217
-132
-309
-222
-130
-157
-76
-26
-2
-292
-24
50
-34
310
165
182
-75
-294
-258
-126
22
-275
-120
-108
-588
-686
-61
-396
-775
-434
-463
-520
-911
-496
-229
-401
-495
-844
-839
-699
-787
-930
-415
-356
-784
-789
-590
-859
-1060
-841
-950
-646
-463
-310
-186
-338
-308
-427
-441
-204
371
709
454
211
574
415
418
1066
952
1083
1075
1054
1195
1203
868
1097
1424
1055
1328
1132
1462
1383
620
991
1505
1155
1135
1480
1061
1148
1128
861
955
1286
1013
784
1033
927
851
806
781
572
294
547
860
543
515
149
-17
161
3
237
213
72
-255
-480
-233
-80
-348
-488
-377
-323
-402
-680
-492
-597
-923
-834
-909
-823
-901
-1191
-1175
-1200
-1138
-1373
-1594
-1152
-1084
-1393
-1522
-1505
-1475
-1741
-1637
-1410
-1446
-1456
-1949
-1862
-1396
-1509
-1551
-1442
-1291
-1543
-1721
-1158
-798
-831
-766
-523
-313
-250
-37
43
276
497
383
648
946
1042
878
624
983
1033
985
1091
688
671
640
482
603
624
649
604
601
444
316
243
203
598
521
496
880
856
655
652
654
777
1075
1068
1278
1249
1002
744
670
853
872
1063
1224
1124
965
1020
734
626
817
996
1130
1237
1344
1084
791
731
903
1007
1300
1265
994
1026
1110
695
425
618
293
445
651
408
272
-71
-507
-634
-675
-792
-873
-728
-694
-1161
-1377
-1238
-1511
-1952
-1860
-1869
-1784
-1673
-1980
-2160
-2189
-2180
-2322
-2320
-1844
-1758
-1924
-1686
-1568
-1546
-1757
-1591
-997
-878
-706
-234
-176
-422
-162
130
245
816
1028
695
980
1010
704
1009
1328
1325
1159
1002
1129
748
279
620
295
75
456
461
109
-205
-334
-609
-581
-488
-309
-97
-222
-165
-432
-451
48
-200
-34
363
377
586
634
624
552
612
563
580
839
935
761
533
678
506
352
155
26
164
-71
-8
-179
-245
-464
-636
-521
-645
-270
-404
-700
-584
-526
-448
-198
-228
-92
6
-220
-158
41
395
335
121
88
360
398
225
448
481
242
-16
22
218
95
-136
-365
-481
-522
-832
-886
-736
-807
-1052
-1349
-1342
-1231
-1310
-1423
-1331
-1254
-1326
-1178
-1147
-907
-851
-1028
-786
-427
-157
-123
243
477
323
243
744
897
729
1229
1350
1201
1323
1303
967
938
1019
947
992
1016
897
700
496
220
-32
20
28
-54
-139
-249
-397
-549
-389
-465
-573
-483
-300
-409
-398
-103
-186
-256
-256
-58
162
323
409
263
259
345
483
582
644
646
500
447
444
624
476
375
246
64
95
96
75
-328
-260
-45
-170
-442
-303
-240
-248
-367
-503
-100
116
137
-70
145
160
250
407
712
933
648
653
690
911
684
807
1051
705
471
652
683
538
469
229
259
48
-78
-81
-21
-225
-702
-673
-551
-555
-751
-724
-809
-754
-843
-910
-531
-536
-575
-725
-334
-239
-288
-135
-21
324
205
362
684
823
730
816
796
1190
1265
1016
1224
1002
938
629
1024
1208
761
779
701
411
215
378
295
230
115
-65
-204
-205
-212
-342
-309
-211
-139
-224
-28
31
-322
-337
104
310
180
436
370
37
76
52
94
255
455
210
-128
37
-128
-450
-329
-379
-474
-332
-511
-674
-552
-639
-819
-781
-492
-420
-480
-149
-103
-23
-95
-85
258
211
405
599
597
656
762
546
494
749
800
498
426
522
121
292
119
-202
-52
-270
-633
-724
-618
-733
-849
-991
-975
-1235
-1359
-997
-945
-1096
-995
-983
-1296
-1100
-834
-732
-596
-576
-672
-576
-527
-473
-212
-95
-46
-152
-70
-120
-129
-85
-3
125
200
133
46
166
-192
-238
-178
-80
-15
41
192
-101
-308
-499
-297
-42
-33
-8
155
194
-241
-123
201
86
224
340
92
258
553
221
103
244
131
-23
91
404
200
-240
-363
-480
-621
-433
-332
-557
-636
-688
-980
-1128
-873
-728
-899
-966
-852
-705
-724
-800
-653
-350
-280
-325
12
132
0
-20
40
329
614
582
444
572
575
447
534
650
764
633
566
762
591
645
544
148
341
324
107
163
193
66
-151
-257
-253
-337
-313
-301
-339
-352
-315
-343
-617
-462
-327
-328
-63
-13
8
143
192
290
533
609
537
646
790
996
1020
878
1023
1060
1050
1042
1142
1255
956
888
909
778
881
818
593
381
387
469
343
358
326
254
93
154
201
150
270
231
261
338
365
305
335
133
169
375
254
322
253
-141
-96
84
-182
-28
30
-133
-381
-558
-425
-443
-562
-647
-519
-496
-420
-530
-655
-578
-632
-660
-345
-32
-181
-403
-441
-283
-158
27
140
356
346
129
189
243
327
363
423
470
590
595
445
388
340
303
449
462
380
478
246
-6
-37
50
91
98
50
-7
-37
-228
-165
-326
-326
-90
22
21
-21
147
-60
-83
32
223
260
241
439
479
482
396
459
447
623
626
546
716
665
427
338
531
531
322
222
340
284
190
208
292
152
-204
-249
-176
-156
-218
-174
-137
-209
-279
-382
-354
-283
-355
-415
-295
-188
-253
-420
-336
-269
-302
-223
-332
-238
-217
-359
-350
-315
-336
-373
-350
-326
-217
-173
-287
-500
-405
-273
-245
-109
169
47
-438
-333
-212
-48
92
-22
-124
-257
-413
-367
-164
-160
-206
-426
-453
-311
-329
-292
-362
-621
-596
-581
-597
-396
-543
-660
-745
-779
-565
-377
-526
-611
-477
-583
-547
-502
-454
-439
-437
-438
-217
-30
-151
-100
-139
-58
49
86
172
329
314
372
414
295
426
278
248
435
538
497
419
230
67
46
-79
-68
-56
-176
-313
-262
-476
-669
-722
-875
-791
-661
-676
-789
-902
-1045
-1051
-1040
-850
-612
-515
-658
-753
-535
-588
-513
-259
-136
-54
14
45
251
309
125
236
360
485
575
582
557
605
562
453
722
840
745
754
716
632
587
511
508
517
507
442
321
375
231
42
0
-65
-229
-359
-405
-450
-487
-610
-628
-688
-819
-936
-920
-859
-711
-666
-771
-736
-725
-662
-611
-378
-291
-219
-20
130
302
245
235
340
426
645
906
884
948
901
769
829
979
1081
986
1031
918
782
732
729
792
735
604
502
381
228
307
271
203
295
230
2
-158
-46
-47
-167
-115
-94
-170
-317
-258
-216
-335
-322
-238
-153
-39
-34
-143
-106
-169
-245
-170
82
137
-47
35
99
-16
11
128
160
188
146
229
390
410
319
356
351
439
507
581
801
676
659
621
647
687
686
760
711
676
664
658
588
497
364
300
216
180
201
96
-81
-258
-388
-412
-351
-403
-568
-510
-619
-903
-774
-679
-645
-626
-578
-508
-514
-572
-666
-484
-295
-177
-100
2
66
6
102
229
399
446
488
549
582
709
640
631
684
523
552
890
858
827
725
441
501
516
417
512
634
417
177
148
216
172
50
-399
-529
-50
-120
47
513
289
112
-96
-219
-48
-189
-383
-176
-223
-311
-85
-32
-11
-131
-27
-469
745
-788
-2015
553
-1208
-969
441
-165
-20
-211
-947
-471
-822
-1397
-348
-737
-724
-670
-373
-760
-547
-485
-584
-442
-702
-267
-575
-364
-441
-307
-384
-136
-46
-46
25
-252
-169
-291
-207
-428
-170
-382
-369
-433
-461
-393
-531
-370
-698
-351
-670
-470
-546
-688
-463
-625
-346
-373
22
-188
-17
-86
-91
-85
83
415
271
510
449
475
320
510
377
512
484
643
722
532
615
368
253
161
349
270
394
228
360
152
115
271
90
235
247
-146
-569
335
37
42
752
577
511
479
281
176
290
-52
290
443
404
507
562
444
204
249
-6
123
74
18
14
-97
-139
-287
-324
-331
-181
-381
-474
-323
-177
-199
-275
-201
-393
-406
-898
-777
-102
-126
254
727
783
695
397
-129
-285
-235
201
653
1115
1302
1113
930
513
369
-543
-682
-55
-277
323
1021
653
593
354
-370
-264
-521
-578
-45
51
275
374
370
27
-37
-303
-558
-256
-226
151
261
314
383
-24
-694
-249
-337
-518
307
287
304
271
434
133
-32
-230
-146
65
133
438
358
472
140
-13
-157
174
-66
-105
120
16
130
-159
132
70
-96
-331
0
71
12
230
186
348
119
185
-34
-44
-56
-54
52
-138
232
209
-302
-163
-54
-706
-685
-664
-1044
-571
-187
-396
-249
30
-357
-377
-421
-680
-728
-547
-162
-136
213
32
43
64
-164
-298
-18
463
-133
202
730
561
15
222
394
18
90
202
516
588
100
187
396
-453
22
-309
-248
306
-521
-83
366
68
-163
-575
-217
-129
-1172
170
-38
-527
200
-563
-787
-219
-234
-1346
197
500
-1038
454
524
-914
20
-490
-368
284
-642
54
611
10
-1175
741
231
-2568
489
264
-2387
655
739
-1103
512
18
-1155
-470
135
-586
-559
780
-61
-72
456
-160
5
-324
270
170
-401
153
1080
-266
-544
1478
-616
-722
572
-443
-171
-70
-480
661
-723
-1109
704
-1033
-534
138
-567
-308
-290
-219
-348
-812
-230
203
-936
-753
251
603
-992
-63
1141
-616
-634
135
157
-100
42
-233
1087
272
-543
1142
-195
242
669
-484
640
503
-143
351
89
378
-232
635
805
-1232
1728
657
-1884
916
1111
-475
-346
883
616
-504
-207
1259
305
-606
-50
917
-573
-1151
1449
-333
-293
622
588
-380
-292
636
-780
463
204
-310
1153
-328
-961
2039
-890
-403
2318
-1729
712
1795
-1433
844
1489
-807
1141
294
-332
2318
99
-514
2055
-1
-982
2696
-578
-485
2924
-1204
146
2043
-1258
801
2127
-1785
762
2148
-1317
25
1895
-615
-1365
2219
-633
-861
2596
-1475
-549
2196
-1842
-821
2148
-800
-660
1418
-71
-517
623
-714
222
425
-1235
1288
501
-691
508
7
-279
4
-509
279
375
-406
782
-68
-419
197
-423
-194
406
-131
379
-37
281
191
-686
432
-1703
1365
974
-2438
2497
401
-2347
2151
-731
-2332
3118
-1743
-1157
2977
-2556
472
1902
-2950
250
1073
-2470
1252
242
-1722
1666
-1005
-1187
1128
-1088
-1115
1637
-1631
-1333
2863
-1747
-1302
2355
-1933
-84
2190
-2307
1325
1772
-2291
1211
842
-1829
2086
1082
-2164
2021
1033
-1498
-35
756
102
-990
156
1308
-442
-1475
737
-90
-1042
-1000
1284
69
-2628
2584
-758
-2758
1946
-1182
-868
852
-1323
195
707
-1208
-1113
974
471
-3001
1660
1707
-3931
2588
779
-2750
2079
-905
-612
757
-1349
1603
-81
-1402
1822
-1565
94
486
-1985
1850
-722
-1520
3209
-599
-2948
2326
-45
-2289
985
1523
-526
-451
483
-156
27
-866
319
814
-550
-677
784
792
-251
-952
340
1395
-2963
1043
2218
-3241
1261
1026
-2507
1064
-282
-1742
1283
-1812
-934
2596
-1939
-1370
1667
-2234
-318
1038
-2901
1486
158
-2725
1865
-2020
16
2985
-4211
920
2177
-3437
1643
347
-592
1362
-1708
352
1046
-1146
-759
957
141
-1974
848
1263
-2073
-290
1189
-1223
-1174
655
294
-1449
-138
889
-504
-675
184
344
-1266
-39
41
-778
1370
-693
-16
1688
-1968
-441
1285
-976
-101
321
409
194
-1871
-286
1475
-1056
-1799
1619
785
-2429
-8
687
-358
-819
-993
1834
-129
-1217
698
-141
952
-758
-624
2702
-688
-711
1730
105
-179
-63
2157
716
-1532
2347
978
-2182
1618
1118
-802
1374
-555
-41
1373
-711
-319
1279
-359
-582
1460
160
-1286
204
1286
-1362
-615
1305
575
-616
-7
1754
-1009
-530
886
334
-26
-234
1854
653
-1124
1068
1321
-916
203
427
356
-31
-22
1765
-903
355
1195
-824
827
-5
203
1826
-875
-731
2199
-1542
-306
2053
-2553
1087
1743
-2329
1569
32
-1065
429
-1724
1722
-783
-1783
3152
-1575
-1563
3221
-3063
-1209
4225
-3734
-1036
3805
-1626
-1780
2174
-341
-1421
972
-776
1098
-196
-1911
2393
-276
-2603
2194
-147
-596
548
-1307
2505
-905
-2257
3481
-661
-3065
3574
-1006
-2024
3759
-2335
-613
2447
-2005
-88
1784
-1145
92
488
-79
1142
-1785
577
1378
-2494
763
1207
-1372
543
-650
841
-581
-3300
4405
-1012
-3543
5148
-2454
-1482
3721
-3673
491
2448
-1808
187
980
182
-813
1267
-1143
-715
3768
-2785
-274
4721
-3055
-692
3026
-1856
648
1038
-986
1579
-349
-467
1473
-1018
-126
2121
-1969
588
2558
-2789
1569
828
-2188
2180
-1184
1206
1027
-2746
4553
-2215
-2151
4291
-2907
926
1214
-1247
2286
-1494
-365
1998
-2500
1294
1127
-3104
3087
-16
-3028
2989
95
-3026
2259
1109
-2626
2020
-322
-1491
2944
-2435
-340
4286
-3986
109
4941
-4187
-572
4647
-2249
-1809
3435
-823
-1031
1606
-1075
537
-34
-650
988
-807
-8
773
-817
-462
-272
406
-520
-776
138
-410
781
-1563
-643
1897
-1755
-731
1840
-1415
-446
1467
-986
433
340
-7
928
-1036
486
1205
-1881
277
2332
-1475
-80
1730
-1134
540
-441
-1147
2086
-857
-889
992
-199
32
-1521
533
1617
-2811
529
2294
-2687
933
924
-2279
1951
-567
-1871
3161
-1051
-2513
4226
-1787
-2039
4129
-2827
-643
2623
-2878
667
1984
-3326
1239
1922
-3044
-483
1739
-398
-2066
453
1261
-522
-1543
664
106
-1538
884
-821
54
1845
-1863
654
1460
-2339
1312
692
-1910
1464
1641
-1435
-336
1707
-510
-881
642
-874
30
2044
-1934
-267
2215
-1671
141
599
-1570
941
482
-662
119
-164
789
-1251
-1008
1815
-1026
-536
1093
-1911
735
1290
-3137
964
959
-2393
1646
-441
-1910
2198
-1200
-2856
3096
-144
-3305
2660
-11
-3035
1944
-369
-2959
2573
-1542
-1723
2855
-3112
-70
1710
-2898
-676
1252
-764
-1808
275
786
-1181
-1282
-265
476
-806
-2536
1325
253
-1371
-521
-652
1440
-2556
-521
1493
-2058
1048
-154
-1620
1956
-1695
-1572
3161
-2278
-1777
2778
-587
-1863
1009
274
-430
82
-1507
442
1451
-856
-1677
2403
398
-2066
1899
-360
-763
1205
-973
-33
1983
-1415
324
1247
-1511
829
1580
-1146
-560
2557
-883
-737
1335
-196
1184
-766
-793
3382
-1399
-2687
4039
-1360
-1940
3762
-1183
-423
1840
-1410
60
1185
-837
-119
1550
-1181
218
2255
-2865
1017
2341
-3718
1543
1973
-1803
488
408
263
-697
131
900
-697
524
331
-465
1298
-62
-704
1690
-660
-529
1351
62
-454
898
971
-778
576
805
156
-464
439
892
-33
26
-701
1822
700
-2160
755
2135
-2210
-335
3150
-1739
-618
2041
-75
-899
1214
-121
34
1439
-1352
1014
1559
-1772
229
2707
-2407
-290
2823
-1663
-560
2237
-1181
-889
2541
-2395
1034
1807
-2906
1605
789
-2036
1629
-276
-899
1111
-1136
1909
-1978
-630
3508
-3642
-579
3385
-1934
-903
1921
-813
331
-666
48
1134
-1823
216
1077
296
-990
11
1207
-1445
-969
1807
-1254
-1289
2552
-939
-1139
1464
-351
-1201
319
-452
912
49
-1804
1446
640
-1318
-1390
2640
-305
-2964
3185
-178
-1659
2301
-907
-621
1927
-1025
-315
1345
-343
-541
1286
-539
70
1149
-1421
913
320
-1309
1164
40
-1461
1264
-374
-1359
1649
-505
-1921
1214
898
-2075
472
1665
-2342
136
2012
-2561
423
1191
-1486
740
-964
305
1360
-2303
904
1295
-1985
294
105
-245
-424
-389
1761
-1541
-978
2589
-1419
-1411
893
161
-86
-806
58
787
311
-1332
-612
2174
-1095
-2162
3343
-410
-2986
3287
-235
-2341
2249
-485
-1220
1222
-692
-348
1651
-1126
-1537
2263
19
-2658
907
1668
-2234
-617
1422
-112
-1054
-810
1029
126
-1004
-1423
2138
275
-3690
2855
1262
-3336
1473
1385
-2173
-144
1104
557
-1665
-19
2595
-2201
-1329
2329
-848
-1036
686
671
-187
-1222
1194
-280
-1457
600
894
-363
-1134
952
1256
-1107
-936
1455
-283
-617
195
-9
334
-422
-205
56
349
322
-193
236
834
-748
264
341
-695
1331
-510
-1615
2443
446
-2623
2775
-806
-1020
3497
-3309
561
4095
-4348
-1300
5384
-2469
-1913
4002
-2274
661
2051
-4026
2530
2517
-5358
2734
3242
-4825
1901
2448
-3375
910
1388
-2325
1177
1360
-1761
174
2206
-678
-785
1592
-950
-394
2011
-912
-1177
2953
-789
-1613
2412
-196
-486
709
-363
798
420
-856
878
25
156
-89
-257
2258
-463
-2176
3306
956
-3898
3430
1008
-3006
2755
-333
-1203
2026
-1324
-76
1553
-1741
1344
1124
-2258
1014
1218
-1403
-344
1827
-89
-1983
1427
1365
-2148
302
1441
-1881
144
1402
-785
-325
415
98
-757
217
-52
-795
62
205
11
-660
667
144
-1294
-395
636
-355
-1276
427
228
-186
-1114
20
1306
-2287
-535
2339
-1725
-1100
1517
-779
-596
371
195
-473
-403
1032
-228
-1506
1035
309
-1415
477
473
-116
-155
-451
609
917
-2100
631
1810
-1627
311
1351
-172
-973
1177
572
-802
539
347
771
-67
-768
1291
-40
-700
515
-407
743
-246
-1017
1160
248
-867
-34
244
714
-1049
-436
1585
-1457
-173
291
-285
118
-2005
1656
-34
-2346
1366
-839
-507
139
-1508
1055
193
-2327
1828
580
-3215
1481
895
-2276
296
1378
-1318
-35
936
-1489
574
589
-2033
1095
1111
-2540
1630
905
-2294
1100
685
-1330
1019
327
-1403
1756
-63
-1412
1411
684
-1727
610
1235
-1046
892
-125
-385
1163
-513
-766
1048
-76
-649
593
42
-63
217
0
-494
-352
215
821
-1270
-130
1296
-662
-4
-730
610
550
-1253
-50
1177
801
-2317
-373
3057
-1847
-1588
1942
-581
-363
-613
92
365
-881
-231
-701
152
959
-1843
-443
2207
-2310
-6
2035
-1691
-620
1712
-804
-1374
1482
-34
-1037
375
994
-1340
484
332
-824
904
-1088
733
1306
-1889
316
2230
-1651
-740
1358
441
-579
-273
1048
710
-302
-606
1247
5
-254
151
-171
1150
-300
-1725
1366
1245
-2007
68
1218
664
-1878
466
1918
-2343
1223
233
-1666
3190
-1065
-2660
4331
-843
-2527
2483
142
-285
-899
832
1295
-1861
-673
1980
-338
-1303
956
29
723
-685
-836
1585
-395
-1075
1360
-12
52
435
-604
1615
-1274
35
2198
-1838
340
2156
-1544
165
1274
-752
74
-130
882
21
-674
721
-214
-282
865
-1057
322
1381
-1637
531
929
-1463
527
126
-1462
1619
-1005
-1028
1991
-1824
83
1067
-1333
1021
-917
-463
2304
-2225
-340
2822
-2323
-736
2724
-978
-698
793
-24
92
-327
-441
289
333
-515
-71
354
-53
-156
-1034
-129
477
-1438
1347
-480
-2311
2914
-901
-3196
2494
12
-2540
1846
-540
-1201
2161
-1671
-1709
2591
-519
-2363
1767
400
-1685
1492
-108
-1761
1489
-210
-1042
440
266
-180
-519
604
-830
-209
732
-1232
-369
468
-588
-437
381
-441
-686
197
-115
-842
147
87
-892
310
517
-1080
-594
1345
-789
-1508
1386
125
-1468
668
598
-1840
952
653
-2464
1543
725
-1430
507
-594
1142
-670
-2139
2928
-965
-1633
1546
-1081
721
-737
-1018
1905
-1808
-365
2243
-2147
-301
2249
-1992
-906
1878
-512
-780
564
162
-118
378
7
-868
1207
300
-1536
1558
1035
-1571
-13
1357
86
-1310
674
1604
-1050
620
-227
17
2404
-2997
-30
3485
-2144
-413
1454
408
5
-778
594
505
404
-1319
479
2167
-1179
-230
461
336
495
-657
103
420
506
271
-1311
1092
1099
-1746
-293
2020
-268
-1698
2428
-699
-1527
2173
-1220
326
965
-1139
1375
-35
-3
577
-756
762
641
169
-971
1371
2111
-2740
867
2563
-2004
677
1162
-210
683
-191
946
-361
147
1766
-1085
-77
1976
-381
-605
865
874
-663
-443
1991
-800
-105
2226
-1369
-194
2189
-822
-630
1513
-20
-683
889
800
-790
1004
779
-1584
1778
530
-1757
2502
-673
-894
3060
-1512
-1209
2328
-314
-1745
903
1495
-477
-1136
1011
1004
-1499
-212
709
613
-165
-1046
1092
997
-1359
-954
1950
38
-1701
1279
318
-644
953
-780
-367
1487
-1496
478
909
-1831
1700
130
-2016
1452
925
-1401
-299
1429
-303
-1292
988
453
-745
-816
495
1096
-1457
-553
999
-241
-480
-338
506
362
-1079
-51
86
-47
136
-898
454
490
-747
196
-478
568
486
-2555
1306
1740
-2294
-792
1038
592
-1403
-998
1007
-59
-841
-315
-536
680
-252
-1339
-446
457
729
-2514
-873
2109
-1433
-1741
1006
196
-1081
-590
-249
-325
226
-881
-1296
980
369
-2133
-72
990
-1435
-499
-294
-320
826
-1595
-1156
1703
-1508
-1094
229
-669
489
-1136
-267
-164
-273
-50
-1738
-165
1410
-1407
-1362
1219
-593
-787
-159
-283
-358
-177
-269
358
-36
-1153
739
-157
-1082
-11
1208
-488
-1200
1375
-206
-856
881
-149
-939
687
-107
-446
784
-554
-800
504
99
-973
333
541
-816
-66
528
-386
65
170
-1106
407
124
-62
51
-629
1358
-719
-1483
1643
371
-1289
-44
596
654
-594
-852
1125
353
-1745
726
828
-828
1202
-599
-1006
1568
579
-1256
-476
1203
1584
-2113
-408
3329
-1786
-1071
2097
-823
-227
1930
-1301
-55
1760
-1102
4
697
-232
362
315
30
547
-55
419
123
-118
705
152
399
-243
506
918
-819
778
472
-363
780
-460
1129
268
-1292
1967
-524
-1071
2329
-1148
-288
1958
-1932
746
1608
-1746
948
196
-587
577
-496
697
-288
-235
329
-667
679
328
-1295
464
850
-1328
584
767
-908
407
1023
-986
-191
1607
-532
-409
478
128
794
52
-844
690
1094
-671
-964
1690
673
-1652
979
696
-565
165
-1
451
93
-34
770
-157
-263
950
92
-788
1156
521
-788
164
1089
854
-1529
592
1654
-623
-404
720
886
-425
-59
841
98
-177
532
-217
451
832
-906
588
1021
-1015
281
1454
-1210
483
1293
-1789
1406
425
-1488
1326
-47
-874
1030
544
-802
83
926
-149
-901
1119
-160
-162
651
-822
759
672
-1018
-33
986
-646
200
420
-265
101
-243
297
53
-470
312
-5
-406
177
-125
147
-493
-217
358
-480
-256
420
-523
-949
515
19
-1052
174
137
-937
200
-386
-591
225
-581
-325
-97
-269
-403
-264
121
-943
-512
640
-651
-769
-49
195
-422
-1121
490
-167
-1290
412
-390
-673
254
-549
-306
-360
-373
358
-774
-826
1058
-487
-1558
962
502
-1707
-169
1248
-746
-785
363
211
134
-1079
286
1048
-1701
643
1186
-1738
760
342
-976
1190
-744
-424
1345
-1012
133
505
-328
506
-565
220
235
-164
516
-206
-283
68
614
-433
-250
1014
-335
18
411
-237
399
557
-866
283
1389
-867
-122
1044
47
-189
22
531
651
-672
296
833
-256
262
-39
-22
734
-348
-680
1538
-346
-859
1179
-615
4
1013
-1602
427
1851
-2232
340
1720
-1281
-439
703
360
-682
-45
715
-249
-451
842
-65
-937
1195
299
-1556
795
1075
-1071
-467
295
1191
-956
-1875
2533
-4
-3126
1513
1538
-2711
-631
1958
-745
-1808
948
638
-1727
-372
1094
-873
-1194
1280
-438
-1448
692
-27
-924
-119
-341
63
-101
-1268
981
-191
-1163
579
-185
-42
-415
-40
147
-176
-556
-52
755
-991
-377
954
-440
-857
375
405
-590
-698
983
-155
-1372
944
85
-1149
688
191
-899
474
-247
61
292
-831
156
419
180
-751
12
1556
-1035
-1068
1657
48
-760
-101
1112
441
-1559
832
1244
-621
-730
713
1051
-558
-501
1198
293
-908
661
885
-473
-667
1653
-247
-962
1607
-642
81
660
-438
416
-291
339
666
-895
396
766
-625
7
577
270
-659
472
629
-932
496
781
-490
58
263
124
282
-398
115
861
-475
-133
822
12
-408
60
590
-176
-19
293
75
286
-52
-346
607
101
-499
651
-334
234
215
-308
516
37
-141
248
360
-494
452
619
-738
475
652
-457
308
228
145
494
-658
446
1112
-1015
349
1063
-484
25
-48
320
671
-629
-78
969
-212
-226
492
19
-254
347
-63
-107
265
115
93
-289
274
30
184
-309
-58
627
-366
-92
156
26
342
-53
-679
780
15
-668
430
299
-456
-367
846
-462
-597
683
41
-516
97
90
-172
-156
1
-54
-356
205
-280
76
-83
-314
401
-597
192
487
-756
-57
609
-437
-576
795
64
-976
272
1072
-924
-859
1451
-239
-1083
706
632
-706
-368
842
-176
-803
779
179
-1181
668
533
-739
-337
280
322
-669
-99
337
81
-345
-459
632
78
-871
265
536
-617
-49
487
59
-300
5
65
-318
471
-19
-568
342
335
-452
93
117
27
233
-541
245
236
46
-53
-172
439
30
-484
46
673
-612
-443
784
-173
-539
426
-191
-84
326
-592
23
545
-225
-700
511
609
-671
-501
815
341
-1258
615
676
-1092
450
312
-715
295
195
-182
-454
-19
1229
-992
-761
1335
-378
-624
-235
995
-31
-1480
1000
133
-831
21
-206
289
-140
-892
708
279
-1113
111
560
-593
-843
936
57
-1039
65
536
-48
-1016
180
700
-619
-921
451
628
-977
-621
850
-349
-860
438
101
-868
-126
1012
-1104
-700
1332
-679
-1080
811
102
-660
24
18
172
-484
90
517
-839
170
819
-676
-253
725
103
-508
-141
971
-375
-656
1086
-248
-195
685
-34
-168
444
431
-530
229
467
-52
-149
118
740
-330
-501
1092
-14
-663
1036
118
-696
600
755
-516
-189
747
430
-564
-3
1311
-372
-519
1419
-17
-984
1248
540
-1227
243
1391
-495
-1012
1192
555
-1039
-173
1409
-235
-1352
1432
685
-1514
271
1238
-609
-652
932
147
-809
402
597
-492
-294
595
80
-611
183
430
-451
-334
332
-111
-182
-172
131
-74
0
198
-777
517
93
-875
-16
204
-40
-468
-375
253
322
-878
-1
719
-662
-170
919
-656
-492
919
-105
-893
339
967
-1027
-442
914
-177
-899
313
316
-882
-65
360
-232
-574
-111
165
-259
-794
434
13
-1317
320
322
-807
-469
563
-266
-1237
497
556
-1241
-308
735
-628
-601
633
-142
-900
450
213
-807
138
314
-420
-574
277
233
-409
-660
325
673
-1328
22
625
-387
-545
-255
416
-325
-12
-217
-308
357
-134
-657
242
277
-310
-411
100
681
-659
-299
709
-44
-361
377
139
-76
-116
160
604
-538
145
782
-515
-39
836
-394
-158
441
-137
249
-252
300
296
-513
339
-121
318
405
-339
27
497
333
-342
543
274
-99
423
112
381
500
-255
300
739
-88
221
508
514
-333
124
1069
-4
-270
320
780
-252
-187
983
118
-675
367
751
-316
-352
310
663
-848
-147
1204
-626
-360
514
104
-11
220
272
565
-398
124
1122
-190
-29
102
606
199
-299
413
396
-82
-306
416
688
-303
-660
972
363
-1284
179
1270
-905
-736
1176
-250
-459
352
114
-359
-232
663
-52
-390
355
311
-320
-147
725
83
-306
37
697
441
-630
465
670
-581
66
659
-238
-199
255
18
-324
283
131
-327
-114
-26
592
-273
-361
549
-11
-816
57
791
-489
-513
602
232
-379
272
89
-13
243
-107
247
184
-156
308
101
-530
288
579
-589
-347
728
110
-561
-30
445
-139
-670
144
413
-403
-336
364
-121
-292
146
125
85
-94
139
493
78
-25
489
68
-40
525
403
-118
57
772
326
-267
322
812
142
-305
423
894
-5
-379
432
342
-26
-42
156
499
35
-248
461
296
-81
213
-24
447
279
-173
412
258
260
178
157
566
299
21
334
454
181
109
162
152
231
-16
-58
-43
-61
225
-268
-286
106
41
-500
-294
126
-391
-313
-260
-152
-344
-464
-125
-144
-462
-217
13
-269
-296
-221
42
-552
-158
221
-670
-276
168
-397
-768
0
79
-943
-523
57
-715
-738
-268
-573
-879
-451
-580
-1063
-501
-411
-855
-917
-399
-393
-1054
-629
-271
-617
-852
-508
9
-744
-747
-88
-444
-587
-286
-190
-495
-191
-208
-378
-211
-116
-391
-558
54
-333
-476
-248
-495
-278
-274
-761
-306
-123
-924
-465
-54
-524
-600
-403
-264
-364
-383
-148
-286
-114
-69
-222
39
23
40
187
-85
-67
473
85
-273
241
507
-82
-209
380
476
-223
-235
558
73
-288
122
221
-244
-165
76
-301
-120
99
-104
-151
68
36
45
-99
139
385
-70
96
431
312
200
551
202
187
812
223
117
504
586
214
37
692
422
-27
222
328
281
72
80
245
272
-3
-157
440
89
-322
423
8
-56
367
-20
86
-113
60
390
-10
-46
211
458
-80
-229
623
442
-413
21
866
-123
-331
679
35
-344
179
221
67
-116
165
288
-262
17
184
-66
-24
-7
116
-75
37
135
-56
-46
63
180
0
-119
314
153
-130
240
185
223
-102
131
531
-37
-9
530
459
-127
187
458
160
57
164
305
319
54
153
378
-15
-14
409
379
-111
150
545
166
-235
347
656
-10
-111
508
669
-100
-96
643
496
-321
267
878
90
-212
510
659
-284
41
745
14
-150
553
101
-75
268
-54
62
132
21
91
-158
9
93
-142
-109
-39
-18
-120
103
-100
-82
295
-43
-250
259
301
-317
-141
440
27
-397
130
115
-41
-195
-155
67
53
-240
-226
118
-222
-237
-94
-108
-253
-116
-165
-237
-155
-230
-146
-264
-127
-113
-152
-254
-75
-14
-249
-156
-78
30
-148
-87
6
8
16
-188
-2
84
-88
-153
-77
43
-185
-274
135
-158
-478
78
45
-501
-141
262
-454
-356
201
-181
-461
-109
79
-377
-344
32
-95
-344
-21
102
-246
-274
92
-46
-216
141
-167
-191
180
-72
-151
88
-29
-71
-183
102
61
-310
54
-29
-86
-220
-71
7
-209
-14
-40
-119
-63
-23
-81
5
-60
-101
24
-31
-176
201
147
-216
160
149
9
-71
98
167
79
114
42
324
141
0
337
345
-45
52
470
241
-26
339
310
-96
287
131
148
281
-119
182
300
-72
17
322
60
-118
244
205
-168
232
169
-115
45
109
131
-34
30
-25
138
45
-200
196
240
-284
-129
381
-79
-208
182
-47
-164
0
-143
-108
18
-184
-231
-33
-33
-266
-200
-91
-268
-224
-23
-91
-313
-55
10
-258
-141
-49
-4
-84
-104
69
212
-56
-184
243
144
-191
203
272
-87
271
264
2
186
341
41
-106
411
238
-133
208
336
46
75
245
85
71
36
267
253
-69
386
310
153
201
403
446
28
346
420
182
310
514
257
319
479
349
397
309
385
251
303
358
211
306
240
298
242
104
392
245
67
254
214
233
-10
134
173
-66
134
3
98
41
1
69
12
22
-86
22
-77
-109
-65
97
-138
-197
233
-103
-190
20
-14
-148
-129
53
-151
-218
85
-83
-230
-23
-137
-229
-146
-309
-205
-170
-248
-102
-336
-104
-120
-354
-250
-285
-179
-409
-304
-131
-299
-184
-221
-284
-124
-266
-381
-68
-72
-316
-126
9
-244
-235
-80
-76
-243
-184
65
-208
-271
19
-118
-296
-143
-141
-234
-177
-125
-133
-271
-278
-125
-237
-392
-214
-160
-331
-281
-243
-251
-265
-311
-240
-376
-176
-196
-451
-170
-172
-411
-304
-60
-420
-394
-141
-360
-444
-245
-304
-610
-360
-264
-560
-628
-244
-384
-710
-405
-262
-564
-469
-259
-524
-371
-309
-416
-420
-369
-214
-327
-400
-175
-154
-365
-233
-63
-210
-239
-72
-58
-164
-176
-37
-144
-213
-74
-126
-95
-88
-168
-100
-74
-240
-140
-68
-234
-140
-95
-65
-169
-80
0
-137
-5
48
12
-17
197
45
119
364
105
219
351
190
280
474
255
233
469
402
93
381
501
158
189
407
381
85
244
255
238
111
147
277
107
183
236
109
57
298
86
39
286
295
57
129
442
116
115
359
212
121
310
204
74
288
167
29
171
194
49
67
224
135
-45
62
79
-47
-33
15
51
-58
-112
40
12
-225
-72
-24
-182
-132
-64
-51
-131
52
-109
-164
45
-80
-184
-71
104
-79
-221
65
120
-274
-48
52
-161
-109
-15
-74
-89
34
-154
-46
-116
-91
24
-130
-11
45
-49
-118
16
118
-125
-191
192
44
-174
121
182
-20
5
132
34
91
63
81
184
87
105
118
207
117
181
224
132
305
137
129
350
263
27
326
391
99
314
412
298
205
422
306
152
388
365
188
212
433
336
220
333
416
276
244
421
298
189
413
403
182
428
496
195
308
464
354
235
400
418
281
381
531
404
225
544
399
206
469
454
203
354
528
246
305
380
332
191
218
284
209
248
249
150
126
230
4
13
117
105
51
-34
204
65
-182
138
131
-160
64
128
-20
-9
72
94
-170
17
103
-162
-56
48
4
-154
23
43
-153
-90
-69
-159
-110
-109
-187
-47
-170
-158
-85
-172
-248
-179
-150
-246
-169
-112
-186
-255
-94
-200
-180
-147
-267
-123
-115
-218
-99
4
-229
-114
-55
-213
-70
-10
-111
-89
32
-90
-145
-21
-38
-93
-81
24
-65
-160
-9
-125
-171
-26
-100
-138
-40
-120
-203
-75
-168
-150
-83
-207
-183
-152
-197
-165
-47
-123
-100
-4
-20
-23
-84
-9
57
2
-55
63
178
46
3
108
110
-4
-24
51
46
-76
80
99
-81
70
7
-151
-118
-4
-126
-81
38
-135
-36
-68
-96
-35
-9
-10
58
93
-48
126
133
39
103
126
64
61
146
37
84
192
47
-20
218
124
-21
134
13
19
107
-2
-11
72
9
-104
-50
29
-46
-21
-10
-23
19
-50
-20
-39
-6
-61
-109
18
-21
-78
20
41
-112
-11
-8
-125
-63
21
-26
-137
-52
-72
-191
-205
-136
-151
-166
-190
-171
-119
-247
-217
-155
-231
-283
-204
-202
-304
-199
-156
-283
-189
-159
-238
-177
-192
-229
-228
-171
-202
-214
-175
-187
-198
-228
-244
-151
-149
-284
-210
-192
-233
-270
-256
-218
-258
-321
-273
-191
-317
-287
-177
-189
-291
-243
-115
-227
-272
-76
-161
-280
-46
-97
-223
-128
12
-179
-147
49
-114
-28
26
35
34
34
2
58
16
-33
131
57
83
42
67
45
15
91
28
98
116
54
0
141
85
-44
129
131
4
99
231
69
29
158
86
11
197
199
43
157
159
86
157
206
109
133
141
61
118
121
111
100
170
63
45
174
52
13
129
130
-41
88
134
-72
19
73
-9
-23
12
14
-25
-15
29
-30
-29
89
-4
36
66
-30
34
-23
-1
52
12
-8
142
78
-38
176
90
19
88
86
70
74
59
68
83
31
39
57
90
21
82
73
5
45
28
24
-3
38
-17
3
-22
-44
-16
-55
9
-33
-8
-9
-47
-11
-26
-117
-56
-22
-148
-57
-85
-149
-164
-183
-198
-199
-194
-230
-180
-255
-215
-230
-262
-264
-317
-295
-326
-333
-357
-294
-364
-345
-319
-366
-315
-395
-317
-299
-370
-325
-255
-325
-360
-250
-368
-401
-264
-274
-353
-283
-186
-351
-350
-259
-328
-337
-329
-303
-304
-302
-297
-265
-299
-275
-222
-304
-289
-239
-260
-285
-194
-180
-185
-65
-95
-95
-8
-96
-66
51
-24
-23
71
67
-8
113
125
38
175
166
149
163
206
170
121
173
129
151
155
195
215
248
251
261
249
183
304
253
220
297
333
271
311
442
323
370
432
337
384
472
374
418
513
437
430
460
500
413
436
512
521
467
490
589
480
514
575
528
493
581
595
478
579
639
478
490
582
498
496
522
541
463
471
537
452
445
475
458
410
447
463
398
340
418
361
273
361
358
350
317
403
353
260
423
361
237
351
395
226
257
345
210
211
319
248
217
382
294
166
274
232
68
102
212
81
58
147
128
66
79
132
49
87
118
78
98
56
50
56
-6
-9
39
21
-35
-13
77
-30
-49
86
1
-35
-32
-38
-72
-74
2
-52
-47
-65
-117
-100
-183
-167
-74
-185
-158
-86
-197
-234
-192
-216
-306
-211
-240
-304
-224
-252
-306
-296
-150
-224
-283
-71
-162
-325
-179
-160
-280
-261
-159
-179
-285
-207
-172
-252
-222
-206
-221
-229
-222
-219
-267
-242
-284
-256
-259
-292
-216
-263
-222
-233
-239
-244
-255
-213
-226
-249
-259
-206
-260
-270
-236
-216
-212
-242
-277
-228
-213
-285
-213
-238
-306
-279
-277
-308
-323
-269
-267
-323
-258
-254
-342
-262
-304
-360
-295
-291
-288
-327
-271
-260
-332
-325
-289
-309
-310
-249
-282
-229
-218
-260
-207
-213
-236
-239
-226
-231
-239
-190
-222
-266
-182
-210
-257
-216
-181
-177
-236
-183
-160
-248
-190
-162
-226
-174
-110
-168
-187
-139
-168
-203
-151
-104
-154
-103
-45
-81
-79
-53
-47
-66
-51
-68
-89
-97
-67
-94
-120
-51
-23
-88
-44
39
-60
-57
26
-47
-91
49
-35
-128
10
10
-81
-49
67
-33
-68
4
-22
4
31
18
43
69
17
56
76
1
12
64
11
-55
96
133
0
110
162
59
94
153
120
91
133
112
75
90
74
98
91
53
72
82
29
78
113
33
83
119
55
69
128
81
93
95
74
86
19
3
-5
-17
-68
-29
-20
-51
14
25
-4
19
51
1
46
79
58
27
42
54
-25
-3
0
-59
-61
-67
-81
-50
-51
-38
-28
32
82
30
54
77
30
-1
82
53
-5
47
34
0
-16
32
-7
-16
52
44
44
64
38
32
34
2
35
35
27
54
103
22
-18
38
-18
9
38
39
45
102
70
34
99
114
99
85
133
115
99
99
120
101
125
176
128
175
203
190
145
169
221
138
155
244
152
123
204
183
162
192
252
158
164
273
185
162
258
271
204
232
274
218
194
264
266
240
283
321
307
332
360
308
324
327
291
316
337
273
341
347
232
280
306
210
204
298
216
195
265
269
211
243
268
163
208
234
190
182
202
177
172
182
156
169
176
161
167
192
154
158
149
143
191
166
132
171
176
126
149
165
103
70
94
38
-17
47
55
-16
25
63
-19
15
65
1
-12
-4
-22
-41
-43
-39
-45
-58
-86
-67
-50
-93
-118
-78
-104
-194
-157
-120
-194
-219
-171
-189
-249
-214
-163
-194
-174
-90
-144
-188
-116
-163
-258
-204
-151
-250
-276
-188
-222
-283
-236
-206
-215
-173
-135
-173
-188
-133
-177
-201
-111
-141
-201
-150
-123
-209
-191
-148
-230
-208
-145
-174
-196
-156
-143
-175
-163
-137
-120
-118
-146
-109
-113
-174
-113
-75
-133
-119
-28
-74
-159
-84
-94
-195
-121
-38
-129
-136
-14
-79
-181
-67
-62
-163
-120
-74
-130
-126
-77
-152
-184
-136
-120
-157
-142
-50
-51
-109
-83
-33
-102
-79
-17
-89
-66
-18
-93
-117
-46
-113
-176
-73
-64
-117
-24
-11
-111
-64
6
-53
-82
4
-36
-73
0
-30
-74
-36
-63
-110
-71
-101
-118
-68
-77
-97
-23
-29
-78
-6
-14
-46
-5
-29
-78
-27
-42
-83
-80
-85
-82
-69
-39
-60
-48
-20
4
24
30
32
49
48
50
90
68
44
55
71
53
48
59
40
23
26
36
35
42
15
38
40
10
13
18
47
65
96
78
72
93
60
34
68
53
36
67
72
73
68
120
74
54
130
100
76
132
145
85
108
142
113
91
159
128
82
166
142
93
123
163
125
106
160
169
146
138
150
127
106
125
139
103
114
159
107
130
175
140
152
175
166
146
144
167
151
106
133
130
118
146
142
142
147
120
75
98
108
67
69
88
42
3
23
24
9
46
89
25
-10
9
-29
-30
-20
2
16
1
32
11
-23
-23
-39
-41
-51
-40
-15
-37
-59
-61
-70
-93
-98
-83
-76
-50
-38
-47
-45
-61
-60
-36
-71
-98
-103
-105
-124
-171
-123
-129
-172
-141
-143
-166
-165
-131
-145
-139
-94
-100
-100
-99
-120
-131
-121
-131
-138
-154
-143
-106
-156
-151
-99
-142
-155
-100
-128
-155
-73
-75
-137
-95
-76
-157
-122
-63
-117
-106
-60
-99
-124
-86
-106
-149
-140
-111
-118
-112
-74
-47
-51
-59
-26
-50
-48
-12
-9
-20
-6
6
-56
-12
26
-17
0
29
1
1
57
41
28
71
66
16
29
32
16
33
52
62
29
31
39
35
13
12
29
11
16
39
48
60
87
59
56
78
68
86
90
96
93
93
64
59
109
84
91
118
101
72
61
31
-13
7
9
12
41
53
57
69
68
69
83
76
67
63
35
-1
-8
-49
-64
-44
-64
-48
-15
-28
-47
-13
9
11
32
56
70
67
52
26
10
0
-14
-25
-35
-44
-48
-41
-44
-47
-16
-4
-8
41
51
31
55
73
61
47
78
70
24
28
8
-23
-31
-44
-34
5
39
68
83
99
100
106
98
81
115
111
78
58
49
36
1
9
39
15
12
72
82
75
100
127
95
91
147
113
97
132
98
28
49
94
54
46
89
82
58
109
135
92
145
196
134
132
171
121
116
134
79
58
62
53
42
45
51
58
51
54
81
81
85
94
85
39
43
58
19
-3
27
27
9
44
43
53
66
77
87
103
138
151
146
112
97
78
67
69
52
30
42
46
5
47
58
23
42
21
7
4
-1
-15
-56
-58
-58
-73
-88
-78
-61
-101
-93
-63
-74
-55
-17
-32
-43
-13
-6
-4
-34
-71
-94
-109
-138
-161
-155
-177
-186
-186
-220
-250
-224
-218
-252
-254
-249
-259
-265
-272
-276
-265
-274
-279
-294
-299
-298
-286
-272
-271
-242
-235
-201
-200
-198
-173
-180
-185
-186
-194
-235
-237
-240
-264
-274
-256
-271
-309
-306
-319
-332
-320
-307
-323
-329
-304
-288
-318
-319
-283
-298
-326
-306
-304
-309
-284
-272
-266
-225
-173
-161
-149
-132
-108
-97
-77
-39
-67
-79
-48
-69
-84
-50
-55
-89
-79
-92
-123
-93
-83
-125
-127
-103
-97
-117
-116
-66
-65
-64
-30
-36
-42
-13
-3
-46
-23
15
14
36
72
66
65
120
145
153
180
204
200
218
227
220
240
236
219
229
227
214
224
209
194
216
231
208
182
180
163
140
149
157
174
185
191
204
196
199
213
217
237
240
227
231
232
224
192
209
211
163
180
177
140
167
191
145
150
168
144
122
136
144
83
115
124
104
132
102
114
105
93
113
102
129
145
144
171
179
200
209
204
212
201
224
223
221
250
241
249
229
191
185
185
154
135
161
149
130
131
144
106
102
143
89
