15
29
39
33
24
7
-7
-11
-18
-24
-32
-36
-44
-55
-46
-35
-24
-16
9
21
33
56
53
43
37
46
37
18
11
2
-6
-19
-12
-12
-16
-16
-13
-15
-14
0
-9
-15
-17
-26
-25
-24
-30
-33
-36
-43
-47
-55
-58
-57
-58
-54
-36
-30
-20
3
18
15
11
3
0
8
0
-10
-13
-16
-10
-4
-6
-2
-11
-25
-19
-18
-24
-29
-33
-38
-37
-30
-26
-13
-14
-9
-6
-10
-6
-7
0
11
14
13
25
29
32
31
42
48
45
56
44
45
37
28
37
29
23
13
18
23
16
12
8
12
15
4
11
14
2
-6
-12
-9
-5
-1
-8
-4
11
16
36
53
50
48
37
28
26
24
29
32
41
44
39
38
23
10
1
1
5
-1
-4
6
3
-8
-2
7
10
12
5
3
8
8
11
13
18
14
10
12
16
20
25
27
27
46
45
52
53
49
61
52
50
38
30
24
-2
-24
-29
-21
-14
6
21
27
35
42
55
58
48
48
49
46
47
49
43
26
14
14
7
11
7
-5
-13
-23
-28
-26
-27
-33
-32
-39
-45
-51
-61
-66
-75
-66
-61
-67
-54
-45
-34
-28
-26
-12
-7
-2
0
-12
-21
-17
-11
9
19
19
8
-2
1
-10
-23
-28
-36
-46
-49
-52
-42
-39
-51
-54
-63
-63
-59
-49
-25
-8
11
9
13
30
40
43
24
12
15
24
33
42
51
42
24
13
8
-8
-13
-16
-17
-18
-22
-13
-30
-36
-30
-34
-54
-57
-51
-59
-36
-21
-4
0
9
14
22
31
23
45
50
55
60
67
66
55
49
29
21
10
6
16
9
-3
-12
-19
-31
-31
-32
-38
-38
-38
-37
-39
-33
-31
-32
-31
-34
-29
-27
-24
-21
-10
5
18
23
28
28
27
34
19
10
0
-6
0
0
-2
-4
-14
-16
2
15
32
30
24
11
-8
-11
-25
-24
-22
-17
-5
14
34
45
55
50
38
22
12
8
6
9
9
24
34
29
19
14
-6
-11
-6
-9
3
0
0
6
0
0
-8
-17
-21
-27
-30
-31
-10
6
18
47
52
53
58
53
57
69
66
62
65
71
72
77
71
61
53
35
27
20
10
3
-2
-8
-13
-21
-34
-42
-47
-57
-60
-59
-68
-60
-57
-61
-56
-69
-60
-56
-50
-37
-45
-40
-33
-11
9
12
19
15
10
0
-10
-15
-23
-23
-19
-15
5
11
15
22
25
25
5
4
-8
-11
-15
-10
-2
4
22
17
20
20
7
-4
5
10
18
25
24
30
30
28
20
22
22
24
26
25
27
17
10
5
0
3
0
-13
-18
-13
-9
-12
-21
-25
-7
-2
7
11
8
13
4
4
5
12
6
2
-6
-30
-36
-42
-48
-44
-43
-32
-31
-41
-37
-35
-21
-24
-30
-22
-24
-26
-24
-24
-21
-14
-11
0
1
10
17
19
3
-8
-12
-27
-35
-43
-39
-34
-27
-17
-11
-7
-23
-28
-33
-43
-46
-57
-56
-46
-42
-26
-22
-39
-41
-44
-36
-21
-4
16
10
19
36
42
47
47
52
45
50
49
35
25
11
6
1
-2
-2
1
6
13
17
8
3
9
1
-2
-6
-22
-34
-46
-36
-20
-17
-11
-5
-2
6
11
-1
-6
-1
-2
-7
0
15
14
11
12
12
10
10
10
-4
-4
0
0
5
6
3
1
2
9
11
2
-10
-21
-24
-16
0
3
3
9
16
14
3
5
0
-10
-2
4
8
17
5
-6
-17
-30
-21
-19
-22
-6
14
27
42
46
47
42
30
34
27
28
17
9
21
17
19
14
12
16
12
5
-5
0
3
13
15
-4
-17
-31
-35
-38
-27
-25
-23
-8
3
2
1
12
15
36
49
52
59
62
51
50
51
35
36
29
28
22
20
22
23
37
39
24
1
-1
-5
-8
-2
3
-3
-16
-25
-42
-43
-56
-64
-56
-47
-36
-30
-22
-12
-3
-4
-3
-5
-26
-27
-14
0
14
26
31
34
34
15
13
27
26
37
40
44
59
62
59
48
34
15
0
-10
-31
-48
-55
-56
-60
-51
-50
-50
-39
-40
-50
-57
-58
-55
-62
-59
-46
-50
-44
-47
-45
-40
-36
-25
-23
-22
-25
-28
-31
-36
-39
-30
-25
-22
-18
-18
-17
-19
-15
-9
-7
-11
-3
2
3
1
0
0
-3
-4
-9
1
7
11
17
13
15
8
-1
-5
-6
-1
3
18
23
10
4
1
-6
-12
-17
-17
-16
-24
-27
-24
-14
-9
-11
-10
-7
-5
-2
0
6
20
35
41
57
51
40
43
36
29
22
27
24
28
36
30
46
43
38
37
30
43
42
22
17
17
16
18
14
15
15
23
29
19
15
12
23
37
37
41
47
58
69
83
93
90
89
79
71
59
47
37
35
40
37
41
49
51
42
30
19
9
5
6
2
-5
-2
-3
-9
-11
-24
-36
-43
-49
-53
-57
-53
-39
-36
-30
-21
-21
-13
-2
9
26
35
35
31
30
34
40
47
49
53
60
61
64
76
83
85
83
81
91
90
87
87
85
89
83
85
78
63
55
45
44
30
23
21
11
1
-4
-7
-18
-26
-30
-23
-22
-12
-9
-12
-13
-8
0
1
10
27
36
45
53
55
65
75
85
93
96
84
73
77
76
75
68
66
63
52
55
54
43
39
25
16
3
-4
-11
-17
-22
-28
-17
-27
-33
-40
-52
-52
-58
-53
-45
-43
-38
-36
-42
-43
-35
-39
-37
-32
-29
-18
-14
7
10
-4
-7
-3
4
4
6
0
-7
-13
-6
2
4
4
-8
-16
-33
-40
-50
-74
-86
-86
-90
-86
-87
-101
-93
-93
-92
-99
-110
-121
-135
-163
-174
-162
-157
-145
-143
-135
-129
-138
-149
-154
-160
-160
-150
-141
-107
-79
-66
-50
-45
-39
-41
-48
-42
-36
-28
-18
-4
15
19
23
18
12
-2
-10
-7
-14
-14
-11
-12
-17
-27
-35
-30
-39
-42
-36
-44
-44
-51
-75
-90
-89
-96
-84
-78
-84
-77
-84
-90
-86
-86
-86
-76
-78
-82
-88
-97
-92
-93
-104
-106
-93
-85
-79
-60
-36
-16
12
13
14
19
3
8
6
1
14
3
9
26
16
18
17
0
10
22
21
33
27
6
-4
-11
-6
-18
-25
-12
-19
-21
-6
1
-2
3
31
15
3
30
25
34
52
55
63
74
72
65
76
78
96
92
95
83
74
58
62
87
62
78
66
52
49
54
29
77
12
-32
66
-14
-18
-4
-9
25
3
-59
15
22
-13
33
0
36
24
22
34
49
22
41
49
28
63
55
66
76
85
56
74
48
41
62
66
65
64
72
46
55
26
16
28
24
39
42
27
45
50
50
52
50
47
33
62
40
58
60
44
73
73
61
68
80
54
72
66
58
69
61
48
48
44
31
22
-11
7
11
-6
4
0
-9
0
0
-18
1
-8
6
17
18
45
19
20
36
33
36
32
33
37
14
14
48
42
42
45
37
70
53
41
76
59
38
27
4
25
20
0
37
37
41
59
29
48
58
12
18
9
-2
13
6
42
49
16
24
21
-3
7
-12
-19
-5
-41
-35
-36
-51
-36
-62
-69
-34
-67
-74
-63
-74
-52
-55
-55
-44
-34
-36
-27
-20
-15
13
21
4
13
9
-37
-21
-34
-42
-5
-47
-41
1
-22
-4
-14
-78
-46
-47
-108
-65
-37
-57
-43
-47
-27
-37
-71
-48
-67
-76
-17
-17
-29
0
0
-2
-23
-31
-19
-28
-13
-19
-22
10
-13
-16
12
-30
-28
-22
-44
-16
-19
-1
-8
-52
-14
-25
-81
-19
-13
-60
-1
-6
-18
-17
-20
4
17
14
-1
-8
13
24
-17
0
2
13
-19
-19
32
-33
13
7
-55
60
37
-56
44
17
-18
0
-81
22
2
-46
57
-64
-10
60
-121
32
66
-106
70
9
-9
110
-90
44
83
-112
77
-12
-127
122
-80
-131
107
-54
-21
-36
-51
140
-129
-84
131
-139
12
12
-153
130
-71
-101
138
-120
45
86
-99
94
-32
9
72
-137
72
124
-118
94
144
-44
53
26
34
1
-108
86
39
-139
113
-10
-91
117
-61
-3
114
-57
-52
59
-3
45
-4
25
87
-107
108
40
-224
210
120
-253
163
223
-53
-31
168
265
-74
3
355
-94
-38
310
-192
9
277
-90
-74
93
115
-22
-110
116
94
-141
48
45
10
63
-12
7
-78
128
-7
-281
188
87
-235
60
99
-42
-71
43
144
-123
37
178
-200
76
154
-189
77
168
-147
62
53
-76
194
-58
-28
140
-41
-39
91
34
30
137
-67
109
133
-102
-9
85
49
0
-35
-8
178
-98
-84
247
-160
-84
204
-180
21
82
-92
-6
-76
248
-173
-212
261
-197
64
49
-218
255
-77
-207
245
-51
-140
41
14
-94
119
71
-404
290
40
-284
254
-183
59
87
-145
68
78
-24
-188
221
-5
-141
184
-284
131
125
-260
295
-283
-6
416
-664
257
387
-704
288
167
-285
148
-152
-15
154
-203
-80
230
-118
-337
189
205
-540
-94
566
-415
-438
630
-82
-536
151
223
-65
-524
367
331
-911
370
426
-783
131
321
-404
-185
311
23
-350
204
126
-257
211
125
-324
80
234
-189
-240
581
-75
-755
1045
-335
-637
1152
-761
-167
895
-531
-129
278
88
-199
-250
540
-15
-636
432
525
-885
270
740
-1203
506
551
-1170
537
293
-887
329
166
-505
162
-174
-276
196
-157
-397
113
30
-278
-44
-105
135
-236
-243
444
-447
-14
502
-879
471
477
-1035
607
305
-740
526
356
-764
439
622
-917
243
814
-769
-122
779
-223
-299
342
101
-208
129
3
-175
19
249
-316
-156
787
-605
-7
689
-661
403
214
-730
715
297
-862
536
437
-441
135
299
-23
-210
222
43
-223
223
128
-218
50
356
-120
-74
54
80
201
-648
364
389
-995
660
-109
-416
702
-834
231
597
-852
9
698
-544
-71
542
-608
500
-74
-419
526
-289
248
-68
-280
628
-131
-334
471
-166
304
-121
-642
1321
-848
-309
1047
-1168
881
-69
-870
1145
-487
-287
694
-407
59
542
-637
259
616
-614
106
407
-231
-121
317
-416
249
193
-856
834
-173
-498
510
-407
168
44
-338
63
172
-246
-266
330
-171
-67
104
-279
293
74
-357
52
209
-211
-264
318
-295
-74
410
-571
-60
754
-417
-616
792
-82
-310
-182
177
544
-1220
560
652
-1094
202
694
-566
-473
921
-257
-653
185
644
-284
-1049
1076
685
-1812
571
1603
-1831
257
898
-641
505
-836
721
822
-2054
1374
1194
-2816
1443
1213
-2495
1162
473
-1073
734
-712
173
782
-1524
550
888
-1459
614
313
-1166
1440
-734
-920
2103
-1522
-558
2106
-1423
-704
2121
-1457
-182
1542
-1633
1054
-59
-865
1587
-1397
255
1371
-2450
1876
362
-2909
3309
-947
-1895
2642
-921
-856
846
1
44
-550
-28
1388
-1790
4
2234
-2448
284
1751
-1945
690
527
-1045
1002
-867
450
302
-1131
1528
-960
-765
1879
-804
-1456
2159
-223
-1700
1633
64
-506
-84
454
563
-1086
511
752
-752
-51
911
-597
-173
1251
-1487
971
530
-1463
1879
-1140
-82
1626
-1888
836
805
-1454
1165
-438
-302
1130
-1247
203
801
-674
-33
145
92
213
-964
910
216
-1347
1192
-166
-635
413
176
-167
-516
602
229
-1288
842
414
-1365
729
165
-499
-16
143
-35
0
-384
342
173
-934
1111
-667
-228
892
-716
-8
280
60
-128
31
-254
1068
-984
-248
1938
-1829
456
1034
-869
312
223
135
-195
-30
335
240
-961
762
377
-1411
1047
108
-781
-10
513
90
-1258
1051
408
-1806
1455
-22
-927
750
-152
238
-737
935
23
-1019
1115
139
-1164
825
837
-1645
1073
432
-697
-74
347
859
-1984
1101
1070
-2525
1708
152
-1292
1001
-542
535
-582
-237
1203
-1207
-415
1951
-1426
-902
2397
-1881
415
459
-733
1488
-2046
964
1239
-2273
1202
640
-1723
1254
-136
-1122
1352
-816
-124
535
-1074
1281
-541
-1482
2464
-1275
-1098
2066
-1490
-91
1222
-1163
-262
1314
-916
-442
692
221
-143
-1373
2342
-889
-1481
2859
-2120
433
1209
-1785
1304
-435
14
255
-1173
1724
-1013
-1035
1811
-874
-1218
1567
-233
-1828
2179
-794
-1330
1570
-382
-791
131
656
-634
68
-278
528
-235
-854
1223
-857
356
-96
-595
1489
-1662
815
903
-2262
2698
-1725
151
1915
-3116
3156
-1580
-750
2973
-3201
1142
1741
-2972
1613
986
-2428
1827
-402
-440
968
-1570
1589
67
-2487
3098
-799
-2441
3603
-2124
-932
2758
-2192
-103
1626
-1394
37
403
352
-518
-749
1820
-1199
-673
1565
-614
-1087
1308
173
-1827
1929
-37
-1921
2136
-521
-1068
1633
-1158
423
696
-1591
2020
-1086
-918
3288
-3510
1263
2159
-3810
3242
-1225
-776
2516
-3040
1913
763
-2228
1599
696
-1630
884
1212
-2075
1599
102
-1545
2148
-1615
130
1503
-2093
991
591
-1400
982
-288
-663
1301
-1431
273
1115
-1973
1402
-247
-982
1193
-592
-113
63
143
-544
883
-644
-715
2272
-2391
595
1912
-2642
1469
669
-1722
1283
-151
-681
843
-856
538
189
-915
1289
-723
-261
1025
-623
-97
372
477
-1117
738
624
-1684
1686
-982
-96
1019
-1418
1231
-492
-274
894
-442
-720
1291
-454
-653
1102
-1313
1265
-871
-20
761
-1227
1144
-1333
573
45
-467
100
-801
1570
-1766
705
538
-1792
2533
-2473
564
2284
-4098
3014
26
-2918
3828
-2105
-870
3135
-2533
89
1724
-995
246
-403
901
124
-1461
1459
130
-1226
639
566
-974
444
275
-767
408
-144
23
-429
436
-125
-682
987
-788
389
114
-760
1135
-1207
701
261
-1335
1941
-1718
425
916
-1452
1387
-1043
260
575
-700
-3
631
-263
-663
688
-175
220
-883
812
142
-1059
1017
-360
-379
246
409
-655
-80
1254
-1135
-302
1958
-1659
-110
1679
-1521
707
702
-1391
1119
296
-1324
1598
-1074
34
1294
-1856
1435
259
-1231
520
410
-241
-307
216
-82
-92
120
-344
332
61
-897
1064
-660
-432
1697
-1704
18
1745
-1465
86
1146
-903
406
544
-955
970
40
-807
319
735
-694
-634
1750
-1612
311
646
-1092
1031
-860
213
440
-954
312
98
-701
352
-221
128
-156
-484
837
-558
-290
544
-236
-255
386
-190
-236
808
-790
1
1335
-1808
1474
281
-2114
3196
-1895
-516
2786
-2314
680
895
-787
115
712
193
-1301
1712
-342
-1094
1235
-184
439
-923
372
1413
-1915
570
2029
-2936
1316
1084
-1994
1284
-1056
1336
-1510
-174
2021
-2481
941
343
-1028
288
662
-1297
647
390
-1944
1403
161
-1377
594
142
-964
718
-581
134
134
-502
1149
-1938
1149
1402
-3315
1965
1228
-2839
1838
47
-1103
1164
-835
347
538
-637
750
-733
288
1088
-1908
1744
166
-1651
2235
-1146
-491
2299
-2148
491
1951
-2234
643
887
-730
-639
1182
-48
-1449
1542
-370
-1479
1810
-575
-1521
2370
-1827
82
1054
-1505
836
-186
278
-1344
1408
101
-2249
2542
-1150
-148
1242
-2103
1560
113
-1639
1816
-709
-367
1195
-1507
1206
-509
-690
2077
-2121
1072
1206
-2592
1575
797
-1767
864
410
-429
-475
497
765
-1481
674
539
-910
744
85
-920
1345
-515
-1048
1676
-224
-605
-132
1124
-933
-368
1505
-1596
428
880
-809
-148
98
674
-375
-1389
1397
459
-1954
698
520
-148
-956
-179
1843
-2062
-53
1398
-1067
222
-340
592
-506
-256
998
-980
95
914
-588
-979
1605
-51
-1763
1778
-150
-1229
1291
-493
-302
711
-518
309
-273
243
756
-1779
1193
951
-2188
1417
391
-1636
1229
107
-991
1168
-525
-206
779
-1207
1196
-326
-733
1339
-1341
738
653
-1885
1345
357
-1969
1685
50
-1591
1291
-169
-771
513
527
-221
-669
393
726
-933
-50
922
-493
-586
771
-142
-584
1273
-1428
280
1272
-1681
691
287
-884
716
-310
-483
1208
-786
-218
605
-459
315
-15
4
-13
5
229
-625
589
880
-1895
583
1527
-1685
36
903
-253
8
-351
622
-61
-715
1002
-523
-490
1495
-806
-318
1216
-921
100
-9
128
682
-319
-731
932
-66
-1419
1801
-925
-273
577
-595
617
-134
-457
-265
731
-604
210
-125
-259
553
-1297
941
562
-1506
1416
-467
-1687
2625
-858
-1279
2106
-1611
614
643
-1802
2001
-299
-1458
1310
437
-1076
469
565
-775
533
-64
-247
504
-368
569
-37
-1326
2107
-342
-1996
2416
-246
-1829
1168
299
-157
151
-635
666
-793
-57
1296
-1756
1013
901
-2759
2021
456
-1958
1645
-982
-69
252
86
963
-2157
978
1276
-2413
1315
979
-1830
711
-218
451
272
-1171
1012
-577
-855
1959
-263
-1623
1767
-559
-1236
1434
-134
54
-87
-856
1433
-622
-725
1573
-1609
637
205
-1200
1284
-666
-838
545
2
-748
510
298
-760
-98
566
-17
-471
-79
829
-191
-1149
1912
-234
-1323
1564
-263
-696
447
830
26
-738
429
564
-266
-687
914
185
-1313
1068
-62
-851
1194
-548
-1259
1372
-76
-1614
1584
-94
-1518
1930
-327
-1348
1657
-226
-978
833
660
-234
-538
746
539
-843
358
665
-469
-100
454
584
-560
-117
729
-833
805
358
-1644
1153
-3
-922
1208
-429
-83
301
-719
647
-38
-506
338
-343
-23
135
-38
10
-758
-190
423
-469
155
66
-530
360
-671
358
262
-897
572
-365
-248
868
-173
-1263
825
425
-1609
868
460
-936
279
-513
-189
1002
-813
-376
536
-300
-326
81
781
-461
-407
501
-193
269
411
-753
-197
892
-384
-228
755
-34
-645
-543
801
295
-716
168
-69
-352
362
384
-768
258
308
-1119
554
1065
-302
-468
75
76
185
365
63
16
418
-153
-70
1323
38
-695
646
246
284
857
-141
46
671
159
196
649
784
-218
189
946
432
706
207
200
688
439
363
336
558
802
-352
-14
1144
-910
-925
294
-603
-989
-406
-1155
-2194
-865
-1700
-2901
-989
-1409
-3029
-1872
-1228
-2672
-2459
-1524
-2350
-1781
-1055
-1898
-968
-351
-1504
-764
-107
-421
-61
563
462
520
1524
410
716
1817
925
1087
1742
1491
2017
1880
1009
1997
1821
1319
1262
2284
1630
617
2054
1250
1045
1575
434
1131
1809
676
1276
857
499
1116
1391
1378
1662
1903
725
1508
1482
1335
1781
1348
2120
2539
2543
2125
-17
-1259
-399
1636
2180
-239
-46
-32
-2582
-2878
-1514
-1340
-3140
-3838
-2613
-2001
-2665
-4071
-4332
-4381
-4751
-3806
-2957
-1644
-1977
-3639
-2939
-2224
-1924
-1495
-1480
-447
-117
427
919
708
1332
0
445
1637
2122
2675
2209
2120
1494
1368
1260
1641
1728
1400
1048
966
709
-352
-284
-106
-599
-1524
-715
-672
-1801
-1289
-1860
-2279
-1591
-1782
-1668
-965
-1336
-1356
-943
-1109
-683
-247
-370
120
957
889
840
1564
1214
557
2025
2006
1620
2821
2286
1890
2342
1943
1695
2121
1706
2015
2334
1978
2815
2453
1459
2193
2451
1999
2723
2486
2491
2680
1591
2869
3551
3718
2965
-2135
-2787
709
3388
2451
-1186
-605
-1756
-4495
-4234
-2079
-912
-4140
-6092
-4335
-2312
-3666
-6102
-5901
-5950
-5542
-4740
-2999
-1070
-2837
-5194
-4527
-2844
-1706
-624
-1065
-330
586
-136
772
1541
1400
433
1171
2726
3084
4262
3477
2126
2061
2054
2300
3461
3865
2874
2532
1486
958
1361
923
459
447
-177
-1015
-1270
-1086
-823
-1405
-2742
-2687
-1120
-2336
-2806
-1184
-1596
-2320
-2441
-1552
-849
-1132
-1612
-1423
-335
-193
-610
-109
441
309
58
106
1108
1362
528
682
1002
1229
1170
1243
1688
1413
1660
1759
1609
2580
2679
2043
3098
3503
3015
3691
3670
3186
3706
3596
3394
4959
5959
4962
465
-2644
-272
4046
4999
465
-731
-698
-4275
-5817
-3295
-1082
-2940
-6167
-7262
-4275
-4038
-7306
-7409
-7189
-6890
-6595
-5278
-2788
-2794
-5169
-7220
-4587
-1850
-1350
-323
185
237
131
571
1407
2853
3272
2848
3574
4839
5113
4735
4317
3488
3846
4367
4929
5880
5186
3328
1772
1227
1406
1666
1815
1310
633
-214
-1359
-1497
-2467
-3329
-2546
-2293
-1439
-1130
-1898
-2884
-3860
-3488
-2419
-1056
-62
198
-995
-1687
-1050
-855
-343
406
802
735
1104
871
484
439
-533
261
740
561
1884
1248
302
302
-505
-232
1251
1458
1612
1726
1655
1737
1109
1954
2582
2733
3316
3315
3659
3427
3636
5200
5788
2765
-1937
-586
4770
6459
3044
1
-1
-2288
-5226
-3612
1322
955
-3856
-6635
-5835
-4208
-6245
-6676
-5718
-5153
-5451
-6574
-4353
-2863
-4798
-6912
-5820
-3314
-1703
-571
-823
-833
-1441
-2195
-432
1571
2718
3596
2630
1553
2590
3145
2746
3817
4059
3441
4554
3831
3051
3468
2495
987
1116
1706
1585
2142
652
-653
-1412
-1886
-1197
-383
-304
-1311
-1681
-2750
-2864
-1896
-967
-456
-680
-1317
-1213
-748
-1195
-787
6
373
523
682
279
145
-163
-580
119
1076
1579
1421
1098
482
63
509
873
1118
1821
2061
2237
2066
1827
2229
2712
3120
3026
3621
4478
4348
4602
4388
4240
4756
4566
4984
5620
5906
6266
4718
273
-1336
1652
5681
4275
-282
-432
-2271
-5756
-6537
-2938
-483
-2839
-6512
-8939
-7742
-8491
-9154
-7006
-5693
-6361
-8219
-7875
-6007
-5953
-6958
-6251
-4812
-3329
-2642
-1851
-812
-2127
-2710
-1687
189
2286
3423
3178
1947
1202
717
2186
4074
4460
4262
3442
2321
2031
2392
2407
2387
2140
1680
1491
1372
950
585
30
-348
-189
403
343
239
-357
-2593
-2646
-1116
-492
233
42
-1305
-2513
-2759
-1572
-511
-86
-370
-696
-1579
-2254
-1027
-289
-267
-369
-652
-723
-3
801
608
426
734
682
1132
2360
2935
2772
2400
2453
2997
3664
4170
4211
4412
4470
3899
4174
4640
5041
5034
4493
3875
3656
3570
3183
3813
3828
3912
785
-3168
-2040
977
2630
-290
-2454
-2894
-5157
-7017
-5557
-2097
-2018
-4659
-7205
-7379
-7632
-7752
-5734
-4013
-3924
-5563
-6445
-5917
-4388
-4646
-3916
-1983
-2727
-2627
-2196
-1373
-483
-1079
-1202
-113
294
419
1313
1487
709
230
454
1264
2609
2534
1995
2062
1687
1373
2008
2706
2567
2764
2683
1995
2559
3045
2451
2569
2969
2434
2521
2569
1783
2286
1281
54
327
1173
1238
99
-351
-1282
-1488
-2085
-2009
-859
-662
-1728
-2726
-2824
-2822
-1985
-1443
-936
-932
-865
-859
-957
-146
832
994
1292
2018
1775
2735
3550
3139
2971
3216
3337
3606
4457
4058
3380
3259
2733
2794
3087
2816
2628
2316
1400
479
690
970
380
-279
-558
-506
-776
-1251
-1695
-2476
-3039
-1986
-512
-1249
-2326
-2353
-3263
-4126
-2619
-835
-149
-398
-2784
-3459
-3252
-3422
-1317
-186
-743
-1637
-2697
-3204
-2798
-2436
-1541
-1369
-2160
-2479
-3214
-2534
-2388
-2475
-2205
-2526
-2062
-1826
-1247
-1002
-1147
-1119
-784
-102
516
1115
1664
2234
1944
2213
3312
3826
3776
4401
4928
4062
4391
4871
4829
5140
4453
3888
4010
3532
3058
3183
2558
1713
1425
1377
1118
320
-296
-755
-1397
-1179
-702
-1415
-1633
-2225
-3172
-2546
-2027
-1479
-1183
-1877
-2208
-1834
-1564
-1326
-702
-111
24
-418
-761
-757
-22
535
466
752
942
558
10
259
894
842
431
332
443
528
159
-64
-51
-254
-574
-732
-461
-656
-924
-1228
-1483
-1550
-1350
-1340
-1932
-1070
-768
-1467
-1348
-1626
-1431
-693
-578
-664
-153
-245
-924
-1201
-1006
-380
-391
-518
-814
-1095
-1643
-1956
-1361
-1134
-1148
-1631
-1725
-1863
-2119
-1629
-1369
-776
-587
-1229
-934
-710
-415
23
-132
528
800
798
1144
1409
1572
1566
1509
1427
2104
2283
2103
2272
2224
2093
1788
1360
1676
2367
2120
2084
1555
1410
1887
826
1066
1734
1193
1005
741
943
1358
1003
377
226
489
358
4
214
199
-347
-639
-854
-701
-618
-884
-1092
-1002
-716
-1354
-1482
-1164
-1314
-976
-969
-883
-533
-749
-1085
-512
-298
-755
-330
-367
-84
510
466
590
406
154
-57
228
749
918
745
370
119
-130
-7
-162
-215
-59
-581
-965
-975
-1047
-1067
-1202
-1649
-1610
-1403
-1816
-2038
-1603
-1420
-1414
-1394
-1269
-898
-736
-948
-953
-156
139
71
212
846
1059
797
1099
937
1185
1481
1170
1259
1547
1004
918
972
645
1255
1095
747
604
219
124
233
445
617
411
20
328
390
789
984
599
790
910
1146
1261
1918
2079
1625
1525
1242
1795
2230
2394
1841
1763
2285
1379
1516
1789
1285
1276
1107
468
842
1198
289
446
314
-343
-239
-286
-628
-377
-414
-845
-473
-729
-1056
-1034
-1173
-1165
-889
-881
-1127
-1041
-1201
-1413
-1314
-1292
-1558
-1121
-1060
-1519
-1358
-1569
-1615
-1583
-1779
-1866
-1793
-1504
-1824
-2210
-2192
-2103
-1726
-1874
-1951
-1623
-1824
-1773
-1551
-1397
-985
-616
-800
-638
-110
-37
387
534
450
814
1059
1082
1419
1593
1487
1589
1377
1436
1679
1692
1654
1471
1159
917
942
582
602
797
426
235
-3
-362
-368
-101
-255
-102
65
-1
-106
-179
67
-59
315
428
410
981
1007
708
701
458
167
570
743
785
842
769
496
266
255
14
81
151
-18
264
372
167
-60
-393
-337
-286
34
389
494
608
312
-20
79
314
203
417
610
539
612
515
251
41
95
-240
-408
8
-287
-413
-477
-1156
-1283
-1263
-1605
-1601
-1292
-1830
-1955
-1855
-2466
-2434
-2270
-2195
-2105
-2141
-2518
-2547
-2213
-2336
-1874
-1431
-1663
-1446
-1387
-1344
-652
-459
-183
439
674
796
965
1024
954
1341
1703
1841
2164
2010
1625
1804
1966
1706
1700
1541
1254
1384
1283
869
989
757
57
289
111
52
457
25
-118
-135
-637
-566
58
155
-1
-2
92
64
272
362
318
723
401
71
549
848
587
565
630
415
485
238
128
610
667
168
209
240
-139
20
-107
-129
78
-330
-492
-165
-77
-37
-142
-251
-123
-179
61
141
614
588
26
298
333
640
1041
997
873
917
703
530
758
932
1110
1106
800
545
723
616
336
311
218
172
13
-395
-641
-563
-809
-1377
-1185
-1181
-1483
-1511
-1970
-2033
-1787
-1798
-1755
-1375
-1252
-1284
-1238
-1228
-1012
-732
-272
72
547
613
343
562
753
908
1250
1695
1632
1433
1492
1228
1317
1587
1267
1036
1044
774
534
640
417
16
-101
-271
-296
-204
-365
-637
-751
-663
-555
-537
-389
-208
-269
-241
-324
-39
345
150
312
461
496
454
479
415
407
623
399
518
619
254
-187
-276
-173
-156
-252
-485
-468
-586
-701
-689
-760
-723
-866
-852
-659
-742
-463
-265
-253
-226
-237
-102
179
625
614
643
657
559
671
881
965
992
904
591
560
422
427
282
14
-94
-215
-248
-438
-454
-515
-554
-766
-1064
-1060
-986
-931
-978
-929
-993
-1136
-1182
-983
-887
-842
-696
-739
-416
-462
-595
-292
-413
-459
-109
-195
-114
218
-239
-183
58
-108
74
23
-230
-204
-107
-135
-82
-150
-184
-258
-508
-364
-276
-175
-17
-186
-151
-210
-302
-170
0
96
-65
-291
-83
221
24
-106
-252
-334
-174
-236
-305
-111
-242
-514
-500
-716
-762
-495
-652
-607
-513
-927
-870
-869
-812
-695
-779
-687
-731
-648
-585
-578
-507
-393
-391
-235
-66
115
398
314
304
326
389
679
897
948
957
884
690
865
965
833
1097
857
463
692
641
509
568
209
16
234
153
150
204
-56
-324
-363
-511
-307
25
-280
-442
-450
-508
-456
-191
-13
58
177
236
276
471
627
488
940
1146
895
939
1174
1292
1198
1262
1063
1249
1337
1059
1065
1103
1025
833
791
694
812
496
274
597
347
259
293
62
173
319
90
130
308
223
211
136
125
292
401
334
235
210
-23
-151
-86
-34
-89
-319
-428
-571
-669
-724
-893
-877
-883
-1210
-1298
-1216
-1284
-1121
-1222
-1467
-1255
-1206
-1312
-1100
-1007
-887
-713
-621
-449
-358
-202
-147
-85
219
395
523
924
1054
881
776
711
881
1215
1399
1377
1284
938
614
706
768
792
910
518
219
157
-139
-206
-244
-340
-413
-500
-698
-843
-801
-883
-987
-1066
-958
-736
-668
-476
-472
-536
-390
-237
48
367
689
776
704
719
656
845
1389
1534
1447
1319
1048
930
861
947
1071
1196
915
590
540
300
285
172
142
311
268
121
-49
-187
-335
-420
-332
-48
14
46
-131
-363
-301
-291
-170
-215
-224
-272
-244
-160
-343
-421
-545
-644
-661
-527
-394
-554
-687
-674
-902
-1006
-728
-658
-336
-114
-594
-541
-440
-638
-323
-37
78
125
45
-198
-215
-46
-148
26
369
176
50
126
-54
-16
-109
-289
-40
96
-12
-169
-258
-327
-477
-468
-393
-244
-122
-219
-377
-328
-199
-338
-261
-99
1
186
250
157
209
169
26
131
261
647
764
692
526
306
417
501
750
969
1016
886
652
579
526
497
611
677
558
448
330
196
27
-79
-100
-146
-4
-83
-112
-60
-418
-588
-489
-290
-249
-311
-294
-369
-426
-539
-634
-360
-232
-469
-535
-480
-490
-612
-723
-694
-480
-498
-588
-383
-336
-448
-462
-330
-49
138
153
173
294
438
417
509
844
1035
903
866
979
1111
1261
1090
1008
1133
967
760
837
803
606
425
-28
-139
-90
-458
-619
-638
-701
-871
-1151
-1193
-1165
-1403
-1528
-1543
-1424
-1123
-1247
-1319
-1108
-1147
-1093
-773
-506
-198
-62
-90
45
168
358
536
688
996
1077
1106
1254
1226
1310
1335
1278
1292
1250
1315
1427
1262
1018
885
630
668
741
544
528
429
169
11
-61
-42
-40
-95
-122
-151
-166
-270
-444
-472
-377
-329
-297
-283
-204
-265
-354
-434
-520
-274
-175
-170
-235
-270
-232
-424
-501
-299
-143
-100
-226
-435
-285
-300
-426
-343
-143
-48
-100
-92
-38
62
27
15
158
333
345
350
472
586
478
300
343
398
452
538
442
404
293
51
94
100
142
167
-48
-378
-463
-606
-732
-699
-739
-720
-937
-999
-1091
-1263
-1316
-1366
-1313
-1165
-1172
-1256
-1135
-1100
-1053
-819
-554
-323
-202
-145
-195
-24
269
-227
148
414
204
781
883
955
1172
950
1105
1031
-368
736
674
37
1368
706
931
964
752
930
565
140
282
-65
-361
162
-112
226
386
58
215
268
-248
-233
-236
-422
-359
-445
-389
-347
-451
-574
-449
-372
-365
-536
-539
-436
-554
-704
-617
-673
-589
-548
-522
-358
-425
-568
-465
-488
-560
-295
-666
-450
-407
-310
-104
-212
-95
-241
-162
-227
-74
-63
124
73
46
294
97
124
189
71
39
221
316
423
340
139
83
155
76
50
238
189
-81
-279
-429
-534
-293
-303
-296
-193
-219
-313
-288
-110
-78
153
241
216
222
369
235
212
397
349
662
817
776
780
818
575
573
776
829
891
823
583
491
605
669
992
1315
1063
117
296
-681
-1013
-157
-762
261
401
549
944
367
352
12
-532
-352
-142
-287
394
390
275
518
322
285
435
87
-150
-113
-270
-144
-46
45
204
185
-129
-157
-53
58
-6
-237
-222
-218
-428
-451
-367
-284
-16
-190
-251
64
-131
-284
-90
-274
-90
-158
-193
131
167
405
333
501
404
59
253
94
206
603
596
633
793
834
645
445
278
281
102
-157
-107
8
-61
-20
-257
-334
-190
-659
-512
-549
-404
-833
-757
-469
-962
-149
-428
-544
-342
-254
-492
-548
-106
-531
-236
-292
-217
-23
-113
176
58
-283
132
22
-521
352
-214
-260
600
-484
237
696
-540
270
200
-543
132
-264
-141
86
-53
425
-76
-180
520
-194
-725
515
-414
-470
252
-804
366
-206
-401
594
-791
-282
-26
-798
-443
-464
-523
-171
-444
-570
104
-44
-586
-408
-261
-960
-446
-444
-274
333
-1227
333
105
-1236
688
-300
-279
380
-247
319
-77
387
637
-145
739
460
314
576
227
819
95
462
745
318
693
-125
582
280
-214
813
59
23
355
-69
-77
193
-4
-408
184
-593
-453
323
-1330
-7
-419
-957
290
-921
508
-953
-704
713
-1365
231
-67
-94
85
-822
772
312
-503
712
444
-466
238
463
274
270
1005
830
278
318
419
727
97
505
1076
1045
243
1199
1065
-35
1317
104
693
838
26
900
331
816
186
675
852
-267
823
-86
53
885
-753
391
911
-1053
280
374
-662
399
268
-1264
572
349
-1761
2408
-1481
-1148
2522
-2865
1316
1104
-941
1489
-992
713
419
-666
866
515
238
93
1083
621
68
1204
340
111
828
112
1280
172
998
1070
-1408
2971
-940
-657
2999
-2398
1444
830
-1611
2169
-880
-156
994
-853
874
-914
-49
591
-1032
510
372
-276
-470
281
-160
-306
-190
406
-153
-1104
1083
-1310
349
987
-1866
1501
-658
-1265
1247
-1100
-476
782
-1218
106
303
-962
747
-1022
-315
626
-1438
599
185
-464
27
-616
385
-1080
45
852
-803
468
350
242
-759
427
603
-1916
1241
-280
-320
1176
-1323
932
-697
-758
-428
-1040
696
-1152
-663
174
-562
-1215
-1410
242
-776
-2674
473
129
-2944
-327
430
-2739
-586
295
-1625
-140
-712
-345
-904
-1242
743
-640
-1317
1026
814
-1282
4
1658
-1422
-656
1040
-766
1285
-863
580
1111
-2192
1190
-113
-930
494
-712
979
-554
-557
1859
-2856
602
929
-3019
1857
-58
-2052
796
247
-1714
83
-461
-1031
350
-1290
258
636
-1787
403
-37
-1551
1132
-868
-321
651
-1243
-284
552
116
-1470
1245
330
-1549
1624
-376
382
617
-1446
1878
-186
-188
1477
-471
1436
150
41
1254
-332
337
153
765
383
-138
1507
-312
176
330
211
-209
-1542
1612
-1070
-595
1931
-1065
-431
487
-541
-1728
848
122
-1905
620
571
-490
172
704
-137
-410
-633
1011
-209
-535
1707
-686
64
1086
326
9
449
368
-65
1230
464
817
646
-771
1402
606
-1066
1719
1181
-706
485
1435
684
-397
583
756
-382
715
448
422
903
583
629
295
857
550
-317
397
1642
-1493
1226
1949
-1916
1826
347
-1271
916
-819
-483
1783
-2485
1170
717
-3051
2615
-1996
-393
1340
-2617
510
827
-1757
563
1584
-2178
179
1202
-1022
330
367
724
10
-404
2178
-859
-18
1071
-547
626
-135
928
-723
469
-75
-332
741
-1098
754
-1338
86
-49
-1272
1256
-1423
-302
643
-1633
-91
216
-1238
-142
-427
-529
-202
-953
849
-906
-726
787
-784
-245
-548
295
-160
-868
400
502
-990
126
697
-1087
1016
-97
-419
651
-1067
483
123
-281
843
-858
875
712
-2176
1057
850
-1712
662
391
-185
338
-1117
860
318
-1820
1518
113
-1829
2188
-35
-1925
2251
-868
-1720
1545
-1316
477
435
-1367
2575
-2013
-1309
3065
-2863
74
1196
-1468
1331
-625
-27
1020
-1217
-736
1012
-603
-1112
1182
-730
-251
485
-1173
167
173
-1295
-16
852
-2083
414
1138
-2554
1166
-187
-1580
1720
-1789
75
997
-2237
2164
-1043
-1794
3117
-1906
-751
2674
-1640
-494
1565
-1299
-139
239
391
-152
-741
1212
-1008
-128
-61
352
367
-1357
1429
-743
-66
318
-868
1635
-1153
-458
1332
-433
-260
65
493
258
-509
699
-368
-83
359
-910
1949
-1094
46
2069
-2091
1544
282
-1991
2589
-1456
-452
3082
-3347
1685
2024
-2919
1622
495
-1252
1182
-222
13
2679
-2782
1097
2725
-4139
3086
401
-2594
4277
-2368
193
3270
-3873
2094
1414
-2539
1801
1217
-1787
1546
1018
-2352
2837
-1029
-1326
2822
-1286
-368
2393
-1484
-284
2816
-4402
3227
1562
-5678
6074
-1487
-3127
5228
-2427
-726
2502
-1909
952
355
-452
2297
-2195
795
1419
-2105
1731
-415
458
3
-461
1719
-2060
231
1805
-2049
329
1519
-2045
656
261
-1968
1585
-32
-2210
1958
-1091
-1625
1908
-1439
-487
920
-573
-1533
1486
-684
-644
979
-851
1826
-2227
111
2318
-2633
640
1473
-1405
407
415
-304
553
105
-172
391
180
-1045
724
348
-667
297
712
-18
-982
1048
-279
-677
-476
1346
260
-2318
3392
-1675
-1137
1668
-1200
923
-1355
1071
475
-996
-325
1586
-1426
-1777
3254
-3242
728
1331
-2088
1394
-739
-387
30
32
-869
1036
210
-1789
2191
-1168
-562
2435
-2138
1022
71
-1265
1409
-1734
1777
-139
-1498
1792
-924
-1086
1160
24
-1606
1170
-153
-369
-711
785
30
-3054
3094
-1519
-1897
2129
-792
-289
-1270
1129
-1006
-980
1100
-623
205
-770
265
17
-1002
-529
922
150
-1267
1024
138
-1371
905
-348
-498
1291
-852
593
79
-87
270
-920
897
191
-588
1147
45
-972
1625
62
-683
181
834
-299
-231
1411
-192
470
-299
744
90
-656
899
83
-105
132
776
-569
-110
824
-1227
284
1509
-1742
208
884
-33
-963
181
2403
-3047
905
2047
-2579
1252
1029
-1479
368
203
-66
743
-2092
1750
1390
-3515
2466
1068
-2834
1956
-21
-977
1357
-812
315
-116
-816
1856
-1579
-881
3086
-2872
-420
3344
-2886
-129
1613
-1643
280
303
-5
192
-899
1044
344
-2371
2252
934
-3795
3861
-559
-2358
3720
-2121
781
400
-1116
1372
-326
-408
847
-121
-695
1234
-1437
590
-224
-576
1093
-1578
43
716
-165
-1484
1352
259
-2256
1436
53
-1065
528
-33
378
-226
-300
1654
-1325
-565
2422
-1952
423
1828
-1863
1565
-615
-281
1303
-1927
2117
-507
-415
1508
-1589
1179
-722
378
1051
-2122
1518
437
-2532
1781
760
-2847
1930
-284
-1815
1323
-749
641
-1535
450
1852
-3243
1186
1876
-2725
-32
1704
-1709
410
472
-168
599
-1376
1781
-1025
55
1198
-1569
1540
-292
12
39
-111
1285
-1493
346
1904
-2571
1522
1393
-2582
1955
-629
-466
933
-1551
1860
18
-2999
3542
-956
-2933
4086
-2732
-669
2539
-2489
1347
307
-1325
1649
-1304
161
976
-1165
1243
-660
-112
941
-1067
1369
-106
-833
1033
-476
333
-96
177
33
-130
608
-840
626
188
-756
48
423
-615
-209
783
-865
-360
337
52
-1038
-123
1142
-958
-166
1260
-970
-272
505
-402
-174
-173
765
-77
-657
498
713
-1209
356
1016
-1265
896
266
-363
340
-127
102
169
31
-162
812
-325
-135
948
-1011
475
365
-1395
1516
-408
-968
1672
-1221
124
716
-1155
516
-378
-38
-47
-941
1615
-1195
-848
1897
-2434
915
509
-2007
2338
-1651
-995
2598
-3087
157
2398
-2975
233
1099
-598
-1057
719
257
-1441
103
40
319
-1174
135
164
-11
-1185
588
1140
-3213
2230
417
-2706
2205
159
-1805
1312
-250
-131
356
-1439
2088
-575
-1030
1726
20
-918
45
1785
-956
-1294
2600
438
-2468
2315
916
-1427
474
571
810
-1581
988
1749
-1369
-400
1506
66
-1792
1049
745
-1113
-403
1057
-59
-819
-106
-94
319
-1620
642
440
-560
-245
182
840
-1943
753
208
-949
1091
-641
-26
1329
-1512
838
367
-736
823
-975
1900
-1665
101
2256
-2754
712
1371
-1562
53
647
-447
-629
-73
1116
-2296
153
2258
-3860
1051
2232
-3075
535
723
-40
-1976
336
2432
-3199
1130
1506
-1650
408
277
402
-866
-204
1500
-683
-1001
2129
-167
-1653
2375
-907
-429
1277
-1210
1455
-1131
781
252
-1432
1553
-1092
-45
89
-104
-122
-498
-148
505
-997
-405
994
-1513
685
-539
-183
1149
-2143
1668
139
-2781
3129
-1306
-1376
2839
-1654
154
1347
-407
-671
1203
238
-1159
1626
-116
-188
446
-261
1299
-612
-484
1944
-575
-1537
1603
764
-1812
204
1999
-1190
-1244
1829
-854
-483
-212
179
1375
-2691
479
2632
-2364
-1915
3256
-335
-3883
2823
949
-3764
1687
884
-1894
845
-326
432
-741
-108
1195
-1167
948
90
-353
216
497
54
-519
1348
-332
-530
1448
-524
-665
1508
-834
107
551
-262
362
-1012
1239
-556
-479
871
-767
-30
177
-132
-517
990
-1126
-214
1116
-1777
417
1098
-1554
137
1092
-965
243
188
12
160
-214
-117
951
-473
-539
1884
-1209
143
1350
-1190
445
1010
-1086
1157
108
-1077
1691
-906
-94
782
-70
-156
-106
995
-591
-136
405
-283
567
-533
5
995
-818
-393
809
-318
-1050
-89
551
-463
-1259
1552
-147
-1672
844
64
-522
-956
1023
151
-1827
1173
456
-1202
581
-407
311
-364
-932
1612
-1164
-154
1028
-850
-188
616
-421
-288
136
-104
429
-394
-322
350
-96
-205
1330
-1674
988
1655
-2905
1871
943
-1208
983
-20
793
659
-1151
1896
254
-1198
1407
533
-196
131
1181
-162
-289
1008
179
-479
76
573
395
-1319
714
1117
-2039
439
662
-759
96
-348
-364
558
-903
-58
598
-939
653
-154
-681
1005
-1003
432
753
-1979
1984
131
-1538
1587
-14
-566
1239
-691
194
1480
-2184
2107
185
-1731
2433
-1116
205
1118
-1677
1426
259
-1450
1996
-1226
-71
862
-1402
1113
-571
385
-330
-342
1413
-2264
929
620
-2062
1581
-300
-574
400
-364
227
-1146
24
1207
-1595
-548
1712
-1561
-707
1052
-636
-1066
143
1187
-2339
-13
1832
-2830
652
1570
-2869
1209
816
-2067
1112
-541
160
764
-1375
1115
935
-1551
893
1116
-1201
812
803
-460
767
310
35
813
-301
654
186
-286
694
-325
602
303
-1256
1352
421
-2495
2080
9
-1648
1033
24
41
-1083
1216
-214
-1240
1072
-411
-175
-440
1032
-242
-1501
1626
-252
-1181
916
154
-84
-188
-386
1534
-1354
-192
1932
-1787
214
1209
-1053
-322
1417
-984
-229
1430
-1237
178
857
-1210
230
706
-543
81
-59
786
-517
-497
893
-573
101
378
-176
-314
682
-217
-713
972
-642
58
258
-631
668
-53
-486
-174
478
-528
-753
758
-316
-989
392
439
-1062
-200
642
-1234
-160
566
-840
-97
-292
665
-384
-1287
1391
-305
-1448
1539
155
-1094
961
-237
222
330
-629
711
892
-1033
459
942
-1159
1828
-1249
-9
1869
-2256
1237
759
-980
-232
984
-286
-1092
654
-179
-180
-520
554
105
-1366
1294
-57
-2128
2290
-556
-1853
2229
-655
-243
257
-616
1264
-1011
46
1314
-1434
1276
244
-1085
1342
-275
-213
357
64
-57
115
153
-695
958
-607
-477
250
-197
207
-1355
1347
-1125
-366
1036
-1864
723
-133
-689
54
267
101
-1381
1373
469
-2156
1784
-77
-591
761
404
349
-515
1498
-478
-203
312
1274
114
-1376
2945
-400
-1285
1751
-286
-505
1094
-20
-365
739
499
-1147
9
1637
-1838
362
671
-892
909
-1221
816
-170
-1338
1848
-1682
-447
2211
-1694
-839
1006
903
-1322
-859
2472
-1285
-1569
2453
-602
-1368
1602
-980
103
887
-1428
1587
-643
-1163
2322
-1867
-111
2034
-2246
629
991
-1381
542
-18
-246
452
-167
15
19
-312
758
-1055
-550
2281
-2634
-274
2500
-2098
-290
741
-222
-779
-849
1399
-157
-2494
2488
-820
-2256
3099
-2185
-428
855
-845
488
-1380
1305
-533
-1887
2065
-708
-1181
1520
-390
-1003
590
326
-505
-96
118
251
-341
-104
1085
-677
-558
1903
-726
-796
1698
-217
-729
1009
845
-853
347
417
-17
306
-591
843
844
-2133
1595
1607
-3239
2127
843
-1929
706
670
104
-1184
672
748
-1326
324
789
-1079
-10
302
-507
28
407
-811
28
805
-1087
-82
855
-821
-508
914
421
-725
-122
1498
-905
-774
1527
237
-1560
1337
1211
-1899
851
945
-612
-583
1251
-37
-503
516
65
547
-700
91
384
-597
34
761
-993
-187
1065
-1042
-623
1098
-574
-814
436
52
4
-1113
941
-98
-1452
1426
-706
-955
1675
-563
-1432
1743
-396
-1182
1316
-626
786
-179
-1232
2909
-1955
-1127
3448
-2907
428
2208
-2854
1979
-81
-1631
2772
-2160
-104
2782
-2867
229
1992
-1234
-285
271
446
-451
-989
1942
-235
-2471
2182
580
-2725
1680
1789
-3357
1577
1676
-2977
1830
-121
-857
829
-256
571
-693
372
927
-1281
-227
2478
-925
-1881
2874
-224
-2333
1853
1011
-1789
130
1598
-775
-697
1291
-232
-729
467
274
31
-753
527
463
-789
254
153
793
-669
-797
1800
-250
-835
662
341
404
-712
138
1869
-1734
-261
2127
-1160
-145
706
377
-765
-315
1314
-887
-939
1117
217
-1372
422
881
-1068
-820
1465
-582
-1400
1753
-1016
-782
1952
-1563
-707
1559
-700
191
-525
329
1213
-2478
1350
1399
-2402
1004
1300
-1546
-141
2127
-871
-1168
1445
509
-1091
150
999
-1181
306
228
-686
1000
-1004
-557
1314
-844
-1042
1139
-311
-1103
262
-243
381
-1172
43
719
-1276
327
-1
-70
-823
576
639
-1462
599
1323
-1404
-197
1538
-714
0
242
217
173
-265
615
319
-816
1239
42
-1244
2039
-512
-846
857
303
13
-775
322
1038
-1161
-895
2210
-1007
-1527
1907
-699
-1110
636
260
-776
-654
710
238
-1295
-501
1223
-592
-1141
418
365
-80
-470
-425
448
483
-693
-362
942
30
-1067
517
524
-715
-71
951
-727
-569
1785
-801
-1367
1403
416
-1355
432
712
-332
-344
31
856
-1037
220
737
-1048
920
669
-1139
37
1906
-907
-1328
2435
-12
-1752
1568
886
-1195
466
1036
-195
-745
840
1247
-1606
-169
2396
-1091
-1370
2307
-201
-1380
1265
128
-301
407
-710
885
77
-1386
1324
-348
-123
225
-1355
1294
308
-1971
398
1599
-1723
-1083
1575
-220
-1415
-59
1375
-1174
-1257
1958
-996
-1616
1472
-377
-875
-269
399
127
-1542
842
-91
-847
100
-246
101
-253
-152
-610
439
-1
-982
299
931
-967
-179
824
-218
177
-606
983
-27
-120
636
-33
901
-701
421
902
-451
321
811
279
97
371
515
219
-321
604
597
-767
18
1687
-510
-1212
1358
653
-1010
-1083
1370
743
-2154
24
1890
-674
-1853
1025
446
-1302
-801
906
407
-2507
1313
1341
-2725
373
1677
-1324
-1241
1789
342
-1590
272
1329
-258
-1498
1586
813
-1634
787
1047
-868
-42
1265
-251
-755
920
726
-1154
-290
1869
-132
-1543
1032
1170
-701
-809
907
754
-1274
-39
836
-117
-205
-608
573
539
-1097
385
20
-186
371
-1297
771
835
-1836
409
1202
-815
-907
727
712
-1546
-354
1954
-473
-2106
2015
1200
-2944
785
2129
-1923
-763
1944
-316
-1577
1409
393
-1520
1159
119
-965
856
362
-911
33
1380
-708
-764
1335
-25
-820
338
585
-704
-8
1038
-735
-361
909
46
-1045
815
464
-760
426
0
165
-181
102
-296
119
473
-820
336
299
-480
-261
318
28
-250
258
-609
312
390
-998
337
-87
-280
53
-352
157
53
-114
31
-32
-500
324
505
-825
-638
1250
28
-1148
744
282
-285
-50
-545
531
288
-1072
499
225
-659
107
28
-413
-73
-405
-135
620
-1112
-35
364
-507
-214
-618
455
656
-1589
-154
2085
-1457
-1217
1844
176
-2052
1047
1483
-1708
369
761
227
-263
-300
1073
-104
-59
291
-6
413
268
-84
-196
601
794
-1310
309
1775
-1534
-576
1758
-593
-1406
849
600
-1017
-983
1480
26
-2027
1025
479
-998
-380
806
143
-1233
510
897
-1222
-515
1411
-730
-811
800
-42
-161
-236
333
298
-824
446
422
-630
209
552
-256
-422
897
-24
-1201
1002
796
-1716
583
1613
-1224
-649
1554
231
-1681
637
1528
-884
-1205
1814
621
-2128
867
1201
-844
-700
1186
505
-1198
718
467
-448
-307
523
304
-1047
789
215
-875
520
86
-412
-204
372
-268
-616
672
244
-1188
-45
1275
-997
-969
1270
140
-2045
924
1526
-2456
97
1728
-1128
-1365
1458
973
-2070
-334
2233
-556
-2059
1510
1521
-1765
-823
2491
226
-2084
844
2018
-1391
-893
2604
-37
-1810
1407
1651
-1565
-842
2246
798
-2734
928
2942
-2127
-1332
2620
288
-2485
1016
1949
-1383
-1232
1671
723
-1931
55
1642
-818
-1202
919
608
-828
-961
1180
397
-1870
390
1420
-1056
-1219
927
866
-929
-1088
1460
289
-1576
455
706
-404
-639
532
528
-771
-81
1059
-541
-553
922
332
-827
138
1670
-1143
-735
1653
216
-1078
-27
1454
-116
-1295
1105
913
-1816
586
1175
-1429
-79
1403
-450
-1520
929
1338
-1935
-989
2140
-459
-2133
856
1138
-1591
-767
1051
-258
-1432
560
811
-1826
58
1311
-1122
-1234
1336
384
-1958
-44
1501
-526
-1535
755
822
-764
-1036
1149
682
-1552
66
1198
-302
-1185
791
512
-926
-248
762
62
-989
-98
1189
-370
-1499
1058
986
-1361
-867
2004
260
-1961
726
1889
-1088
-1402
2452
312
-2136
1076
2242
-1677
-1172
3207
-399
-2593
1937
2108
-2527
-866
3052
-306
-2612
1525
2110
-2663
-677
2646
-362
-2195
880
1772
-1922
-1142
2029
64
-2387
548
1541
-1318
-1021
1042
333
-1386
69
845
-263
-799
363
848
-807
-319
814
215
-819
-398
989
420
-1458
125
1647
-815
-1474
1341
1281
-2227
-117
2150
-633
-1542
786
1775
-1553
-1345
2228
682
-2388
180
2656
-1072
-2249
1895
1850
-2301
-1050
2497
766
-2298
-461
2902
-319
-2794
1364
2234
-1532
-1740
2172
1073
-2580
167
2059
-704
-1663
686
1870
-1295
-1838
2165
709
-2436
245
1823
-234
-1815
210
2132
-1153
-1747
1898
925
-1908
-380
2011
16
-2053
665
2027
-1188
-1527
2089
880
-1838
39
1433
386
-1024
-370
1752
117
-1921
1093
1552
-1261
-1038
1434
1149
-1852
-551
1953
215
-2016
-233
2058
-352
-2461
538
2199
-1559
-2238
1949
1219
-2377
-919
2055
248
-2458
-135
2083
-530
-2288
967
1587
-1197
-1248
921
1318
-1364
-832
1660
448
-1099
163
1062
149
-730
175
1213
-308
-899
1050
1063
-1153
-362
1312
224
-991
-166
1224
-21
-1078
140
946
-125
-1152
325
944
-572
-1040
590
753
-885
-571
762
729
-1155
-549
1417
31
-1172
173
1201
-114
-1097
177
1501
-497
-1817
1519
1422
-1801
-823
1770
510
-1965
24
1793
-337
-1589
561
1360
-695
-1288
709
1233
-1235
-744
982
328
-699
-823
723
669
-1110
-463
891
345
-930
-519
1077
224
-1169
-99
1274
-133
-1218
504
908
-260
-898
259
1208
-668
-1079
812
650
-459
-871
266
1263
-887
-1101
1008
533
-990
-625
1076
345
-1278
-10
811
-26
-677
-206
932
95
-1201
131
1281
-539
-1071
542
772
-585
-910
668
757
-737
-902
823
791
-936
-784
860
965
-1322
-799
1527
617
-1776
-289
2125
-143
-1671
461
1574
-573
-1205
694
1275
-536
-1283
861
1233
-860
-991
1146
587
-992
-300
723
370
-809
-291
1046
-250
-820
773
32
-514
128
219
102
-358
-243
525
23
-522
37
215
87
-331
-213
263
456
-311
-713
843
799
-1147
-30
1072
-84
-361
-41
472
332
-285
-371
721
308
-506
-149
399
390
-495
-263
434
671
-670
-315
751
162
-297
-281
202
349
110
-846
196
1087
-557
-856
642
734
-652
-544
464
542
-554
-333
437
-160
170
1
-340
19
438
342
-972
-103
1054
81
-1096
-199
1376
-179
-1224
53
1090
101
-1175
-182
1146
55
-1267
222
625
0
-500
-348
645
268
-366
-459
422
298
-94
-188
-395
453
486
-462
-779
529
891
-803
-884
827
785
-745
-1035
734
1109
-1070
-914
999
581
-842
-411
412
400
-227
-591
162
449
-42
-490
-244
508
301
-708
-377
690
183
-573
-345
413
490
-535
-558
267
551
-229
-472
143
253
263
-292
-585
298
737
-442
-744
244
660
-216
-832
40
590
274
-985
-468
1145
258
-1294
-246
1196
86
-836
-449
731
841
-876
-794
977
807
-712
-766
906
742
-863
21
619
-108
-30
343
10
-87
375
354
3
-454
360
905
-380
-747
683
752
-565
-597
422
605
-620
-406
287
232
-31
-550
-83
443
119
-812
-258
812
-200
-746
239
187
-150
-77
-348
167
171
-237
186
-201
-54
491
-259
-267
134
270
-28
-408
-118
300
129
-783
-276
656
-243
-727
-2
136
-78
-309
-561
321
409
-953
-17
508
-453
59
-26
-231
514
-57
-415
332
163
71
-234
142
489
-187
84
285
171
-56
47
374
-13
-266
441
328
-577
115
391
-121
-38
-130
116
314
-135
-332
230
402
-181
-461
472
424
-633
83
448
-7
-361
144
635
-457
-246
837
-123
-584
646
454
-463
-217
529
355
-615
-173
663
1
-564
-158
710
63
-810
323
514
-317
-268
204
212
-256
107
260
-254
225
259
-270
-13
328
106
-96
-71
253
290
-84
-179
92
544
-269
-485
342
363
-405
-437
322
48
-374
-140
6
-230
3
-204
-234
6
-167
-16
-173
-269
218
116
-578
94
385
-252
-335
137
280
-235
-169
140
248
-386
-171
432
-257
-247
56
135
6
-572
135
380
-707
-256
358
-173
-466
51
175
-476
-319
382
-40
-652
4
464
-65
-599
161
676
-194
-408
288
752
-140
-658
553
658
-389
-310
520
470
-222
-214
346
287
-109
43
155
137
-36
21
172
-95
-150
198
94
-324
87
173
-30
-237
-92
533
-146
-634
320
526
-275
-538
209
766
-260
-811
230
826
-298
-900
445
696
-411
-600
307
610
-316
-506
366
403
-377
-353
330
156
-441
-203
363
61
-512
-76
573
-202
-544
352
250
-111
-254
52
444
-24
-394
154
520
-216
-309
338
299
-127
-287
235
450
-250
-213
304
404
-249
-389
434
362
-416
-376
411
300
-392
-458
334
397
-471
-428
381
167
-498
-169
142
55
-279
-213
113
36
-306
-211
260
-2
-529
-24
508
-249
-471
169
479
-74
-627
192
667
-288
-615
235
490
-176
-550
170
414
-238
-365
162
277
-340
-306
241
18
-313
47
-94
-100
71
-126
-96
85
40
-138
128
-33
117
139
-163
137
248
40
-56
196
106
5
43
92
13
-5
117
-72
-14
30
-1
66
-125
-176
145
89
-306
-205
223
228
-332
-195
411
159
-252
-69
383
153
-163
240
430
34
165
338
156
180
70
298
209
72
161
369
98
-26
456
48
62
74
127
216
-63
35
-27
66
-3
-262
-74
93
-120
-198
40
13
-125
49
15
-146
62
157
-106
-90
119
-18
-20
149
-211
-108
278
-185
-167
19
-86
-54
20
-294
-351
341
-130
-457
-33
-116
-79
-74
-350
-210
212
-113
-435
-94
182
-103
-260
-59
-7
159
31
-289
14
283
-61
-90
97
59
182
-72
-254
67
7
-71
-241
-293
186
-12
-375
-23
-69
-88
-2
-204
-12
-165
18
214
-324
-91
424
73
-251
40
264
243
-121
-94
286
111
-7
12
59
113
17
1
50
-53
-16
38
-83
-36
-133
106
30
-272
3
0
2
-38
-232
-105
115
-16
-170
-182
138
164
-119
-28
149
235
17
-4
242
179
-71
210
166
-191
68
291
-1
-207
32
163
7
-93
16
141
57
-193
82
39
-50
79
-157
129
247
-146
0
249
54
-55
-66
343
40
-233
263
15
-196
81
21
-236
47
-26
-117
-135
-142
139
-124
-337
-13
36
-257
-126
-129
-61
-138
-173
-2
-218
34
91
-256
24
263
-118
-87
166
105
-108
11
241
-54
-111
88
72
-109
-73
76
-47
-158
4
-8
-156
-107
-43
-133
-109
-108
-194
45
-136
-196
103
83
-97
-32
115
116
154
-90
91
318
105
42
171
191
109
203
85
4
210
135
-21
35
-1
41
49
-60
-64
-49
-25
30
-95
-53
69
-51
-70
14
118
-82
-102
157
192
-99
-6
352
83
0
255
262
-22
161
262
-17
58
84
25
29
-4
-110
-71
-32
-22
-74
-92
-50
-90
-5
19
-100
-76
185
93
-93
132
152
37
144
85
148
211
74
261
121
-42
228
186
-162
-18
251
-104
-236
55
181
-321
-230
134
-215
-185
-88
-142
-216
-177
-127
-122
-274
-144
19
-196
-86
6
-85
20
130
-205
-18
147
-69
-25
3
23
26
-37
-88
31
-35
-6
-130
-80
81
-212
-53
3
-217
-3
-29
-135
-24
-65
112
61
-197
220
371
-225
54
384
40
-31
109
313
131
66
179
225
159
70
172
159
127
37
101
88
22
81
43
-46
9
156
-145
-57
175
-105
-96
88
-36
-79
55
-28
0
9
59
-58
-140
66
-6
-114
-34
62
2
-148
-92
171
-126
-202
91
-46
-118
-45
-45
-100
-48
-35
-37
-50
52
64
29
18
72
259
105
63
240
286
108
185
363
192
231
275
273
255
195
341
263
171
275
264
190
155
266
245
86
174
229
-13
48
198
24
9
99
139
-44
-4
141
-14
-52
-4
146
40
-36
57
70
36
-35
52
44
-4
-79
-1
-70
-157
-57
-177
-179
-124
-96
-227
-227
21
-107
-387
-80
47
-341
-113
47
-196
-79
65
-69
-132
27
83
-72
-110
122
118
-108
-35
108
75
-69
-96
54
-8
-199
-153
-74
-166
-258
-261
-249
-320
-304
-342
-434
-279
-279
-461
-354
-269
-369
-314
-411
-392
-252
-374
-356
-267
-310
-297
-183
-255
-235
-133
-166
-217
-229
-109
-151
-264
-178
-95
-266
-276
-135
-252
-338
-236
-203
-245
-291
-223
-186
-262
-157
-243
-242
-66
-136
-203
-95
-66
-121
-22
-67
-109
67
35
-122
78
106
-57
19
29
-74
-83
-29
-154
-269
-116
-43
-347
-311
-20
-302
-422
-171
-260
-408
-284
-230
-282
-237
-291
-180
-99
-285
-179
-108
-194
-202
-165
-128
-179
-164
-94
-193
-324
-155
-244
-407
-280
-343
-273
-331
-418
-340
-336
-347
-415
-375
-318
-262
-428
-369
-237
-308
-277
-260
-166
-229
-170
-173
-140
-95
-124
-19
-122
-35
34
-73
-79
31
5
-108
-29
55
-32
-195
-62
92
-186
-256
54
-128
-244
-75
-61
-125
-139
-12
-65
-137
-42
118
-37
22
200
90
106
106
215
102
57
217
117
140
178
103
162
182
64
66
142
72
49
30
-38
131
116
-78
134
237
68
186
249
212
319
314
322
421
410
398
460
466
477
416
453
506
390
469
512
412
451
533
424
385
459
457
422
403
446
445
401
432
474
404
496
521
515
640
568
602
786
719
686
768
802
827
705
817
893
769
750
878
867
702
819
799
741
800
743
680
800
742
625
745
743
684
641
696
729
668
652
738
737
723
772
715
777
837
783
693
780
863
765
673
715
836
673
614
656
569
500
489
440
333
351
348
181
134
333
139
34
242
255
100
119
260
161
173
182
222
204
208
221
158
202
240
190
123
201
241
156
10
173
229
60
-18
154
135
-168
19
7
-184
-103
-3
-174
-260
-58
-111
-291
-229
-78
-142
-304
-207
-40
-177
-249
-147
-43
-129
-237
-198
-59
-74
-328
-209
-46
-222
-410
-290
-173
-442
-528
-305
-433
-662
-565
-510
-704
-818
-615
-701
-928
-813
-728
-883
-949
-804
-797
-839
-839
-755
-658
-715
-715
-661
-632
-613
-676
-691
-515
-572
-776
-538
-426
-728
-726
-544
-640
-777
-701
-620
-739
-766
-657
-695
-791
-723
-668
-779
-813
-633
-648
-823
-680
-549
-629
-655
-539
-487
-470
-465
-451
-346
-372
-367
-331
-379
-345
-367
-426
-426
-449
-417
-519
-515
-421
-551
-584
-536
-542
-640
-612
-538
-596
-564
-479
-509
-520
-431
-434
-426
-393
-329
-314
-278
-255
-238
-179
-290
-234
-174
-235
-261
-179
-150
-283
-194
-140
-268
-305
-213
-240
-350
-300
-193
-270
-368
-256
-174
-298
-316
-111
-185
-291
-101
-61
-155
-114
-14
-7
-60
0
98
57
22
91
119
79
69
131
93
42
155
50
-20
95
46
16
13
77
85
83
151
144
185
218
231
249
249
288
341
249
286
390
287
292
372
327
319
309
275
309
253
256
254
272
251
199
248
234
227
202
176
193
274
190
183
246
203
252
242
279
273
318
349
326
373
418
436
422
474
476
511
425
416
528
447
359
352
421
358
276
300
315
286
255
275
286
279
271
294
329
331
274
339
384
341
364
374
415
460
455
452
468
458
468
438
426
445
360
391
397
317
355
333
260
243
209
192
163
102
133
112
29
9
68
69
-33
15
59
93
49
4
126
108
46
30
78
99
35
-3
82
82
-27
22
0
-55
-69
-79
-84
-106
-123
-98
-143
-199
-156
-160
-178
-194
-150
-178
-167
-148
-174
-138
-134
-163
-130
-65
-145
-72
-61
-72
-5
-38
1
21
21
6
44
42
5
37
60
20
15
71
-3
27
62
-13
65
91
33
26
107
145
70
139
230
191
189
277
301
276
281
263
299
293
257
276
302
315
303
282
340
358
212
261
329
185
183
229
173
92
84
126
57
-13
69
78
-58
0
22
-69
-43
-65
-108
-94
-88
-115
-118
-138
-152
-167
-185
-151
-258
-256
-127
-258
-301
-205
-245
-292
-291
-318
-340
-320
-359
-353
-353
-404
-385
-379
-408
-412
-371
-398
-385
-311
-323
-331
-264
-225
-282
-225
-130
-234
-235
-92
-156
-234
-118
-117
-108
-88
-127
-20
-40
-95
-27
-7
-61
-34
27
-16
-35
17
47
-12
52
110
83
157
131
141
250
158
123
276
217
97
194
238
168
194
217
197
206
185
160
181
168
149
140
125
119
59
57
74
16
8
-17
11
-6
-57
11
65
27
-24
101
58
-28
55
41
11
20
49
58
63
36
69
104
81
36
55
77
22
3
3
39
-8
-41
-28
-5
-8
-38
-23
-7
-12
-55
-4
34
-29
-20
81
61
7
81
99
45
28
70
140
97
50
143
191
84
52
168
138
37
46
90
21
-54
-2
-4
-32
-33
-2
24
-46
