47
63
77
90
100
94
90
94
83
77
79
74
65
59
62
58
53
63
84
103
111
114
111
98
92
96
101
107
106
90
73
63
58
64
74
77
88
94
90
91
89
91
83
78
73
63
59
65
68
62
52
43
39
50
69
53
36
30
28
37
49
56
57
61
38
27
17
2
-7
-5
2
-6
-6
-16
-16
-6
-5
-9
-3
3
9
14
7
6
-4
0
6
5
6
6
-7
-16
-14
-17
1
7
8
6
-2
-8
-7
-10
-9
1
2
0
2
-2
-25
-28
-27
-37
-47
-53
-70
-84
-82
-89
-80
-76
-61
-31
-20
-11
-19
-23
-23
-4
5
-11
-19
-25
-21
-7
4
16
36
38
40
31
21
25
11
11
17
22
25
19
11
-2
-22
-48
-70
-83
-91
-89
-87
-80
-65
-54
-44
-25
-6
6
14
16
21
35
46
48
48
55
48
55
66
68
69
65
82
87
95
112
106
95
76
63
36
2
-19
-33
-42
-57
-72
-89
-90
-89
-97
-106
-126
-135
-127
-126
-125
-118
-121
-121
-96
-68
-51
-18
5
31
63
72
67
78
88
76
92
94
86
98
81
77
67
57
53
42
46
29
32
26
20
32
10
4
-6
-28
-57
-74
-90
-98
-97
-112
-102
-102
-106
-97
-91
-83
-72
-76
-73
-59
-48
-32
-20
-17
-23
-14
-10
-3
19
23
42
58
50
49
61
69
84
96
102
110
118
118
125
121
125
133
125
114
93
76
62
56
48
49
39
29
31
9
-1
-9
-11
-2
-8
-18
-30
-46
-58
-78
-90
-88
-85
-68
-58
-56
-51
-49
-46
-38
-28
-18
-10
0
5
7
11
12
16
28
41
47
51
47
35
23
36
49
51
57
50
46
44
37
28
27
32
27
20
13
2
-5
-4
-8
-11
-16
-10
-3
-6
-15
-24
-35
-42
-38
-44
-50
-58
-55
-51
-52
-44
-37
-15
0
7
2
2
-2
-17
-17
-10
4
20
25
27
38
43
63
77
76
100
109
101
80
64
49
43
58
66
75
67
68
69
55
47
35
33
32
25
5
-16
-34
-50
-52
-66
-65
-54
-64
-56
-56
-60
-49
-49
-40
-33
-47
-59
-64
-86
-104
-102
-104
-105
-95
-96
-85
-73
-78
-76
-65
-61
-68
-77
-85
-88
-88
-84
-84
-80
-66
-57
-46
-26
-27
-28
-20
-7
6
12
14
9
16
10
4
1
1
3
4
5
6
15
0
-13
-6
1
2
-8
-10
-17
-22
-29
-37
-40
-46
-38
-28
-26
-26
-32
-39
-45
-41
-42
-25
-1
14
35
37
41
56
65
44
23
9
-5
0
5
28
35
34
39
29
22
11
1
-2
-1
-2
-6
-5
-1
-10
-20
-15
-17
-19
-11
1
6
-6
-11
-10
-22
-24
-6
9
16
23
38
46
46
54
57
40
34
39
38
20
5
-6
-25
-33
-31
-44
-53
-32
-31
-31
-11
5
8
14
16
10
9
0
2
4
8
16
20
17
28
40
35
36
39
48
50
66
80
82
87
94
83
62
66
42
46
52
24
15
7
0
-7
-22
-39
-38
-29
-31
-31
-20
-20
-22
-14
-13
-21
-28
-18
-8
-6
7
10
6
22
30
32
36
37
41
42
57
63
59
55
52
57
56
50
45
32
26
33
23
19
11
2
0
-11
-11
-10
-18
-21
-14
-20
-15
-15
-23
-22
-37
-45
-49
-43
-18
-11
-10
-8
-14
-18
-20
-18
-14
-5
6
14
3
-7
-13
-27
-32
-27
-16
-8
-4
3
15
16
20
40
46
49
63
57
61
67
57
50
43
36
22
10
-7
-4
-5
-1
22
21
19
15
8
0
-8
-17
-12
-5
-14
-22
-39
-50
-57
-72
-78
-70
-73
-74
-64
-69
-68
-38
-36
-44
-30
-17
-23
-20
-4
-15
-28
-17
0
-6
0
10
13
2
-12
-3
0
13
6
20
29
9
9
8
19
13
9
3
-23
-39
-43
-63
-63
-42
-60
-67
-56
-39
-58
-89
-75
-81
-109
-106
-74
-84
-100
-77
-54
-45
-58
-32
-2
-11
-4
33
43
39
59
79
74
63
78
58
37
80
70
34
61
56
19
5
-2
-19
-37
-30
-11
-11
-32
-23
-19
-27
-46
-73
-55
-73
-113
-99
-94
-129
-131
-95
-79
-99
-68
-32
-48
-5
24
17
52
62
57
85
100
74
53
79
79
43
56
68
24
35
51
13
22
68
50
-2
59
100
20
42
138
97
21
67
105
22
-19
55
35
-55
-8
67
-10
-26
85
44
-33
66
143
31
9
167
117
-66
94
242
-16
-24
223
82
-137
39
164
-108
-141
183
11
-253
146
186
-220
7
284
-77
-166
279
141
-268
109
319
-189
-105
287
22
-189
83
172
-112
-40
193
-9
-72
199
47
-135
221
155
-165
88
244
-76
-136
131
51
-171
-143
87
-22
-298
60
18
-289
76
0
-229
55
89
-117
-105
117
90
-133
-78
183
62
-253
34
266
-109
-140
230
73
-99
20
163
144
-199
211
232
-281
197
179
-146
12
71
109
-160
-152
317
-110
-370
201
11
-224
-134
39
149
-428
-60
293
-370
-123
174
-34
-200
-28
171
-218
-157
120
-7
-222
-26
218
-230
-165
237
-27
-316
119
239
-311
-51
268
-115
-314
108
132
-349
-109
188
-99
-304
-28
188
-266
-310
352
-163
-403
306
-196
-162
212
-244
78
12
-170
127
-153
68
-7
-238
238
-24
-266
194
29
-202
87
-176
94
13
-386
360
-99
-218
126
-183
198
-258
-146
466
-394
-221
397
-193
-316
107
213
-308
-247
509
-28
-452
388
352
-425
-38
462
-36
-291
32
447
-152
-491
627
53
-590
405
77
-283
65
-29
-14
-16
-120
-68
173
-225
-124
295
-320
34
134
-310
132
10
-430
224
113
-621
272
90
-387
123
-86
85
82
-407
397
370
-700
425
421
-526
316
169
-85
233
-128
151
254
-277
182
309
-268
174
305
-190
221
97
79
161
-216
475
70
-443
543
145
-564
439
305
-485
291
156
-165
69
-50
273
-185
-12
450
-321
83
392
-221
7
300
-62
21
51
151
102
-351
307
180
-493
156
388
-432
-142
386
-125
-299
126
326
-409
18
417
-490
71
420
-402
5
388
-91
-157
37
359
-115
-464
542
263
-710
406
455
-380
148
246
174
-157
228
322
-266
324
270
-260
35
391
-84
-352
238
297
-433
-161
502
-173
-371
354
9
-322
280
-119
-184
320
-201
-75
168
-51
110
-67
70
227
-62
39
108
181
38
-140
207
138
-292
222
164
-275
282
44
-23
-95
48
386
-676
142
498
-721
-97
265
-3
-499
-245
630
-461
-733
756
-86
-879
320
257
-666
-218
509
-369
-422
371
174
-544
-81
753
-489
-417
641
-20
-468
74
384
-308
-383
506
-128
-438
471
-154
-259
302
-158
-236
143
-176
-118
-6
-235
269
-439
33
456
-752
240
401
-505
-128
563
-177
-521
495
9
-325
64
74
64
-35
-145
337
24
-180
276
-178
89
51
-253
-84
246
-252
-387
365
-130
-215
-27
118
-13
-183
-1
0
-10
-67
-290
280
143
-613
455
-20
-171
235
-229
265
97
-227
152
107
-159
198
-292
162
381
-593
250
448
-555
74
399
-482
172
-5
-295
225
-273
-202
-5
-5
-158
-330
239
26
-379
-66
151
105
-587
177
343
-449
40
113
45
-138
142
68
-190
524
-148
-402
831
-173
-618
676
245
-554
240
630
-231
-189
523
350
-555
187
825
-553
-251
1085
-488
-343
940
-464
75
379
-232
348
82
7
338
-213
362
274
-489
639
191
-482
491
56
-91
330
-511
589
-9
-610
732
-415
115
-130
-174
721
-899
294
654
-1063
405
348
-588
-3
130
183
-484
48
540
-398
-308
370
128
-692
143
574
-669
-37
455
-366
-44
157
60
-185
48
448
-343
-7
436
-59
-266
87
465
-349
-176
431
156
-418
70
526
-577
263
204
-315
399
-244
117
212
-94
305
-117
289
138
-198
506
-291
204
394
-391
95
214
182
-461
402
186
-360
645
-578
319
544
-860
536
227
-415
352
-161
-157
398
-445
-158
361
-432
38
121
-365
369
-225
-772
1091
-452
-1071
1289
-361
-728
517
106
-433
-61
383
-400
-88
275
-396
95
4
-274
207
-266
-143
171
-105
-409
267
-54
-341
210
-156
32
-246
320
-384
-107
634
-999
460
223
-920
711
-422
-154
466
-736
455
-353
138
97
-758
920
-396
-322
543
-536
172
158
-892
715
343
-1097
385
368
-711
-6
62
-169
93
-557
269
87
-309
-27
-49
283
-693
387
81
-781
1083
-772
-424
1306
-1384
81
697
-868
431
-75
-298
278
11
-456
158
479
-586
17
330
-221
-199
-15
346
-344
-211
301
-140
60
-173
-87
387
-439
-143
603
-543
332
136
-676
968
-325
-293
569
-361
460
-170
-371
867
-308
-444
487
14
105
-127
-103
843
-343
-568
1124
-202
-565
824
-313
209
285
-798
1084
-271
-1019
1433
-439
-780
836
-80
-118
-126
134
331
-544
-96
699
-215
-319
232
223
19
-479
751
-167
-421
891
-419
-90
423
-186
-193
15
332
-194
-120
182
-134
352
-418
122
488
-522
95
49
299
-221
-248
408
-259
139
-546
346
272
-1104
870
-332
-153
419
-883
689
400
-764
280
885
-845
-74
1316
-1563
819
837
-2275
2144
-328
-1230
1442
-778
295
279
-563
465
313
-389
-113
643
-22
-872
966
-365
-551
987
-850
207
1070
-1313
258
1382
-1983
991
707
-1218
1175
-723
610
265
-1369
1835
-288
-1075
1588
-473
-345
748
-345
189
185
-282
463
-574
506
578
-1455
997
635
-1383
243
1071
-732
-595
1049
-334
-740
758
-509
343
128
-524
1093
-1280
534
712
-1602
1095
411
-1370
634
595
-793
-257
697
153
-964
623
469
-571
-363
714
157
-911
567
46
-299
99
-8
321
-345
-6
250
-428
193
226
-355
-374
1209
-1032
-557
2229
-1924
155
1571
-1878
1168
66
-1513
1951
-1190
-527
1248
-1360
449
-391
-137
464
-991
610
-382
-398
333
-432
179
-214
25
-18
-84
55
-65
-49
333
-78
-326
672
-596
-35
896
-1248
335
1038
-2244
815
1032
-1725
275
467
-199
-706
331
197
-393
141
-290
78
383
-756
-213
840
-526
-302
111
271
-234
-590
810
-97
-404
273
-58
456
-593
481
479
-1115
1082
-254
-885
686
-48
-596
177
86
-97
-670
-80
773
-1190
-20
783
-487
-765
946
-51
-927
941
-168
-628
1005
-84
-863
1580
-744
-301
852
-493
527
-335
76
522
-430
-70
639
-369
-208
536
-35
-458
710
-269
-689
1180
-389
-308
729
-105
-613
634
187
-403
298
-88
437
-388
294
459
-802
643
353
-626
639
383
-864
737
481
-1008
668
71
-336
104
-323
932
-784
-890
1456
-621
-614
797
-145
-328
-198
683
-675
541
43
-981
1667
-1256
284
623
-583
226
-219
516
-340
327
-288
-76
568
-454
-198
717
-656
223
498
-1089
971
-189
-1021
848
428
-964
271
191
-216
212
-523
529
312
-1002
260
1165
-1087
-121
1109
-873
155
809
-636
161
938
-797
154
1125
-1105
704
146
-474
1185
-1121
469
272
-558
364
-251
386
-571
261
-64
-448
1076
-770
-276
1074
-696
-497
1085
-82
-971
952
-9
-774
1021
-366
-685
1066
-399
-310
1094
-1145
274
711
-1443
1660
-769
-1065
2127
-1996
676
1224
-1813
750
-156
-96
59
-184
356
-415
276
60
-147
-74
-121
532
-442
193
840
-897
194
429
-768
650
-41
-387
635
-604
403
-37
-682
1281
-852
-886
1615
-602
-463
927
-857
137
-172
-268
672
-970
773
-14
-936
1224
-1135
176
333
-1034
1648
-1135
-118
1693
-1950
366
1127
-1826
760
938
-1526
706
294
-680
254
-755
265
-26
-594
393
281
-330
-904
590
-555
-156
850
-1340
547
907
-1705
545
754
-1521
442
-167
446
62
-1224
1340
-230
-911
580
-485
205
254
-847
1274
-751
-356
796
-1559
1143
-3
-1069
801
48
-299
-53
-204
205
263
-415
-210
705
436
-1363
384
1335
-657
-867
835
631
-801
443
154
543
-1
-776
763
52
3
-135
-180
340
-58
-208
128
-37
-84
98
-667
455
518
-867
13
849
-443
-316
666
-312
3
-202
477
306
-884
1186
-373
-881
1934
-975
-985
1872
-1258
-271
1303
-956
765
-500
-647
1519
-1620
213
1364
-1731
820
546
-1189
743
143
-535
-228
404
950
-1097
252
1085
-1191
677
243
-918
943
420
-937
410
1313
-1108
-243
1156
-777
281
-71
-160
561
-992
952
-262
-772
1366
-1144
-164
1364
-881
-695
1022
148
-1061
324
167
-5
-171
-602
1252
-223
-959
1233
-243
-536
1063
-824
-177
927
-469
-653
224
967
-1197
-1090
1594
124
-1734
597
1196
-929
-353
460
347
-56
-1236
940
482
-671
585
-367
353
-251
-196
268
20
790
-781
-28
1155
-848
260
-87
156
471
-1374
1275
542
-1261
70
848
-360
-522
-14
263
19
-708
1017
-188
-447
-22
-722
852
154
-511
732
-60
-245
109
-245
337
-19
-380
110
924
-252
-913
742
-183
-711
408
130
203
-481
-228
1300
-764
-117
397
-939
1005
-816
-167
1403
-1123
311
-72
-200
702
-1453
676
798
-1336
881
299
-674
591
-625
27
668
-435
-157
23
422
16
-750
541
793
-1405
178
510
-140
51
-465
971
-656
-254
451
-678
809
32
-1009
1008
290
-793
250
215
-50
-383
333
166
-145
-129
-42
253
-1
-403
222
348
-665
301
419
-302
-547
64
-163
-294
-248
-67
116
-834
63
-82
-846
-542
229
-474
-224
336
-837
-173
139
-917
-384
384
-446
-251
-476
639
-152
-1452
782
-556
-277
301
-1045
714
393
-1080
-270
1061
-399
-1227
975
301
-368
428
14
155
380
-61
272
450
861
241
-704
1199
1061
-1222
758
2169
-1228
358
1385
-279
1002
106
241
845
554
364
320
637
592
129
745
1132
512
742
171
1459
1095
101
1675
836
513
1560
608
716
1693
461
569
1481
288
14
464
-169
204
-32
-562
-516
-851
-1254
-1365
-990
-1649
-1943
-1786
-1882
-1906
-2058
-1938
-1834
-2275
-2038
-1653
-1672
-1465
-1359
-1194
-1202
-664
-876
-589
-96
-508
-110
10
243
192
51
422
564
344
123
352
289
192
343
218
276
-48
228
249
-292
611
-195
-580
934
208
-148
680
386
410
199
679
786
355
1009
-18
881
2271
358
474
1590
798
466
935
2116
1516
352
1881
1992
1475
1568
1410
2124
1415
1605
2596
1607
1979
2925
2373
2734
1590
-1156
-466
1673
2360
-143
-72
1139
-1730
-2858
-1432
-514
-3121
-4096
-2419
-1543
-1900
-3434
-3886
-3488
-4265
-4892
-2817
-1491
-2718
-3384
-2053
-1561
-1950
-2638
-1874
-1439
-1285
229
382
1245
561
-290
313
952
1497
1154
1714
2110
1752
2152
2226
1707
1348
1077
864
905
1461
1061
551
347
-441
-695
-1256
-1612
-945
-1091
-1456
-1640
-1249
-1899
-2145
-1452
-1826
-1579
-1472
-506
-562
-529
-215
-440
141
281
631
1130
1484
1257
1384
1387
1461
1299
1485
1868
1925
2196
1786
1674
1408
1376
1087
1558
2439
1843
2077
2582
1589
1628
2356
1540
2002
2310
2176
2890
3164
3646
2922
-844
-2175
628
2331
2618
-369
-664
518
-2818
-4286
-1783
-607
-4207
-5709
-2901
-1307
-3709
-5478
-4923
-4913
-5465
-5350
-3102
-1484
-2980
-4954
-3207
-1608
-2608
-2424
-1587
-1093
-189
-78
779
1765
193
-81
707
1605
2955
2680
2255
2795
2769
2366
2889
2911
2765
2478
2068
2622
2617
2117
1178
474
-155
-131
583
-243
-1030
-1632
-1332
-1086
-1699
-1626
-2054
-1989
-2276
-1767
-79
-877
-2070
-1450
-1250
-840
146
-208
-66
641
223
505
1619
985
695
998
1600
2629
2192
2064
1814
1479
1488
1886
2404
2447
2493
2199
2600
3180
2874
2126
2472
3271
2932
3202
3901
3596
3455
4289
4272
204
-2895
-9
3380
2988
-589
-807
-165
-3977
-5853
-2895
-464
-3915
-7204
-5213
-2286
-4333
-7479
-6292
-5835
-6512
-6183
-3850
-1095
-3210
-6095
-4579
-2208
-1941
-2112
-785
263
501
239
1091
2369
1413
360
1148
3309
3979
3913
3685
2765
2492
2401
2696
3306
3633
2887
1836
1633
1320
775
432
-365
-849
-194
-322
-996
-1289
-1596
-2546
-4238
-3232
-1297
-1159
-1388
-1655
-1642
-2091
-2339
-1341
-193
-740
-869
803
1295
260
145
444
46
540
1430
2066
2169
1600
612
575
1227
1250
1303
1270
1696
1658
1278
1394
1396
1253
1398
1985
2662
3138
3036
2740
2944
3287
3322
4499
5873
5877
1380
-2623
412
4329
5880
1825
175
1767
-2550
-4617
-1777
1583
-1281
-5884
-4928
-2344
-2901
-6370
-6303
-5320
-6169
-6859
-4371
-1848
-3707
-6705
-6771
-4509
-3510
-2584
-1854
-1050
-1625
-2506
-1498
13
155
-296
397
1209
2505
2581
2620
2160
1319
1592
2310
3464
4553
4015
2166
1107
288
1017
1381
1047
686
130
9
-1178
-1417
-1488
-2000
-2559
-4403
-3356
-705
-507
-1862
-2932
-2510
-3065
-3160
-794
983
-46
-733
-69
-35
-250
-29
776
905
1029
1672
2422
2200
1378
390
483
1904
2427
2461
2389
2357
1465
940
1590
2403
2702
2469
2690
3034
3260
3408
3260
3413
4389
4369
5128
6943
7044
2618
-1879
945
5737
6988
3133
1877
2610
-2080
-4991
-1678
2544
63
-4808
-5215
-3192
-4685
-7809
-6572
-4907
-6336
-8014
-6598
-3817
-5005
-8285
-8054
-6270
-4684
-4028
-2674
-1430
-2817
-4083
-3490
-1238
136
1344
1861
1892
2361
2386
2271
2627
3813
3798
4324
4993
5335
5084
3275
2071
1471
2314
2869
2396
2362
1758
-189
-2021
-2002
-1620
-1198
-2438
-4083
-2889
-1886
-2091
-3166
-3274
-2681
-3553
-3039
-497
379
-883
-1578
-1393
-703
-373
1125
2142
1228
921
1181
1772
1738
1823
1890
2245
2247
1906
2125
2283
1908
771
928
1822
2508
2738
2568
2653
2504
2228
2957
4015
4539
4510
4697
4953
5416
6109
5524
2770
578
2775
5685
6497
3783
2433
1638
-2400
-3535
-766
2411
60
-3699
-4607
-5131
-7364
-8005
-5049
-4706
-6937
-8970
-8058
-6460
-7309
-8057
-6522
-5905
-6581
-5256
-3686
-2607
-3177
-4206
-3123
-1191
143
1471
2334
2052
1458
1002
1883
3570
4969
5374
4841
4066
3890
3425
3049
3723
3411
3012
2119
1322
1591
1045
-147
-1129
-1320
-1171
-1097
-2239
-3445
-2817
-2339
-2796
-2802
-2049
-1534
-2991
-3934
-1583
-329
-1574
-1605
-193
-164
-787
-28
1298
1107
-53
553
1308
1317
1881
2030
1624
1315
1026
1643
2304
2071
1448
1177
1920
2093
1998
2727
2972
2420
2341
2597
3137
3375
3297
3723
3879
3361
3113
4239
4537
4086
2496
721
1473
2673
3537
2524
1492
467
-2575
-3837
-1740
212
-986
-2961
-4031
-4878
-6409
-6741
-5005
-4252
-5415
-6506
-6112
-5625
-5970
-5914
-4832
-4768
-5056
-4243
-3284
-2554
-2511
-2932
-2291
-1559
-1264
-9
707
627
204
289
959
1481
2353
2806
2656
1808
1254
1559
1760
1874
1951
2115
1486
902
800
616
585
244
-90
-504
-176
-57
322
425
-451
-522
-987
-872
-302
449
1015
470
-391
-240
424
274
549
1100
1194
497
284
943
1286
1059
975
672
654
916
605
1266
869
344
550
517
1015
1277
1194
1304
1782
1342
1812
2309
2405
2977
2680
2916
2863
2662
2975
2832
2681
2727
2448
2204
1898
2005
1969
876
-391
-725
135
380
-148
-1098
-1704
-2685
-3861
-3371
-2401
-2502
-3736
-3961
-3531
-4204
-4607
-3697
-3099
-3372
-3744
-3581
-2616
-2533
-3011
-2251
-1430
-1576
-1762
-1541
-884
-827
-894
-229
40
-81
-397
-154
186
-132
-479
-627
-314
-64
94
-59
-522
-648
-862
-589
-240
-19
256
-52
-66
418
1126
1140
1184
1705
2253
2647
2480
2806
2872
2630
2684
3058
3466
3257
2829
2609
2267
1818
1397
1339
1634
1361
726
221
286
-517
-1303
-1174
-1211
-1028
-1227
-1201
-1066
-1350
-1473
-1224
-979
-593
-376
102
721
684
1010
1057
1111
1271
1446
1570
1658
2007
2059
2179
1843
1679
1843
1471
1068
996
1128
875
230
-77
-14
-417
-744
-1047
-1269
-1095
-1355
-1129
-1071
-1411
-1834
-1748
-1356
-1709
-1460
-1171
-1051
-1601
-1796
-1267
-1288
-1450
-1543
-1290
-1377
-1327
-1347
-1243
-1373
-1849
-2119
-2040
-1800
-2081
-2174
-2291
-2234
-2629
-2920
-2885
-2662
-2445
-2505
-2195
-1849
-1347
-1658
-1799
-1215
-621
-20
662
1168
1792
2225
2155
2279
2621
3205
3278
3864
4357
4151
3864
3564
3315
2987
2919
2796
2866
2878
2218
1479
1257
939
562
153
215
437
376
26
-280
-168
-579
-878
-819
-355
-114
-161
-366
-391
-293
-506
-314
-56
123
-107
-94
67
253
288
130
68
186
456
137
259
593
530
202
9
-33
-32
177
206
203
151
-120
-291
80
128
-348
-575
-47
327
-158
-107
-75
-302
-478
-766
-502
-195
-345
-1155
-1325
-1017
-1169
-1318
-1280
-1203
-1797
-1995
-2201
-2236
-1857
-2029
-2145
-2300
-2426
-2758
-2629
-2114
-1994
-1933
-1833
-1411
-1336
-1330
-1161
-848
-344
-139
241
736
1370
1491
1471
1586
1809
2142
2382
3016
3060
3038
2880
2629
2714
2598
2445
2551
2572
2269
2239
2027
1637
1303
1280
1312
1396
1468
1232
1122
985
765
680
953
764
661
849
801
895
599
341
159
171
375
285
179
-56
-313
-543
-830
-850
-575
-688
-1001
-1308
-1367
-1239
-1429
-1433
-1384
-1200
-1371
-1526
-1057
-974
-1073
-1153
-1100
-863
-842
-944
-767
-284
-276
-732
-729
-543
-434
-656
-948
-541
-605
-823
-722
-747
-655
-1042
-1609
-1524
-1143
-1098
-1151
-1075
-992
-1428
-1794
-1414
-1311
-1276
-1128
-1174
-984
-849
-955
-620
-194
-171
-267
-30
374
543
722
823
1133
1192
1263
1395
1369
1530
1287
1401
1533
1500
1484
1301
1259
1226
1142
941
837
652
861
929
728
730
521
436
572
830
830
833
886
772
689
818
1032
1039
983
774
681
856
830
707
572
519
356
-14
16
271
322
-199
-399
-327
-362
-288
-190
-127
-384
-462
-735
-594
-359
-629
-595
-428
-428
-513
-572
-606
-782
-1019
-908
-865
-727
-504
-616
-889
-1111
-1428
-1484
-1259
-1285
-1276
-1211
-1285
-1460
-1413
-1313
-1426
-1672
-1623
-1240
-1061
-1073
-1116
-1276
-1322
-1164
-1191
-980
-692
-657
-801
-792
-506
-410
-160
36
59
273
359
204
495
826
732
788
988
1223
1226
1057
921
1053
1053
864
1142
1288
1225
1064
673
615
680
516
657
703
529
319
125
321
409
420
470
438
469
624
628
702
810
728
968
1266
1363
1304
1090
784
615
716
1128
1209
1007
887
665
438
366
521
624
694
723
845
619
551
293
28
357
213
275
568
821
386
20
-109
-382
-114
-160
-170
62
27
-409
-502
-549
-847
-969
-972
-779
-661
-445
-552
-732
-861
-1029
-877
-611
-536
-691
-601
-639
-794
-873
-912
-852
-732
-656
-820
-770
-811
-1067
-1047
-881
-803
-804
-799
-889
-889
-721
-678
-613
-340
-250
-253
-152
-63
122
128
185
362
611
744
590
779
763
619
544
387
623
809
745
605
591
422
19
127
270
259
336
122
16
68
-2
-135
-88
222
181
76
342
254
49
-17
-165
60
472
493
470
622
506
301
171
452
656
693
997
1018
980
805
414
230
528
691
612
828
806
304
-63
-270
-321
-259
-427
-304
-143
-395
-823
-985
-943
-1077
-1123
-947
-724
-656
-736
-686
-701
-760
-757
-693
-171
-21
-137
-67
17
-65
-325
-125
111
122
129
116
-120
-168
-377
-551
-358
-524
-575
-693
-807
-858
-1020
-1153
-1144
-895
-670
-600
-672
-705
-710
-632
-691
-471
27
165
105
122
155
70
129
189
415
684
648
550
631
707
491
516
565
360
296
348
342
339
275
26
0
178
136
-58
-8
92
-97
-132
40
187
262
84
22
259
352
286
326
610
659
467
584
816
971
852
664
610
539
452
320
498
569
134
-181
-257
-427
-587
-592
-644
-714
-868
-1121
-1212
-1205
-1175
-1067
-977
-880
-865
-855
-627
-430
-320
-84
180
230
404
667
740
906
920
899
1046
1041
1106
1166
1035
982
868
645
594
585
424
252
101
-46
-230
-482
-587
-480
-398
-487
-675
-932
-936
-948
-964
-779
-826
-825
-797
-648
-548
-529
-496
-542
-442
-326
-76
241
472
292
207
393
474
642
734
858
903
895
870
826
1010
995
918
1066
1012
950
958
838
808
858
877
958
946
816
646
530
446
468
676
712
633
537
497
318
235
299
137
45
-23
-110
-180
-328
-500
-728
-1002
-1075
-1095
-1076
-1155
-1368
-1434
-1502
-1573
-1707
-1595
-1475
-1538
-1551
-1514
-1257
-1113
-1045
-829
-624
-498
-293
-40
176
320
432
801
1048
1189
1303
1192
1185
1180
1183
1296
1290
1165
1080
1028
860
590
439
250
-174
-285
-140
-201
-380
-644
-834
-1016
-1183
-1223
-1196
-1071
-1208
-1267
-1047
-1059
-1101
-1084
-1141
-1094
-912
-660
-322
-241
-359
-195
51
302
585
716
856
953
929
1035
1182
1342
1410
1264
1318
1294
1103
1078
948
934
900
860
870
739
656
328
57
96
-16
2
166
22
-78
-238
-367
-346
-399
-351
-341
-320
-365
-487
-582
-647
-816
-853
-754
-682
-716
-977
-1022
-1009
-989
-990
-860
-752
-737
-709
-834
-716
-543
-426
-354
-93
28
63
212
143
252
402
534
684
852
1023
958
718
605
667
769
767
725
794
773
506
283
219
175
-76
-354
-195
-133
-279
-586
-781
-779
-965
-1125
-1023
-891
-967
-998
-1053
-1021
-1057
-1051
-979
-808
-623
-617
-480
-315
-175
-71
163
473
775
801
924
1059
1009
1144
1258
1460
1550
1407
1212
1188
1197
1167
1070
1108
1061
768
650
501
358
192
-64
-218
-94
-150
-355
-366
-450
-522
-604
-629
-536
-455
-414
-443
-327
-192
-265
-257
-259
-304
-234
-158
-187
-194
-218
-359
-360
-225
-196
-155
-115
-232
-198
-205
-174
-23
65
76
-54
-18
40
143
241
300
425
550
599
555
719
656
436
479
535
620
656
576
536
492
258
59
69
6
-196
-291
-194
-223
-381
-544
-636
-667
-751
-782
-732
-640
-717
-849
-869
-798
-796
-789
-657
-581
-502
-476
-362
-303
-235
-121
78
407
509
597
610
666
677
699
835
1043
1071
973
1411
1246
1089
1226
800
758
650
433
471
297
206
248
30
69
-66
-224
60
-462
-586
-632
-1035
-627
-631
-164
274
127
184
-267
-355
-397
-468
-374
-444
-451
-429
-264
-96
-10
-79
-48
-315
-723
-686
-639
-721
-503
-107
126
297
392
492
353
103
102
152
260
291
308
503
607
576
434
354
204
44
8
-54
-67
-197
-370
-620
-674
-579
-736
-677
-657
-742
-746
-1074
-1188
-1082
-1064
-991
-874
-673
-632
-775
-793
-713
-665
-484
-346
-281
-229
-184
-119
0
120
218
376
443
688
900
936
1057
1164
1030
970
1175
1265
1485
1486
1232
1315
1052
616
713
643
590
582
258
231
165
-126
-210
-195
-227
-260
-314
-357
-305
-523
-797
-750
-659
-519
-299
-209
-363
-452
-520
-504
-289
-177
-11
-5
-107
-81
-123
-118
4
23
66
88
158
283
80
62
132
12
52
167
257
173
-47
-11
70
-77
119
105
-299
-86
-97
-289
-129
-79
34
37
67
226
65
-130
-202
-299
-199
-164
-86
-82
-83
-107
-422
-430
-458
-543
-637
-653
-536
-630
-692
-514
-522
-662
-383
-449
-556
-157
-208
-207
113
78
209
339
377
587
646
505
720
965
698
928
1100
912
964
1156
1050
723
916
684
639
1023
687
903
827
285
724
407
87
536
185
192
517
-5
128
488
-295
-330
158
-233
-260
269
-133
-291
-57
-440
-33
-184
-368
415
-120
-596
405
21
-658
411
-45
-295
508
-178
70
159
-47
192
-241
353
-71
-581
95
-353
-727
123
16
-592
248
-368
-180
148
-1238
59
-96
-1542
316
47
-835
734
-470
-535
319
-857
-323
-436
-223
-333
-533
384
-430
-43
176
-122
-88
-134
-141
-609
-591
-705
-238
-689
-274
517
-474
-538
-254
-69
-887
-619
512
-515
53
-132
-200
1014
-1090
576
1006
-1090
1071
257
-237
688
-81
195
158
110
766
61
359
693
192
158
-314
1251
-636
-484
1726
-924
339
1028
-408
265
-281
-576
860
-903
-145
1723
-2376
602
1502
-3385
1794
824
-3070
2058
-460
-1192
1645
-1149
233
1354
-1388
27
1418
-1506
700
938
-1410
2092
-388
-907
2120
-1717
273
379
-1555
1838
-1374
-228
1623
-2125
565
8
-1418
981
-1128
-126
762
-1602
559
360
-1634
301
-171
-383
427
-17
1052
-328
113
479
-379
407
-45
818
405
-219
1428
-470
90
1149
-1778
1225
-368
-1302
1910
-1304
-152
1234
-1619
262
-430
-924
1150
-2026
793
843
-2137
1386
-351
-1324
1920
-1343
-570
2458
-2163
240
1795
-2322
1858
543
-2314
3677
-1976
-905
3406
-2399
1457
663
-715
1764
-1445
667
1636
-1833
1262
918
-1844
555
920
-939
-289
886
-445
-662
386
602
-602
235
-213
664
-476
-836
3638
-2172
436
3405
-2781
1953
196
-1404
3627
-2103
354
3241
-2853
1255
873
-1505
637
36
-1257
196
734
-2907
1852
-528
-2849
3310
-2617
-848
2699
-3404
324
1398
-1982
1036
156
-126
637
485
322
22
1160
-627
771
478
225
1662
-61
721
1117
198
200
190
1417
-230
-845
2796
-2188
644
1441
-2040
2499
-2209
238
348
-2043
1458
-313
-316
49
-337
-622
-219
-986
434
-101
-556
1502
-1020
355
338
-1022
37
186
183
-148
138
-574
522
37
-406
662
-156
-821
-60
-235
-560
612
-468
-685
725
-1017
-476
1539
-2127
853
823
-2596
993
17
-819
651
-31
-529
1066
-1441
-38
2228
-2413
198
1852
-2739
561
1248
-1902
1151
-411
-793
176
-1816
-276
266
-2106
-406
1562
-3302
-1832
2490
-3617
-1781
3199
-3997
-124
1403
-4012
1812
-1414
-2404
2684
-2040
-852
2544
-2764
160
2241
-2774
1301
1179
-1154
1367
502
311
877
-475
116
1610
-511
273
1360
-469
1441
-335
-119
1378
-1376
898
29
-1298
2010
-372
-1484
2213
-1038
-994
1162
-1663
596
547
-1496
1065
9
-1028
954
-1064
197
878
-1905
1180
876
-1443
1196
-326
-321
542
22
656
-1185
1274
905
-1440
914
1551
-1154
-385
2313
-789
-569
2591
-954
-1088
2791
-491
-549
1808
622
-84
246
467
1141
-352
-833
3445
-1851
-52
2368
-2436
1373
-363
558
69
-696
449
-1567
1863
-1522
-411
1810
-2830
777
312
-2066
1124
35
-1892
1238
-394
-1654
1807
-1851
393
1481
-2455
1869
415
-2098
872
856
103
-1194
1759
263
-1465
2919
-1830
782
870
-707
2125
-1123
1200
682
-1309
947
1486
-1817
1323
2160
-3180
1091
2452
-2665
651
888
-835
889
-1795
2082
-553
-1826
1772
-1299
1324
-1281
-475
1978
-2283
158
1022
-1508
862
25
-1489
2344
-1781
188
1148
-1615
826
-719
991
-492
748
-150
-310
907
-1018
1424
215
-731
590
741
-920
525
725
112
1173
-1179
1251
1128
-2181
1075
516
-629
61
1686
-250
-1808
2953
-1900
-1103
2678
-2246
1228
233
-1738
1922
-979
-703
740
777
-1046
51
911
-1642
1096
-1308
-538
2588
-2919
1389
2128
-4824
3669
-1191
-2618
4425
-3641
494
2367
-2384
-363
1541
-1024
-1895
2012
-770
-1875
3113
-2059
-918
2245
-3639
2438
-480
-2748
4435
-2796
-1558
4335
-4411
722
3100
-4942
3600
-428
-2285
3417
-3169
861
1637
-2780
1555
655
-556
1161
-675
200
889
-1122
923
686
-2096
2369
-924
-1755
3116
-2582
-157
862
-2309
869
-993
-1243
1998
-1983
-1839
2040
-2064
-1229
1698
-1079
-1586
1675
-110
-2088
2359
-1451
-500
1705
-2016
1716
-327
-52
1496
-1286
334
1079
-572
483
-409
366
1364
-2042
799
1014
-1373
-221
1630
-2398
1046
2100
-3869
1699
1170
-3006
531
1195
-2319
3062
-2468
-253
3082
-5307
3138
633
-2980
1135
2650
-2976
161
3671
-4322
2348
-427
-1076
3849
-3937
1300
2761
-4128
2718
-189
-1076
1904
-2480
2550
-1072
-1507
3638
-2257
-415
1889
-287
415
-1745
2623
218
-2386
3042
-284
-695
1062
1142
-1335
986
487
-1575
2260
-949
521
1751
-2001
1427
170
-2009
2299
-1540
-97
957
-1692
942
-1591
556
422
-2461
1208
300
-2041
881
225
-846
34
-1
-349
514
1155
-1766
1288
1665
-2555
166
3455
-2994
545
3803
-4764
3494
-516
-2123
4183
-4110
1895
1676
-4039
2287
1264
-3546
1599
1090
-3232
2350
-875
-1873
2651
-2751
446
1379
-3430
3084
-1491
-1479
4173
-3593
551
1638
-1974
1412
-196
-628
1968
-1101
-529
1477
-704
1067
-1447
1943
-174
-1150
2041
-1918
1634
-684
58
802
-395
115
-1021
1828
-1493
-495
1803
-2275
2145
-326
-1733
3732
-3425
731
3055
-3752
2670
1518
-3649
3292
111
-2704
4276
-1261
-1381
4040
-2880
-718
4716
-4687
2603
2205
-4922
5462
-2852
-107
2507
-3265
2281
-684
-1029
1787
-759
-1282
2530
-2640
409
1598
-2558
1959
-318
-1003
306
1379
-1548
61
1990
-2226
1221
932
-2304
2680
-547
-1725
3297
-2901
603
1859
-3383
2870
-96
-3226
4277
-1406
-2238
3376
-2630
419
692
-2234
1733
-313
-2571
2152
424
-4071
3010
-983
-1977
1800
-2184
1336
-1239
-749
1330
-1759
50
1063
-1635
-231
2200
-3410
1152
1591
-4127
3812
-858
-2632
4328
-2552
-1309
3575
-2636
-427
2668
-2688
1501
-172
-1024
2399
-3314
1690
593
-2208
1787
-725
23
-1273
1225
544
-2829
2343
-418
-1395
1258
-413
323
479
-864
487
1079
-2439
1672
1009
-3122
3294
-1355
-751
2287
-2317
1104
403
-1068
-16
1301
-963
-640
1727
-789
-935
1126
289
-1800
1300
583
-1194
413
581
-629
787
-221
212
1372
-1624
1820
-1628
1111
1026
-3058
4008
-2723
-92
2645
-3840
2740
-201
-1954
2609
-2612
1267
1169
-2703
1627
315
-1611
151
1750
-2464
1344
460
-2584
2755
-1626
-318
2272
-2684
937
1566
-3507
2564
269
-2259
2160
-156
-1336
472
1128
-1264
378
110
104
783
-1831
1589
1321
-2864
1949
447
-1275
1618
-1214
1105
-43
-220
-179
111
1543
-2412
1760
367
-1553
1366
-251
-462
596
-106
-928
1529
-1094
-122
1667
-1803
447
989
-1385
224
870
-971
-199
1175
-1163
-262
2118
-2747
1162
838
-2967
3176
-1794
-410
1781
-1951
1161
-109
-932
888
-289
-529
922
-444
306
-694
1439
-753
-604
2282
-2769
1729
152
-754
865
-113
35
30
-227
32
1085
-1378
410
459
-410
-468
1018
-1211
123
902
-2297
1922
-821
-946
1686
-1244
-170
951
-1202
528
171
-622
1387
-1073
152
695
-937
756
-495
-169
1648
-2371
2069
1256
-4491
5000
-1141
-2860
4458
-2184
-123
2614
-2232
359
2240
-2505
1117
1125
-1750
1608
270
-1616
1866
-402
-942
1283
-1182
664
428
-438
-71
1611
-2032
-48
2164
-2560
784
1220
-1034
-777
2285
-1930
-725
2221
-2656
916
663
-1854
1368
-404
-1397
922
-633
-400
-742
810
-84
-2178
2776
-1485
-2169
4053
-3738
-420
3564
-3588
1179
876
-966
-33
-151
341
-331
10
-337
1162
-961
-328
1148
-1443
-224
722
-56
-1356
390
1306
-2663
67
2103
-2629
-124
1561
-1961
164
18
-913
493
-1278
335
100
-1194
1449
-730
-1373
1879
-1506
-248
1087
-1528
1434
-493
-742
523
371
-943
103
834
-566
208
-349
1250
-1844
822
1029
-2130
1885
245
-1203
1277
-797
-89
767
-1460
2073
-1408
524
968
-1344
1411
-845
672
-397
955
207
-1448
2793
-388
-2047
2851
175
-1583
1742
432
-342
1080
-320
678
844
-1484
2435
-723
100
752
84
1135
-1978
3205
-1358
-232
2042
-1346
433
868
119
-1083
2023
-809
-688
2027
-501
-1177
1746
481
-2040
2072
155
-1962
2918
-1816
-1145
3575
-2614
-608
2197
-963
-1748
2834
-1171
-1650
3566
-3605
1032
1332
-3149
2640
-1262
-1196
1155
-339
-553
-1155
2121
-2059
-275
1755
-3003
2496
-1384
-1413
3356
-2950
593
1138
-1593
945
-790
270
-207
404
-399
-480
1276
-1206
609
-377
-187
1292
-1467
40
1375
-2058
87
1684
-1856
-283
1153
-395
-1109
-306
1688
-1144
-2174
3102
-1205
-1453
2325
-1566
25
1440
-1910
1069
242
-2102
3401
-2774
512
2833
-4283
3118
-230
-1662
2560
-1620
947
443
-1570
2020
-696
-1372
2434
-901
-887
2129
-1647
699
253
-1063
1450
-1382
719
233
-284
-233
49
921
-2100
833
1264
-1759
-115
1777
-651
-1538
2136
-1489
199
1132
-2393
3019
-2609
691
1562
-3383
3309
-2075
-643
1775
-2096
1312
-111
-1621
2454
-1926
-1046
3226
-3270
719
1003
-1517
937
-874
571
-860
460
-618
-36
1123
-1849
1208
-221
-76
220
-310
288
-431
860
-1293
1038
472
-2365
2476
-1554
-1022
1781
-1144
-186
-531
1559
-1629
-580
2507
-3257
1883
694
-3448
4438
-2262
-1413
3732
-3437
1319
1196
-3014
2846
-82
-2720
3708
-1533
-1766
3465
-2293
-172
1854
-2398
1413
813
-2742
2654
-156
-2337
2504
-739
-1103
1304
-397
-550
881
-912
-81
569
-1216
517
100
-167
-1441
1850
-268
-2659
3093
-2241
452
620
-2096
2661
-2096
49
674
-1090
840
-1439
957
26
-1404
1639
-1551
344
911
-2737
3022
-1117
-1800
3040
-1528
-1176
1909
-365
-1662
2175
-985
-365
1409
-1794
1419
542
-1765
2104
82
-1086
2273
-1256
425
1445
-1443
1278
294
-168
1080
-504
525
671
-457
741
198
-179
627
511
-626
878
679
-1968
2794
-965
-1230
2893
-2276
979
171
-596
1053
-814
495
1024
-643
64
1003
-1157
1069
-62
-1001
2681
-1579
-825
3780
-3152
365
3183
-3327
2160
864
-2004
2961
-1521
-703
3332
-3179
869
3095
-4356
2011
1701
-3284
1844
173
-1113
750
-475
-91
-151
-393
577
-1912
1091
-486
-1056
933
-1712
1801
-2390
375
1304
-2550
799
470
-977
51
-413
549
-126
-2257
3376
-2547
-333
2495
-3790
2031
927
-3561
2380
508
-3178
2107
-421
-199
-1147
973
310
-1815
1505
-1503
1149
-651
-724
1476
-739
-640
1738
-1035
-1059
2554
-1715
-464
1368
66
-1423
872
532
-1049
647
-968
1080
-444
-1209
1547
-903
-645
595
-501
-596
473
-399
-694
917
-1191
559
-962
215
982
-2326
1829
-642
-341
480
-941
859
-1090
49
1060
-1462
638
979
-1406
492
1280
-1960
1165
1347
-3096
3142
-279
-2371
4031
-2509
-370
3303
-3863
2484
821
-2656
3017
-1337
-100
1142
-705
477
107
-118
946
-777
-110
1314
-1182
66
1070
-783
-154
772
-132
-430
-222
1580
-1371
-204
980
-1506
2155
-1412
-1665
4110
-2456
-2677
5103
-2677
-1194
2122
-965
917
-2003
2206
-895
-1175
1729
-930
80
21
918
-1681
1469
-423
-863
1303
-1383
1717
-1286
-11
1594
-2558
1404
724
-2082
1241
641
-1519
647
336
-1207
1501
-1534
410
1297
-2410
2011
-454
-1384
1707
-716
-836
1339
-234
-764
829
-246
-196
-173
509
-176
-533
1254
-998
304
537
-600
463
58
126
-513
1054
-58
-787
819
370
-649
-64
920
-1076
458
317
-1278
1422
-336
-994
1475
-994
-34
871
-1260
1277
-894
194
869
-1469
1616
-565
-496
1404
-790
-412
1598
-1445
130
1426
-1707
840
806
-903
376
0
100
378
-1673
1302
1174
-2638
1243
1929
-3471
2482
-37
-2360
3486
-2494
628
655
-583
952
-954
584
507
-359
-1014
1364
522
-1695
463
1601
-1494
34
1928
-2106
1159
1013
-2116
2228
-773
-50
724
-1402
2423
-2118
588
1530
-2367
2189
-1080
-458
1619
-1417
133
306
-38
101
-1067
1194
-16
-1375
1097
-105
-212
-411
594
66
-619
349
-105
376
-1169
59
1918
-2857
932
2325
-3936
2219
537
-2616
1999
76
-2201
1950
-213
-1905
2004
-2115
156
1380
-3060
1482
1349
-3600
2623
-318
-2037
1767
-1645
564
-327
-532
452
-303
-184
-258
-135
537
-990
534
664
-1960
2608
-1931
-927
2943
-3325
1200
996
-1858
1215
-356
311
-981
470
1204
-1895
977
143
316
-532
-1015
2040
-911
-1174
1367
-395
-653
753
-385
98
-516
649
-712
-943
1628
-1330
-472
839
-1002
354
-18
-1224
1651
-1378
70
928
-1164
107
589
-658
-644
1371
-1417
1297
-1574
348
1894
-2827
1496
928
-905
225
908
-576
1049
-40
-958
2395
-869
-417
2210
-800
160
1566
-1015
890
936
-1610
2034
-190
-1056
1921
-939
-80
192
804
-413
-1272
2508
-729
-1959
2091
124
-2010
890
266
-490
-433
-297
1063
-1546
200
457
-550
250
-722
762
-582
-400
539
-411
138
-481
135
710
-911
-91
1228
-721
-596
1555
-930
599
-209
188
1185
-2177
2288
-417
-1494
1707
750
-2082
1331
1309
-2448
2409
-1092
262
1023
-1496
1310
-37
-285
-101
555
356
-970
617
668
-937
398
609
-1216
1141
-532
-596
1770
-2243
1612
-466
-451
1547
-2899
3054
-1029
-1389
3199
-2513
627
1968
-3253
2089
1368
-4046
3844
-88
-3123
3548
-739
-1603
1375
522
-546
-978
1653
518
-2616
1658
1123
-2857
1502
179
-1503
1584
-1676
905
46
-1226
847
-988
653
-1174
166
716
-1359
-60
517
-545
-965
234
898
-1249
-803
2255
-1867
321
499
-1882
2848
-2217
-158
2512
-2958
1650
-17
-1011
1355
-1409
1846
-1104
-512
2524
-2422
1157
523
-987
1292
-396
-27
437
231
84
-179
52
892
-958
844
-345
-244
1512
-2588
1795
474
-2174
1317
-9
-696
-491
581
34
-1711
792
781
-2102
1080
41
-1690
2229
-2049
-207
2451
-3045
1330
444
-1595
1809
-2115
1053
1214
-2841
1724
979
-1826
283
1580
-1187
729
-65
-226
1968
-2720
1473
1276
-2405
895
973
-1326
358
527
-1516
1810
-1182
-671
2267
-2412
-209
2492
-2128
-931
2519
-1522
-1108
2049
-1439
-45
1229
-2148
1963
-352
-1788
2549
-958
-1271
2517
-1218
-1725
3715
-2442
-1138
2849
-1368
-438
266
879
-783
-1018
1762
-522
-1757
1837
-56
-1429
239
1327
-494
-2071
2640
-312
-1486
1036
-72
385
-1199
1004
96
-1591
2545
-2112
40
2018
-2750
2221
-982
-671
2216
-1938
193
717
-765
-88
227
-415
165
-68
-285
-25
29
261
-606
-92
652
-329
-171
408
-563
1106
-1324
148
2157
-2586
1381
920
-1220
1080
107
-327
728
461
-551
704
755
-811
739
508
-402
761
-217
727
-313
916
-1004
955
1421
-3113
2885
-401
-851
1209
-1134
1081
124
-1435
1826
30
-2358
3385
-1579
-1707
3606
-2109
-772
2196
-1335
-68
907
-1073
994
-669
7
1268
-1818
1139
199
-939
672
-219
580
-569
-305
1557
-1168
-917
2230
-1218
-1165
1868
-804
-290
399
-705
1187
-927
-1392
2831
-1452
-1783
3115
-1493
-1303
1952
-736
-1010
833
-102
-75
-647
278
1192
-2317
1088
880
-1700
685
55
-493
-1
22
-269
-361
211
464
-1152
340
380
44
-1096
7
1615
-2414
809
814
-1486
525
730
-1430
454
1035
-1939
1672
-262
-914
1063
-339
370
-716
466
634
-1000
226
680
259
-1566
1193
1027
-2352
1239
383
-676
-305
225
534
-774
-518
1050
-535
-1528
2283
-1953
-18
1566
-2815
1806
-249
-1803
1872
-1130
-711
1430
-1178
-103
960
-1090
42
626
-551
-39
383
85
-260
220
-193
439
-233
-387
1279
-945
-249
1366
-1314
-22
1255
-1834
955
705
-2167
2058
-256
-1975
2501
-1219
-979
1788
-682
-533
248
883
-879
-677
1318
-160
-1238
1319
82
-961
748
271
195
-1294
1818
-54
-1741
2443
-1024
-132
566
-423
786
-1045
437
978
-1642
1081
653
-2293
2669
-1480
-812
2425
-2418
680
390
-312
-299
87
593
-871
374
255
29
-398
318
540
-793
1005
-582
119
991
-1335
1105
-195
-99
607
-1099
762
597
-1786
1326
111
-1551
1718
-1120
95
671
-1287
597
451
-1582
1148
463
-2278
1658
143
-1291
708
-434
622
122
-2274
2796
-250
-2340
1977
81
-44
-1479
1786
289
-1715
1157
312
-259
-799
1270
-17
-1513
1299
682
-2229
1853
-39
-745
575
-593
1400
-1672
1278
-599
181
970
-1905
2138
-764
-242
822
-1002
1232
-97
-1021
1321
-302
24
-413
550
1186
-1840
1505
203
-501
630
-145
671
-481
211
1093
-342
-1416
2663
-340
-2427
2849
31
-1267
404
1118
-130
-1336
1427
138
-905
502
364
-31
-1646
2194
24
-3383
3691
-328
-2901
2844
-940
-498
800
-1265
1534
-1121
-438
1657
-1433
-237
1227
-1114
-204
679
-411
203
-610
735
-66
-640
439
-508
946
-520
-1443
2935
-1493
-1699
3201
-2071
53
707
-884
807
-726
365
-568
247
361
-1434
1008
211
-1208
1000
-768
-614
1772
-2067
-74
2191
-2131
-893
2364
-1095
-2174
2727
-1213
-1504
2226
-1789
190
1077
-2503
1731
360
-2953
2821
-881
-1529
2038
-2032
1011
205
-2501
2814
-1301
-1978
3276
-2128
-740
2173
-1280
-821
1026
438
-1711
825
648
-1118
411
-171
322
-454
-756
1017
-276
-1558
1237
180
-1707
1458
-271
-1426
1757
-724
-1421
1912
-1349
9
685
-1607
1805
-1322
-372
1948
-2444
1177
1244
-2476
1663
1234
-2741
1336
2123
-3289
1739
918
-1687
1426
-1023
996
37
-783
678
880
-1093
-578
2536
-1677
-896
2403
-789
-624
1168
-866
1457
-1168
-833
3563
-3057
-243
3240
-2516
501
1131
-1223
1754
-1774
645
2488
-3357
1282
2012
-2194
-163
1648
-135
-1578
1293
134
-739
113
-516
1743
-2145
-300
2529
-2159
-677
1948
-527
-1583
1306
533
-474
-772
1496
189
-1378
1135
87
361
-610
532
1335
-1175
580
626
-477
1379
-1195
416
2143
-2427
772
1781
-2237
1023
309
-1413
1762
-1450
-282
1517
-1976
563
476
-1449
820
-49
-865
74
507
-634
-104
562
-965
815
-554
-21
746
-1471
1306
19
-1106
1805
-844
-77
1093
-1266
1234
100
-746
732
378
-588
70
922
-1060
403
-130
-401
1155
-1094
-375
1547
-1220
-112
960
-1206
982
-422
-629
1160
-194
-584
722
-97
-649
1386
-766
-341
1233
-353
-552
1088
300
-705
839
-22
-105
272
399
-249
-110
676
-100
-206
456
374
-1054
793
289
-917
928
-478
108
464
-784
1012
-302
-411
684
-514
411
154
-397
-62
1085
-666
-581
1277
-186
-1055
618
854
-1535
1381
-867
-120
1179
-2167
2088
-1050
-849
1910
-2020
730
412
-1197
871
-1015
240
512
-1274
1154
-810
-655
1707
-2033
201
1682
-2320
226
1001
-857
67
-654
386
-33
-1209
793
-574
-395
38
-507
-357
183
-34
-1664
1165
-150
-1740
864
-12
-1028
-11
-117
-93
-345
-241
104
-985
377
-334
-302
-168
-347
528
-983
93
904
-1536
365
1547
-2536
820
1435
-1986
112
436
-39
-228
-873
656
428
-1838
707
584
-1097
321
-267
277
56
-672
119
276
96
-939
31
983
-992
-672
967
-17
-1082
304
1269
-1625
59
1738
-1909
548
810
-1106
1050
-594
-140
1363
-1413
659
547
-980
1308
-807
-74
1544
-933
-41
741
-30
357
-880
968
667
-1732
1577
137
-1332
1361
-44
-686
436
595
-543
82
428
-217
873
-1016
1016
728
-1554
1569
-145
-416
916
-373
867
419
-456
1123
362
-208
755
242
637
553
-1037
1758
499
-1520
1731
107
-248
312
473
416
-355
720
155
-579
832
590
-1444
1054
528
-1235
737
132
-292
-140
398
-214
-502
1015
-37
-910
642
1009
-1014
-414
1572
-17
-1531
1060
1233
-1519
-35
1323
-96
-789
716
647
-380
-286
907
-6
-1045
1434
-210
-1082
975
42
-850
848
-384
-290
967
-863
73
704
223
-1015
251
1448
-1007
-1548
2183
693
-3354
1885
1645
-2373
202
1805
-998
-1225
2164
-65
-1999
1451
1494
-2294
-441
2774
-1169
-2161
2744
-106
-2461
2043
-177
-1210
397
542
-77
-1698
2055
7
-2379
1526
583
-1567
-113
732
-258
-694
415
429
-1447
1296
78
-1909
1169
1352
-1801
-1128
2924
-726
-2616
2074
1238
-2800
519
1939
-1620
-1039
2039
-312
-2603
2207
613
-2662
681
1314
-1531
-1170
1471
-425
-1633
632
-47
-957
-372
753
-984
-1029
1537
-929
-1205
784
-250
-497
-456
-77
801
-1300
-265
1227
-1621
51
1136
-1941
845
278
-1413
1271
-808
5
73
-647
556
-596
-261
253
-709
-53
-26
-521
273
-875
489
-417
-797
626
-529
-200
-430
323
33
-798
-32
862
-1340
-213
1147
-1183
36
233
439
-784
67
951
-1164
491
222
-707
472
93
-18
-779
479
1447
-2181
88
2192
-1416
-1031
1492
477
-1717
556
1334
-1801
55
1534
-1202
-422
1269
-476
-203
274
-460
1337
-1319
-163
2326
-2160
608
1447
-1421
433
572
-172
-6
77
378
406
-641
543
488
-259
-131
26
1541
-1398
-77
2272
-1905
33
1863
-1206
-345
1322
-31
-999
598
1182
-501
-1297
2125
810
-2913
2337
1418
-2443
797
1986
-928
-875
1691
948
-1345
-488
2879
-311
-2448
2569
1552
-2768
1091
2264
-1815
75
1320
78
-813
453
1845
-2033
178
2346
-1336
-599
1543
566
-1560
667
1588
-1178
-691
2177
-326
-1816
1779
1234
-1855
-154
2222
-180
-1587
625
2380
-1727
-995
2339
-211
-1297
715
1272
-961
-641
1385
477
-1929
966
1353
-1188
-409
1309
720
-1907
833
1630
-1978
-34
1815
-1081
-606
811
784
-1282
-471
2029
-1033
-1045
1289
849
-1846
101
1911
-1346
-719
1279
-85
-1160
272
919
-756
-1084
1293
140
-1297
-270
1291
36
-2247
1312
1388
-2227
-20
1801
-865
-1170
513
1414
-1522
-1341
2991
-829
-2354
1949
866
-2074
-374
1696
-301
-2098
1033
1477
-2251
-250
1331
-379
-1560
307
1254
-1531
-615
821
220
-1821
206
1477
-1837
-914
2020
-457
-2702
2066
263
-1864
-22
370
775
-1814
-546
2210
-887
-2417
2173
545
-2504
443
1493
-986
-1581
1571
48
-1615
199
808
-748
-1099
912
163
-1140
-543
1397
-512
-1831
1338
185
-1187
21
32
314
-503
-669
1024
-672
-641
995
-447
-1161
1050
788
-2225
404
1620
-1025
-1260
967
1004
-1492
-403
1261
-85
-1271
286
935
-957
-446
1088
-402
-697
452
368
-408
-762
676
615
-1383
-94
1940
-1172
-1431
2099
-53
-1663
881
998
-1010
-530
1319
-130
-1364
1080
617
-1548
521
1301
-878
-909
1733
145
-1880
1173
1104
-952
-821
1559
501
-1992
808
1726
-1507
-787
2207
-517
-993
745
347
335
-1116
502
1471
-1600
127
1705
-1284
-43
1220
-258
-31
-436
879
1172
-1800
233
2184
-1190
-877
1618
304
-676
176
711
171
-490
778
630
-963
638
1043
-622
-392
1053
554
-863
117
899
269
-774
239
692
216
-954
423
1379
-1570
1023
86
-445
1067
-855
495
319
-142
304
110
-285
603
408
-878
704
379
-267
104
-170
708
-158
-370
694
-350
124
478
-738
157
476
32
-562
-283
1500
-909
-726
1359
-498
-199
58
114
529
-632
-157
834
-295
-636
466
266
-97
-427
-90
1392
-596
-1472
1565
702
-1949
424
1446
-1103
-524
718
558
-1222
-223
1596
-950
-1011
1090
374
-1108
72
460
-213
113
-754
182
855
-983
25
88
194
405
-1463
645
1064
-1411
-508
1410
-170
-1350
594
666
-707
-591
547
177
-1081
345
477
-1222
292
300
-974
85
268
-709
-406
388
11
-1351
328
1355
-2058
-270
1565
-787
-1255
540
1229
-1488
-798
1544
7
-1621
403
1063
-788
-628
334
682
-788
-667
762
251
-1143
-69
682
-521
-258
-287
608
-293
-705
336
136
-323
-776
815
-172
-841
417
82
-181
-506
306
243
-602
166
365
-89
-298
284
191
-290
20
67
246
-388
177
167
-543
516
105
-595
-29
579
-342
-439
443
-84
-156
-196
132
171
-737
390
451
-862
-220
738
75
-1072
124
1090
-423
-1242
782
1014
-966
-903
1517
526
-1728
625
912
-5
-1156
541
1599
-1773
-12
1613
-616
-808
967
609
-896
-229
1209
-105
-908
798
518
-463
-221
546
351
-428
202
342
-123
268
-143
84
538
-278
-31
481
210
-212
289
194
-81
427
-311
454
251
-362
587
185
-283
221
793
-609
-140
1026
-150
-394
735
152
-304
532
0
8
62
391
-136
-348
1074
-86
-978
1223
394
-911
351
576
243
-767
518
704
-594
191
511
-25
-279
403
117
-187
103
372
-389
-110
778
-606
-16
530
-45
-253
-74
719
-334
-658
731
479
-1043
93
1368
-712
-1250
1527
292
-1692
864
501
-608
-253
256
367
-499
-293
583
-6
-735
626
-31
-364
196
171
-498
-188
835
-645
-270
460
-179
-402
-52
-1
235
-514
-318
828
-884
-31
526
-630
172
-271
-362
301
-245
-223
355
-316
-318
664
-646
-196
810
-660
-141
174
131
107
-688
536
388
-817
-263
880
295
-1473
568
984
-841
-514
621
618
-1195
-222
1206
-602
-781
502
338
-157
-1200
650
805
-1269
-170
715
46
-1018
235
487
-656
-452
460
222
-639
-414
837
239
-1538
583
637
-587
-379
-182
1023
-370
-1143
904
446
-888
-119
400
216
-639
-256
828
-579
-506
727
-54
-704
2
798
-476
-796
554
374
-346
-498
116
852
-446
-862
449
584
-437
-1227
882
767
-1363
-223
828
62
-812
-342
930
76
-1193
179
960
-436
-1098
835
581
-898
-221
434
525
-724
-373
727
397
-914
-396
1220
11
-1075
-54
1551
-505
-1631
1084
1082
-1120
-802
1056
748
-953
-669
1234
302
-999
-208
830
419
-834
-181
892
361
-805
-159
1096
-56
-931
290
863
21
-861
304
1094
-354
-752
753
769
-562
-426
440
965
-739
-664
1076
215
-656
-269
675
374
-616
-322
774
55
-588
141
293
185
-165
-271
329
526
-307
-514
665
582
-888
90
839
78
-576
73
965
-254
-660
616
706
-693
70
581
-5
-157
161
352
-37
-16
59
448
-269
-60
382
-175
-5
153
12
-236
350
213
-579
3
422
207
-664
-92
1087
-464
-600
520
206
-307
-170
271
-87
-304
562
59
-718
435
591
-472
-413
574
393
-498
-451
574
561
-657
-452
943
267
-704
2
313
461
-455
-556
881
122
-774
425
243
-375
-9
351
-92
-580
537
413
-736
-247
928
8
-895
35
663
144
-930
-181
994
-172
-965
39
684
-72
-787
23
630
-103
-557
265
392
-258
-344
381
298
-646
74
556
-65
-635
266
644
-455
-334
211
679
-467
-663
859
258
-864
-243
845
-111
-849
-32
603
-43
-970
283
560
-626
-330
169
137
-361
-261
-25
48
-177
-588
237
112
-551
-148
354
-208
-279
96
-32
59
-324
3
173
-158
-92
-327
69
298
-517
-403
478
113
-727
-58
428
-48
-422
-302
472
14
-553
-192
370
83
-645
-37
278
88
-596
-87
501
-197
-220
-22
227
-304
-41
13
-155
-81
-62
52
-204
-164
-10
314
-697
-89
431
-164
-340
-268
503
-41
-442
-151
272
87
-232
-292
216
243
-313
0
156
-30
121
112
-330
272
284
-244
-39
164
240
-106
-162
278
229
-243
-38
285
93
-141
71
73
44
174
-249
126
228
-45
-7
35
20
80
260
-332
189
251
-37
207
-177
287
276
-100
-2
305
185
23
184
-35
398
204
-178
301
185
171
43
54
436
-26
64
307
224
-25
149
471
-260
162
350
67
139
132
247
206
233
19
234
387
15
-80
457
141
-203
301
243
-94
81
318
11
70
-3
51
177
-83
-27
170
-10
-179
118
5
-79
0
34
-72
8
21
-17
75
-46
112
-211
85
252
-262
50
275
16
-103
190
117
-29
41
77
53
-105
114
130
-203
-14
205
-89
-246
147
169
-209
-112
173
35
-249
72
146
-225
-77
84
-79
-143
-71
76
-76
-207
125
-21
-56
-132
28
215
-239
-60
43
68
-129
-170
127
85
-271
-34
163
-230
-30
-29
-17
-200
4
-10
-269
109
-42
-244
5
158
-220
34
86
-93
45
43
10
-96
72
24
-39
-219
81
66
-317
-117
-10
-18
-272
-167
21
-172
-200
-64
-168
-83
-137
-104
-89
-121
63
-171
-109
95
-57
-130
14
41
-57
-120
26
-116
-73
-100
-134
-61
-220
4
-68
-194
-106
18
-178
-169
-26
-7
-81
-239
60
-113
-179
-45
-83
-191
-224
189
-306
-325
193
-134
-230
-55
2
-179
-46
-136
-57
56
-245
111
76
-262
79
103
-285
-11
122
-90
-22
8
11
-13
-9
-60
5
95
-105
-52
91
-9
-18
-138
100
175
-293
38
210
-68
-39
3
130
42
-147
68
75
-180
163
-54
-236
166
-85
-99
-135
43
-44
-160
106
-112
53
77
-15
-55
212
33
-39
231
57
170
-13
103
226
144
-8
175
204
-58
69
56
35
39
78
-90
141
20
0
205
-125
77
210
-51
-25
304
8
-61
248
42
9
181
79
-2
231
123
-1
193
202
-9
93
209
16
159
55
30
204
2
100
129
-28
90
105
-5
87
126
51
-16
49
176
-77
14
272
-72
60
255
119
-1
171
266
-16
226
136
152
223
25
189
125
161
107
17
216
70
69
118
102
109
-84
88
-6
-14
-64
-32
9
-110
-54
-33
30
-272
170
-17
-156
167
-104
-8
19
-76
-120
120
-166
-100
-3
-20
-10
-106
149
-18
-44
-114
133
-32
-136
0
-95
111
-262
-37
127
-222
-179
50
18
-313
86
-1
-188
46
-134
-89
-86
-13
-150
-53
-19
-195
18
-176
-49
-70
-185
93
-124
-206
41
7
-249
-73
114
-238
-115
71
-128
-98
-13
-10
-136
-20
-6
-212
56
-61
-235
40
-29
-133
-110
19
-117
-72
-80
-142
95
-246
-21
93
-150
-71
28
77
-222
-16
31
-210
-60
-31
-110
-130
-153
-78
-65
-169
-89
-50
-95
-65
-155
-57
35
-131
-102
75
-30
-126
129
-76
-105
94
-14
-35
-10
71
36
-77
68
101
-129
98
80
-104
86
19
29
57
-50
101
75
-26
52
181
20
6
235
90
-26
121
232
-114
84
189
-99
128
17
-20
151
0
-60
35
143
-90
-92
220
5
-61
94
48
-22
46
-13
6
72
45
-23
24
107
-59
2
72
-4
-60
183
44
-99
195
79
-72
116
188
-27
99
142
-35
82
190
-10
25
187
60
-30
56
189
37
-37
130
108
-56
47
78
23
6
28
89
-5
41
120
76
-115
237
98
-226
280
-27
-106
167
22
-84
78
106
-195
89
106
-75
-32
92
88
-94
83
53
46
-7
22
39
-73
118
20
-73
111
76
-95
180
76
-82
148
30
-40
51
107
-40
-63
119
29
-156
103
85
-155
59
96
-102
-3
97
-70
-84
101
47
-86
95
61
83
38
71
242
18
17
189
108
6
134
81
46
64
47
3
32
-38
-29
-16
-130
9
-135
-39
-100
-178
-9
-175
-88
-37
-178
-86
-33
-98
-5
-76
-42
36
-70
-24
48
-72
-90
58
-87
-97
84
-6
-90
15
40
17
-93
-48
85
-70
-146
-57
18
-169
-116
15
-174
-158
42
-84
-211
-19
-5
-136
-209
68
-95
-238
42
-68
-134
-122
45
-77
-124
66
-11
-78
-60
37
-44
-101
-62
-45
-66
-136
-11
4
-161
80
-26
-145
43
10
44
-114
-26
63
-121
-151
85
-60
-135
-9
-41
31
-129
93
25
-68
22
5
17
-145
39
31
-143
-60
111
-64
-121
52
1
-80
-95
61
-87
-91
12
-114
-73
-9
-13
-122
24
66
-145
-35
107
-63
-28
55
-34
20
-21
38
55
11
1
25
9
-12
58
50
-25
-9
122
-96
5
99
5
15
-20
93
-5
27
79
-5
51
105
-28
58
183
49
69
88
106
112
48
75
153
73
12
148
131
62
120
105
52
100
104
51
111
51
78
22
-16
82
8
47
-48
69
98
-33
111
127
34
71
95
-18
127
49
46
74
66
96
21
173
33
110
105
60
82
72
102
-18
99
45
64
-20
46
115
-18
11
20
27
-141
22
9
-131
-20
-22
-121
-101
59
-47
-90
-27
92
-105
-49
198
-113
-71
129
-62
-134
94
15
-80
-72
30
13
-127
8
99
-9
-135
124
57
-159
45
155
-102
-79
132
-71
-41
18
-63
-22
10
-68
-52
31
-4
-74
-25
63
-103
-72
96
-8
-130
-73
12
-101
-200
-90
1
-233
-218
115
-104
-205
63
-1
-153
-31
30
-27
-34
45
64
-32
122
53
-9
67
55
32
-20
63
3
-42
-9
29
-84
-95
60
-62
-132
13
-11
-75
-5
-5
11
-48
-4
-15
2
32
-95
41
3
-78
-60
-3
19
-101
43
93
-80
-54
148
30
-139
84
116
-144
-75
127
-103
-152
24
-43
-165
-61
50
-157
-94
23
-92
-135
-50
-6
-130
-117
19
-89
-106
4
-103
-55
-26
-76
-97
