-58
-59
-50
-37
-29
-29
-26
-21
-13
-1
-5
-6
0
-2
-9
-14
-19
-16
-23
-23
-22
-32
-24
-13
-2
12
29
21
25
30
23
25
18
26
31
40
40
32
37
41
56
60
58
65
58
51
57
56
57
53
48
53
53
51
53
53
58
55
53
57
68
73
79
99
101
107
108
110
120
121
122
123
136
126
129
129
112
102
86
85
85
87
90
91
84
72
65
60
56
49
50
51
54
51
50
51
46
52
45
39
30
34
51
65
77
74
81
87
78
77
66
60
65
50
42
41
36
32
32
35
47
58
57
67
63
49
34
13
4
-6
5
12
16
24
21
29
25
16
20
31
38
56
59
39
32
30
26
15
11
6
4
11
14
18
19
25
24
23
26
27
36
35
36
29
21
12
14
11
12
15
4
13
1
-17
-24
-24
-35
-46
-33
-27
-18
-9
-2
0
-1
-14
-21
-42
-61
-73
-96
-100
-97
-99
-104
-98
-97
-90
-78
-73
-72
-67
-53
-61
-62
-67
-69
-74
-89
-89
-85
-84
-81
-93
-101
-96
-98
-93
-95
-97
-95
-94
-95
-100
-95
-99
-97
-102
-97
-84
-90
-90
-85
-87
-88
-77
-67
-64
-63
-73
-74
-73
-68
-60
-62
-45
-41
-39
-25
-24
-31
-30
-24
-22
-24
-21
-25
-36
-41
-43
-35
-24
-22
-34
-34
-38
-57
-61
-61
-67
-67
-70
-61
-56
-57
-61
-79
-102
-113
-109
-99
-94
-103
-113
-108
-104
-100
-89
-86
-88
-78
-68
-58
-43
-43
-45
-42
-49
-43
-28
-15
-16
6
15
11
12
8
8
0
-1
-12
-11
-15
-7
-4
-4
2
-10
-4
-2
2
14
21
17
11
22
13
18
36
55
78
87
88
89
87
80
80
80
88
79
62
59
52
41
38
39
41
47
54
60
68
77
80
81
87
83
84
89
87
78
85
102
98
102
103
103
105
109
117
127
143
138
132
133
123
118
129
130
131
123
104
91
86
85
90
93
89
91
92
103
119
125
124
125
129
140
151
159
152
144
132
111
95
75
74
73
72
82
79
71
55
54
52
40
57
75
69
47
36
28
17
26
39
30
16
20
10
6
9
9
13
10
-1
0
3
14
42
45
41
34
22
2
-7
-6
-5
-12
-20
-26
-48
-60
-72
-77
-70
-57
-50
-48
-38
-32
-22
-12
-12
-17
-10
-16
-19
-15
-19
-16
-17
-27
-33
-43
-58
-50
-50
-51
-50
-52
-42
-42
-35
-31
-30
-29
-24
-7
-28
-54
-58
-58
-55
-59
-62
-55
-50
-51
-33
-19
-20
-16
-14
-22
-29
-19
-24
-36
-25
-21
-21
-26
-37
-34
-41
-48
-50
-53
-43
-43
-37
-34
-37
-28
-27
-35
-37
-44
-47
-37
-37
-32
-23
-31
-32
-42
-46
-38
-39
-37
-25
-35
-33
-24
-50
-66
-58
-51
-71
-88
-69
-41
-55
-79
-58
-42
-62
-75
-48
-23
-20
-9
17
10
-9
2
28
11
-20
1
0
-35
-57
-53
-50
-73
-73
-45
-22
-25
-36
-37
-25
-13
-9
-4
-10
0
14
0
-6
9
20
10
-13
-17
-3
-23
-46
-27
-26
-40
-52
-41
-28
-49
-40
-20
-17
-31
-21
-10
-28
-48
-40
-24
-47
-53
-38
-13
-32
-37
3
25
5
3
53
61
35
32
64
48
19
40
37
22
29
50
53
40
36
68
63
33
62
96
69
41
77
110
81
63
104
114
75
54
79
75
23
50
82
52
23
42
89
45
18
99
105
46
28
49
99
59
16
99
121
48
36
72
91
53
22
108
85
-24
54
129
45
13
68
102
57
-38
41
97
0
19
60
40
28
-8
1
5
-69
7
52
-49
-41
15
63
24
-47
36
87
-34
-64
-1
25
27
-10
-8
37
66
45
-13
9
90
62
16
33
82
67
9
20
-10
-3
50
-5
-74
-29
41
27
-98
-102
62
48
-89
-132
-3
83
-93
-153
-6
11
-29
-104
-63
40
-69
-30
12
-112
-56
-26
-74
-77
-145
-9
50
-183
-154
39
-3
-168
-198
-17
80
-194
-224
104
69
-169
-156
89
95
-183
-153
75
56
-133
-138
70
33
-110
-34
45
27
-63
22
90
-56
-40
132
70
-108
-22
118
85
-134
-128
118
21
-167
-111
-31
35
-97
-254
-10
27
-129
-101
-74
-42
-2
-93
-82
6
-160
32
92
-296
-53
246
-74
-203
29
141
4
-206
-25
179
-69
-208
110
109
-157
-95
77
58
-117
-105
68
192
-228
-161
251
-75
-40
-54
-143
180
13
-172
-23
36
175
-36
-135
27
159
112
-268
29
157
-77
51
-56
-47
182
0
-62
50
-101
113
72
-251
36
100
-23
69
-221
0
339
-142
-190
45
84
31
-181
-146
174
24
-167
9
-33
40
23
-107
-61
9
139
-119
-160
245
-65
11
147
-175
197
18
-112
146
-101
71
146
-199
-7
276
31
-158
72
327
68
-261
181
486
-24
-203
291
478
-33
-93
299
191
32
30
182
68
-7
348
59
-165
193
285
147
-255
-67
539
25
-311
109
206
104
-13
-150
41
353
2
-198
32
138
207
-115
-346
188
328
-133
-155
-44
182
126
-405
15
255
-224
110
-19
-213
118
35
110
-273
-211
474
-3
-367
-82
250
260
-395
-97
411
-52
-213
2
200
65
-55
51
42
13
107
76
-127
42
86
5
33
-174
121
129
-310
117
158
-140
-117
-92
81
-73
-271
-139
184
-63
-456
47
300
-279
-235
0
-24
191
-389
-85
410
-454
-241
398
-67
-384
-52
146
159
-359
-400
483
102
-541
-51
26
219
-135
-537
233
-66
-6
-75
-537
396
191
-381
6
-120
223
121
-506
267
126
-194
160
-50
-73
19
219
36
-203
101
250
-73
-155
-87
348
50
-617
171
396
-179
-350
135
267
-134
-296
39
307
-136
-345
156
312
-336
-102
160
-31
-43
-112
35
0
-140
-120
177
-87
-422
300
169
-469
72
84
256
-65
-725
565
448
-586
-168
394
300
-293
-418
642
402
-763
119
533
-173
-163
225
-123
13
181
-37
239
-420
117
814
-690
-414
883
-5
-420
-55
130
448
-200
-540
452
394
-491
-21
62
65
258
-448
-10
328
-158
23
-99
-66
227
-122
-227
83
171
-6
7
-122
301
235
-536
474
127
-314
367
-236
279
102
-402
487
114
-341
109
275
98
-124
-160
419
262
-496
454
81
-258
757
-371
0
298
-216
676
-518
-404
1051
-48
-576
46
683
391
-785
-134
704
389
-540
-580
896
436
-864
-82
703
19
-266
-158
265
280
-534
71
393
-435
-38
426
-243
-516
336
583
-767
-348
936
131
-896
-4
1304
-385
-1047
642
758
-199
-1077
603
1098
-1302
-124
892
-373
-76
-52
48
157
-225
455
-52
-684
794
472
-856
185
521
-92
-206
-91
545
-239
-343
813
-345
-564
846
107
-496
-478
755
1062
-1996
27
1896
-1108
-707
430
318
248
-971
-114
1275
-932
-445
1115
-887
-79
978
-881
-368
844
-70
-602
-387
616
527
-1217
-339
968
-30
-295
-736
150
1289
-1135
-541
794
-157
106
-616
-55
744
-465
-377
235
-107
-36
104
-350
-369
365
144
-732
58
545
-479
-767
741
492
-1290
-203
1085
-264
-740
190
191
21
-534
78
88
-316
417
-759
7
515
-608
264
-490
-179
863
-716
-429
384
284
-384
-668
827
116
-702
-23
367
43
-471
-46
283
-16
-671
564
409
-867
189
370
-171
-2
-192
-103
552
62
-570
68
976
-244
-668
414
431
213
-960
349
1098
-561
-358
223
894
-428
-510
838
28
-305
310
363
-763
304
749
-1012
156
695
-566
42
-141
46
114
-505
438
-89
-721
474
446
-1103
-22
834
-497
-551
320
280
-447
-308
486
18
-910
621
472
-630
-400
415
675
-1211
31
982
-496
-630
801
400
-833
631
-68
26
104
-310
987
-311
-327
478
-8
875
-899
-514
1846
-975
37
490
-774
1020
-94
-597
423
97
141
348
-1208
406
1689
-1666
-625
1340
43
-245
-831
458
1159
-1179
-455
1151
88
-827
4
583
-75
-471
266
339
-890
657
869
-1711
527
959
-815
-19
156
139
-184
389
-469
-297
1324
-440
-1128
939
1176
-1445
-475
1768
-391
-679
207
312
912
-1348
-53
2120
-1581
-515
2049
-746
-1202
1201
869
-1446
-247
1651
-561
-1221
1313
389
-1558
544
869
-1076
160
353
-330
337
-249
203
-417
-235
1268
-1010
-784
1414
-9
-698
-574
787
1118
-2092
13
1835
-908
-506
265
696
-366
-899
1636
-549
-1186
1436
40
-1002
116
429
119
-256
-1062
1065
736
-1662
386
843
-824
256
221
-714
776
28
-419
195
-14
763
-629
-573
1710
-533
-1073
1236
425
-1076
72
1580
-1077
-779
1760
-130
-1578
734
1706
-1625
-1680
2542
1115
-3619
614
3234
-2236
-1827
2361
606
-2231
-247
1950
-163
-2629
1742
1200
-2577
875
430
-521
323
-901
243
912
-887
-196
426
-249
259
-130
-867
805
562
-1748
620
795
-730
-430
-17
598
-179
-1218
918
1176
-2654
812
1844
-2273
-276
1702
-518
-1143
344
1584
-1326
-1350
3070
-1465
-1297
1930
-318
-667
278
262
131
137
-1182
1368
510
-1845
741
1353
-1091
-991
1492
60
-704
-139
98
867
-756
-757
1108
75
-1052
26
1151
-815
-855
1465
-828
-633
776
95
-381
-1226
2346
-412
-3126
3335
730
-3290
1158
1994
-1206
-715
99
1519
-77
-2618
2263
1169
-2542
864
1151
-1813
1257
606
-2655
2037
853
-2100
586
758
-139
-615
-121
362
516
-420
-1555
2339
306
-3239
2627
412
-2034
1413
-431
549
-368
-953
2239
-1497
-935
2094
-1226
81
274
-540
1043
-1153
-357
1542
-388
-1038
405
890
-106
-1381
1293
522
-2189
2010
296
-2548
2341
446
-2448
1434
325
-237
-26
-714
1182
140
-777
-324
1113
372
-2112
1274
1339
-1649
385
351
71
-28
23
-12
-242
924
-666
-518
1031
373
-1923
724
1933
-2601
973
793
-1556
1501
-1515
677
1749
-3649
1430
2496
-2565
-609
1898
-1
-2052
1228
1279
-1623
-520
2552
-857
-2630
3629
-226
-2183
706
961
928
-2443
716
1711
-1353
-870
715
2031
-2485
-1190
3657
-1005
-2500
1299
1798
-1318
-2331
2466
1588
-3313
-153
2231
-525
-1373
541
782
-103
-1147
241
2061
-2330
-192
2681
-2459
29
2574
-1940
-310
1857
-1007
-276
339
415
632
-2097
936
2236
-2615
253
1696
-1752
553
222
-751
1639
-1850
-125
2256
-2549
146
2048
-1710
-245
656
-136
1094
-1744
-293
2377
-1662
-629
1463
-106
-444
-851
1263
638
-2390
1967
346
-3302
3463
809
-4093
2665
1307
-2341
130
928
932
-1779
-21
1508
-775
269
-843
628
747
-1889
1169
916
-1062
-64
126
730
119
-1487
1196
434
-1460
1672
-517
-612
1401
-1268
-11
1418
-1381
592
584
-1564
1771
-259
-2172
1432
1154
-1835
-794
1355
1199
-2343
-949
2992
-1458
-1461
1256
66
-206
-593
-196
1426
-691
-1285
1553
-427
-852
1202
-205
-585
149
531
529
-2116
1702
1661
-3855
1872
1500
-1866
794
-1186
1128
1514
-4093
1930
2448
-3930
1583
317
-1340
2308
-2453
-395
2491
-1782
8
156
-475
1512
-1596
-670
2059
-860
-711
75
756
852
-1987
810
1591
-2138
562
1160
-534
161
-491
1017
123
-732
667
-481
846
-184
-1191
1855
-355
-1440
1060
542
-1010
399
-513
-344
1523
-1781
388
569
-847
1034
-1294
-266
2419
-1908
-1279
2939
-1293
-551
1147
-1209
725
663
-1891
1188
1057
-2044
731
467
-112
149
-1025
695
484
-767
301
344
-455
392
633
-1896
1396
1999
-3441
1004
1936
-1865
814
-367
145
723
-1712
2146
-672
-1740
2973
-1534
-1290
2243
-873
-540
315
141
675
-1579
508
951
-1679
131
896
155
-1060
-554
1835
-1387
-229
1420
-1755
678
65
7
38
-413
1174
-892
-954
1441
958
-1708
-680
2430
-1245
-1369
2712
-1204
123
-352
221
1244
-2584
2039
-13
-1574
1040
95
623
-1617
130
1535
-2045
1340
-29
-1050
1752
-1586
563
369
-408
691
-1070
-201
1425
140
-2068
1052
1464
-1746
-1
783
-594
467
-331
-711
941
194
-288
-969
604
1201
-1483
62
623
-246
135
-615
172
1181
-1034
-1018
1670
-274
-1012
810
-238
10
-15
-104
62
-387
1379
-1013
-1466
2570
-156
-2126
1020
455
145
-256
-2074
2121
1555
-3760
1564
2196
-3061
1743
-1107
-1194
3720
-2346
-932
1429
698
-22
-2656
1555
2011
-2020
-522
416
2070
-569
-2912
3077
296
-1951
1340
-397
-360
1724
-1066
-2004
2270
1353
-2281
-955
2724
66
-2980
1191
1992
-1791
-296
741
-295
-154
420
146
-1602
1706
304
-2208
1820
991
-1492
-625
781
1193
-896
-1248
1947
330
-2238
1757
671
-2074
1380
-798
93
1293
-1371
444
18
-32
-343
-577
1085
330
-1636
604
1185
-1622
481
871
-1762
1053
821
-1826
1383
-181
-650
713
-881
1247
273
-1686
704
801
-498
-326
263
508
-71
-739
543
1116
-1545
-269
1603
-643
-738
1599
-1091
-1070
1967
-1717
34
1837
-1871
377
364
-1249
1641
-1040
-1880
2554
-327
-1512
1190
-466
491
-797
-1022
1907
-237
-713
-83
489
870
-758
-892
1163
231
-804
508
402
-666
737
-62
-1316
2458
-81
-2154
1128
609
-791
355
210
-36
155
-303
443
143
-785
119
304
-1092
1132
1050
-1700
-633
1528
-569
-1501
1256
493
-1184
-3
962
80
-257
-735
639
101
-306
899
-278
-426
317
257
-531
154
683
-566
-1225
1262
682
-1614
415
860
-718
-391
340
565
-522
-951
1074
-147
-540
843
-984
-917
832
-533
-899
221
-137
-485
-926
-255
274
-404
-1498
-617
811
-603
-1168
350
205
-804
-438
-116
214
-507
-605
-29
-122
975
-124
-1023
561
-338
-123
155
524
1078
-546
1011
622
-204
956
336
773
1208
1101
1476
761
837
1183
104
899
1778
1236
905
1995
1159
-74
2198
613
236
2529
448
951
1744
1432
993
252
640
-632
-32
1209
408
-832
-154
-78
-1660
-2279
-968
-594
-2890
-2549
-912
-1340
-2566
-2565
-2100
-2183
-2923
-2112
-1192
-1685
-1019
-1706
-1919
188
-834
-2015
-100
324
-365
-20
1231
1231
-204
-36
1870
547
114
1831
1092
702
1127
1099
598
900
161
78
-64
44
645
-741
-576
-202
-1078
-1376
-790
-1164
-1313
-868
-1301
-926
-613
-1092
-846
-1093
-563
166
-91
207
415
1346
-18
390
2104
615
1322
1250
1514
2253
1023
1634
1762
1694
2568
1351
1601
2825
1614
1642
2228
2314
2442
1696
1429
2667
2912
1816
3050
3586
-867
-2312
991
2728
2025
-1231
-760
808
-2508
-3360
-1516
-1074
-2666
-5036
-3758
-396
-1124
-5404
-5174
-2967
-3989
-4635
-2542
-309
-2286
-4172
-2508
-1079
-1449
-1913
-2054
-744
217
517
1083
1208
610
-293
539
1729
2377
2199
2123
1926
2116
1963
2357
2221
651
1087
1290
1343
1513
1210
759
-357
-1220
-1035
-1171
-942
-820
-1714
-1765
-1423
-1938
-2392
-2081
-2040
-2187
-1629
-586
-615
-885
-871
-1034
-607
251
605
906
1085
1208
1081
1008
1659
1301
1216
1159
2003
2212
1205
1866
1245
1169
1124
1557
2541
1500
1721
2235
1612
1485
1946
2124
2147
2121
2984
2585
2898
4017
3811
1025
-3153
-790
3117
3827
648
-1119
225
-1618
-4234
-4256
-1016
-901
-5559
-6551
-1884
-1215
-5765
-7302
-5011
-4489
-5943
-4295
-1519
-1816
-4336
-4829
-3261
-1930
-1653
-1865
-1013
329
709
741
1304
1217
846
638
1897
3451
3900
3899
3382
2812
2467
3178
3433
3441
3054
2318
2378
2365
1892
1216
628
-162
-269
-1
-609
-1153
-932
-1693
-2011
-2353
-2314
-1711
-2278
-1406
-1424
-1469
-1086
-1542
-1101
-895
-777
213
444
472
835
582
914
674
1038
1373
1605
2142
1845
1651
1609
1426
1315
1418
1521
2026
2302
2303
1799
2124
1948
1575
1833
2542
2716
2489
3022
2698
3036
3267
3882
4125
887
-3237
-1064
4140
4971
404
-1476
526
-2186
-5791
-4017
893
-825
-5831
-6598
-2790
-1956
-6514
-7212
-5079
-4801
-5653
-4685
-1914
-1705
-5572
-6317
-3820
-2007
-1567
-1364
-547
61
-278
-712
626
1365
1053
726
1912
3445
3811
2840
2615
2171
1549
2644
3413
3539
2764
1986
608
264
1017
596
-95
20
-101
-605
-1061
-1112
-2151
-3837
-3034
-1794
-1433
-1478
-1766
-1956
-2351
-3128
-1230
414
-1035
-1161
352
698
-75
372
1156
768
381
1367
2210
2229
1899
1032
772
1435
1627
1736
1691
1643
1171
961
1191
1349
1850
1095
1514
2364
2252
2082
2569
2711
2925
3248
3392
4699
5251
5874
3886
-885
-1922
3185
7470
4815
960
1675
1039
-3274
-4095
466
2786
-1821
-6243
-4470
-1205
-4566
-7846
-5867
-4795
-5989
-6179
-4124
-2819
-5253
-7988
-6863
-4265
-2535
-2157
-1615
-1615
-2394
-3304
-1482
455
267
1232
1680
2230
2619
2632
2633
2234
1996
2984
4267
5067
3784
2405
1891
523
693
1244
1740
1464
215
-1164
-1614
-1480
-2299
-3546
-3944
-2948
-1618
-1628
-2875
-3437
-3477
-4000
-3905
-1317
317
-1012
-1857
-952
-449
-446
-102
951
1579
575
1176
2284
1835
1485
979
927
1760
2428
2265
1670
1331
1151
597
982
2203
1600
1940
1897
1684
1889
1988
2898
2983
3492
3430
4129
4279
4562
5024
5688
3617
-741
657
5166
7357
3916
838
1937
496
-4071
-2694
2644
2466
-2943
-5667
-3333
-3377
-6952
-6935
-3984
-4887
-7466
-8016
-5400
-4485
-6999
-7632
-5677
-4634
-4323
-3038
-2695
-2551
-3151
-3180
-1646
328
1632
2107
1912
1277
1944
2444
3355
4432
5034
5416
4343
3239
3816
4108
3015
2150
2460
2896
1808
1191
927
-219
-1260
-1693
-1693
-1092
-1392
-2578
-2488
-2746
-3254
-3242
-2337
-1433
-2847
-3563
-1164
-457
-1939
-1303
270
201
-599
313
1663
1256
574
589
999
1778
1939
1543
1321
1428
937
679
1821
2198
1335
670
1088
1861
1895
1519
2083
2519
2202
2817
2987
3550
4129
3289
3456
4126
4477
4800
5172
5912
5422
865
-758
2887
5417
5230
1472
559
95
-4325
-5732
-1203
2226
-1749
-6338
-6152
-5336
-8119
-9393
-6047
-4443
-6673
-8037
-6559
-5271
-6225
-7213
-5675
-4095
-3609
-2772
-1486
-991
-2021
-2121
-834
313
1616
2685
2686
2195
2148
2618
2956
3479
3610
4075
4159
2879
2553
2596
2380
1618
1712
2222
1854
668
76
206
-510
-994
-1159
-165
198
-831
-2207
-1993
-1571
-1955
-1858
-1508
95
-517
-2162
-1764
-247
-117
-1004
-97
1156
403
-746
541
1525
398
-69
1001
1492
1046
905
1397
1586
723
706
1871
2163
2529
2303
1815
2566
2639
2537
2895
3299
3135
2787
3208
4033
3607
2776
3278
3679
3346
2815
3001
3098
2714
2448
2898
2134
-1001
-1840
-31
1594
487
-1853
-1765
-2550
-5329
-5667
-2525
-1428
-4214
-5799
-5017
-5519
-6706
-5819
-3457
-2903
-5317
-6375
-4510
-3253
-4379
-3898
-1854
-1885
-3292
-2950
-1188
-911
-1441
-1539
-366
-185
-113
474
611
129
-911
-433
187
1086
1535
1270
506
-113
-39
303
1088
1467
1553
1657
1449
669
1374
2238
1949
1988
2391
2490
2467
2140
1088
989
1751
2128
1446
599
1377
740
-766
-83
732
146
-1057
-588
-11
-846
-1842
-897
-608
-1943
-1947
-700
158
-707
-795
-341
-127
-174
433
1413
1636
1485
1596
1676
2235
2740
2260
2879
3091
2733
2326
2628
3099
3004
2397
2143
2399
1824
742
521
1030
351
-258
-1060
-662
-1143
-1856
-1344
-2236
-2905
-2999
-1973
-1212
-1615
-2076
-1769
-2048
-2741
-2305
-337
669
-630
-1666
-1456
-1049
-1732
-1267
-245
-202
-1153
-1873
-1112
-812
-1748
-2140
-1742
-1810
-2491
-2736
-1862
-1970
-2929
-3219
-2917
-2747
-2864
-2389
-1913
-1776
-1704
-1625
-1455
-1003
-292
179
991
1610
2132
2713
2853
2726
3065
4113
4464
4699
5082
5032
4470
3875
3618
4013
3822
3080
2609
2487
2370
1213
509
415
181
-668
-1142
-1016
-653
-1290
-2167
-1917
-1828
-2152
-2494
-1624
-1212
-1403
-1643
-1268
-685
-304
92
17
267
383
401
245
1020
1663
1381
1389
1407
1346
1425
1038
1137
1695
1473
1174
677
823
738
280
230
223
-195
-615
-182
28
-214
-679
-657
-326
-355
-792
-636
-150
-346
-426
-752
-502
-344
-746
-752
-482
-197
-504
-790
-1178
-1101
-1207
-1451
-1323
-1455
-1598
-2213
-2585
-2312
-2144
-2753
-2767
-2459
-2502
-2332
-2179
-1835
-1975
-2117
-1847
-1113
-315
-213
-68
387
679
761
814
1408
2048
2098
2264
2389
2781
2884
2847
2721
2550
2625
2647
3071
3076
2936
2533
2371
1979
1642
1713
1843
1952
1489
1117
892
1215
1055
724
299
499
549
168
365
415
230
-615
-703
-150
-5
-480
-524
-610
-933
-897
-812
-798
-706
-601
-1113
-1210
-893
-723
-803
-809
-855
-773
-562
-126
-75
-518
-438
-121
144
148
161
-148
-108
57
153
177
337
223
-363
-495
-528
-19
-265
-552
-741
-873
-1141
-1572
-1443
-1633
-1416
-1533
-1472
-1629
-1879
-2180
-2244
-1836
-1847
-1470
-1258
-1090
-1244
-1295
-1140
-1121
-912
-690
-474
-83
-183
-252
321
535
595
450
618
1098
977
724
1139
1110
877
1071
1214
1109
757
635
481
927
867
830
1235
1022
540
-8
353
634
1034
1179
1137
1370
963
796
1024
1497
1776
1605
1563
1778
1607
1673
1486
1271
1396
1280
1366
1000
993
1117
863
419
249
527
415
254
143
-226
-332
-434
-667
-534
-730
-911
-744
-851
-981
-867
-1109
-1243
-1231
-1354
-1464
-1221
-838
-1006
-1197
-1448
-1649
-1843
-1608
-1686
-1708
-1216
-1349
-1386
-1434
-1460
-1684
-2142
-2108
-1565
-1160
-968
-1227
-1520
-1398
-1535
-1180
-709
-470
-521
-727
-718
-199
197
281
399
330
675
666
660
1089
1467
1207
1265
1420
1513
1462
1096
1270
1298
1348
978
1123
1084
1017
795
255
432
276
-55
-8
397
121
-96
-98
-150
-334
-243
158
314
498
272
433
470
324
553
942
1365
1164
1133
889
677
725
822
1004
884
1030
580
400
610
151
-1
481
616
590
569
630
782
454
429
406
489
710
865
1131
1034
689
405
213
437
780
649
512
496
75
-76
-105
-552
-555
-691
-1044
-1233
-1022
-1080
-1674
-1894
-1836
-1781
-1959
-2075
-2174
-2114
-2112
-2286
-2291
-2028
-1882
-2048
-2012
-1756
-1522
-1576
-1522
-1172
-885
-863
-763
-462
-176
-21
-101
179
710
769
685
1003
1119
1127
1068
1162
1468
1200
1232
1178
947
967
959
1007
846
542
346
518
492
394
448
291
18
-193
19
407
414
-16
-132
153
193
46
179
469
262
262
634
853
598
376
431
296
586
722
824
825
512
326
268
386
431
624
748
695
631
232
-20
273
157
156
341
320
244
-27
-161
-467
-487
-199
-175
-321
-55
-56
-379
-453
-497
-472
-539
-413
-357
-11
-25
-160
-331
-484
-253
-488
-191
-4
-20
1
-25
-257
-460
-289
-266
-240
-477
-569
-655
-649
-842
-1028
-1044
-1126
-1041
-1322
-1267
-1240
-1249
-1286
-1463
-1066
-798
-792
-785
-786
-715
-431
-406
-322
105
315
147
165
502
496
324
468
898
779
696
786
897
632
458
689
563
558
315
191
239
190
25
135
141
-76
-372
-424
-157
-28
-92
-227
253
262
45
158
442
542
331
366
583
698
932
914
689
782
678
815
747
584
680
607
420
471
388
3
-421
-628
-512
-470
-470
-734
-638
-706
-1061
-1341
-1204
-810
-909
-801
-621
-332
-332
-652
-465
-81
110
442
662
820
905
852
1078
920
1035
1205
1126
1194
1211
1156
822
672
474
408
387
410
306
-69
-236
-508
-843
-931
-743
-722
-781
-1034
-1092
-1218
-1238
-1090
-1280
-1065
-1112
-979
-698
-438
-330
-625
-503
-452
-474
-176
269
338
478
578
426
389
387
373
347
712
900
810
732
692
436
325
662
708
627
670
740
445
281
554
566
235
147
378
407
402
394
139
190
326
123
45
243
375
-125
-320
-27
-81
-289
-277
-274
-527
-771
-981
-868
-747
-842
-1111
-1249
-1183
-1268
-1264
-1179
-1055
-1002
-958
-939
-887
-684
-570
-394
-223
-25
251
292
382
580
694
702
962
1125
1108
1285
1187
1128
1134
1177
1034
852
809
732
635
535
331
-83
-98
-301
-544
-570
-667
-641
-675
-963
-1104
-915
-1071
-1193
-1127
-1048
-779
-593
-712
-695
-536
-478
-523
-320
257
361
238
274
282
392
606
704
735
913
989
854
893
973
853
868
871
811
763
899
923
586
487
460
452
434
420
490
519
403
194
277
436
285
95
190
207
258
239
183
126
-57
-216
-471
-176
84
-323
-651
-597
-672
-993
-1105
-1172
-1396
-1614
-1380
-1045
-1211
-1238
-1120
-1550
-1791
-1526
-1207
-932
-894
-705
-407
-441
-578
-462
-247
-197
16
347
739
960
857
685
475
658
747
731
1095
1247
1041
728
538
606
655
590
477
362
268
153
132
-92
-221
-219
-419
-477
-526
-537
-592
-680
-701
-751
-805
-808
-741
-638
-489
-520
-593
-515
-246
23
416
680
576
477
461
677
983
1237
1322
1415
1304
1161
1227
1317
1388
1323
1154
1045
1077
878
683
502
424
308
123
102
2
-243
-447
-344
-294
-401
-441
-446
-663
-669
-573
-557
-401
-479
-456
-281
-259
-380
-441
-415
-530
-594
-474
-124
-360
-794
-323
-322
-450
108
195
54
91
37
-99
-457
-658
-396
-7
302
437
521
633
390
-11
61
120
-52
303
689
521
137
-127
-281
-511
-275
72
118
150
-26
-356
-526
-518
-558
-654
-734
-573
-278
-182
-384
-534
-634
-829
-952
-667
-280
-408
-379
-384
-456
-390
-302
-175
8
139
8
188
478
593
501
590
827
862
997
1195
1143
1054
1039
1006
1100
1019
800
574
571
460
357
486
462
251
-202
-346
-184
-192
-316
-427
-533
-656
-691
-621
-591
-577
-673
-711
-569
-453
-348
-275
-402
-603
-532
-330
-277
-301
-251
-285
-248
-220
-119
-35
-103
-97
-223
-194
-9
22
8
161
302
348
260
310
404
297
402
544
697
760
690
526
478
535
503
527
519
423
80
-117
-76
-271
-434
-441
-680
-762
-719
-915
-1044
-1158
-1162
-1161
-1125
-988
-946
-873
-961
-1147
-993
-640
-507
-349
-74
-6
7
45
17
287
463
440
747
867
1021
1095
1020
1035
894
862
955
1148
1122
1117
1087
824
744
751
580
488
567
559
470
345
343
64
-138
-58
-5
89
49
-53
-233
-263
-325
-364
-237
-116
-108
-240
-321
-460
-492
-523
-416
-163
-68
-142
-260
-360
-482
-458
-359
-286
-286
-91
-121
-204
-56
-96
-165
-15
74
156
473
374
266
270
312
397
478
483
484
609
444
298
382
569
507
447
494
480
236
136
4
-266
-237
-403
-522
-491
-405
-469
-554
-624
-792
-900
-848
-914
-1056
-901
-892
-864
-882
-866
-812
-761
-606
-441
-246
-229
-1
15
-77
8
151
399
470
666
818
939
942
776
778
936
854
809
971
1027
996
671
697
776
642
562
492
332
305
191
-98
169
194
-94
-265
-346
-341
-366
-495
-379
-201
-297
-149
-133
-388
-419
-533
-548
-268
-117
15
35
20
-83
-113
-29
0
35
152
108
43
111
-44
102
92
36
105
-39
10
120
-131
-99
21
-288
-172
-137
-152
24
-156
-270
-102
-221
-129
-61
-292
77
59
-106
180
-171
-246
36
-460
-266
213
-135
-317
-390
-408
-375
-505
-395
-149
-259
-391
-447
-396
-431
-701
-458
-335
-436
-27
-19
-261
-30
-143
-240
48
-53
28
322
149
330
327
-42
400
242
-60
519
223
75
572
203
221
368
199
281
-24
172
296
39
147
21
239
421
-58
169
273
-235
-130
-30
125
163
-43
231
53
-413
-125
-77
-246
37
226
152
-25
115
6
-505
-183
48
-306
409
613
-121
490
459
-303
84
266
236
192
0
347
211
-173
373
262
-34
192
-153
-211
1
-162
-533
-101
410
-437
-368
666
-244
-922
10
-131
-499
-132
277
334
-41
-213
185
25
-856
26
676
-244
147
595
226
157
-221
-14
345
-97
-190
41
349
-260
-147
477
-208
363
-192
-668
812
-833
-713
818
-852
-51
69
-410
620
-739
-385
222
-1033
-160
325
-763
435
982
-714
533
626
-1182
916
61
-1002
2291
-223
-657
2291
-1034
-367
1245
-972
620
368
-233
1188
-610
-83
672
-1206
108
312
-772
1027
34
-617
1648
-668
-990
1803
-614
-109
1716
-781
682
614
-1229
1293
-8
-1080
1196
172
-434
-87
358
39
-2232
-222
806
-1908
-719
626
-395
-1259
-968
420
-664
-1816
671
493
-1617
244
688
-695
-98
77
529
133
-394
1438
432
-958
1382
869
-120
809
492
1139
-594
-89
1741
-867
1171
820
-274
1886
-2280
604
1199
-3228
2167
411
-944
922
-1144
139
-628
-620
-408
-585
508
-1104
-342
722
-1468
-62
401
-1747
550
1153
-1362
648
529
-1443
1114
-168
-120
891
-1148
634
664
-897
-140
779
-640
-671
1563
-722
-192
1191
-1977
620
994
-1313
1226
206
-370
735
-118
779
992
-780
401
2021
-1061
531
2421
-1493
649
815
-760
873
-445
601
-520
-1592
1111
-452
-1254
597
-523
-1874
-789
40
-1392
-653
1304
-2359
-1049
1878
-3120
-1462
1561
-1406
-38
1035
-430
-82
-587
-716
-310
1008
373
-514
2510
-1052
-647
3319
-2414
552
2663
-2155
2345
506
-1858
3738
-1544
-1793
4534
-2211
-919
4249
-2802
-338
2532
-3186
754
1189
-2119
2142
-348
-2022
2297
-2015
-2063
2911
-1551
-788
2179
-1613
671
315
-3088
2892
-281
-3448
4744
-1023
-2726
4402
-2334
-1298
3236
-2687
398
1610
-1594
1109
-305
-69
210
-650
859
-427
292
363
-360
143
72
748
160
-177
1393
507
-1168
1395
775
-643
1282
350
376
1716
-1136
788
2393
-3124
1253
1374
-2530
1928
166
-619
191
-1013
399
-1143
-1356
1431
-1146
-973
1492
-1425
-1433
83
-923
-744
-521
578
113
-2347
1589
212
-2051
1536
-292
-797
23
178
-143
439
511
81
555
267
-435
-299
2441
-1629
-107
3674
-2965
993
2785
-3256
1373
1047
-2304
2718
381
-1698
2321
-267
-1493
1370
14
-890
501
49
-296
800
-155
-744
1469
-1423
-1007
1488
-1077
-106
924
579
-1611
237
1686
-3341
486
2540
-3495
1974
1715
-3267
3086
-1081
-2340
3727
-1423
-1351
3809
-2005
-312
2899
-3307
2254
1124
-2588
2917
-316
-630
2018
-818
95
650
-936
70
977
870
-1461
1053
730
-2482
2124
-963
-1284
2686
-2327
415
1260
-1777
1080
-775
-883
289
-27
-1057
12
1254
-2717
196
1966
-2700
-397
1619
-1482
-852
43
343
-596
-947
-67
-1037
581
-724
-1261
1621
351
-2367
17
1102
-735
-247
-367
1081
-205
-1618
1572
455
-1518
1026
262
-473
141
-143
1428
-1846
229
3031
-3255
107
3063
-2748
-99
1826
-1658
817
568
-1314
1217
-177
-1898
1990
-562
-2314
3601
-1646
-2353
3235
-2005
-1484
1579
-1354
-236
203
-334
-421
-880
51
-1347
850
-1279
-1552
3092
-2291
-1447
2259
-813
-1146
204
1231
-1176
-1787
2917
-326
-2558
2624
-9
-1957
2062
-466
-979
2797
-2282
-551
3894
-3039
-758
4133
-2726
-1885
4025
-2135
-1168
3075
-2814
144
2334
-3441
803
1366
-3534
2184
286
-2688
1951
159
-1460
49
786
4
-886
-327
1566
-547
-780
1221
-886
729
-168
-1336
2278
112
-1955
1762
-61
-1118
1392
-1620
333
1772
-1841
802
832
-1004
1124
-1143
429
674
-1646
2919
-1443
-1102
4748
-2521
-2134
4891
-1155
-2721
4835
-1388
-652
4845
-4285
1898
3502
-5288
3682
2081
-3464
2473
304
-758
-82
-594
1916
-1620
-581
1900
-2649
1010
1507
-4419
2441
1569
-5789
3423
1791
-4707
2955
735
-2888
2390
-592
-722
2372
-2357
1842
2658
-4078
2587
2732
-3611
1786
771
-871
2550
-2559
133
4137
-3944
-191
3395
-3858
437
1465
-1661
462
-872
524
-217
-1802
1114
829
-2092
-472
2155
-1269
-605
751
-356
1835
-2249
-587
4883
-3147
-1116
3754
-1572
510
-18
238
1243
-1422
790
334
-433
407
-115
-329
-240
645
1
-1300
793
303
-281
301
-1522
1979
94
-2702
2853
541
-1682
2096
-98
-339
1740
-956
319
2015
-213
307
1169
-483
176
1289
-360
-999
2065
379
-2515
1443
333
-1087
-16
-839
560
447
-2280
97
2140
-2069
-1636
2167
-195
-2733
2374
198
-3064
3491
-274
-3261
3900
-942
-2052
3720
-2087
99
2229
-1573
201
1200
-178
-928
1846
-1684
137
2670
-3588
631
2511
-2916
-241
1330
-1768
630
-1055
-876
1829
-2278
107
1256
-2774
1405
3
-2913
2451
-1450
-966
1609
-1641
278
493
-1750
507
1568
-2683
833
1742
-2621
445
1195
-1812
287
-94
-598
1044
-1592
1013
356
-1907
959
812
-1948
-674
2407
-1245
-884
2224
-1132
-814
2068
-1459
100
1413
-814
1186
-448
311
1221
-1112
162
1218
-462
298
320
-53
1597
-1178
-362
1905
-591
-649
-434
1231
722
-2580
2092
131
-3148
3979
-1825
-3383
6239
-3358
-2771
6634
-5134
553
4462
-5780
3333
1328
-3039
1899
619
-129
-1015
2071
-194
-2089
2741
-919
-1748
3458
-1741
-1060
2762
-2173
720
-199
-182
1214
-2511
1184
719
-1458
439
-111
-79
335
-841
-39
334
-293
300
-937
34
1416
-547
-1561
1251
1631
-2541
359
2560
-1613
-602
1853
-527
-772
860
-51
349
-644
578
545
-1523
1727
-779
-911
2028
-1005
-435
969
246
-979
575
923
-2391
2167
227
-1673
3042
-2961
2070
1954
-5438
4777
1349
-4649
3465
523
-1162
1196
-1278
1229
144
-1183
1414
-209
-1117
1128
-706
-436
492
-1788
1564
-759
-2787
2359
-166
-3587
1801
1377
-3878
-21
2014
-689
-2833
530
3035
-2996
-1391
2398
-485
-1167
-33
-52
1285
-617
-1726
2674
-761
-2316
2878
-1144
-2139
3671
-2592
-970
3312
-3523
911
627
-2830
2612
-733
-2514
2527
-419
-1241
-407
-86
768
-665
-982
780
1986
-3299
1084
1851
-2761
2128
116
-1794
2258
-40
-1488
2507
-924
-721
1596
-497
-19
732
123
88
403
-317
382
-926
1210
393
-1831
1594
1147
-1664
46
2294
-2606
499
2240
-2524
309
1098
463
-1075
-558
2587
-1788
-1095
3120
-2555
1153
2715
-4587
2798
1977
-3855
2362
-71
-842
1439
-914
879
-153
345
132
-1263
1831
-230
-1090
1232
558
-118
-2002
1584
1466
-4683
2301
1745
-4372
2604
1483
-3763
1250
539
-1585
616
-1095
1419
-282
-1583
1345
-583
-486
111
-230
-138
162
547
-697
-377
1518
-1346
44
354
-353
654
-1552
788
-157
-388
-6
-959
153
-463
-632
-87
275
-706
-857
1479
-1080
-1835
2333
-1617
-786
1817
-1921
156
1671
-1823
-35
1976
-1618
367
496
-212
1397
-1496
792
1770
-2195
415
1674
-1416
547
668
-630
988
-421
-132
807
-1077
1189
257
-1834
2732
-507
-1718
2653
-1464
158
2512
-1880
773
1313
-887
1000
-48
117
1149
-381
-211
1142
-327
68
1511
-1982
1045
2347
-3672
1040
3363
-3925
46
4377
-4001
20
2948
-2701
1856
-1283
-49
2867
-3454
1636
1956
-3084
2305
757
-2183
1660
378
-430
399
487
-370
1108
-52
-2099
2459
109
-2340
1045
1154
-1034
-1287
1472
-309
-1938
1788
-553
-1517
1612
-1705
474
79
-2293
3353
-2875
-1131
4021
-4266
582
2157
-2484
528
206
553
-1227
104
1561
-2896
1602
1230
-3215
2096
1164
-3147
1827
905
-2281
1417
44
-443
192
-549
1164
-1472
-120
1499
-2182
731
1051
-1375
410
377
-814
535
-415
-474
1540
-1081
-508
1700
-1393
-779
1553
-1326
695
653
-1587
1765
-1332
-630
2515
-3079
1260
2782
-4071
2560
419
-2688
3526
-2352
-371
3219
-2869
502
1559
-2312
1566
239
-2164
2174
124
-2104
1583
-146
-359
924
-1816
1505
-9
-1272
1771
-1226
-106
2244
-2264
-5
2870
-1957
-149
1194
128
-601
96
806
-871
1638
-705
-1899
3921
-1817
-2536
4200
-1771
-995
2087
-1851
110
1111
-1601
801
-398
-923
2598
-3099
230
3370
-3732
933
1124
-1280
1859
-2162
509
2369
-3139
849
2473
-2897
452
2130
-2349
514
1409
-1945
348
1062
-1852
416
1025
-2484
1605
400
-3193
3013
-1271
-2094
3005
-2557
-255
2456
-2827
431
1446
-2392
1645
-621
-369
1665
-1852
1155
209
-667
779
-35
202
512
-168
-25
1654
-1161
-916
2929
-1473
-687
2492
-1927
1173
352
-1701
2574
-1319
-397
1439
-1197
720
-11
-672
720
132
-1158
710
884
-1733
346
621
-714
401
-920
874
1115
-2933
914
1529
-1798
22
1002
276
-585
-214
930
-21
-567
1197
-134
-268
1025
576
-877
743
1249
-1445
851
693
292
-388
195
1427
-1100
-144
1342
-944
-178
1611
-1503
-339
1235
-144
-1493
847
680
-1360
550
-379
160
-31
-609
359
312
-550
103
-79
-85
-308
113
973
-1296
270
1642
-1706
-926
2828
-1783
-409
1360
-756
921
-1736
1168
1458
-2745
367
2505
-1836
-835
2158
-370
-731
-492
965
85
-888
488
54
726
-1573
-246
2174
-2383
-121
2323
-2921
173
1560
-2515
166
-285
-77
-514
-1781
1094
-110
-2168
-44
794
-1743
-711
294
-346
-586
-735
273
-280
-1547
695
-154
-1328
849
-330
-768
-4
1088
-924
-1059
1221
483
-1295
-579
1704
-538
-471
620
-980
1361
-156
-2476
2994
-1100
-1105
2685
-2378
1412
562
-1850
2170
-1276
-792
2545
-1567
-778
2491
-612
-1764
1535
153
-1039
847
-780
700
837
-2013
603
1195
-1936
-527
1387
-503
-1320
203
816
-1438
-1282
1907
-713
-2268
1578
102
-2117
636
311
-328
-812
-357
1391
-1351
-34
865
-671
-422
1161
-341
-891
1703
-986
78
349
-923
1740
-286
-2018
3068
-945
-1697
3436
-1972
-278
2275
-1297
-67
1218
-1028
1383
-761
-1000
3580
-2111
-1394
3230
-623
-2415
1779
1196
-2552
1063
1487
-2604
1668
191
-1554
1176
-1357
949
156
-2271
1769
712
-3100
1660
468
-1470
1092
-1484
1698
252
-3027
2803
608
-2886
2711
-210
-2319
2918
-635
-1336
1795
-323
530
48
-1456
2941
102
-3202
3163
1381
-2666
197
2867
-151
-2789
2840
1646
-3099
1575
1949
-1857
539
1367
-67
-401
658
554
0
-195
-178
1375
-417
-538
846
707
-533
-603
1100
191
-348
-305
625
1265
-1914
486
2632
-2783
855
2167
-2135
1351
522
-301
648
-637
1674
-437
-908
2625
-848
-879
1432
389
57
-445
839
834
-977
432
1182
-1146
710
437
-1309
1386
-117
-1365
1968
-579
-1243
2416
-1595
-208
1824
-1836
652
1661
-1879
259
2224
-1584
-510
2003
-549
-915
1574
125
-694
934
-90
453
136
-357
1115
-426
199
1017
-850
252
1574
-1630
210
1836
-1966
1181
934
-2224
1801
1006
-2809
1376
1470
-2216
664
487
-987
1746
-1525
-949
2643
-1838
-687
1674
-753
-713
1464
-1430
-402
2098
-2255
169
1337
-1251
344
519
-681
428
176
-472
378
-383
380
369
-846
866
121
-276
-39
-535
1839
-1417
-1097
2964
-1138
-1522
1723
402
-1384
-442
1205
-37
-1883
1012
752
-1340
119
-534
63
-220
-1260
925
-925
-975
1575
-1979
-821
1087
-1136
-1251
354
111
-1612
553
-881
-399
1308
-2746
209
2160
-2970
112
1730
-1205
-463
195
656
-870
34
666
37
-309
163
506
-342
-151
323
955
-1158
435
849
-65
-557
-284
2448
-1549
-1661
2932
276
-3253
1794
1724
-2396
-339
1500
-105
-1865
702
690
-143
-1409
660
1283
-2615
931
1148
-2172
587
1010
-342
-560
-763
2178
-941
-2705
2975
610
-3014
1537
981
-1171
464
-669
749
818
-1767
681
2220
-2542
-105
2832
-1628
-1287
1969
750
-2549
1492
486
-1326
1748
-1617
181
1663
-1850
-492
1953
-878
-1801
2034
248
-2583
1405
936
-2423
545
629
-729
-392
-125
-38
366
-1267
-807
2398
-2225
-932
1875
-1602
692
-455
-1277
2373
-2161
-969
3111
-2165
-736
1873
-544
-1066
671
975
-1355
-46
1289
-633
-93
141
312
199
-682
1058
-462
194
940
-1497
1132
1508
-2761
897
2742
-3350
512
2825
-2051
-481
1787
-851
-469
1281
-1099
258
886
-1297
642
781
-1200
439
524
-1108
1428
-98
-1669
2172
143
-1930
1172
1011
-1418
64
902
-385
73
166
-155
921
-656
-607
1926
-1153
-456
1771
-1093
-246
916
-585
574
-672
-13
1473
-1620
479
1136
-1049
376
467
-1234
879
647
-1615
579
1108
-631
-1042
324
804
-44
-2181
1402
1723
-3465
819
1690
-2312
66
1015
-1120
662
-1011
-283
1604
-2597
480
1732
-2047
-64
1050
-616
-9
-519
32
1010
-1275
-319
1465
-613
-866
1090
-348
-717
898
-7
-355
-88
429
875
-1594
235
2104
-2208
175
1467
-1047
760
-776
-2
1407
-1282
-279
1232
-231
-531
519
158
-172
-48
20
405
-284
-37
666
-918
373
765
-783
-167
544
265
-450
-207
-177
911
-547
-838
988
316
-1382
138
1591
-2037
76
2378
-2406
-307
2406
-2187
530
321
-559
1177
-1847
895
1080
-1664
302
1490
-1711
186
1540
-1892
173
1260
-931
-34
414
-438
1011
-1120
-471
2146
-1236
-1093
1854
-752
-972
1484
-1191
-199
1472
-1189
-638
1189
0
-1441
403
1212
-1058
-1026
1841
-311
-2403
2396
15
-2349
2190
-72
-1362
1084
-273
152
-402
-458
1513
-774
-637
889
538
-909
-436
1064
448
-726
-627
1708
243
-1686
90
1981
-846
-1750
1611
1123
-1549
-549
1511
-686
-202
-252
-100
465
-253
-44
-910
790
435
-1511
-348
1636
-301
-1570
1180
1026
-1819
578
788
-1218
1337
-433
-775
1500
28
-1265
1193
455
-738
798
-416
174
983
-778
30
1481
-884
-289
1441
-847
-656
1617
-596
-990
1504
-75
-679
121
262
246
-992
336
777
-543
88
109
286
-172
-538
591
155
-419
437
93
-118
491
-42
-626
652
785
-1053
71
1275
-528
-472
684
511
-639
-284
1183
38
-825
359
1200
-889
-539
1119
21
-666
73
865
-426
-172
497
-185
94
171
-272
274
569
-366
-26
734
-276
-205
258
207
-232
-294
1014
-450
-640
1043
-344
-430
371
-158
680
-678
-828
1588
-300
-1542
728
1154
-1742
-246
1716
-1373
-217
984
-840
-664
934
111
-1754
586
1139
-1038
-838
431
995
-840
-1325
1437
-50
-1106
362
-83
129
-552
644
-525
-1058
2359
-1389
-1528
2122
-338
-1263
547
975
-998
-795
1050
39
-1258
253
567
-25
-877
-347
1879
-1400
-1006
1781
-604
-1120
865
540
-960
-810
1472
511
-2678
1213
1733
-2325
-131
1965
-642
-1253
1006
806
-1322
-44
1679
-1329
-1214
2484
-143
-2745
2047
1582
-2903
-125
2668
-842
-2224
2231
828
-2330
733
1416
-830
-1773
1738
1717
-3084
103
3201
-1587
-2234
2461
949
-1941
-65
1791
-191
-1865
1591
828
-2725
1195
1756
-2256
130
1419
-280
-904
-223
1956
-842
-2050
2470
217
-2507
1456
1166
-1737
278
947
-553
-336
932
121
-1328
1671
401
-1611
517
885
138
-1336
237
1696
-809
-1538
1331
886
-1469
-318
1193
-279
-991
731
201
-909
-202
1354
-1116
-1476
2472
-410
-2546
987
1836
-1546
-2089
2205
1189
-2875
109
2167
-1370
-915
1687
-658
-1199
1400
59
-1690
471
1755
-1242
-1760
1668
1208
-2180
-329
2300
-971
-1092
1276
-192
-347
178
-473
574
-150
-595
1150
-1188
-232
2126
-1607
-943
1991
285
-1771
110
2117
-1085
-1230
1608
-354
-331
904
-695
252
146
123
674
-1347
902
1546
-1776
-119
1794
-162
-1272
578
1735
-1011
-628
1702
-228
-399
82
754
656
-1284
747
1306
-1351
-106
1854
-953
-1299
2172
161
-2415
1478
1775
-2020
-1149
1824
1202
-2631
-431
2496
-780
-1707
923
801
-960
-1
336
-619
245
556
-970
-182
426
772
-676
-1283
2003
-478
-1582
1663
59
-1507
1721
344
-1961
1601
742
-1629
429
1018
104
-575
-547
1675
-367
-1597
1268
716
-997
-601
1477
-370
-1064
1337
-348
-967
1070
-46
-1062
679
213
-483
-563
619
575
-1675
239
1296
-1064
-1148
1129
-6
-1208
119
431
-367
-1298
827
389
-2100
561
1566
-1850
-862
1553
-162
-1298
-29
1104
-394
-1180
907
683
-1439
228
1463
-834
-646
1592
-125
-896
895
85
17
-363
493
900
-1575
600
1775
-1919
-167
2103
-1065
-563
937
304
-605
-747
1197
423
-1921
450
1846
-2004
-832
1898
-446
-1599
806
1229
-1246
-949
1300
436
-1772
47
1212
-447
-1069
355
909
-957
-459
857
-76
-287
-172
228
548
-614
-347
1019
-198
-750
545
372
-288
-315
579
704
-812
-662
2071
-247
-1769
1617
640
-823
-2
249
949
-497
-967
1928
26
-1582
700
1499
-1099
-998
1681
454
-1233
-291
1549
-271
-1470
1153
922
-1458
116
1024
-90
-619
-255
1364
-97
-1436
1115
742
-1003
62
120
600
-378
-950
1291
459
-1412
77
1502
-629
-1220
982
572
-829
-689
829
758
-1584
-284
1634
-481
-1367
687
952
-909
-961
1055
980
-1795
-836
2464
-565
-2273
1152
1196
-1316
-1229
1413
921
-2197
-577
2333
-1039
-1805
980
603
-910
-1155
876
565
-1740
-489
1754
-444
-1855
643
1393
-1238
-1560
1549
934
-1675
-783
1611
474
-1930
-124
1988
-444
-1782
1253
1218
-1077
-699
956
1186
-1237
-946
2396
216
-2222
1243
1677
-1191
-1096
1517
1042
-1459
-21
1507
-190
-625
302
531
438
-809
291
1202
-858
-268
643
309
-78
-830
972
913
-1529
47
1655
-378
-1021
828
997
-553
-592
596
660
-530
-661
994
460
-665
-213
429
847
-615
-715
1176
452
-905
-27
874
53
-574
-227
705
429
-1301
152
1402
-1035
-814
1367
-235
-631
66
34
357
-321
-245
30
29
-89
238
-735
181
760
-1155
107
852
-1026
-417
1516
-694
-1344
851
1109
-1001
-1383
1313
907
-1493
-883
1826
148
-1974
228
1496
-364
-1775
859
1193
-1203
-670
1025
107
-958
-244
576
334
-1345
26
1055
-772
-944
394
760
-702
-1203
958
494
-1499
-93
800
43
-1266
-110
1622
-824
-1456
986
874
-888
-788
979
582
-980
-301
799
591
-998
-603
1564
127
-1206
243
1073
-112
-1023
455
663
-124
-643
247
733
-494
-75
651
-368
-316
696
-305
109
-121
-68
908
-583
-593
1113
165
-1188
469
658
-64
-694
-165
1615
-777
-1428
1495
272
-885
-90
248
604
-181
-470
80
526
174
-650
-76
995
246
-1042
-39
1436
-352
-1052
835
650
-364
-205
273
342
100
-197
369
-88
227
580
-731
370
431
-178
96
-374
390
384
-514
-260
533
430
-924
-88
784
-165
-442
-310
681
43
-703
143
322
-41
-330
190
-70
-164
414
-249
-367
666
-165
-512
419
-123
19
-213
56
311
-380
288
-62
-329
420
294
-460
-422
741
723
-1502
-342
2189
-776
-1816
1220
1288
-1158
-935
1061
857
-1127
-603
1130
120
-757
-251
895
-371
-707
588
101
-485
-358
683
207
-851
-498
1251
-49
-1437
582
764
-413
-798
276
702
-470
-453
310
414
-240
-742
613
316
-757
-100
381
508
-542
-599
846
293
-584
-179
242
474
-349
-568
395
451
-345
-596
664
426
-912
81
376
9
-458
-132
618
-485
-119
299
-326
-80
398
151
-540
-29
1105
-498
-946
984
192
-256
-288
123
702
-684
-105
527
-556
384
187
-897
524
397
-593
-256
116
454
-330
-843
893
125
-1150
450
237
-586
-166
357
-228
-406
159
-74
-431
23
243
-409
-226
392
46
-538
12
397
299
-732
52
1083
-642
-313
743
-146
-153
521
-89
-177
402
245
-449
142
589
-42
-392
372
785
-245
-517
499
1069
-944
-16
985
-299
223
-204
-14
439
-88
-267
278
-98
-58
295
-383
58
-67
60
136
-532
128
518
-560
-582
681
143
-640
-311
538
135
-970
62
611
-324
-670
241
304
-406
-6
120
-223
222
143
-295
136
341
127
-417
238
568
-367
143
521
-94
58
590
114
-196
301
603
-18
-420
1058
464
-1160
672
1058
-743
103
646
-70
209
-250
231
584
-521
-56
405
-156
-15
-74
-233
102
40
0
-381
93
243
-564
-46
196
66
-317
-277
434
-177
-434
329
-239
-398
769
-170
-889
600
683
-701
-684
782
865
-1069
-740
1283
98
-1059
154
678
-211
-510
356
516
-650
-99
607
-298
-176
-145
447
-85
-658
324
380
-291
-578
640
321
-827
266
317
-373
268
-361
-121
481
-414
-242
151
5
-132
-162
-8
-7
-333
128
119
-309
-38
51
129
-190
-409
110
454
-258
-759
503
680
-680
-462
583
493
-774
-152
886
-304
-641
200
449
-279
-653
254
540
-463
-477
470
595
-662
-604
634
384
-624
-678
711
225
-942
-107
634
-175
-730
446
548
-667
-31
659
-134
-592
66
1013
-461
-1033
904
612
-928
-390
997
317
-1213
-33
1007
-239
-761
-162
875
-133
-1097
581
576
-819
-310
650
156
-738
-76
957
-264
-1034
514
831
-837
-752
743
623
-983
-576
1094
-1
-882
192
583
-181
-457
10
625
-233
-742
687
295
-756
-92
789
-107
-740
218
716
-100
-981
453
1198
-850
-814
1121
520
-810
-389
862
360
-558
-160
397
607
-510
-221
670
293
-366
-214
555
115
-273
0
308
-146
67
203
-279
136
336
-114
-155
314
156
-17
-60
104
15
81
20
-121
89
-9
236
-346
-199
612
-95
-484
295
492
-382
-360
475
268
-464
-263
328
398
-474
-390
640
-13
-362
-100
176
389
-398
-547
607
424
-934
17
838
-189
-621
229
648
-267
-602
274
383
-127
-263
-101
375
-60
-292
-8
163
17
-132
69
-12
-110
216
149
-468
123
696
-71
-649
388
478
-373
-171
174
320
-165
-1
46
-51
337
-218
-147
206
167
-20
-356
398
127
-491
172
137
-244
-194
-35
141
-67
-334
36
131
-148
-299
-4
149
-164
-81
-117
-15
144
-214
-232
226
109
-273
132
260
-97
14
93
35
83
-17
95
-21
-149
304
-8
-261
336
233
-275
147
250
-98
26
-45
-16
60
-12
-183
174
132
-351
-1
333
-99
-374
328
103
-302
65
162
-295
-213
300
89
-398
-70
774
-238
-679
471
646
-643
-373
780
-53
-469
-71
513
18
-695
176
746
-491
-393
842
-127
-480
356
227
-223
-235
135
279
-380
-341
332
113
-598
-83
461
-304
-260
-103
166
140
-645
133
360
-387
9
-121
-163
181
-277
-163
90
-14
-82
-84
192
-182
-15
354
-246
-150
296
170
-181
-154
159
342
-198
-288
361
384
-37
-304
111
467
67
-559
15
612
-97
-517
91
374
-290
-317
134
78
-138
-39
75
-202
-20
262
-253
-229
37
84
-16
-392
-22
394
-130
-411
124
299
66
-509
-97
606
-143
-501
206
191
-189
-53
-178
165
122
-184
-70
117
69
60
-54
-146
274
-66
-59
55
9
-82
87
137
-228
137
263
-148
-444
251
478
-379
-511
413
314
-541
-258
240
197
-343
-438
249
381
-465
-273
336
102
-313
-260
440
104
-517
69
543
-179
-280
331
278
-95
-183
309
280
-149
32
327
95
-151
-8
355
44
-483
174
536
-245
-305
351
92
-228
-85
13
124
-95
-137
113
20
-150
8
83
-169
-16
167
-23
75
12
-25
319
136
-278
213
460
-256
-208
319
206
-303
-222
421
126
-445
173
345
-258
-78
170
160
-99
-208
57
206
-164
-326
157
17
-276
10
265
-221
-169
185
73
-150
-108
176
-78
-149
-168
167
35
-260
26
17
54
-96
-7
18
-79
16
31
-64
5
13
-164
5
71
-50
-45
102
41
38
-60
113
282
-262
12
329
75
-93
-11
334
102
-206
218
270
-100
-36
191
304
-71
-178
179
234
-259
-152
281
13
-95
-218
126
184
-301
-161
198
2
-240
70
24
-32
-55
-28
142
-2
-42
130
51
-50
7
83
176
-117
-143
211
123
-235
-92
133
58
-235
-149
383
-124
-376
189
184
-279
-260
180
132
-295
-213
263
123
-228
-138
222
86
-250
0
223
-72
-63
197
77
-32
55
123
-42
116
49
-149
194
87
-182
123
77
-163
61
35
-86
-5
23
29
-93
-135
99
-27
-149
-16
59
34
-112
33
87
4
-12
-32
184
120
-159
-19
209
67
-148
180
127
-141
194
18
-178
156
122
-64
47
174
62
-41
53
13
-2
-12
-81
46
97
-66
-58
64
-13
-37
-22
37
5
-36
-34
-89
1
32
-132
-87
82
-11
62
-74
-75
245
64
-139
67
210
-12
-80
14
135
70
17
40
28
221
54
10
119
57
111
-56
26
100
-71
-28
24
-12
-34
43
-37
-145
35
100
-174
-93
161
39
-177
-10
141
-3
-118
-69
198
41
-154
123
195
-99
111
196
-67
39
170
95
-15
152
15
22
177
-71
-43
158
-18
-108
29
55
33
-52
-78
-24
7
-184
-97
-49
-176
-93
-83
-74
-162
-116
-111
-118
-190
-163
-13
-203
-185
-78
-56
-164
-140
-33
-96
-85
-65
-27
-101
-17
18
-184
-41
61
-180
-111
9
-73
-76
-51
48
-4
-70
73
96
-105
-60
192
-11
-153
95
125
-94
-149
107
134
-214
-82
223
-59
-173
91
100
-183
-91
85
-111
-191
27
35
-219
-33
65
-115
-102
-57
-111
-47
-78
-107
-25
-62
-96
-143
-36
-27
-178
-50
23
-191
41
18
-156
43
-55
-54
10
10
-45
-90
22
-15
-160
22
12
-148
22
64
-88
-67
40
-23
-22
-28
0
55
10
1
43
9
50
-6
-44
115
37
27
105
88
41
102
69
3
162
64
-49
133
93
-29
49
108
-1
-2
149
52
77
53
19
134
2
-61
79
35
-25
-14
63
95
-100
101
58
-128
34
31
-77
-67
-24
14
-50
-68
73
-109
-51
5
-64
8
69
-10
-90
52
13
-99
-54
10
-74
-34
-23
50
-11
-7
107
-65
-7
97
54
-91
36
170
5
7
190
144
-63
98
250
48
12
161
160
77
104
141
80
102
111
91
62
96
49
99
96
-22
94
83
59
-11
63
135
-21
-14
52
70
1
25
109
-50
37
72
-115
48
56
-30
-30
30
3
9
37
-49
-35
45
14
-112
49
8
-93
26
54
-8
39
62
-6
20
80
132
-33
48
134
8
11
66
133
64
0
70
168
12
-52
168
20
-137
130
8
-131
61
34
-63
-87
53
-31
-117
23
-41
-84
-28
-47
-140
-51
-32
-114
-63
-30
38
-14
-44
95
-20
-114
32
12
-131
-71
77
-25
-86
-48
6
25
-125
-95
49
-79
-182
-28
-57
-90
-68
-44
-10
-111
34
29
-146
-12
73
-85
-121
53
12
-93
-94
-3
75
-71
-46
85
-3
-32
86
-37
-73
68
-108
-143
69
-9
-141
-16
60
-7
-54
17
26
-17
-27
45
9
-41
102
-62
-30
138
13
-35
14
43
27
-25
-59
21
-7
-97
-101
25
-35
-185
-84
6
-138
-210
15
-73
-221
-46
-26
-140
-8
-123
-186
39
-153
-172
60
-93
-216
55
-20
-177
1
13
-89
-24
81
-20
-62
86
69
-16
150
103
-12
125
161
12
6
246
90
-119
230
219
-91
68
175
16
-22
126
94
-46
41
50
-30
29
7
21
43
-48
0
66
1
-55
26
66
-9
-15
69
55
38
15
-32
103
117
14
69
136
121
94
58
171
184
24
101
173
22
74
135
36
81
102
98
-23
30
109
-18
-11
35
28
-53
-30
1
-21
12
-15
-30
45
-40
-62
21
-41
-54
15
33
-25
-30
11
44
-18
-34
30
63
-40
-3
98
-22
-25
69
25
-86
69
118
3
21
165
96
-51
97
82
0
32
42
28
28
-19
48
61
-28
30
72
-19
-13
56
-46
-22
-25
-70
-11
-58
-156
-28
-6
-160
-43
-33
-91
-11
-35
-44
-2
0
-17
-6
32
8
19
56
40
-13
47
89
0
9
76
51
33
94
102
57
31
82
94
37
12
76
100
14
39
72
12
-41
34
46
-41
24
35
-56
-36
0
-54
-117
-14
5
-163
-65
58
-123
-143
37
-25
-148
-66
6
-81
-115
-72
-15
-67
-58
31
-57
-34
29
-38
-162
-70
7
-116
-135
-12
25
-144
-68
16
-91
-68
-39
-53
-72
-91
-58
-68
-145
-54
0
-190
-120
9
-122
-143
-52
-29
-118
-71
-42
-112
-69
-93
-73
-40
-87
-78
-7
-46
-111
27
34
-72
-27
35
0
-15
-7
-19
40
20
-34
-3
79
19
-61
51
59
-24
-12
55
32
-42
26
53
-9
29
16
16
-1
-22
44
-80
-61
-9
-51
-40
-100
-56
-18
-25
-100
-13
77
-97
-124
69
39
-193
-43
83
-101
-90
27
-12
13
11
-2
91
64
-3
45
92
3
13
61
38
23
43
61
93
33
16
125
-1
4
90
37
-9
-1
52
44
40
38
68
60
39
81
71
0
19
48
-6
-16
16
6
-21
8
-22
-30
89
-6
-109
110
104
-93
7
124
42
-2
78
64
20
91
52
42
102
92
18
69
157
22
56
165
89
61
114
75
36
70
77
53
21
48
49
21
31
95
71
-10
58
82
-22
4
29
-15
38
3
-36
36
69
-27
-9
135
24
14
114
86
56
38
108
64
15
64
45
-5
34
-4
-58
36
26
-1
-50
0
17
-78
-54
-29
-44
-58
-17
-49
-39
-18
-79
-79
-29
0
-61
-103
-30
-39
-118
-79
-41
-58
-77
-14
-58
-65
32
-46
-75
-29
-21
-87
-80
-19
9
-15
-74
12
49
-33
-86
-1
12
-95
-57
-21
9
12
-40
46
63
-15
18
66
41
42
95
68
11
43
98
-4
-39
80
18
-51
22
36
17
26
1
32
55
-29
-56
39
-10
-91
16
25
-35
-3
26
6
-7
-24
-44
-44
-42
-55
-60
-50
-20
9
-50
-43
50
7
-116
-45
30
-106
-99
19
-40
-83
13
-18
-79
-17
-9
-55
-69
-45
-55
-118
-83
-41
-106
-93
-75
-82
-64
-69
-78
-44
-17
-69
-57
-42
-7
-50
-99
3
3
-73
-37
56
-20
-85
26
81
-47
-43
62
10
-17
-28
21
-12
-82
-8
20
-3
-23
52
36
-24
48
33
-35
-20
55
14
-44
36
55
-27
-9
28
-10
3
37
1
-33
31
29
-44
-10
77
15
-34
50
40
-35
-27
47
-12
-57
-7
-8
-53
-59
24
4
-35
36
54
5
21
61
35
28
44
44
32
17
69
64
21
87
98
54
43
80
113
29
26
137
124
56
84
156
99
37
72
101
58
0
60
59
12
26
20
0
28
68
29
55
116
65
49
118
89
55
108
76
17
65
75
-8
17
78
26
0
42
73
11
-24
45
64
11
-21
59
58
-29
-16
41
0
-70
1
26
-7
3
47
23
0
49
14
17
91
44
-5
70
56
-2
8
50
5
-27
29
27
-26
0
46
-80
-53
8
-95
-111
-37
-58
-134
-91
-63
-85
-108
-64
-50
-88
-70
-33
-62
-88
25
-16
-88
-35
6
-74
-110
41
-2
-107
9
94
-58
-69
42
-29
-106
-65
-17
-94
-110
-20
-7
-73
-48
21
-41
-62
-27
-71
-51
-7
-30
-24
7
32
6
-22
8
14
-27
-15
38
9
-17
9
11
-34
-23
14
-13
-27
9
-1
-7
5
-10
3
-30
-6
17
-21
-18
7
7
-17
26
