48
38
19
40
41
18
-6
-4
15
0
-13
-25
-41
-39
-16
-24
-22
-14
-41
-57
-51
-41
-59
-38
-9
-45
-62
-61
-77
-94
-83
-81
-94
-104
-95
-75
-90
-86
-75
-90
-89
-86
-88
-87
-107
-103
-100
-117
-98
-80
-80
-73
-59
-58
-52
-44
-29
-33
-48
-25
-2
-9
-11
-19
-30
-25
-35
-33
-22
-26
-40
-34
-21
-17
-31
-21
-20
-39
-22
-50
-38
-44
-62
-64
-87
-67
-50
-46
-58
-38
-61
-76
-60
-62
-49
-70
-38
-63
-78
-45
-82
-48
-49
-71
-68
-63
-42
-58
-37
-51
-39
-30
-67
-48
-35
-34
-52
-29
10
-5
-8
-1
43
68
38
60
71
41
36
26
19
28
40
41
16
5
10
12
-1
6
41
19
1
3
-4
-19
-18
-3
-14
-5
0
-22
-20
-10
-11
-14
-23
-11
-10
-28
-10
8
0
22
27
3
25
19
-12
-18
-19
-22
-18
14
2
-11
27
10
24
19
0
28
1
26
51
49
52
74
95
93
94
44
47
50
41
68
56
80
100
87
93
110
89
90
102
75
107
109
62
62
61
61
47
42
53
50
55
71
88
89
89
60
71
76
46
49
29
31
31
23
34
27
32
46
38
41
35
33
46
29
7
-13
-3
11
-9
0
20
-6
6
29
32
30
5
22
15
25
44
43
56
40
36
23
16
-1
0
32
19
22
27
24
20
32
37
18
26
13
18
16
4
5
0
13
17
21
-6
-16
11
-6
-16
-2
-12
-16
-3
2
19
12
0
-9
-8
20
25
19
18
24
11
24
9
-23
-17
-44
-57
-55
-71
-61
-50
-50
-41
-57
-50
-49
-65
-39
-29
-45
-39
-40
-47
-28
-50
-65
-55
-50
-43
-45
-30
-18
-31
-39
-26
-42
-56
-86
-70
-43
-80
-95
-106
-62
-32
-40
-30
-13
3
-30
-29
-16
-51
-85
-90
-64
-75
-97
-85
-61
-36
-37
-27
-1
-9
-11
-12
-20
-17
-17
-16
-28
-21
-23
-42
-58
-36
-37
-43
-43
-65
-28
-51
-62
-40
-57
-63
-38
-51
-50
-25
-45
-37
-56
-71
-52
-32
-34
-23
-35
-43
-25
-29
-32
-34
-19
-18
-5
-5
-3
-14
-24
-22
-49
-54
-27
-29
-70
-59
-44
-22
-28
-46
-20
-32
-32
-31
-15
8
6
12
-4
-25
1
32
0
-2
20
8
12
26
41
46
44
53
89
95
92
108
111
95
103
96
84
104
97
93
51
39
70
96
82
64
92
89
92
108
60
41
71
28
47
17
28
130
55
26
50
49
71
34
25
52
19
28
84
43
8
60
91
53
69
120
120
114
62
85
106
70
113
77
16
23
85
59
-13
0
52
75
-2
-20
50
43
-43
-43
13
-17
-68
-55
-52
-79
-73
-27
0
-64
-97
-30
16
-51
-138
-50
10
-35
-30
-42
-26
32
30
-2
-3
22
53
31
-16
6
5
-14
26
38
2
-9
41
149
30
-145
-22
97
-5
-101
-75
24
102
-12
-74
40
10
-46
9
-35
-69
-34
-63
-12
6
-33
-18
-41
-20
-25
-98
-108
0
2
-117
-69
13
22
-85
-178
30
54
-165
-32
44
-24
1
-22
41
72
-71
-52
122
-20
-29
87
-30
35
38
-138
63
131
-148
42
112
-4
17
-45
74
82
-149
-103
137
3
-137
-27
25
38
-97
-130
63
-10
-95
-11
-64
-7
44
-156
-153
-3
-134
-4
25
-177
64
20
-118
87
-113
-218
63
1
-74
-150
-110
65
13
-156
-193
191
64
-242
-4
136
-9
-174
41
92
-240
-147
20
50
-23
-384
-1
254
-200
-181
-75
-119
3
18
-249
-173
182
28
-191
-88
2
172
-105
-274
217
90
-144
5
29
-23
-101
-31
150
-70
-232
169
79
-172
81
-86
-193
114
-92
-11
-4
-239
197
71
-292
12
145
-62
-71
-88
57
352
-8
-229
242
115
136
214
-406
177
591
-79
-227
-8
322
327
-325
-145
500
203
13
-68
17
392
144
-251
78
51
35
409
-194
-291
533
294
-383
-68
300
434
-109
-503
492
517
-375
-88
272
131
265
-80
0
310
144
132
30
-44
33
427
64
-339
225
325
-98
-15
89
15
223
43
-78
-79
99
292
122
-256
-130
575
-15
-374
294
230
-138
-116
-55
287
125
-245
48
25
145
-14
5
-88
-139
488
-140
-656
381
371
-255
-5
-207
432
161
-441
211
94
219
-45
-372
9
497
63
-769
43
746
-297
-473
107
162
328
-326
-614
32
825
-280
-895
569
-89
149
155
-929
621
372
-765
210
-15
84
118
-508
490
0
-348
140
-13
157
-154
-261
142
306
-474
-96
186
-224
165
-365
-404
772
140
-1190
344
903
-495
-898
182
864
-230
-1023
48
1262
-524
-1179
589
737
-625
-682
398
528
-337
-776
701
362
-1103
338
711
-754
-23
-91
268
609
-1572
454
1228
-1293
-158
713
-217
55
-271
-444
707
-208
-545
453
-317
-332
758
-447
-662
706
-265
-428
-60
-87
499
-289
-754
453
350
-188
-335
-319
813
-102
-839
364
333
-159
-49
-235
49
506
-107
-247
-172
86
442
-99
-750
302
600
-548
-261
477
-81
-669
608
200
-1067
114
1056
-897
-650
685
-225
548
-1121
-596
2094
-771
-1410
869
231
-191
-317
-649
594
798
-832
-1289
1384
1083
-1735
-627
1529
264
-1472
73
935
437
-1183
-525
1688
-309
-853
590
1
-72
261
-70
6
-364
834
-23
-1257
1105
555
-489
-481
216
1113
-373
-1240
1321
547
-1666
950
488
-687
441
-90
-60
627
-881
394
815
-1378
889
250
-793
1100
-164
-768
1032
252
-469
-73
301
692
-580
-175
639
674
-602
-964
1422
1102
-1651
-608
1855
-70
-1085
485
392
-199
249
-414
-44
707
129
-53
-1070
495
1739
-951
-1523
1467
1003
-1114
-8
-132
1282
779
-2552
765
2715
-1432
-1164
845
716
938
-1852
-306
2572
-1108
-938
1117
106
226
-279
-509
910
391
-710
-227
875
-328
-155
626
-908
962
-362
-755
1030
-605
435
-105
-555
180
713
52
-1579
1086
997
-1921
404
760
-313
-92
-1445
1847
264
-2322
1027
713
-268
-544
-734
806
997
-1967
68
786
-680
709
-1288
242
1370
-1437
-349
1392
-353
-1115
396
812
-335
-859
136
560
457
-1127
-431
1087
219
-262
-1764
930
1890
-2298
-501
1102
276
108
-2202
1021
2087
-2679
-388
1385
-14
-1171
-316
1413
-1110
-424
789
-462
-504
467
457
-1503
795
902
-1462
96
-36
765
339
-2504
1294
1501
-1704
-58
27
1178
-688
-963
1069
-531
516
299
-1124
6
1028
3
-510
-773
410
1539
-1219
-1630
2129
744
-2047
260
792
502
-1001
-534
956
-626
439
-150
-1440
1500
951
-2777
688
1931
-1498
-411
-520
1356
1654
-3788
621
3575
-2661
-644
1039
501
89
-1967
844
1978
-1421
-1351
1669
51
-641
351
-192
335
444
-498
-344
143
994
-545
-1522
911
779
-678
-1007
1084
-80
-227
45
-813
949
485
-1193
-350
1839
-751
-930
779
150
121
-529
-851
1242
1167
-2198
-381
2928
-720
-2508
2077
928
-801
-659
-344
1884
-627
-1598
1410
570
-1717
844
993
-1793
325
1999
-1352
-1626
2116
868
-1588
-588
789
1483
-1574
-2417
4080
-533
-3464
2271
398
643
-1663
-972
3649
-956
-2450
1306
1409
379
-2762
824
3177
-3136
175
540
364
808
-2609
1865
1268
-2044
825
774
100
-203
-1304
2253
102
-1606
944
271
-35
-307
604
-339
110
-36
718
-267
-1040
2261
-350
-1851
918
1462
-621
-803
-771
2017
922
-3357
635
2791
-1080
-1833
1233
1121
-199
-1117
-256
2071
-329
-2311
2037
681
-1676
1080
-228
-61
528
-559
196
131
-368
1426
-775
-1185
2265
-1032
-306
613
-866
1126
-179
-1167
827
600
-1237
517
-94
-456
523
379
-809
-17
1693
-2204
401
1727
-1206
-628
256
640
515
-1640
-566
2812
-1139
-1732
571
1265
-69
-1247
-940
1786
739
-2893
1328
497
-882
-8
254
-677
-327
1201
-1123
-989
869
628
-1142
-415
29
1638
-1214
-2069
1936
778
-1245
-2319
2063
1724
-2748
-1312
2659
116
-2860
1206
639
-929
533
-589
-584
1461
-1006
-430
-141
-258
1725
-2037
-767
2439
-1106
-1386
1262
-1081
1428
-158
-2416
2584
-474
-1077
935
-416
-971
1399
-240
-1268
1052
-508
318
-99
-674
118
826
-122
-1257
523
1107
-1016
-562
633
-471
948
-885
-908
1863
-895
-795
1580
-1123
-549
1239
-524
-745
49
1551
-1166
-1537
1571
647
-959
-658
472
755
118
-1446
163
1750
-484
-2026
862
1893
-818
-1399
478
1558
-421
-375
-1114
714
2803
-3134
-883
3513
-730
-1171
256
12
1824
304
-3114
684
3213
-81
-3342
176
3922
-783
-3198
699
3365
-214
-3774
-237
5038
-460
-4748
1064
4472
-1372
-4526
3020
3045
-3033
-1864
2428
2101
-2562
-1874
4480
-822
-3959
3578
1124
-3230
1128
1625
-1490
53
659
388
-921
-284
1614
-351
-1197
673
823
-542
-638
1203
-369
-544
1492
-1516
76
1615
-1064
-344
769
-512
1057
-446
-478
1522
-1708
1231
1030
-2121
770
1669
-409
-1772
155
2985
-378
-3349
1290
3895
-2511
-3349
5265
-13
-3854
2410
833
-395
-1103
1275
1342
-2779
871
2664
-1715
-1754
2642
324
-1407
342
309
766
271
-1406
392
2257
-1419
-1198
1783
416
-1610
854
836
-682
-223
316
790
-1051
-24
691
452
-869
-88
1023
-1030
250
737
-648
-554
767
485
-1140
-905
2250
226
-3081
1048
3059
-2522
-1532
3381
-706
-1987
533
1821
-624
-1286
402
1194
247
-2838
1496
2202
-2270
-504
1105
496
-20
-1160
592
420
-248
447
-1104
451
1309
-966
-1305
1575
1055
-2370
501
1757
-1295
-36
778
-594
201
242
-1006
1249
-13
-1015
760
-1438
943
1170
-2940
36
3211
-2109
-1998
2396
-162
-961
-497
-575
1065
161
-1922
251
973
-982
-869
212
125
-88
-917
-708
1314
-30
-1320
-605
854
-179
-740
-306
-397
874
-537
-1355
267
1019
-792
-1550
64
1814
-866
-2164
1477
364
-1323
-253
261
294
-207
-1288
770
477
-1482
916
-141
-880
983
-117
-348
212
-51
834
-1023
-321
1780
-1527
-292
2105
-1026
-1506
2419
221
-2579
1267
1678
-1242
-1223
1809
944
-1112
-1106
1126
1439
-2231
97
1847
-604
-666
-198
615
1268
-2209
146
2530
-2360
361
1765
-1926
424
1660
-1701
-916
1681
890
-632
-2393
1717
3061
-3489
-1112
2869
739
-2160
-884
1796
1168
-1665
-1452
1819
299
-519
-865
617
827
-594
-458
10
1196
199
-1264
-217
1813
-294
-599
-964
1694
1279
-2507
106
1540
1272
-3067
121
3442
-1957
-713
1231
-459
1006
-264
-1572
2106
141
-1157
561
538
178
-504
-49
-165
1348
519
-2170
495
2025
-296
-2078
554
3318
-1875
-2910
3189
1460
-2630
-193
1485
531
-1115
-152
1574
-477
-582
199
396
-399
-278
1548
-976
-1541
2216
791
-2944
444
2388
-1490
-624
1412
282
-654
-646
536
867
-596
-159
833
-209
-505
506
488
-836
18
417
74
117
10
275
-268
-501
251
1094
-471
-539
475
120
263
-1251
1024
1570
-2910
840
1513
-1123
579
-1066
805
1085
-2187
1652
972
-2810
1338
817
-1545
859
904
-898
-17
-227
-355
1187
-1356
435
1172
-2058
550
1546
-1629
-789
675
2
60
-1107
1113
1114
-2405
1
880
-519
733
-776
-579
1658
-270
-1232
309
449
-71
-442
-591
1284
584
-973
-1109
518
1708
-926
-1299
134
1877
-524
-1961
1787
425
-1295
104
-399
451
742
-771
-1012
452
1237
-1295
-446
758
-334
-319
-519
188
956
-531
-1306
572
823
-1270
-934
1371
-617
-950
343
392
-20
-1258
-254
100
-288
-94
51
-575
421
-526
-884
232
-329
122
-1218
-80
1105
-493
-1093
-183
434
-744
-823
454
822
-406
-1190
489
555
-1141
160
238
191
428
-508
336
159
110
12
-515
1045
955
-724
32
528
382
-323
-367
1490
287
-465
-37
311
886
-1058
-168
1661
-10
-519
83
865
572
-1568
61
1475
-536
141
694
-607
291
486
-1210
22
1311
-195
-613
431
793
-292
-871
477
120
-267
555
-278
8
750
-818
-1046
1113
315
-711
105
38
300
-174
-685
387
37
-510
-137
77
671
-339
-171
-49
-184
388
236
7
-96
967
-200
-682
531
755
-329
-621
984
491
-292
-4
238
16
-48
-94
82
480
101
-55
-397
192
460
-599
-467
271
740
-498
-537
613
50
-312
-484
252
352
-20
-155
-3
261
196
-169
-608
1153
132
-829
502
136
552
-424
-532
1111
-128
-803
524
366
-7
62
-358
-42
810
-130
-588
766
670
-104
-140
674
530
293
76
629
1130
254
519
599
661
535
604
687
1063
1007
595
580
601
1174
573
753
1612
775
328
1232
680
275
854
707
850
112
-203
-92
-256
-120
-520
-463
-555
-1406
-1874
-1192
-1398
-1525
-1642
-2524
-2021
-1539
-2379
-2567
-1490
-2198
-2511
-1679
-1319
-1443
-1627
-1421
-1291
-804
-832
-560
-165
-292
13
-173
86
719
414
88
208
778
858
946
598
453
265
496
349
43
1027
128
-534
-154
173
-186
-561
-411
-235
-777
-712
75
-398
-633
-458
-360
-172
292
-29
-45
636
941
162
752
1476
857
711
1187
1965
1466
1660
1487
1672
1854
1421
1623
1753
1847
1945
2166
1695
1834
2132
1538
981
2258
2975
2289
2128
819
-1803
-1797
1848
3160
283
-1270
-509
-1501
-3962
-3953
-94
-142
-4216
-4956
-1915
-1054
-4632
-5648
-3481
-3017
-4400
-3092
-994
-1083
-3331
-4397
-3174
-1698
-339
-1052
-647
461
-198
-648
196
909
834
305
1370
2440
2661
2746
1440
1205
1717
1703
2012
2829
2450
1833
824
244
498
514
261
-612
-212
282
-524
-1641
-1858
-1564
-1958
-2454
-1186
-197
-912
-2253
-2109
-972
-1105
-1092
-231
681
177
-145
107
443
906
697
635
1870
2327
1408
1588
1466
1242
1465
1476
2402
2582
2065
1540
1304
2069
1660
1695
2195
2428
2178
1828
2710
2229
1626
1651
1688
2240
2581
3136
3337
3443
-106
-4316
-1204
3923
4394
-665
-1747
688
-2436
-7024
-3915
2408
-392
-6475
-6372
-1346
-2046
-7253
-6706
-2792
-3491
-6455
-4360
-230
-1263
-6029
-5788
-2490
-1451
-1033
361
325
-152
-506
-738
582
2136
2884
2158
2056
3567
4016
2705
3167
3372
2797
3466
4268
4127
3681
3243
1701
523
1188
2685
2193
1068
3
-161
-666
-1612
-1439
-2139
-2225
-1667
-1313
-1812
-2398
-2311
-3206
-4253
-2081
342
-959
-2142
-1399
-1027
-1648
-1117
493
1163
74
-117
1028
739
723
691
943
1613
1452
2023
1627
1362
1402
609
866
1653
2396
2060
1656
1681
1382
1242
1484
2114
2370
2299
1687
1624
2049
1801
2228
3309
3884
-188
-4021
-592
4000
3909
-775
-1486
454
-3355
-7444
-3423
3101
304
-6723
-6847
-2233
-3168
-7817
-5863
-1690
-3937
-7515
-5392
-540
-1641
-6455
-5447
-2461
-1981
-1940
-526
711
-740
-2025
-1311
640
2153
2845
1941
1148
2135
2319
2492
3029
3650
3269
2488
2543
3199
3512
2164
1200
968
1387
1758
1882
1448
210
-853
-1789
-1896
-991
-189
-926
-1806
-2093
-1939
-2377
-2916
-2122
-1482
-1456
-1580
-638
-404
-1523
-1868
-757
17
144
1114
1196
507
74
-19
445
1298
1522
1201
1137
1326
1283
1075
1333
1710
1485
1039
1901
2478
2150
1899
2037
2660
2542
2482
3044
3392
3081
2579
3049
3519
4147
4511
5302
4170
-992
-1641
2177
5731
4397
-51
145
-613
-5285
-6269
474
3624
-2303
-7381
-5744
-3289
-7230
-8508
-4008
-2713
-6359
-8323
-5633
-3248
-5225
-7565
-5308
-3728
-3197
-2580
-1646
-1168
-1789
-2328
-1899
757
2348
3418
2170
1692
2708
2647
2994
3917
5192
5080
3860
3199
4250
3764
2970
2790
3169
2927
2363
1745
1175
1507
-29
-1137
-1016
644
386
-1480
-1976
-1841
-2026
-3379
-3062
-1268
-543
-1775
-2637
-1778
-1112
-2122
-1961
-413
218
-112
-563
91
598
-20
-573
472
1524
1184
607
1528
1623
668
1025
1668
2418
2230
2318
2453
2067
2295
2316
2758
3327
3390
3007
3106
3792
3237
2883
3480
4029
3915
3465
4028
4271
4405
2348
-1112
-721
2462
4582
1846
-1263
-418
-1910
-6491
-6260
-172
1703
-4468
-8506
-5860
-5302
-8653
-7892
-3064
-2661
-7483
-8868
-5517
-4327
-6431
-5860
-2803
-2727
-4086
-2962
-882
-1187
-2062
-1034
212
698
1604
2898
2598
1529
1523
1720
2271
3271
4309
4578
2912
1537
1793
2331
2443
2628
2997
2420
1190
211
519
1063
1004
979
629
513
-51
-688
-1545
-1875
-1029
-428
-357
-1097
-1068
-1363
-2817
-2987
-1121
-152
-1248
-1357
-646
-1342
-2363
-1827
-646
-301
-1164
-851
251
37
-425
-91
867
522
759
2142
2352
2111
2069
2428
2773
3030
3257
3445
3665
3470
3155
3075
3281
3511
3432
3223
2974
2602
2015
1546
1229
1330
1580
1471
1071
-1293
-3628
-2621
-620
-4
-1484
-2455
-2270
-4917
-7106
-4950
-1021
-740
-4050
-5541
-4487
-4484
-5522
-3663
-1371
-1860
-4312
-4783
-2776
-2010
-2563
-2325
-1168
-1389
-2188
-1726
-333
-527
-1263
-874
-336
-35
544
1051
374
-341
-403
499
1110
1491
2218
2274
1528
752
1140
2360
2798
2984
3714
3940
2877
1985
3107
3287
2880
3067
3573
3149
1868
1734
913
1222
1501
1199
882
281
249
-858
-1814
-1284
-527
-1339
-1805
-1487
-1380
-2207
-3038
-2124
-1385
-1824
-1651
-168
-147
-682
-601
82
634
646
1664
2038
2207
2300
1648
1902
2813
3052
2845
3043
3095
2615
2229
2652
2969
2380
1927
1728
1381
836
505
725
367
-916
-1183
-739
-452
-602
-993
-1475
-3045
-3819
-2438
-813
-1201
-1799
-1717
-2262
-3754
-3932
-1562
-310
-1477
-2760
-1983
-1718
-2788
-2635
-1091
-748
-2217
-2687
-2095
-1730
-2177
-2297
-1668
-1544
-2202
-2677
-1828
-1439
-2039
-1874
-1403
-1351
-1825
-1279
-248
-4
134
204
342
677
1605
2485
2909
3210
3433
3163
3093
3664
4578
4830
4726
4543
3788
3771
3992
3863
3393
3450
3052
2175
1547
1077
985
511
162
-279
-615
-967
-1636
-2274
-2055
-1944
-2674
-2409
-1876
-2210
-2557
-2546
-1919
-1516
-1698
-1167
-576
-668
-780
-400
-146
189
546
713
771
962
1110
834
1081
1165
907
801
1509
1781
842
463
648
564
258
448
791
721
-304
-972
-473
-495
-681
-370
-165
-950
-1686
-1503
-1087
-830
-820
-450
-965
-1636
-1814
-1402
-279
-321
-830
-1099
-1151
-1843
-1849
-914
-552
-1166
-2244
-1856
-1661
-2125
-2163
-1610
-1327
-2189
-2764
-1617
-823
-1575
-1706
-1037
-466
-1143
-1238
341
811
-145
-170
628
902
1152
1583
1933
1936
1958
1881
2040
2485
2893
2940
2348
2427
2443
2097
2432
2611
2301
2057
2070
1951
1568
1624
1857
1519
1031
970
951
576
458
315
70
-234
-509
-216
-445
-777
-1032
-1016
-839
-1062
-961
-1004
-958
-1100
-1443
-1311
-784
-889
-1059
-923
-638
-414
-728
-418
-339
-165
-203
-110
75
0
123
109
728
513
263
319
304
304
115
546
654
286
76
-139
-235
-331
-523
-657
-593
-347
-611
-1088
-1339
-1094
-1098
-1180
-773
-580
-876
-1301
-1065
-770
-887
-621
57
246
-126
-63
660
455
121
559
1254
1187
765
1067
1151
719
339
860
795
460
514
560
298
-125
-165
254
488
-14
91
124
-12
-404
-71
658
418
78
198
672
446
239
499
1041
1076
931
1291
1497
1377
933
813
1349
1771
1639
1605
1584
1389
1235
1117
1024
1111
1075
579
740
874
432
244
-59
-183
-186
-305
-333
-325
-743
-802
-1010
-1385
-1185
-1222
-946
-973
-1146
-1302
-1453
-1638
-1455
-1332
-1523
-1322
-1294
-1322
-1488
-1170
-1200
-1330
-1560
-1742
-1216
-1080
-1142
-1208
-1232
-1364
-1781
-1784
-1064
-703
-1086
-1167
-967
-1293
-1414
-1280
-698
-275
-229
-146
-358
-375
-334
-70
459
1133
1315
1189
962
938
1306
1396
1553
1928
1958
1861
1618
1396
1430
1252
905
677
773
703
843
530
-52
-302
-498
-551
-350
-85
-86
-173
-536
-760
-738
-331
-132
-16
274
435
128
324
689
399
562
685
922
968
913
845
791
733
809
770
489
547
606
577
436
439
318
249
-8
1
345
534
322
-108
-236
-125
200
23
112
171
-33
-174
-46
411
415
106
-171
-310
-507
-210
-60
-171
-193
-496
-873
-1092
-858
-944
-1134
-1159
-1250
-1338
-1639
-1660
-1648
-1922
-2118
-2038
-1983
-2095
-2008
-1823
-1746
-2037
-1776
-1191
-1116
-1018
-1071
-705
-503
-416
190
913
1221
627
866
1317
1378
1366
1589
2365
2179
1942
1783
1853
1798
1433
1434
1585
1753
1274
1227
1150
910
629
415
537
490
356
138
204
122
161
-35
-158
108
96
49
50
161
250
269
81
347
705
583
531
486
640
532
616
1011
915
682
447
461
447
583
569
354
191
-104
-163
-169
40
-115
-345
-349
-425
-409
-614
-475
-106
-228
-354
-368
-108
127
195
349
351
459
352
683
869
940
1060
876
753
627
925
1094
985
388
373
372
48
-199
-51
-17
-716
-895
-1126
-922
-1139
-1459
-1568
-1783
-1804
-2112
-2270
-2122
-1904
-2182
-2174
-1766
-1554
-1759
-1808
-1369
-1084
-1137
-886
-558
-199
-52
-184
165
488
653
570
934
1182
1318
1299
1221
1421
1273
1192
1096
1326
1107
989
822
629
399
93
369
55
74
-180
-321
-312
-491
-376
-376
-240
-498
-299
-172
-194
-258
-214
52
127
327
391
455
194
239
154
279
487
447
614
101
-215
-194
-197
-240
-144
-243
-476
-705
-957
-893
-794
-571
-713
-949
-969
-769
-507
-580
-458
-330
-396
-262
-3
303
447
456
417
542
831
913
1032
1051
1005
798
659
808
862
888
667
417
270
14
-130
-143
-209
-356
-344
-637
-1046
-1010
-966
-997
-1129
-899
-960
-1287
-1384
-1165
-741
-713
-717
-803
-447
-483
-617
-414
-23
320
-33
211
611
684
359
423
812
849
796
723
1005
867
491
343
512
623
253
267
538
365
-21
-92
36
53
4
-7
195
86
-287
-307
-46
226
20
-43
133
16
64
137
130
303
138
-104
94
255
163
-178
-332
-209
-293
-413
-234
-277
-534
-761
-1009
-813
-591
-545
-646
-894
-793
-785
-932
-705
-235
-111
-489
-459
-42
29
54
401
739
652
692
899
1066
1297
1237
1239
1296
1417
1449
1445
1537
1356
1310
1216
1077
1028
1026
923
726
580
418
353
249
59
-171
-64
-78
-388
-371
-224
-360
-638
-622
-538
-353
-149
-195
-311
-366
-318
-197
96
372
437
186
6
286
492
570
614
613
585
560
604
678
743
616
402
323
538
515
354
297
27
-166
-144
151
153
38
-129
-463
-437
-170
-109
-214
-29
-111
-265
-424
-232
-165
-440
-343
-311
-141
-458
-654
-683
-828
-888
-892
-596
-623
-777
-1001
-1189
-1165
-952
-855
-963
-878
-636
-758
-1057
-874
-618
-638
-714
-458
-18
-98
-362
-205
-139
-146
-7
191
515
584
333
88
21
119
270
528
669
694
525
230
228
351
505
415
277
346
282
98
11
81
42
-58
-147
-312
-341
-385
-418
-480
-567
-530
-621
-691
-628
-432
-328
-313
-283
-162
21
17
91
355
619
686
625
754
962
878
670
695
874
921
763
768
952
671
300
201
226
163
20
188
138
-162
-438
-625
-760
-727
-553
-569
-597
-718
-851
-999
-975
-690
-519
-555
-724
-584
-546
-699
-557
-336
-326
-588
-442
-210
-220
-298
-309
-231
-400
-293
-92
11
24
0
-71
-290
-203
-63
-98
-11
224
-17
-432
-411
-269
-162
-54
-11
-152
-315
-373
-440
-382
-147
-158
-411
-510
-255
-194
-411
-437
-352
-248
-370
-291
-65
-9
-182
-318
-137
-59
37
162
235
117
141
289
278
328
402
451
370
468
718
729
690
744
826
825
807
953
1091
1207
1144
1083
1006
964
852
687
864
949
1086
854
553
319
239
390
321
497
414
245
46
-130
-272
-278
-97
-213
-118
-34
-130
-375
-536
-488
-433
-269
10
123
-81
-299
-503
-387
-202
-16
202
196
74
86
144
34
205
379
396
440
553
548
468
349
274
460
693
745
517
636
705
485
288
391
514
384
317
275
327
-31
-335
-349
-379
-466
-623
-720
-875
-1019
-1143
-1150
-1168
-1149
-1214
-1435
-1316
-1136
-1148
-1179
-1082
-1006
-1067
-838
-506
-371
-458
-258
96
86
273
426
477
589
654
788
960
1028
889
769
724
927
1050
909
968
962
757
519
587
838
746
504
446
456
207
76
168
220
170
-11
-114
-155
-236
-282
-172
-190
-252
-223
-192
-220
-293
-279
-365
-461
-470
-306
-292
-357
-284
-336
-444
-566
-476
-333
-298
-350
-354
-259
-326
-406
-456
-345
-275
-389
-274
-152
-140
-173
-145
-148
-141
-91
14
269
212
250
217
8
2
55
98
194
357
325
292
51
-99
-185
-192
-59
-96
-6
-162
-397
-597
-594
-628
-698
-612
-725
-747
-781
-832
-1025
-946
-777
-739
-565
-394
-361
-669
-606
-423
-279
-109
80
255
105
29
177
383
331
390
505
624
725
708
817
780
708
651
739
917
997
825
574
570
521
435
473
578
594
379
150
155
100
42
-7
-96
-74
-110
-159
-191
-190
-255
-413
-457
-413
-256
-168
-351
-441
-329
-341
-411
-273
-186
-246
-430
-434
-273
-260
-233
-269
-303
-297
-259
-287
-193
-218
-292
-230
-266
-148
-91
-44
-54
-113
-151
-69
-43
-70
83
190
232
208
232
213
251
254
308
401
420
436
379
379
347
313
279
300
290
264
183
130
95
29
83
24
-33
-40
-96
-168
-174
-191
-199
-301
-286
-109
-73
-53
-5
-11
-115
-81
-27
149
221
184
266
250
202
296
392
409
366
217
545
444
295
543
382
373
559
646
604
591
415
297
148
124
285
450
438
238
217
118
142
-2
47
324
263
123
191
251
82
-32
-44
136
189
210
143
-102
-182
-196
-180
-5
187
-24
-279
-410
-438
-430
-416
-323
-362
-548
-715
-605
-626
-624
-578
-643
-627
-481
-408
-460
-369
-406
-348
-305
-237
-77
-47
-164
-195
-102
26
268
234
270
210
-10
-20
85
236
372
245
68
99
-26
-155
-55
124
-5
-110
-142
-187
-268
-267
-155
-225
-176
-198
-195
-217
-357
-534
-399
-157
-79
46
-84
-143
-341
-444
-126
132
177
143
112
9
-20
-33
144
280
163
166
257
254
232
157
84
204
298
327
268
282
283
95
107
299
335
195
177
152
211
283
235
194
249
260
118
160
185
163
44
-14
-2
-100
-173
-133
-205
-397
-333
-346
-341
-444
-420
-192
-352
-616
-462
-288
-493
-440
-349
-407
-572
-628
-264
-149
-265
-139
-155
-229
-121
-16
149
269
111
33
102
56
308
374
246
324
195
85
373
388
245
372
217
229
97
-17
257
85
-86
192
86
-194
84
34
-290
-236
-161
-147
-146
-295
-212
-134
-453
-340
-116
-216
-122
-144
-288
-189
-227
-186
-10
-126
-65
-18
-76
103
178
91
166
92
134
233
174
413
288
164
188
209
232
391
385
184
436
377
266
403
562
442
325
31
134
216
22
514
323
94
262
214
-145
44
242
-41
147
-5
-211
43
-16
-171
-129
-518
-183
-146
-654
-192
-146
-228
-136
-235
-115
-206
-501
-126
101
-199
20
173
12
-81
115
281
167
105
262
537
37
216
876
615
177
5
844
695
-409
485
1099
-209
-58
795
499
-87
169
754
-290
-384
364
227
-160
-301
259
460
-611
-866
896
-82
-1818
388
1080
-1505
-870
1045
-408
-1262
65
431
-669
-434
6
-145
-423
-691
133
-102
-708
137
-7
-837
440
-308
-1349
1008
-74
-1351
1113
154
-1016
446
-426
-248
235
-700
163
884
-255
-606
852
349
-728
546
1130
-447
-224
1233
-286
-914
1455
253
-1113
998
-697
-913
436
-859
110
217
-805
-194
-145
-1064
-585
-108
-1436
-910
593
-1056
-845
716
-438
-1091
-903
115
199
-1289
-282
1890
-598
-1422
1320
1091
-880
-990
1638
456
-1258
587
1294
488
-24
680
1219
6
-344
1280
416
-350
819
1025
787
-119
-33
1672
-73
-1110
1148
538
-141
-107
661
1031
-1210
-312
1591
-487
-903
549
582
-237
-1474
805
1253
-1607
-726
1363
-578
-2145
803
243
-1599
-480
145
-114
-679
-1008
-188
323
-1179
-948
1090
238
-1726
1054
701
-2062
699
1016
-826
190
1263
843
-697
-56
2145
-988
-337
2632
-82
133
411
279
752
-79
396
103
194
1157
-1267
199
1637
-2029
-67
435
-349
-119
-621
1018
-581
-1571
-458
151
-346
-1395
580
915
-1039
-596
-110
-165
-1475
-434
1688
-1308
-410
1756
-729
-1067
220
801
-495
-551
960
256
729
-186
-267
1635
-950
-798
1656
50
-786
995
679
-821
239
411
400
197
-493
1600
486
-997
1112
308
-189
702
403
544
178
-77
393
352
-358
221
1269
-471
-699
1191
316
-830
471
390
-956
-366
-321
-262
-129
-429
294
-820
-365
518
-1957
-41
1586
-1640
-297
1732
-477
-504
118
990
449
-1846
752
1742
-809
-589
1293
1377
-414
-1203
1394
726
-1708
1256
565
-1057
708
161
-504
494
-654
-514
684
-1827
-794
1427
-701
-850
600
-773
-10
-1024
-1186
1649
-1044
-1351
1732
449
-1318
739
-480
473
525
-2706
1071
1715
-1093
-518
606
925
-539
-1943
1395
488
-1149
354
-615
1071
1
-1313
1445
761
-2301
403
1444
-1468
-179
316
897
-58
-2106
2398
1331
-3410
1223
2254
-2755
182
3392
-1798
-290
2782
-1582
-1117
855
166
-78
-701
440
823
-636
-1173
112
1453
-1904
-1771
2398
-24
-1832
784
619
-557
-1323
24
1381
-1677
-800
1735
-599
-1618
902
1578
-1830
-217
1661
-1660
466
19
-49
1312
-1440
683
1132
-1294
-90
793
-1056
297
818
-439
252
153
-190
69
-225
-506
1080
-751
-481
1273
-998
-131
1025
-1461
-623
2111
-1698
-317
2721
-2451
-539
1646
-1557
814
879
-1563
1155
343
-2046
1575
1240
-2925
1217
2225
-3582
615
2917
-2008
326
792
-1130
1541
-1152
103
2154
-2528
1297
2236
-2620
397
2513
-1973
-1111
2639
-247
-1375
1716
481
-826
-360
526
1265
-2588
680
2895
-2205
-1187
2657
567
-3538
1600
2063
-3024
547
1266
-624
525
-849
48
601
-1087
-3
112
181
793
-66
-639
258
118
267
-143
-956
2293
388
-2873
1153
2208
-2380
-993
3370
-1586
-1414
2006
-1026
885
123
-1984
2180
144
-2621
1432
1308
-1118
-248
8
508
-5
-1959
1721
1064
-2383
942
912
-808
-153
79
-235
372
-313
-476
860
-272
-486
-357
-166
691
-1138
-264
1205
-1087
-951
1043
447
-2028
682
1056
-2571
933
1764
-2041
319
1253
-1123
819
214
-623
653
864
-170
-534
2111
-162
196
1316
-1588
1897
933
-1890
2662
594
-1890
2774
-376
-1395
1838
-272
324
-396
-553
1553
-835
-865
833
-401
-474
-769
285
202
-650
108
-870
786
-342
-1972
1099
-310
-104
201
-1284
1334
-415
-1323
633
-29
-251
173
559
-140
-965
870
397
-1739
93
1729
-619
-1855
1521
467
-1330
-661
1313
679
-2745
1106
1443
-1661
-281
893
648
-1396
-1251
2073
281
-1781
368
1677
18
-2575
863
2581
-2304
-1396
2482
-466
-1282
177
212
564
-1856
-320
1884
-1926
-760
1705
-1486
-527
-196
138
1055
-2913
523
2374
-2732
-25
1920
-1505
-120
487
-463
1620
-1368
-219
3059
-2911
-124
3905
-2837
-619
3522
-815
-1198
1156
1421
-587
-737
814
915
67
-1422
1248
1725
-2915
501
2670
-2561
88
1
-209
1990
-3327
274
3282
-3788
-652
2358
-2337
882
5
-1572
1459
-449
-401
-759
-750
1381
-314
-2431
2063
1584
-2638
-406
1960
272
-3448
1020
3415
-2410
-1903
3463
-293
-2810
1142
303
-95
-1168
938
1246
-1672
232
1052
-935
-978
1218
30
-1095
532
1190
-907
-522
1153
-58
-1260
569
1689
-877
-967
2080
556
-2625
1474
931
-1377
473
-7
1199
-1126
-692
2352
-1618
-934
2212
-954
-776
730
-164
835
-1699
128
2292
-2384
-490
2847
-1253
-1051
2066
-569
223
382
-374
1166
262
-526
1247
564
-340
544
-1
1054
-612
290
1506
4
-751
827
1641
-1347
-209
840
882
-1099
-143
1849
-742
-885
479
918
-1593
-322
1707
-118
-2051
816
2950
-3509
-564
3456
-2245
-1490
1627
-88
-213
-609
253
2599
-3350
-804
4671
-3375
-2143
4409
-398
-2390
1710
922
-572
-638
293
884
-896
-194
1446
-112
-481
561
542
-651
-1424
1824
-92
-1693
1429
413
-1143
-183
574
-551
-563
265
116
-911
362
177
-804
717
-505
-451
1006
-1081
-280
1519
-1201
-301
1846
-969
-842
1967
-1160
-1069
2096
-188
-1270
514
1063
-747
-1308
1163
1296
-1851
-79
1546
-951
-540
92
111
765
-1013
-66
2007
-2039
-340
2598
-1935
-1209
1784
-178
-1269
569
600
348
-819
-1148
1581
-506
-1578
1122
352
-1163
-98
1076
-956
-1348
1262
-899
-909
877
-1320
969
658
-2560
1191
1059
-2770
656
1202
-896
192
15
536
-402
-730
1184
-364
-610
618
261
393
-1226
718
231
-1125
773
-428
1305
-990
-1475
2216
-1469
-1637
2272
-755
-1648
960
369
-489
-1608
632
1058
-1931
-1033
2229
67
-2616
1451
1032
-2287
190
1261
-820
-1014
430
1846
-1669
-1160
2078
-566
-1093
-550
1395
132
-2176
1236
792
-1596
-162
1250
-597
-1198
738
-51
-18
-40
-175
936
-601
-961
1198
910
-1802
465
2120
-1827
-769
2570
-455
-1419
970
646
370
-1297
166
1936
-1143
-968
1079
793
-527
-799
573
1119
-1206
-997
2230
-630
-1882
1833
715
-1137
-642
1641
354
-2982
1573
2249
-2654
726
1226
-1106
1351
-1021
-31
1188
-583
559
-221
1386
-73
-1088
1560
-108
-133
459
-126
877
88
-1244
2176
795
-2656
2109
1143
-2369
994
1861
-1289
-678
1042
653
-761
-1081
1401
519
-2151
4
2423
-1771
-1204
2498
-647
-1964
1027
1057
-590
-456
-60
1383
-282
-1154
1418
1084
-1717
852
1385
-1880
1415
673
-1341
734
501
305
-630
-457
1841
-757
-1462
1165
570
-775
-514
1184
-379
-925
1419
-316
-1233
1203
298
-578
173
927
-312
-132
837
-1025
1746
-254
-1403
2022
-476
-743
1280
85
-616
845
-619
-152
439
-367
530
-929
296
543
-1423
912
-486
-1195
1668
-1368
-562
1850
-1357
-1066
897
-539
-109
-289
-778
1591
-1364
-1161
1895
-682
-1529
707
1373
-1333
-717
1817
-22
-1436
509
958
-82
-515
374
1052
-331
364
258
579
473
-1071
1145
1047
-988
610
1133
-581
273
-97
-163
1280
-993
-565
1741
-505
-1208
899
-4
-1173
-64
41
-575
-433
-700
-431
165
-702
-941
-574
301
-534
-1738
139
491
-1108
-1432
1193
345
-2836
366
1624
-2349
-214
1089
-740
519
-1118
152
672
-624
414
-428
-49
889
-628
-158
1152
-697
541
-16
-587
1243
-112
-605
872
262
-758
791
-102
-190
536
-766
638
432
-1912
2080
-136
-3130
2520
-546
-1654
883
-1015
497
322
-2890
832
1912
-3191
-388
2142
-1466
-974
1047
-897
-605
-651
392
-287
-2117
2477
-340
-2772
1872
176
-1487
127
-665
1360
289
-3008
2219
1390
-3178
1060
1559
-1789
507
976
-364
417
376
968
-1110
175
2470
-891
-459
1399
1324
-701
-868
2629
144
-2029
2438
446
-1316
1582
81
-429
226
463
192
-339
-54
1166
-334
-636
1438
-219
-327
332
358
11
-10
670
-216
89
1012
-653
87
1165
-366
-489
692
1326
-1264
276
1336
-1099
239
250
274
63
-680
976
913
-1619
-90
1853
-874
-1246
815
1471
-1227
-673
1283
-176
59
-338
-194
957
214
-912
1087
-63
210
322
-1894
2347
-15
-1974
1954
-196
-1227
1178
-799
-180
358
-892
1002
-1165
-786
1721
-827
-1758
1403
228
-912
-195
-757
1497
-264
-2061
1483
1015
-1734
-50
593
300
-289
-1096
1051
406
-520
-91
-249
1296
-570
-1141
1798
-158
-1065
1343
-292
-1173
2115
-217
-1834
2019
288
-471
332
-670
1626
128
-1564
1137
1052
-552
-587
397
722
-361
-686
713
113
-389
357
-363
-7
-103
34
672
-1590
302
2052
-2301
-145
2075
-1369
-452
881
-201
-98
-335
440
486
-1158
959
501
-1173
406
273
-142
33
91
-236
200
201
-1012
37
619
-1032
34
-109
-669
1119
-877
-1005
1297
-665
-1203
1021
-448
-602
618
-474
-151
48
-98
108
-542
-304
743
-160
-65
-412
131
1026
-1577
-330
1575
-505
-1079
792
690
-953
-550
1083
-685
-1131
1336
68
-812
-764
980
437
-2319
712
1724
-1900
-829
1977
-978
-1271
602
576
-956
-1034
968
18
-416
-1243
587
869
-1283
-929
694
857
-1983
-359
1337
-544
-1460
320
677
-1189
-423
644
-259
-344
-60
-104
598
-706
-362
1222
-502
-748
1028
719
-1178
304
1344
-731
-118
341
571
509
-765
124
1474
-812
-521
1420
-829
216
284
-732
386
574
-1079
-295
1024
-1069
-12
-98
39
100
-764
330
-7
-552
576
-39
-499
748
-646
492
227
-413
766
22
-284
-76
1188
20
-794
786
1390
-1161
-581
2631
-991
-1027
1974
-981
69
1778
-2223
586
2026
-2082
650
341
-44
764
-1677
1591
575
-1816
1889
-750
-43
1904
-2877
1760
2090
-2780
764
1268
-72
-639
397
758
-404
532
-584
824
829
-1019
1081
353
-458
726
118
20
283
162
792
-369
182
1032
-186
-193
553
966
-393
-173
868
534
-342
-119
921
-114
-145
467
-158
666
118
-796
511
664
-1046
-408
1433
-977
-440
649
-791
293
-346
-173
-11
-573
779
-588
-794
1305
-820
-639
741
-631
101
254
-559
-426
926
-229
-1204
784
342
-1041
50
281
-349
343
-281
-347
-219
15
171
-862
-277
586
-590
-287
504
-1117
107
727
-1649
-4
1031
-806
-187
-283
123
512
-1108
-198
871
-579
-788
830
-166
-688
293
55
-254
-634
560
171
-1480
242
1422
-1086
-1092
1462
47
-1436
-18
633
-325
-641
-125
532
-260
-453
439
-50
-589
-88
1133
-800
-372
1436
-482
-172
208
115
648
-826
78
1140
-989
416
699
-1089
642
927
-1176
-114
1251
-64
-413
-380
799
352
-1028
-53
804
-71
-978
620
296
-486
-125
-51
721
-628
-769
1584
-173
-1698
1267
618
-1382
199
546
-300
-663
431
265
-921
-102
388
93
-1336
103
1037
-1039
-967
963
354
-1436
-100
-92
-8
-274
-832
183
314
-955
-429
954
-855
-796
287
-317
-194
197
-483
181
-144
-825
790
-555
-135
492
-1159
718
111
-684
612
-682
184
577
-879
420
903
-505
-446
609
418
-120
-225
-47
743
242
-545
92
833
-53
-716
610
443
-296
113
39
111
511
-266
29
175
263
477
-869
1364
134
-1123
1281
-161
158
324
-201
718
24
-175
882
166
-435
329
852
-142
-181
1331
-482
-587
1331
566
-635
114
987
-260
-48
177
11
613
-407
-285
985
159
-619
670
-301
-612
964
283
-940
-534
1583
-402
-1539
1523
441
-1612
363
973
-523
65
43
-70
422
-606
165
1523
-673
-758
1669
-187
-832
1544
-71
-715
1108
87
-204
799
268
-623
141
894
-173
-105
566
61
6
-464
155
1044
-829
-668
665
61
-80
-24
-261
58
19
-583
66
415
-380
-296
133
-211
-63
203
-594
-439
219
57
-339
-387
-18
2
-346
-576
269
240
-964
-352
421
-358
-553
298
-494
-542
246
-254
-456
-666
560
-146
-1468
778
810
-1613
-463
1107
-330
-829
-73
683
-303
-672
112
129
200
-887
-9
973
-770
-249
769
-674
-396
587
-107
-393
-215
834
-289
-1461
1025
456
-1354
-245
966
-112
-907
123
455
113
-1172
86
1205
-646
-566
540
410
-206
-409
-184
521
180
-886
419
639
-943
835
-223
-671
1386
-936
-197
951
-220
-15
5
-403
639
-38
-968
762
93
-218
-500
-208
712
-491
-828
665
276
-679
107
-171
90
-556
-145
243
-390
85
-78
-17
-331
389
-290
-981
1073
423
-1576
695
1347
-1341
-176
643
6
46
-623
889
349
-676
682
-556
503
380
-1363
1239
702
-1227
516
548
-542
-36
730
-276
-714
1159
-156
-704
351
580
-117
-941
787
318
-417
93
53
249
-228
-208
406
-86
100
132
-540
83
619
-309
-845
656
451
-414
-24
147
182
93
218
-205
-314
669
543
-735
-326
1096
-115
-869
905
33
-439
892
-52
-417
1059
282
-734
1004
328
-439
744
591
-53
-380
629
954
-535
-323
1213
-88
-573
506
223
352
-143
-141
532
177
-165
-8
-169
91
-227
-354
621
-504
-319
457
-362
-28
33
-150
53
-297
128
550
-704
269
286
-623
625
-352
331
735
-1309
395
1475
-752
-210
660
489
180
-636
653
668
-113
-406
184
1171
-219
-17
609
-164
600
38
-298
418
391
192
-641
826
336
-610
723
-383
-104
678
-227
-507
-42
667
-240
-671
357
361
-664
-719
458
-47
-540
-265
-7
-386
-214
276
-849
-410
259
-49
-633
-698
498
208
-1326
-240
540
-527
-326
-274
-296
136
-69
-516
-229
38
-219
41
-16
-970
557
606
-1225
-232
727
368
-941
-427
1034
75
-781
95
396
-3
-665
273
2
-386
608
-665
206
-99
-624
497
-273
-634
43
1012
-611
-1287
936
-213
-522
-47
-583
725
-357
-865
259
48
-382
-341
-111
-190
-506
538
-227
-1063
808
-79
-840
24
769
-536
-888
1181
71
-1217
195
1149
-769
-1017
1531
181
-1446
385
933
-214
-1322
883
1528
-2007
-115
2083
-1018
-1225
1268
521
-1204
-266
1400
-114
-1303
546
1226
-935
-1319
1886
-33
-1110
1086
-101
-265
167
94
-62
43
230
154
-375
-17
1027
-719
-519
1077
-434
198
67
-103
672
-586
235
217
-35
226
73
13
-213
528
176
-929
664
816
-1109
363
719
155
-84
-510
929
365
-695
437
392
-40
121
-53
494
-139
-60
1108
-452
-386
1441
157
-1158
837
1002
-791
111
599
275
72
-462
358
621
-398
-443
581
339
-623
19
288
-86
-133
3
-177
-118
118
-176
-16
-279
186
-304
-643
807
-501
-564
872
-583
-902
576
471
-1084
-498
1103
36
-1148
65
1430
-717
-1111
1384
190
-881
338
670
85
-414
305
1025
-501
-727
1289
766
-1143
178
1515
-104
-749
603
1217
-413
-476
1096
1089
-995
0
1803
-386
-742
609
1471
-663
-832
1606
248
-926
108
1043
138
-1114
825
1232
-1472
-114
1406
-442
-991
577
580
-582
-353
168
31
-237
-359
67
186
-540
324
-136
-471
569
-583
-147
536
-868
-53
861
-892
-675
897
-221
-808
175
336
-365
-629
187
110
-427
-853
635
662
-1782
-12
1217
-755
-1294
341
788
-886
-1139
847
513
-1486
-84
686
-670
-532
276
133
-834
-26
951
-1079
-776
1395
-222
-1539
163
1074
-423
-1832
543
1151
-1325
-934
670
285
-1200
-313
546
-182
-981
-124
434
-832
-569
645
-272
-1331
482
630
-1384
-569
1369
-176
-1510
-14
1578
-537
-2278
1401
1756
-2080
-1123
1978
522
-1780
-415
1839
-30
-1707
320
1272
-408
-1120
754
683
-742
-148
478
13
-161
-126
44
223
-394
-212
703
-568
-545
858
-316
-550
184
259
164
-1119
359
1793
-1753
-442
1574
-304
-269
-489
963
540
-1306
416
1188
-526
-676
926
630
-988
-4
1676
-622
-951
1497
139
-1061
702
712
-662
-135
806
58
-458
206
378
398
-421
-150
960
-105
-12
528
-347
208
693
-327
-318
646
488
-83
-159
46
748
344
-714
-6
1081
75
-890
395
943
-189
-148
150
447
436
-511
402
384
-81
264
-19
209
141
3
166
363
-376
313
763
-574
-77
615
534
-326
-606
1166
889
-1618
45
2047
-575
-1492
923
1501
-889
-975
1185
973
-1275
-217
1631
-691
-664
783
436
-405
-655
1128
466
-1597
248
1459
-251
-1283
142
1841
-857
-1491
1506
884
-1255
-570
1210
215
-948
-56
844
21
-925
99
963
-380
-974
1153
386
-1043
398
440
112
-306
-473
1061
234
-1531
630
1303
-948
-690
1019
512
-1132
-180
1196
-246
-1080
581
544
-565
-611
650
755
-1428
-294
1224
-149
-994
-193
961
74
-1473
87
1382
-626
-1266
313
866
-556
-835
535
344
-690
-103
239
-426
-18
-48
-223
-52
-128
-296
-8
284
-687
-291
360
22
-391
-660
441
437
-989
-637
989
-70
-1036
-355
385
559
-1266
-428
1046
-380
-1119
311
345
-547
-208
-55
-54
-123
-13
-339
-88
96
287
-294
-547
495
276
-441
-530
396
588
-280
-855
514
886
-776
-729
699
448
-576
-371
158
534
-620
-640
528
144
-493
-256
110
194
-261
-626
316
276
-657
-227
183
-138
-73
-366
-144
275
-225
-37
-177
-279
414
-39
-546
-67
498
63
-878
-153
963
-122
-1147
179
725
-390
-755
170
636
-320
-618
233
245
-200
-264
-227
449
199
-762
328
496
-667
367
235
-539
471
315
-385
-234
616
631
-624
-326
843
400
-719
-249
951
404
-756
31
989
-28
-521
273
638
6
-362
563
448
-570
325
560
-400
54
551
243
-442
40
1040
-56
-954
830
963
-714
-232
688
478
-246
-441
638
637
-691
184
511
-8
268
-166
202
472
-182
-97
504
62
46
176
-150
393
140
-363
169
280
-4
14
-196
336
149
-338
307
148
112
-382
33
713
-334
-199
447
187
-85
-173
111
538
-215
-8
419
-234
252
251
-436
102
670
-125
-483
198
632
-201
-642
399
614
-461
-649
883
339
-966
97
665
-162
-740
391
539
-625
-191
318
33
-250
-71
245
-114
-151
157
-35
73
-370
103
511
-541
-184
680
-71
-704
545
279
-360
-216
303
241
-644
-35
424
161
-813
-54
799
-143
-883
64
1063
-691
-886
876
521
-1164
-179
823
-250
-606
-86
714
-241
-856
481
431
-673
-224
573
-132
-435
207
270
-328
-579
549
456
-909
-118
829
-114
-725
152
534
-198
-711
238
662
-559
-511
500
289
-699
-82
533
-64
-353
24
327
-179
-249
9
86
-194
-70
223
-221
-274
188
38
-252
-179
151
138
-633
119
411
-590
-195
324
-176
-469
-37
191
-266
-634
253
201
-608
-303
231
52
-717
-83
380
-392
-515
125
212
-558
-273
256
-150
-411
-38
369
-200
-598
181
339
-503
-474
307
388
-659
-467
674
61
-714
-376
842
143
-1028
286
795
-162
-784
296
769
-374
-358
291
440
-80
-395
396
405
-359
82
553
62
-232
256
306
-116
-141
333
469
-462
-153
851
89
-852
311
958
-407
-625
478
962
-442
-891
717
736
-711
-437
892
242
-463
135
358
14
-39
305
-6
-135
591
220
-534
195
613
-77
-553
62
876
-332
-615
555
477
-240
-440
415
372
-280
-269
426
128
-168
16
-126
137
75
-55
-302
345
247
-277
-91
298
138
-427
109
203
-172
15
127
-70
199
-62
-123
151
265
-122
-352
496
328
-468
-160
645
-18
-372
84
300
351
-338
-205
652
41
-381
229
174
61
-73
60
162
-308
112
308
-463
-105
374
32
-441
-154
536
17
-596
55
526
-289
-336
215
83
-299
-26
97
-337
-7
211
-203
-214
167
168
-118
-137
277
33
-120
58
-46
77
-40
30
93
-209
91
144
-290
-7
65
116
-65
-221
236
-13
-236
-58
90
-21
-37
2
-131
102
65
-103
3
0
37
150
-135
-91
187
82
-110
-159
287
157
-286
-61
292
-108
-210
44
-7
107
-281
-37
227
-168
-224
57
33
-160
0
96
-33
-121
122
40
-67
-116
132
95
-195
-28
164
72
-253
62
270
-77
-209
227
85
-219
-55
146
-52
-239
65
-48
-29
-249
-94
188
-115
-228
19
201
-274
-330
191
-8
-344
-58
-108
-42
-82
-248
-44
5
-169
-161
15
-199
-66
92
-176
-198
-63
71
-10
-327
-87
140
-88
-225
-134
195
57
-340
-53
271
-215
-291
149
18
-150
-89
-4
40
-232
-116
187
-51
-203
35
299
-83
-200
147
118
-60
-121
89
176
-55
-41
224
80
-10
46
118
119
108
244
35
118
244
54
-55
174
289
-87
36
325
64
34
319
46
50
309
66
-28
221
165
-69
64
220
180
-286
123
375
-198
-22
133
180
-48
-188
144
144
-98
76
51
-7
130
23
-60
72
150
-79
11
69
64
-89
-44
54
-38
-33
-122
74
35
-81
-105
88
102
-115
-44
-52
123
-47
-341
-9
81
-90
-159
-125
128
142
-205
-82
140
-36
-58
-159
59
93
-187
-20
8
-61
-30
-43
-36
6
119
4
-193
248
65
-161
33
18
153
-157
-7
98
-54
93
50
20
44
92
108
-67
48
191
-76
95
99
-22
46
75
15
-29
107
131
-1
-100
191
135
-118
-25
305
-21
-295
201
25
-99
-117
-41
5
-194
-49
-68
-109
-68
21
-124
-116
92
-85
-36
58
-152
-130
75
-164
-163
10
-29
-46
-134
31
67
-64
-110
13
-4
-72
9
-142
-131
6
-39
-161
-84
182
27
-181
96
152
-45
-53
106
35
-58
29
65
0
-12
96
-46
45
99
-36
13
53
44
27
-37
-54
118
-18
-107
78
88
61
-86
-67
246
-78
-202
95
9
-22
-157
-65
74
14
-121
-135
134
2
-200
-32
109
-73
-223
-4
74
-155
-116
-1
-102
-33
-57
-47
-78
-85
20
-96
-47
-152
25
61
-225
-50
122
-7
-189
71
130
-135
-34
96
-146
36
86
-41
46
-21
208
-26
-95
191
18
-52
-7
-35
6
1
-21
6
-39
65
27
-8
146
107
-20
-4
99
102
-14
-150
151
183
-118
-35
175
181
-238
3
257
-60
-23
71
31
37
50
-37
26
13
67
14
18
124
35
25
-9
173
55
-84
104
104
-19
-87
100
147
-54
-23
216
93
-108
133
114
-82
105
73
-120
-32
92
-27
-190
-2
134
-75
-125
97
100
-40
-67
63
111
-17
-48
-51
125
34
-144
87
110
36
-55
-40
168
64
-134
35
151
13
5
80
105
32
10
33
28
52
76
14
46
133
79
60
-4
98
129
14
11
53
60
-34
14
-44
-2
-43
-143
76
-16
-138
-45
7
-115
-192
37
-76
-206
-53
-92
-185
-147
-31
-238
-187
54
-147
-176
1
-57
-174
-89
-92
-128
-133
-83
-111
-80
-45
-55
4
-105
-32
-55
-49
-13
-57
-68
-53
-1
-97
-117
-53
-25
-104
-50
-36
-28
-26
-62
-27
-41
44
-13
1
65
-9
86
58
28
127
65
104
25
44
182
64
-8
77
191
19
-33
161
139
-35
69
260
56
-20
156
155
11
-4
67
77
37
-62
34
54
-31
20
-17
-18
38
62
-27
-20
72
-9
-60
-7
-29
-36
-6
-89
-76
86
-20
-148
55
52
-131
-100
44
-46
-176
-77
-14
-68
-135
-34
37
-59
-54
40
34
-23
-47
62
-34
-65
15
-43
33
-20
-34
65
40
-30
76
33
-44
46
4
-35
27
-33
-93
-6
-88
-45
-99
-69
13
-122
-37
-29
-41
-25
-68
-7
-18
-62
19
-58
-70
8
-28
-50
-65
-13
0
13
-37
40
93
-55
59
105
3
-28
66
131
-84
-41
157
2
-102
66
77
-41
22
81
90
47
89
137
47
109
101
6
42
127
41
-33
102
172
14
45
200
86
125
157
159
119
49
124
42
-16
37
61
-69
-48
82
22
-18
-25
-1
8
-46
-96
-13
-33
-98
-16
27
-47
-77
63
-23
-106
33
42
-51
-45
79
58
-69
-43
39
-6
-13
-9
25
65
-8
22
92
87
63
70
59
107
38
38
141
-8
-9
36
-11
-33
-20
67
44
-58
57
128
15
-1
68
107
-32
28
69
-50
36
16
-89
-10
45
-40
-58
-5
-2
-28
-56
-71
-46
-96
-75
-150
-165
-66
-159
-188
-191
-101
-200
-272
-138
-155
-234
-156
-102
-184
-107
-148
-158
-143
-121
