122
90
98
83
63
62
63
55
64
73
69
68
45
37
26
24
34
46
54
61
76
74
73
79
72
67
79
72
55
69
82
69
70
75
64
50
47
28
2
12
-5
-25
-26
-39
-71
-71
-55
-86
-89
-88
-103
-114
-117
-121
-133
-119
-109
-114
-97
-83
-96
-97
-91
-87
-92
-90
-91
-98
-92
-94
-94
-86
-72
-76
-89
-88
-82
-89
-80
-72
-63
-44
-39
-39
-30
-29
-33
-24
-43
-49
-46
-43
-16
-18
-19
1
19
25
49
62
61
62
65
64
62
101
117
116
134
142
146
163
190
196
201
212
201
186
194
186
170
174
156
148
165
171
159
161
183
149
130
124
101
99
100
101
79
84
84
73
40
50
49
25
75
54
65
93
73
59
55
49
62
75
53
46
64
1
-36
-46
-76
-64
-120
-56
-132
-195
-137
-128
-288
-234
-7
-429
-276
-35
-415
-389
-26
-293
-486
53
-229
-435
-72
-136
-370
-165
9
-271
-167
36
-89
-198
-35
30
-168
-124
24
-126
-170
0
-88
-202
-64
-42
-159
-84
-37
-93
-111
-75
-79
-132
-113
-109
-119
-161
-123
-83
-158
-130
-92
-107
-123
-79
-48
-113
-73
-64
-124
-104
-85
-98
-116
-79
-74
-74
-87
-86
-57
-87
-51
-27
-47
-60
-23
-23
-47
-16
-23
-25
-40
-23
-23
-46
-4
0
-40
-22
-5
-21
-31
10
20
-18
32
22
28
63
94
118
132
176
204
224
207
275
272
258
277
269
253
251
295
281
303
341
367
361
361
367
355
368
363
360
370
373
368
369
344
356
351
327
325
309
295
272
240
204
206
169
126
101
34
-29
-48
-92
-172
-185
-261
-338
-376
-442
-482
-518
-564
-629
-664
-686
-689
-712
-742
-723
-749
-766
-718
-709
-715
-654
-630
-628
-585
-557
-530
-495
-455
-432
-406
-346
-272
-243
-197
-109
-77
-35
31
77
135
188
206
258
322
347
390
436
446
457
507
507
504
572
593
570
577
592
581
560
545
517
487
505
501
465
462
461
431
404
414
383
376
370
335
310
314
314
299
310
287
319
347
344
357
390
401
394
419
404
415
434
425
404
398
379
351
331
277
273
248
180
120
61
0
-49
-105
-202
-234
-282
-384
-467
-527
-594
-705
-748
-831
-914
-904
-952
-1022
-1026
-1018
-1074
-1075
-1061
-1104
-1086
-1032
-1042
-1049
-943
-891
-884
-776
-736
-712
-585
-530
-544
-451
-333
-346
-285
-179
-162
-87
18
15
49
201
244
259
377
426
445
520
535
515
570
624
576
613
669
652
693
702
693
695
746
709
676
727
704
700
712
711
698
732
714
672
682
686
682
663
669
649
655
646
586
553
555
526
474
457
416
372
361
332
254
249
283
248
213
231
216
198
193
144
145
133
76
74
51
-5
24
-11
-93
-88
-111
-176
-233
-283
-388
-453
-513
-631
-714
-781
-863
-961
-1047
-1148
-1214
-1253
-1349
-1408
-1434
-1478
-1500
-1498
-1527
-1522
-1460
-1437
-1449
-1393
-1273
-1225
-1156
-1021
-951
-879
-739
-644
-573
-416
-265
-227
-140
30
105
192
339
388
415
593
635
592
735
780
739
789
838
776
829
877
742
745
757
688
638
654
607
540
566
487
410
445
450
367
402
421
373
419
438
377
431
525
439
501
612
543
653
765
535
729
925
581
729
991
700
602
996
756
475
922
794
329
716
782
217
525
659
200
246
560
247
40
380
256
-16
86
243
-19
24
206
6
14
179
54
-79
152
17
-107
-10
-102
-150
-185
-257
-297
-287
-454
-497
-515
-726
-734
-812
-984
-1038
-1031
-1129
-1260
-1239
-1305
-1363
-1432
-1457
-1437
-1510
-1431
-1370
-1401
-1306
-1149
-1119
-1111
-966
-841
-799
-686
-560
-403
-261
-137
-2
74
244
365
367
416
570
593
563
646
670
690
723
713
656
688
638
541
511
445
396
336
319
269
260
220
162
129
109
104
-52
58
90
-117
34
178
-1
-37
253
235
55
235
452
410
250
568
772
241
726
1163
220
629
1511
463
107
1616
806
-212
1286
896
-9
660
939
152
206
737
166
73
183
298
-19
-190
368
-28
-394
229
229
-501
6
547
-271
-198
523
96
-128
323
313
93
258
311
96
206
274
75
-91
79
79
-288
-252
-174
-451
-619
-511
-760
-990
-892
-1065
-1266
-1333
-1287
-1382
-1508
-1544
-1526
-1481
-1557
-1479
-1394
-1339
-1247
-1128
-1062
-941
-766
-698
-533
-384
-234
-28
78
170
429
511
481
711
810
870
931
1001
984
1047
1143
954
1056
1038
1019
929
918
832
786
919
418
586
684
397
209
676
267
-243
905
38
-555
628
553
-1067
351
1106
-1607
459
1181
-1785
334
1313
-1960
289
1573
-2306
481
1622
-2459
509
1196
-1993
73
795
-1447
-209
831
-2009
395
475
-2313
707
5
-1593
10
295
-1536
-284
601
-1529
-572
916
-663
-1485
1450
-188
-1276
1045
282
-424
235
1192
-273
345
1222
211
668
911
745
685
1093
709
755
816
842
885
510
639
642
666
381
277
392
219
-9
-58
-276
-175
-343
-588
-478
-729
-533
-837
-970
-782
-899
-923
-972
-757
-831
-785
-694
-629
-639
-561
-260
-391
-297
-3
142
-53
170
368
305
433
502
664
433
846
827
494
905
1019
666
586
1023
995
184
664
1462
-217
269
1427
-133
-508
1592
-222
-1692
2368
-873
-2275
2443
-1098
-2456
1792
-853
-2685
1191
-682
-2819
536
-597
-2576
64
-833
-1941
-73
-1147
-1541
-265
-730
-1809
-452
-10
-1952
-580
240
-1477
-687
-23
-1216
-143
-786
-737
266
-1268
-275
328
-827
-936
1263
-738
-1573
2002
-360
-2076
1819
950
-2504
1350
1579
-1311
239
1606
372
-553
1567
1255
-266
1116
1797
438
442
1945
1348
-16
1862
1707
78
1657
1594
524
1063
1638
810
512
1374
865
448
540
738
500
-136
484
274
-400
-84
-36
-484
-457
-440
-656
-396
-752
-869
-372
-708
-1019
-412
-569
-1078
-484
-234
-1015
-682
180
-774
-566
105
-546
-118
-87
-439
39
186
-536
138
603
-838
428
769
-1023
84
1352
-1310
-617
1827
-1480
-450
1268
-1183
-479
941
-1012
-1028
820
-887
-958
525
-1032
-791
917
-1755
-606
843
-1679
-590
600
-1290
-932
1237
-1642
-592
910
-1334
-118
-5
-654
-92
-284
-390
228
-979
-178
748
-1334
-322
674
-436
-387
-71
258
-330
-50
481
-545
-26
1011
-221
-823
1338
634
-923
697
1611
-687
324
1840
12
563
1080
1347
321
1177
1303
854
1432
634
1730
1214
923
1298
1748
671
1213
2095
235
1238
1781
724
209
1868
964
-392
1496
893
-297
392
939
-316
-337
527
-174
-622
-147
-435
-678
-454
-1006
-841
-498
-1037
-1047
-679
-1072
-1061
-972
-902
-1223
-1123
-581
-959
-1277
-868
-69
-1111
-1566
723
-989
-1283
518
-924
385
-1495
918
107
-1908
1961
-618
-342
-168
1555
-484
-1109
1850
103
-1313
837
1416
-2360
1337
775
-1311
-55
643
-385
-916
408
-910
295
-744
-843
137
-827
-85
-890
-1527
1262
-1376
-2283
1976
-1752
-2331
2551
-1784
-3382
3218
-710
-4103
2179
915
-3675
1108
1489
-3424
1150
1616
-3062
808
1545
-1639
397
931
-689
740
889
-653
980
724
682
756
347
1324
728
1305
794
712
1363
1656
847
432
2198
960
1313
1331
543
2072
1298
471
1103
2045
465
540
2032
344
388
1696
299
-30
1537
78
-139
939
254
-431
400
372
-653
38
6
-642
-271
-34
-1004
-591
-160
-709
-930
-793
-512
-1070
-656
-850
-1714
-153
-603
-1873
-771
-291
-1553
-1066
-210
-2192
44
-614
-2576
660
-492
-2808
821
59
-3227
1238
268
-2637
285
1282
-2081
-511
1828
-1689
-122
963
-238
-154
-125
1480
-726
-302
1801
-881
320
777
741
-694
641
1464
-1058
468
744
618
-1560
1573
325
-1324
1257
-779
160
-170
-33
-636
-373
194
-583
-428
-1015
438
-3
-2098
254
568
-1958
-108
753
-1795
-57
954
-1944
558
594
-1363
765
571
-869
727
1284
-1340
1608
957
-897
2182
-26
631
1709
31
887
2043
114
121
2701
628
-540
2192
1724
-928
2209
1014
-433
1922
1119
183
-285
2569
549
-1162
1738
1201
-682
281
1869
-955
-245
1850
-280
-978
797
1087
-1462
96
885
-987
-79
242
-234
-1508
915
274
-2913
1101
271
-1915
-53
-196
-678
-762
24
-1048
-776
22
-371
-1206
-952
758
-975
-1252
-319
670
-1898
-479
1244
-2352
-12
891
-974
-2152
2130
331
-4196
2678
1710
-4771
1904
2377
-4339
1464
1983
-3093
195
2512
-2208
-961
2115
-909
-1404
1518
-629
-991
534
-270
-154
-1986
1867
-1288
-1419
962
-1022
-1149
-415
1244
-3810
966
440
-2801
190
-211
-976
-1963
1306
-1243
-1985
580
-200
-1290
-722
744
-1115
-584
1386
-1733
-199
2300
-2339
617
1644
-942
439
1308
244
-156
2226
-466
716
1936
-51
1211
1307
1175
331
1802
1105
506
1950
328
1856
1260
310
1596
1869
138
751
3074
-895
1347
2331
-195
704
2121
571
-332
3049
-743
369
2143
311
-647
1129
2065
-1846
1215
704
-374
382
157
45
-222
545
-543
-25
-354
-99
297
-1126
-570
652
-844
-1189
187
-463
-1285
294
-897
-988
-509
-249
-225
-2846
1368
-396
-2464
18
480
-1563
-1833
2365
-2808
-1348
2322
-2328
-905
815
-608
-1083
356
-477
-876
458
-836
865
-1636
367
1204
-2033
535
10
598
-1808
1595
-771
-929
2202
-2687
1363
204
-920
-15
884
-64
-1596
1453
381
-711
-68
946
117
-481
1019
495
-870
1243
1271
-1373
537
1961
-34
-1125
2287
905
-1495
2022
1081
-919
651
2150
-1030
887
1171
-985
2635
-781
-608
2954
-448
-952
2561
610
-1181
1755
1749
-1662
1152
2704
-1441
416
1972
1019
-1003
1192
2300
-943
579
1482
752
-483
1233
1686
-1066
618
2552
-829
-1371
3658
-716
-1696
3205
-717
-858
1417
526
-1784
1093
1257
-2470
1065
545
-1195
-346
521
-870
-1658
1510
-848
-2851
1175
258
-3508
-33
1478
-4347
-576
2404
-4415
-2187
2662
-2638
-4447
2927
-1805
-4685
2057
-1011
-4612
285
986
-5011
-539
368
-3273
-575
-1748
-1555
-778
-1382
-2768
-4
-388
-4396
685
-249
-3477
-1090
1048
-2599
-2738
1762
-1788
-2691
895
106
-3171
154
1382
-2683
-1683
2683
-1381
-2183
1916
-775
-615
-401
1079
-710
-573
1377
-25
-825
169
1822
-1213
-609
2181
709
-2570
3058
359
-2714
3915
-955
-1081
2648
223
-1883
3074
-30
-1908
3841
-1283
91
1842
-224
491
1405
-156
-227
3436
-1238
-482
3290
-98
-172
1504
1461
-277
1407
1374
74
973
1692
738
-1145
3802
423
-1678
3251
1990
-1169
-363
5042
-1174
-1820
4960
-753
-583
2737
242
-108
829
2213
-1036
8
2624
-137
-961
1699
1880
-2974
2216
1675
-2369
1581
967
-838
217
1110
-900
309
465
-205
-560
-36
1183
-1381
-747
1045
-169
-1856
441
950
-2637
45
1374
-2695
-364
1760
-3116
-229
1726
-3541
312
678
-2401
-29
-273
-1238
-540
312
-2137
258
266
-2542
1566
-1011
-1305
251
33
228
-2434
1314
579
-2593
1676
142
-1706
1072
342
-893
-824
2165
-603
-2119
3249
-367
-2769
2824
869
-3002
1909
1659
-2358
433
2866
-2804
-343
3292
-1474
-1025
1163
1637
-2158
315
1874
-845
-381
584
1363
-1898
1026
1292
-1771
808
861
-53
-1704
1991
831
-2191
1879
-434
139
613
-641
756
679
-712
782
1312
-1263
811
1593
-401
-573
2735
-153
-1212
3346
-990
-214
3266
-982
323
2520
-353
179
2726
35
-1019
3880
87
-1896
4668
319
-3166
4652
2205
-4090
2998
3318
-2813
405
3940
-252
-2956
4291
1312
-4062
2791
3182
-3409
-390
5118
-3552
-1159
4324
-2704
-1378
2322
-549
-1705
311
-552
673
-1435
-1751
1713
-1077
-2456
702
-312
-2398
793
-1163
-1948
573
-1317
-2081
507
-1450
-1863
617
-1871
-1102
-1047
-388
-1112
-1779
295
-1703
-687
-554
-1051
-1801
407
411
-3894
738
1202
-2217
-2547
1897
-114
-3235
1652
-774
-1633
-292
1371
-2707
-248
1919
-3076
530
-30
-568
-1179
979
-1919
525
387
-3192
3123
-2596
-769
725
191
-2794
517
2693
-5607
2290
976
-2744
273
1447
-2999
868
1275
-3321
2105
-913
-176
-497
1062
-984
-103
641
-650
738
-633
1855
-1773
1238
932
444
-1350
1662
2411
-2843
2909
1213
-215
214
2373
829
-988
2436
1881
-1180
2317
1432
-398
2500
326
1084
240
2869
-598
307
3381
-1053
1579
630
1373
-390
1092
2312
-2451
2954
1610
-2787
2120
2798
-3090
448
3752
-2551
260
1657
-711
-604
864
-156
-1200
1290
-515
-927
-402
512
-737
-1140
102
-276
-769
-992
-257
-1008
-710
-728
-1006
-485
-1098
-972
-356
-2058
-524
-86
-1982
-819
-682
-139
-2320
40
59
-3802
1615
-171
-2866
-671
2006
-2295
-3355
4761
-3063
-3249
3344
-651
-3420
1449
2064
-4703
667
3434
-3929
-1769
4420
-1914
-3060
2381
1393
-3401
-911
3951
-3105
-1042
2861
-2179
-1148
1505
-931
-92
-578
-216
475
-791
-260
-447
1542
-3213
1877
821
-3370
1986
565
-1576
-1426
3831
-2433
-924
2328
-278
-1155
357
3319
-3582
1549
2416
-1345
202
1774
947
-1197
2661
414
-198
2086
824
1130
840
1178
2080
21
1991
2027
-498
2642
1993
-147
1879
2562
-171
2203
2272
-1077
3323
1516
-334
2123
1633
592
1022
2076
-227
1572
1116
990
400
473
1711
-777
993
438
460
-358
1632
-1567
-99
2751
-3987
1147
907
-1745
-766
1198
-1950
-1031
1316
-3583
674
-1264
-1696
-7
-1984
-698
-467
-2070
-1198
-30
-2735
-965
-65
-2418
-1159
54
-2177
-1831
335
-1974
-1920
73
-1378
-1422
-742
-328
-2166
-190
-130
-2531
925
-1601
-548
603
-1379
-566
-500
151
-1782
742
150
-2807
2119
327
-2703
224
1493
-1895
-1610
3144
-2607
-1274
3238
-1852
-2187
1889
899
-3074
698
2068
-2948
-215
3337
-3339
-436
2594
-1068
-681
-162
2156
-2017
750
1841
-3179
3480
-121
-2095
3538
-862
-404
1962
169
-445
2171
393
-130
2122
217
804
547
1683
719
462
1669
1111
1934
-334
877
3073
-441
1501
2257
-32
2088
1940
681
522
2458
980
682
2359
725
1703
1328
1046
1568
-4
1623
2404
-225
400
2866
467
67
2479
-658
313
2651
-509
-604
2628
-312
-1240
2798
-1281
-825
1988
-1156
-1257
1339
-422
-2017
1604
-1903
-393
595
-2621
165
-76
-1656
-1088
1400
-3534
-336
1218
-3424
-743
929
-1572
-3035
2238
-1854
-2459
549
-368
-1805
-832
1215
-1754
-1659
464
715
-3799
1457
1487
-3932
1469
544
-1317
-1505
1178
-122
-2393
2139
-946
-980
1023
-1147
-736
432
-1128
-255
1562
-2777
375
2127
-4229
-261
2983
-3916
-812
2792
-2425
-1943
1736
-961
-2790
968
-837
-1203
-908
337
-903
-2162
633
-806
-826
-1551
332
-592
-1233
270
-78
-567
-1253
797
-78
-1747
797
1694
-2361
400
2248
-1653
-677
2384
-335
-899
1849
1398
-578
46
2762
-831
241
1955
1970
-1150
1626
3994
-3459
2849
3387
-2680
2333
3319
-1850
1520
2750
-888
502
2431
47
-717
1979
1009
-668
47
1920
-753
166
715
-545
75
-48
-292
-1170
690
-315
-1755
-675
-25
-1346
-865
-1077
-642
-620
-2214
18
-1522
-1670
-710
-1037
-1303
-975
153
-2542
-31
-423
-2563
481
-243
-1859
583
-515
-1977
1736
-1806
-290
-11
-202
91
-877
1140
-1378
755
-278
132
415
522
-829
1337
132
-1428
2938
-1703
402
981
806
-1633
770
2423
-3741
1349
2528
-3048
-332
3762
-3348
-1596
4238
-1976
-3378
3686
574
-4666
2991
1637
-5134
3005
2250
-5707
2516
2250
-3268
198
1843
-1796
-519
2778
-3058
661
2448
-2731
1709
1312
-2270
2478
1291
-2245
2006
1737
-627
1033
1139
614
1701
382
1509
1211
897
1954
534
1185
1792
2458
-116
2096
2087
-284
2538
776
784
1598
974
1125
1487
39
667
1132
-1344
1296
495
-712
934
-660
-190
-1025
-817
-978
-867
-452
-1634
264
-1756
-1067
-151
-3066
-1778
600
-2108
-1413
1326
-2608
-758
223
-2344
-1387
451
-497
-1408
1112
247
-933
144
46
-1791
861
973
-1135
1483
640
-3
-650
529
-74
-408
1275
-841
668
1305
-201
-1205
-12
-37
-327
-205
159
760
-751
905
-1425
-1171
1029
-122
-607
-34
1283
-790
-274
402
-1226
-515
2006
-723
-1
1994
-790
-2
-285
320
-254
1619
998
-1168
1427
-2
-567
673
-434
-5
1603
-435
663
161
-1106
800
-1029
-176
880
-299
256
422
-980
-513
598
-763
190
689
-617
404
1064
-373
216
1255
-443
774
847
369
926
390
796
840
1059
-329
1069
1306
-1276
-247
852
48
831
-161
-2508
-310
-412
-1825
-1463
-986
-1330
-1235
-1342
-2494
-2080
-1790
-1881
-1890
-1307
-1130
-1412
-2036
-1294
-1274
-1673
-196
-1202
-1005
899
-375
-449
623
-492
546
983
-356
1304
1413
491
1878
1222
163
1377
943
83
1616
1271
436
1416
220
-349
737
-486
-869
726
-345
-434
418
-1639
-727
-529
-1441
-905
-419
-133
-1323
-387
-602
-1656
-716
-69
-785
491
258
-230
-145
-692
1655
-95
576
1788
162
834
1817
593
533
1901
527
1507
1574
928
1268
1257
159
231
1978
482
266
1321
377
-434
857
395
-637
1314
272
-674
709
252
-727
170
779
-89
1057
228
-1072
-83
-85
13
613
363
-8
-121
-349
-949
-1509
-259
-488
-464
-613
-1244
-1362
-1883
-1991
-2464
-1397
-1502
-1577
-1843
-2143
-2416
-2902
-2121
-2444
-1925
-987
-1550
-2080
-1020
-1565
-1489
-323
-460
79
958
932
-179
1458
1665
901
2669
2518
2490
2806
2191
2543
2823
2118
3051
3367
2305
3043
2095
758
1915
1471
863
1725
999
634
57
-1317
-998
-956
-1203
-948
-1095
-2095
-1924
-1780
-3130
-2473
-1729
-2167
-2188
-1236
-1670
-2200
-1373
-1823
-1300
137
186
-68
70
-155
804
598
1165
2522
1881
1517
1875
2565
1612
2831
3099
1841
3521
2889
1597
2551
2179
2623
2243
1200
2750
1956
1071
1717
1010
173
2047
960
-402
1480
536
473
1272
1000
-855
-1470
-596
229
1573
1007
-520
-1130
-995
-1634
-2279
-1023
482
-87
-1985
-3083
-2633
-2785
-3058
-3641
-3065
-1557
-2035
-3432
-4824
-4695
-3836
-3460
-3258
-2230
-2193
-2463
-3485
-4283
-2502
-1262
-724
-1018
-231
66
58
305
-19
1722
2557
3484
3502
2768
4115
3692
3398
4272
4790
6128
6002
4299
3902
3678
3492
4449
4244
4042
3095
1341
993
328
817
-25
-587
-593
-2181
-1915
-2746
-4099
-3873
-3530
-3811
-3321
-3791
-4578
-4821
-5088
-4126
-3707
-2680
-2666
-3203
-2958
-2399
-1411
-1258
-663
599
558
1163
1330
1056
2493
2269
3167
4106
3394
4007
3738
3036
3676
3824
4137
4127
3666
3839
3053
2658
2436
2138
1955
2535
2043
886
1171
466
366
496
1129
-302
-2653
-2515
-1717
1053
1012
-1847
-4128
-3466
-1791
-3568
-3720
-2074
-1376
-1951
-4519
-5780
-4156
-3494
-3575
-4560
-3696
-1358
-3055
-5133
-6430
-4489
-2000
-1845
-2490
-3324
-2519
-2475
-3461
-3111
-378
310
269
-631
-1440
212
1126
1556
1498
2345
4253
3800
2048
3238
3543
4733
6055
4707
5453
6377
5495
4204
3663
4781
5684
4929
4807
3953
2804
2147
1198
539
1561
2426
-1
-1633
-2173
-2971
-2975
-3177
-3445
-3527
-3459
-4771
-6186
-5604
-5580
-4804
-4074
-4363
-3987
-3735
-4471
-4567
-3053
-1556
-567
-900
-777
-550
133
1365
1793
2477
3657
3451
3302
3897
3593
4954
5279
4559
5024
5471
4295
4331
4792
3711
4314
4325
3265
2162
2719
2499
1169
1409
1841
1395
1495
898
-2853
-4546
-2046
1633
1920
-334
-4516
-6650
-3141
-2376
-4060
-3579
-1844
-1933
-5018
-7239
-6303
-4876
-3672
-4059
-4722
-3028
-3362
-6398
-7866
-5256
-2181
-676
-1629
-4321
-4097
-3168
-2967
-1542
-266
705
867
-799
-1685
-282
2133
3099
2618
2582
3443
3602
2955
2812
3728
5834
6971
6056
4477
4977
5282
4673
5049
5894
6760
5669
4332
3708
2966
3622
3447
1518
2106
2322
576
-101
-1273
-2393
-1772
-1866
-2794
-3436
-3984
-4481
-5391
-5013
-4820
-5233
-5047
-5227
-5666
-4654
-3836
-4107
-4084
-3533
-2590
-2443
-1074
-1148
-1267
728
1280
1632
2407
2291
2374
3857
3931
4327
5186
4649
4692
4677
4670
5396
5256
4279
4331
4334
3920
3664
2904
2636
2386
1842
1791
1447
1911
1394
-1374
-3260
-2747
-630
2045
305
-4639
-6304
-4720
-1862
-3286
-4833
-4369
-4003
-3829
-6134
-7853
-6629
-4233
-4087
-5073
-5485
-4778
-5762
-6518
-6014
-4041
-1323
-1755
-3634
-5147
-3879
-1835
-325
-580
-307
218
-216
193
73
1252
3000
3708
3091
2653
3239
4065
4083
4561
5336
5882
6250
5261
4486
5491
6494
5743
5747
5691
5309
5334
4777
3543
3696
3718
2740
2581
2154
1722
287
-343
-1280
-1699
-956
-2101
-3336
-3640
-3844
-4157
-4292
-4491
-5062
-5357
-4389
-4814
-4664
-3809
-4137
-4226
-3740
-2884
-2343
-1501
-1711
-1892
-927
731
1281
1046
1667
1682
1902
3219
3366
3360
4056
3976
3749
3709
4689
4419
3751
3922
3568
3926
4336
3249
2209
2863
3050
2410
2378
2203
1867
214
-2450
-1359
1965
2956
141
-4178
-5278
-1657
255
-3113
-5014
-3461
-2147
-2870
-5973
-8296
-5294
-2097
-3637
-6568
-6295
-4444
-4751
-6487
-6745
-4206
-2034
-2449
-5651
-6836
-3353
-804
-1853
-2688
-2160
-702
273
-796
-1857
578
3612
3083
1495
1234
3085
4291
4563
4023
5076
6262
5621
4956
4661
6730
7382
5950
5480
6028
6206
6582
4996
3681
5083
5233
4267
2723
2410
2753
1856
906
-185
-867
50
-620
-2356
-2910
-3066
-2867
-3426
-4075
-4395
-4423
-4185
-4503
-4642
-3835
-3951
-4392
-3909
-3789
-3008
-2070
-2285
-2755
-2120
-512
-29
18
583
-30
568
2064
1972
2025
2575
2647
2128
2901
3275
2816
2922
2843
2880
2550
2888
3180
1925
1638
2878
2436
2375
2681
424
-704
38
1466
2492
1549
-1199
-3504
-1852
1018
-648
-3884
-2909
-1146
-1438
-3478
-6403
-5760
-2595
-2080
-4820
-6520
-5083
-4427
-5590
-6055
-5209
-3674
-3551
-5280
-6280
-5008
-2370
-2547
-4398
-3244
-2030
-1543
-1537
-2467
-1506
844
1914
1069
53
644
2761
3432
3739
4200
4122
4711
4692
4409
5692
7315
6519
5368
4671
5989
7448
6954
5430
4508
5259
5349
5011
3327
3113
3955
3375
1331
-15
-215
266
406
-1169
-2123
-2663
-2163
-2793
-4059
-4100
-3255
-3429
-4253
-4379
-4609
-4061
-3545
-3941
-3776
-2877
-2621
-3031
-3326
-2016
-617
-58
-622
-1134
-1084
343
1625
1200
1175
1700
2070
1350
1793
2368
2179
2695
2755
1624
2550
2995
1537
1580
2390
2432
2027
2331
1309
1471
1653
153
-539
979
2601
2026
-343
-3109
-981
1492
-98
-2235
-2345
-825
-51
-2566
-5835
-4111
-1309
-1362
-3771
-5308
-4122
-3226
-3995
-5134
-4514
-2824
-2049
-4128
-5804
-4237
-2342
-1973
-2781
-3121
-2684
-1615
-1667
-2627
-1621
670
1160
48
-447
68
2023
3343
2688
2312
3360
4502
4097
3659
4709
5558
5481
4980
4400
5496
6590
5550
4430
4244
5268
5550
3914
2958
3405
3561
3289
1666
90
918
1067
250
-1091
-1593
-1108
-1673
-2751
-3548
-3309
-2716
-2788
-4014
-4660
-4330
-3360
-3465
-4016
-3348
-3233
-2994
-3263
-2784
-1623
-898
-790
-1760
-1137
147
642
553
838
966
924
2041
1927
1361
1774
2672
2575
2188
2031
1532
2491
2672
2094
2303
2138
1909
1442
2204
3189
968
-248
96
1886
3969
1998
-1504
-1805
929
1703
760
-2031
-1811
739
124
-2368
-3996
-2845
-1298
-1029
-3341
-3797
-3307
-3150
-4250
-4988
-3017
-1941
-2652
-4915
-5222
-3857
-1759
-1889
-3192
-3269
-2467
-1681
-1879
-2336
-1522
394
214
-222
-772
261
1730
1986
1965
1797
2965
3746
3473
3036
4027
5202
4691
4288
4299
5381
5770
4603
4140
4373
5645
4817
3144
2823
3535
3780
2761
933
-133
1235
817
-178
-1218
-1640
-1732
-2227
-3277
-3988
-3043
-2977
-3848
-5267
-5046
-4475
-4023
-4340
-5012
-4261
-3560
-3575
-4036
-3770
-2545
-1549
-1927
-1797
-1005
-353
162
235
-36
1418
2499
1198
1417
2095
2319
3060
2699
1653
2793
3942
3115
2415
2528
2529
2822
2965
2119
2809
2875
2344
1598
122
118
2332
3879
1708
-821
-1510
492
1586
-197
-2627
-1577
1154
187
-2903
-5046
-3234
-1112
-1239
-3275
-4137
-3111
-2911
-4090
-4996
-3168
-1478
-1943
-4268
-4999
-3338
-1735
-1900
-3071
-2601
-1362
-929
-1524
-2577
-1701
887
1237
568
383
822
1974
2228
1898
2811
4704
4977
3815
3269
4436
6000
6271
5103
4672
5855
6613
5818
4313
4353
5479
5786
4314
2786
2676
3138
2460
1022
305
184
356
-1194
-2744
-2811
-2499
-2818
-4160
-5032
-4659
-4485
-5245
-5983
-6305
-5011
-4526
-5325
-5938
-5373
-4029
-3942
-4199
-3868
-2753
-1911
-1720
-1988
-1194
-190
596
509
173
1552
2504
2190
1764
2530
2406
3203
3624
2805
3637
3401
3042
3206
3374
3342
3398
3387
2382
2589
3320
3387
2611
522
-521
1064
3804
3199
50
-2177
-1913
401
462
-1631
-2769
-1264
-588
-2425
-5139
-5549
-2988
-2091
-3475
-5048
-4267
-3767
-4887
-6325
-5716
-2584
-1693
-3498
-5739
-5721
-3110
-1672
-2736
-2753
-1919
-1138
-1381
-2359
-1585
546
1990
1346
757
1281
3012
3282
3014
3701
5020
6520
6019
4857
4801
6493
7415
7389
6306
6270
7106
6906
6202
5185
5758
5872
5214
3453
2421
2681
2897
1846
-246
-941
-1174
-1314
-2376
-3497
-4024
-3887
-4472
-5602
-6089
-5975
-5559
-5860
-6356
-6636
-6121
-5585
-5508
-5574
-4997
-4290
-3613
-3402
-2833
-1862
-1196
-465
-305
444
1422
1785
1764
2292
2855
3464
3529
3306
3297
3788
4534
4032
3641
3773
3936
4135
4149
3239
3065
3284
2844
2911
3012
2873
2747
775
-1116
-264
2007
3214
1130
-2145
-3586
-1445
-326
-1906
-3361
-2811
-1393
-2513
-5593
-7555
-5456
-2976
-3616
-5748
-5774
-4704
-4959
-6714
-7299
-4957
-2558
-2596
-5040
-5963
-4526
-2939
-3266
-3201
-2055
-1061
-691
-1812
-2062
-397
1911
2211
1847
2302
3321
3812
3704
3987
4984
6936
7235
6333
5717
6698
7817
7137
6861
7324
8118
8195
6569
5220
5170
5551
5590
4196
3203
3182
1447
-42
-188
-1020
-1257
-1366
-3006
-4544
-4426
-4748
-5823
-5994
-5907
-5791
-5701
-6195
-7205
-6803
-5653
-4801
-4824
-5159
-4389
-3740
-3308
-2270
-1254
-841
-61
78
454
1660
2803
3069
2931
3637
4271
4428
4392
4794
4682
5398
5757
4772
4547
4617
4543
4224
4388
4243
3528
3150
2719
2370
2725
3178
1403
-1154
-1630
-175
2023
2121
-589
-3947
-4059
-2541
-2686
-3742
-3539
-2328
-2959
-4916
-7954
-8023
-5566
-3816
-4623
-6348
-5977
-5999
-6291
-7372
-7028
-5097
-3312
-3159
-4745
-5503
-4698
-3744
-3167
-2162
-1697
-567
-341
-836
-1297
-329
1845
2879
3305
2966
3571
4116
4450
4324
5089
7192
7831
7150
6340
6784
7286
6975
6424
7180
8229
8279
6517
4003
3929
4389
4639
3945
2791
2335
1260
-514
-2436
-2697
-1817
-1593
-2962
-4534
-4916
-5361
-6231
-6728
-6165
-4915
-4497
-5917
-6716
-6235
-5398
-4736
-4521
-3491
-2346
-2017
-2467
-2373
-1217
140
951
1169
1829
2738
2894
2611
2807
3493
4737
5097
4176
3946
4299
4608
4415
3507
3626
4473
4363
3132
2266
2414
2473
2293
1311
1430
1761
1008
464
-581
-905
-1536
-1856
-802
-141
-361
-1800
-3004
-2769
-2672
-3372
-3438
-2489
-1129
-1512
-3813
-5406
-4986
-3457
-3318
-3983
-3653
-2312
-1834
-3552
-5024
-4684
-2779
-1849
-2593
-2552
-1679
-928
-1826
-3102
-2777
-1156
498
350
-556
-184
737
850
359
554
1850
2918
2956
2195
2135
3105
3964
3938
3421
3753
4490
4768
4408
4108
4308
4785
5021
4352
3630
3466
3307
2923
2275
1841
1941
1688
820
-292
-921
-776
-868
-1566
-2119
-2285
-2398
-2482
-3085
-3550
-3369
-3257
-3349
-3605
-3643
-3248
-2959
-3209
-3361
-3122
-2551
-2154
-2073
-2218
-2123
-1616
-1468
-1371
-1206
-915
-729
-529
-536
-378
162
426
489
556
859
980
1178
1228
1326
1736
1903
1802
1844
2053
2228
2283
1980
2195
2607
2871
2811
2238
2081
2517
2834
2606
2328
2173
2263
2257
1878
1416
1567
1846
1578
1053
352
184
-175
-611
-718
-708
-398
-673
-1700
-2488
-2521
-2278
-1884
-2183
-2544
-2370
-2728
-3116
-3032
-2439
-1896
-1711
-1993
-2296
-1921
-1321
-1180
-1194
-760
-137
378
426
291
490
1199
1913
2236
2441
2744
2879
2765
2709
2943
3643
3901
3479
2854
2596
2749
2854
2590
2029
1798
1728
1320
787
430
173
-60
-578
-1082
-1298
-1348
-1584
-2061
-2496
-2585
-2540
-2707
-2912
-3247
-3300
-3213
-3249
-3106
-3087
-3130
-2936
-3094
-2932
-2543
-2608
-2313
-2186
-2267
-2100
-2016
-2019
-1521
-1095
-1211
-1098
-976
-649
-434
-374
-86
-17
426
696
609
782
943
1263
1388
1411
1538
1890
2344
2274
2066
2131
2312
2676
2702
2123
2133
2353
2393
2201
1677
1603
1762
1908
1768
1382
869
553
347
18
-158
-86
-360
-903
-1154
-1534
-1416
-1558
-1957
-2098
-2129
-1924
-1944
-2157
-2264
-1935
-1763
-1363
-1200
-1331
-1115
-1031
-955
-528
186
639
669
557
657
863
1392
1981
2266
2394
2690
2648
2573
2858
2802
2896
2968
3045
2905
2729
2591
2151
1796
1609
1609
1727
1507
702
253
-8
-447
-711
-869
-924
-843
-886
-1383
-1824
-1991
-2319
-2444
-2284
-2062
-2258
-2447
-2556
-2804
-2590
-2569
-2696
-2670
-2169
-2232
-2431
-2813
-2945
-2098
-1495
-835
-1405
-1624
-1490
-1417
-1080
-1087
-662
-172
512
393
397
564
-48
-237
165
932
1669
2277
1975
1146
1436
1497
1217
1186
1542
2414
2398
2094
1628
1360
1245
949
836
1016
1638
1235
695
669
373
-90
-440
-479
27
451
33
-178
-585
-983
-1138
-1491
-1474
-1162
-792
-720
-947
-1300
-1521
-1698
-1574
-1130
-686
-396
-558
-495
-193
159
386
210
198
691
1045
1216
1517
1558
1784
1980
1835
1844
1740
1679
2079
1968
2175
2675
2418
2146
1600
1421
1362
1491
1513
1564
2044
1561
797
208
23
102
56
-56
87
-261
-1096
-1819
-2178
-1600
-1080
-862
-1552
-2406
-2851
-3029
-2726
-2474
-2335
-2171
-2086
-2570
-2996
-3099
-2773
-2509
-2016
-1491
-1221
-1240
-2072
-2407
-1672
-498
-101
27
207
530
999
909
850
1162
1711
1790
1449
1474
2060
2909
2761
2072
2236
2179
2121
2059
1607
2149
3181
3215
2529
1954
1613
1172
1086
1773
2029
2366
2484
1752
1801
2028
1502
-117
-2138
-2143
-359
1483
2010
591
-749
-1743
-3492
-4754
-5093
-3527
-1431
-1416
-2336
-3546
-4400
-5381
-6628
-6271
-4314
-2454
-2308
-3581
-3932
-3041
-2614
-2961
-3462
-2350
-696
-234
-119
397
1811
2854
2408
1641
1782
2522
3148
3324
4541
6148
6483
5712
3859
3355
3831
3850
4022
4137
4685
4764
3505
1886
733
481
555
-130
-952
-1628
-2189
-2512
-3211
-3838
-4020
-3960
-4367
-5101
-5719
-5898
-5544
-5072
-4617
-4499
-4191
-4186
-4547
-4553
-3851
-2402
-1228
-705
-388
-149
605
1381
1464
2309
3079
3754
4272
4143
4622
5262
5739
5772
5682
5487
5260
5013
4910
4980
5256
5596
4975
4390
3772
3226
2923
2436
2112
1996
2030
1796
1215
786
522
555
1091
378
-1379
-4019
-5477
-3688
-1915
-954
-1957
-3304
-3171
-4676
-6814
-8290
-7652
-4954
-4345
-5275
-6022
-6248
-6172
-7509
-7961
-6155
-4075
-3474
-5299
-6060
-4086
-2104
-1017
-901
-663
327
302
-70
832
2832
4721
4932
4552
4704
5030
5350
5257
5886
7108
7512
6975
5832
5511
5907
5951
5660
5078
4694
3966
2625
1506
867
812
697
-132
-1177
-2053
-2753
-3614
-4714
-5480
-6060
-6153
-6018
-5956
-5981
-5916
-5518
-5465
-5330
-5470
-5522
-4796
-3995
-3159
-2393
-1900
-1339
-788
-74
894
1752
2344
2360
2600
3052
4090
4927
4929
5143
5198
5580
5800
5609
5503
5426
5353
5012
4559
4376
4267
4253
4102
3671
3503
2905
1946
1177
949
1186
1447
1342
978
973
1371
2088
1465
-645
-3283
-5309
-4430
-3029
-2305
-1910
-2267
-1597
-3115
-6264
-8216
-8247
-6031
-5883
-7150
-7687
-6811
-5611
-6537
-7029
-5562
-3975
-3943
-6079
-6872
-4659
-2426
-1046
-1107
-426
910
1016
1395
1843
3573
4923
4689
4924
5045
5814
6360
6689
8186
8910
8738
7716
6503
6258
5726
5152
4675
4422
4343
3232
2282
1728
1420
803
-808
-1959
-2672
-2999
-3355
-3968
-4064
-4280
-4863
-5317
-5560
-4972
-5032
-5606
-5700
-5764
-4686
-4541
-3937
-2623
-1731
-667
-1422
-1445
-1154
-641
305
707
2003
2522
2824
2700
2599
3554
3995
4370
4315
4045
4094
4035
4202
4472
4482
4020
3147
2636
2401
2376
2779
2853
3127
2803
1809
1251
681
882
1195
1205
1408
1285
1249
1649
2243
1609
-675
-3380
-4872
-3605
-2897
-3179
-3180
-3078
-1802
-3525
-6271
-7113
-6252
-4924
-7033
-9130
-9330
-7841
-6802
-7535
-6796
-5032
-3764
-4479
-6049
-5615
-3974
-2817
-2154
-1601
-594
241
632
2175
4081
5326
5690
5558
5849
5891
5797
5834
7000
8288
7935
7152
6460
6918
7297
6601
5884
4817
3835
2417
1109
916
808
581
-161
-1064
-1332
-1806
-1949
-1836
-2153
-2824
-4103
-5073
-4870
-4155
-3958
-4049
-3970
-3221
-2615
-2467
-2325
-1993
-1125
-829
-930
-1180
-623
238
668
1434
1644
2142
2435
2434
2632
2654
3179
3244
2986
2506
2116
2464
2960
3702
3783
3509
3378
2916
2254
1558
1145
1136
1123
980
1165
1296
1591
1654
1430
1311
1039
676
200
526
1231
2435
2919
1029
-1207
-3262
-3166
-1883
-2537
-3381
-4181
-3494
-3169
-4740
-5656
-5672
-4537
-5410
-7311
-8335
-8639
-8076
-8440
-7837
-6549
-6001
-6106
-6010
-4485
-2780
-2326
-2441
-1909
-1403
-1228
-1198
-13
1960
2918
3191
3513
4821
5604
5806
6314
6903
7618
6760
5842
5559
5727
6097
5688
5536
5016
4465
3871
3572
3350
2382
1600
738
175
-447
-1252
-1294
-760
-640
-1080
-1631
-1700
-1019
-961
-1258
-1877
-2781
-3023
-3352
-3107
-2747
-2605
-1999
-1576
-794
-406
72
755
955
1206
682
461
485
520
804
957
1449
1445
1430
1686
2081
2610
2672
2634
2580
2410
2056
1530
1138
1009
657
210
-93
-52
436
638
943
1028
991
1073
728
811
836
944
1372
1495
1729
2041
2957
3868
3141
1265
-733
-1166
-292
-990
-2434
-3551
-3423
-2731
-3681
-4718
-5202
-4413
-3982
-4995
-6132
-7709
-8421
-8592
-8058
-7484
-7865
-7773
-7042
-5454
-4127
-3583
-2818
-1537
-502
-117
15
470
1503
2301
3170
3502
3569
4091
5198
6991
7989
8166
7621
7400
7405
6943
6435
5553
4973
4289
3561
3099
2514
2120
1693
1181
666
-109
-519
-515
-760
-1144
-1792
-2040
-2109
-2308
-2157
-2354
-2271
-2212
-2382
-2150
-2374
-2745
-2942
-2383
-1343
-978
-1019
-1271
-910
-130
96
111
130
362
563
565
600
367
29
-361
-563
-576
-649
-647
-422
-64
79
98
-195
-220
-3
145
95
-296
-496
-549
-363
-315
-107
181
448
921
1342
1896
2290
2712
3276
3955
4470
4754
5247
5714
6025
5944
5830
5379
3803
2069
863
885
613
-958
-2406
-3311
-3024
-3732
-5194
-6206
-6575
-6054
-6706
-7402
-8231
-8631
-8451
-8580
-8218
-8128
-7348
-6164
-4997
-3689
-2633
-1509
-279
814
1823
2659
2866
3480
4262
5560
6451
6105
5972
5880
6674
7080
6898
6756
6224
6153
5618
5057
4680
4117
3640
2690
1762
1120
429
-178
-886
-1447
-1770
-2091
-1952
-1754
-1626
-1541
-1698
-1624
-1574
-1587
-1697
-1875
-1750
-1764
-1565
-1238
-1323
-1426
-1977
-1928
-1526
-1535
-1288
-1638
-1371
-1281
-1588
-1669
-2157
-1829
-2101
-2391
-2386
-2394
-1986
-2300
-2464
-2540
-2254
-1708
-1633
-1319
-902
-598
-338
-299
-93
367
725
1308
1502
1682
1827
1766
2165
2199
2419
2527
2723
3388
3885
4440
4474
4467
4624
4812
4979
4725
4564
4594
4568
4594
4286
3671
2158
250
-710
-1049
-954
-2190
-3769
-4538
-4745
-4685
-5811
-6522
-6663
-6202
-5772
-5959
-5872
-5715
-5117
-4639
-4298
-4093
-3940
-3486
-2495
-1309
-372
213
693
1724
2688
3644
4071
4506
5141
5348
5298
4597
4352
4409
4491
4438
4056
3945
4022
4272
4493
4451
4152
4005
3765
3397
2778
1903
1148
513
60
-616
-1315
-1906
-2188
-2312
-2460
-2639
-2789
-2491
-2390
-2576
-2920
-3016
-2796
-2733
-2877
-3292
-3605
-3554
-3404
-3452
-3497
-3614
-3523
-3459
-3462
-3382
-3503
-3288
-3079
-2621
-2197
-2004
-1579
-1380
-1168
-1243
-1398
-1316
-1110
-851
-849
-624
-334
-71
386
606
834
833
684
1006
1374
1934
2241
2265
2429
2442
2601
2569
2591
2783
2945
3173
3307
3684
4078
4375
4461
4318
4397
4467
4391
4335
4308
4264
4120
3799
3533
3006
1845
648
-319
-628
-1001
-2138
-3093
-3664
-3529
-3633
-4374
-4750
-4970
-4575
-4415
-4736
-4930
-5399
-5268
-4931
-4408
-3932
-3980
-3507
-2897
-2109
-1533
-1014
206
1292
2362
2770
3056
3815
4192
4767
4935
5109
5271
4988
5175
5253
5370
5288
4971
5010
4872
4500
3968
3478
3250
2779
1949
969
-75
-934
-1883
-2681
-3352
-4079
-4426
-4849
-5117
-5296
-5484
-5062
-4621
-4116
-3684
-3379
-2859
-2661
-2471
-2401
-2329
-2154
-2149
-1844
-1581
-1380
-1300
-1377
-1512
-1720
-1794
-1705
-1483
-1542
-1672
-1917
-1919
-1611
-1632
-1601
-1697
-1493
-1145
-1049
-976
-1084
-800
-603
-452
-318
-322
101
371
866
1364
1773
2310
2432
2844
3222
3601
4101
4179
4267
4113
3961
3720
3410
3595
3607
3602
3447
3122
3136
3133
3043
2660
2309
2229
2036
1776
1426
1151
1088
855
104
-824
-1504
-1767
-2097
-2782
-3444
-4134
-4316
-4601
-4931
-4749
-4639
-4186
-4229
-4047
-3590
-3273
-2554
-2254
-1600
-1294
-1109
-572
-114
784
1243
1770
2328
2559
2837
2889
3288
3721
3918
4159
4149
3990
3549
3251
3375
3439
3369
2973
2680
2541
2164
1773
1310
1007
712
64
-458
-887
-1315
-1636
-2017
-2401
-2867
-3188
-3275
-3196
-2942
-2867
-2733
-2671
-2833
-3008
-3018
-2634
-2376
-2282
-2236
-2127
-1764
-1413
-1134
-1047
-1104
-1069
-909
-688
-431
-186
95
195
-164
-400
-411
-258
-340
-934
-1215
-1392
-1427
-1683
-2005
-1675
-1291
-851
-750
-461
-209
-279
-96
-89
223
258
300
564
623
954
1005
1218
1541
1668
1782
1705
2015
2284
2495
2719
2440
2322
2162
2072
1993
1729
1834
1821
2001
2193
2186
2277
2241
2390
2412
2360
2266
1967
1768
1358
882
501
203
-204
-868
-1305
-1468
-1488
-1685
-1897
-1943
-1860
-1750
-1914
-1991
-2002
-2069
-2164
-2125
-2008
-2039
-1925
-1665
-1300
-1125
-1138
-968
-753
-508
-340
-51
439
822
1118
1339
1826
2285
2561
2885
3040
3167
3097
3102
3248
3174
3066
2648
2195
1846
1376
985
526
82
-510
-1021
-1250
-1583
-1888
-2287
-2489
-2537
-2648
-2593
-2514
-2345
-2129
-1873
-1577
-1271
-1039
-865
-574
-298
-143
-104
-114
-138
-153
-113
43
119
72
-37
-238
-477
-854
-1316
-1811
-2278
-2761
-3038
-3186
-3386
-3552
-3727
-3651
-3521
-3451
-3458
-3338
-2955
-2575
-1989
-1533
-1074
-549
-244
147
311
642
1129
1547
2144
2420
2814
3205
3586
4009
4133
4334
4255
4220
4247
4170
4111
3753
3587
3427
3234
3107
2783
2612
2424
2355
2291
2031
1852
1459
1229
973
267
-486
-1116
-1355
-1764
-2490
-2964
-3322
-3362
-3473
-3747
-3714
-3660
-3480
-3361
-3036
-2554
-2411
-1939
-1337
-742
-442
-459
-159
82
374
513
618
926
988
1148
1431
1696
1808
1818
2056
2167
1938
1612
1502
1735
1794
1560
1288
1068
934
750
836
1094
1242
1310
1406
1685
1821
1859
1855
1862
1892
1656
1335
1035
734
593
373
-13
-428
-784
-919
-1102
-1473
-1914
-2274
-2440
-2696
-3066
-3472
-3929
-4266
-4490
-4560
-4581
-4730
-4853
-4933
-4810
-4534
-4299
-4080
-3971
-3781
-3445
-3027
-2656
-2438
-2056
-1617
-1161
-736
-410
184
757
1306
1834
2217
2709
2981
3226
3481
3528
3535
3517
3645
3710
3594
3311
3047
2910
2810
2739
2586
2575
2523
2511
2450
2238
2029
1658
1482
1254
1059
895
668
681
712
831
878
928
1042
1115
1188
1089
794
468
244
51
-413
-1128
-1736
-2178
-2370
-2714
-3123
-3368
-3622
-3614
-3630
-3455
-3299
-3222
-2815
-2475
-2049
-1920
-1841
-1481
-1224
-856
-736
-519
-178
31
456
751
1097
1521
2145
2949
3433
3789
4065
4494
4893
4938
4886
4715
4574
4366
4111
3975
3675
3255
2924
2629
2259
1759
1145
629
95
-507
-1130
-1879
-2544
-3156
-3585
-3930
-4387
-4760
-4874
-4657
-4546
-4556
-4475
-4237
-3963
-3847
-3719
-3536
-3193
-2804
-2470
-2103
-1845
-1546
-1162
-684
-128
121
360
578
712
911
994
1177
1231
1266
1276
1188
1162
1071
1141
1047
912
750
608
687
548
456
291
276
422
407
504
423
455
424
302
330
269
403
506
639
703
618
648
696
883
913
861
901
955
1107
1113
1216
1339
1299
1242
1051
920
715
544
433
237
-8
-388
-636
-856
-1139
-1487
-1740
-1923
-2187
-2429
-2587
-2497
-2398
-2223
-1985
-1745
-1435
-1125
-755
-406
-65
275
698
1094
1354
1620
1983
2400
2633
2750
2949
3056
2980
2890
2852
2849
2718
2473
2254
2033
1808
1515
1283
1052
735
473
167
-73
-287
-492
-611
-811
-981
-1066
-1094
-1170
-1312
-1395
-1377
-1380
-1549
-1748
-1873
-2015
-2157
-2177
-2089
-1906
-1702
-1490
-1295
-1114
-874
-683
-539
-458
-376
-222
-38
93
86
123
198
290
358
367
309
121
27
-42
8
116
65
24
-144
-204
-191
-199
-161
-340
-539
-784
-931
-948
-969
-947
-1008
-980
-948
-881
-762
-622
-395
-289
-195
-158
-222
-279
-418
-538
-650
-774
-846
-923
-859
-796
-701
-514
-415
-230
-90
102
318
421
612
818
1032
1161
1214
1280
1420
1577
1645
1685
1723
1808
1873
1924
1909
1912
1937
1958
2040
1998
2019
2075
2144
2182
1939
1620
1255
966
659
233
-194
-680
-973
-1244
-1494
-1688
-1893
-1825
-1726
-1641
-1733
-1917
-1843
-1693
-1441
-1277
-1122
-902
-774
-522
-302
-129
-55
41
308
548
781
956
1296
1662
1968
2300
2572
2833
2914
2964
2964
2818
2533
2165
1785
1258
734
335
66
-204
-511
-694
-740
-703
-655
-639
-633
-625
-599
-588
-715
-984
-1256
-1429
-1610
-1892
-2200
-2352
-2402
-2549
-2700
-2799
-2746
-2611
-2381
-1970
-1653
-1372
-1142
-918
-737
-709
-672
-780
-914
-1068
-1182
-1201
-1351
-1412
-1369
-1210
-1112
-1131
-936
-606
-166
208
498
706
690
716
698
780
888
847
876
755
679
635
722
981
1118
1307
1412
1477
1542
1657
1853
1961
2043
2076
2049
1946
1783
1623
1497
1320
1017
657
279
-19
-224
-293
-226
-201
-128
20
181
312
378
486
562
639
613
541
524
380
224
9
-262
-551
-843
-977
-1093
-1148
-1083
-955
-687
-415
-187
-11
97
247
356
423
464
474
545
639
760
818
821
843
915
1133
1351
1533
1643
1699
1828
1966
2040
1983
1866
1787
1668
1405
1043
718
478
281
50
-255
-606
-965
-1286
-1534
-1758
-1973
-2124
-2199
-2248
-2244
-2191
-2126
-2158
-2257
-2295
-2284
-2233
-2215
-2195
-2128
-2008
-1884
-1771
-1549
-1268
-944
-591
-283
-60
114
290
444
552
626
704
795
829
806
797
786
791
801
800
729
514
304
162
79
-35
-225
-353
-461
-530
-614
-644
-565
-536
-554
-619
-619
-611
-615
-645
-703
-717
-788
-800
-829
-881
-854
-785
-647
-530
-454
-392
-334
-231
-134
-3
144
267
374
411
409
351
362
472
602
749
830
901
994
1098
1188
1233
1276
1346
1428
1465
1427
1354
1262
1171
1063
929
803
663
509
397
386
454
525
527
462
420
408
365
323
272
249
256
225
183
141
179
244
263
167
32
-20
36
146
226
321
396
505
626
790
937
1013
1046
1035
1102
1113
1064
998
960
919
774
601
486
514
552
516
383
173
-15
-206
-400
-630
-861
-1119
-1425
-1651
-1807
-1891
-1957
-2084
-2175
-2171
-2060
-1958
-1876
-1740
-1622
-1524
-1476
-1380
-1199
-982
-723
-520
-361
-251
-196
-160
-88
-27
37
32
-66
-146
-204
-192
-237
-289
-350
-417
-424
-417
-399
-461
-513
-580
-672
-784
-958
-1086
-1113
-1008
-875
-755
-640
-575
-468
-308
-77
133
242
305
372
462
563
671
770
931
1038
1109
1194
1244
1351
1413
1449
1404
1293
1169
955
791
625
423
232
16
-146
-316
-431
-514
-640
-685
-720
-707
-693
-631
-539
-460
-339
-289
-177
-2
195
389
562
763
907
1001
1098
1185
1299
1427
1489
1461
1400
1387
1384
1400
1380
1261
1104
898
663
435
248
125
-29
-258
-461
-598
-597
-509
-427
-327
-256
-114
86
291
467
590
713
762
769
712
648
631
576
514
382
198
5
-146
-260
-355
-409
-484
-549
-640
-747
-783
-748
-698
-695
-745
-811
-877
-917
-900
-893
-908
-903
-896
-862
-787
-691
-560
-383
-197
-22
192
436
615
721
755
672
531
388
239
52
-187
-425
-606
-746
-907
-1076
-1198
-1229
-1272
-1335
-1338
-1306
-1223
-1143
-1062
-974
-849
-685
-513
-355
-202
-70
23
106
185
281
376
480
530
615
733
816
902
926
958
930
884
803
625
420
141
-91
-303
-497
-604
-693
-745
-858
-930
-907
-833
-687
-600
-494
-408
-354
-278
-195
-42
110
242
299
320
355
445
568
637
699
695
680
644
637
733
851
971
1011
1080
1148
1201
1234
1215
1197
1087
966
861
770
738
691
679
690
704
778
864
981
1045
1046
1026
945
818
688
584
454
289
96
-85
-242
-376
-496
-610
-707
-844
-966
-1044
-1059
-1053
-1019
-907
-792
-633
-504
-390
-271
-175
-115
-160
-217
-268
-314
-324
-336
-337
-324
-311
-242
-166
-80
15
62
102
82
30
-34
-86
-143
-257
-376
-527
-611
-617
-593
-537
-485
-392
-254
-122
12
161
360
595
793
941
1059
1170
1224
1204
1128
988
816
575
270
-14
-222
-369
-562
-788
-995
-1115
-1172
-1234
-1293
-1396
-1487
-1595
-1725
-1851
-1962
-2062
-2139
-2152
-2132
-2053
-1939
-1752
-1460
-1128
-818
-564
-328
-40
284
557
790
970
1139
1301
1408
1495
1558
1618
1637
1589
1475
1404
1426
1473
1525
1508
1491
1502
1525
1582
1582
1555
1490
1359
1210
1025
893
765
629
498
336
262
208
206
243
250
248
193
190
222
281
332
320
279
191
83
-25
-112
-140
-149
-153
-152
-165
-124
-32
45
92
135
181
222
250
248
233
197
153
93
30
-36
-135
-223
-269
-315
-403
-472
-501
-494
-488
-489
-503
-543
-570
-603
-616
-618
-588
-542
-538
-569
-647
-654
-571
-479
-379
-312
-249
-162
-57
48
123
184
188
157
101
22
-34
-89
-145
-241
-381
-514
-642
-759
-851
-921
-995
-1043
-1072
-1131
-1162
-1161
-1123
-1087
-1108
-1122
-1119
-1040
-928
-840
-728
-622
-517
-383
-209
-15
166
341
499
621
741
860
961
1054
1118
1142
1153
1164
1137
1091
1036
985
917
851
792
723
668
593
522
408
243
63
-101
-199
-297
-402
-516
-616
-675
-692
-676
-662
-630
-565
-471
-366
-250
-111
18
145
271
358
410
452
476
503
538
557
585
638
687
688
637
613
634
662
671
609
511
407
300
193
70
-42
-167
-314
-425
-513
-560
-574
-628
-673
-669
-646
-594
-494
-376
-297
-255
-245
-207
-130
-79
-64
-124
-211
-281
-307
-258
-212
-168
-142
-121
-59
30
131
171
199
242
274
278
244
211
201
190
162
103
13
-38
-66
-83
-111
-192
-273
-307
-293
-275
-261
-257
-258
-225
-205
-196
-172
-138
-64
21
76
72
31
-2
10
51
50
38
34
61
120
155
179
219
271
283
205
72
-87
-215
-288
-351
-458
-609
-745
-877
-973
-1054
-1156
-1232
-1267
-1252
-1215
-1153
-1094
-1001
-860
-705
-536
-394
-257
-72
124
318
493
652
806
925
1016
1071
1138
1245
1356
1441
1475
1509
1538
1556
1534
1426
1296
1158
1023
891
733
563
386
217
55
-79
-207
-314
-366
-397
-426
-483
-534
-575
-599
-607
-606
-629
-673
-696
-730
-744
-766
-745
-689
-639
-581
-565
-543
-503
-452
-433
-413
-375
-373
-356
-335
-305
-258
-220
-154
-73
34
140
232
358
480
605
766
915
1035
1116
1168
1214
1256
1276
1257
1250
1257
1238
1191
1125
1080
1028
944
840
746
710
677
633
588
537
493
457
407
351
287
205
128
40
-59
-146
-216
-268
-321
-381
-431
-474
-510
-543
-604
-699
-796
-869
-933
-998
-1049
-1103
-1140
-1133
-1106
-1066
-1020
-967
-903
-815
-742
-675
-559
-433
-294
-170
-62
29
124
238
346
452
526
601
639
679
751
783
791
771
751
748
720
688
649
613
580
533
479
394
319
232
150
95
18
-36
-83
-138
-228
-345
-461
-552
-645
-754
-842
-911
-936
-975
-1033
-1088
-1154
-1207
-1251
-1265
-1255
-1216
-1181
-1146
-1101
-1056
-991
-907
-803
-700
-581
-444
-298
-147
-3
134
242
340
456
600
781
958
1091
1188
1286
1402
1488
1547
1562
1545
1552
1533
1509
1459
1408
1381
1341
1296
1237
1197
1140
1075
1009
923
810
675
536
386
228
77
-32
-126
-196
-266
-354
-429
-485
-510
-531
-561
-601
-656
-695
-698
-702
-743
-790
-831
-880
-890
-913
-927
-917
-902
-869
-872
-894
-905
-869
-808
-733
-652
-554
-429
-333
-246
-177
-121
-78
-29
41
106
161
216
282
368
439
495
540
572
592
586
565
522
486
434
350
251
132
32
-46
-97
-141
-171
-186
-209
-201
-189
-182
-189
-256
-328
-386
-452
-514
-558
-603
-672
-739
-817
-875
-889
-875
-849
-835
-810
-770
-741
-703
-674
-652
-631
-608
-581
-563
-542
-533
-514
-475
-426
-377
-300
-219
-141
-25
103
250
377
503
610
709
807
903
1008
1082
1133
1131
1116
1105
1118
1142
1159
1190
1202
1237
1276
1313
1329
1301
1270
1223
1163
1090
978
861
730
582
467
369
262
170
85
19
-37
-95
-145
-172
-184
-188
-192
-192
-179
-164
-137
-115
-87
-31
19
49
43
23
10
9
34
66
88
98
119
150
197
234
244
247
241
227
187
155
122
105
72
-6
-76
-143
-157
-149
-160
-173
-186
-174
-153
-152
-167
-190
-231
-279
-342
-423
-489
-543
-599
-658
-700
-732
-754
-752
-732
-697
-677
-682
-686
-688
-685
-678
-723
-787
-842
-888
-918
-951
-990
-1014
-1012
-1028
-1024
-990
-949
-901
-856
-824
-791
-736
-684
-631
-596
-566
-545
-508
-457
-402
-334
-275
-192
-68
92
239
396
560
725
890
1039
1160
1243
1313
1356
1390
1439
1461
1449
1439
1441
1446
1468
1507
1523
1506
1461
1384
1294
1206
1111
982
832
672
512
379
269
160
57
-45
-148
-225
-285
-333
-371
-401
-416
-423
-406
-371
-334
-276
-199
-111
-48
6
68
115
167
218
277
329
354
332
303
266
218
177
121
62
-2
-66
-141
-216
-292
-353
-398
-457
-508
-545
-578
-578
-574
-580
-581
-594
-606
-605
-591
-556
-498
-440
-384
-326
-274
-213
-165
-130
-76
-33
7
72
141
206
244
259
264
266
269
270
254
229
189
138
102
56
-9
-97
-174
-253
-309
-367
-468
-572
-683
-771
-846
-917
-996
-1059
-1113
-1189
-1243
-1242
-1180
-1107
-1031
-968
-907
-847
-773
-681
-571
-459
-356
-265
-174
-68
29
151
258
377
491
580
652
694
750
809
855
872
866
853
858
848
834
829
829
836
811
775
743
730
719
692
666
644
601
523
451
405
380
371
373
381
409
426
441
452
453
469
482
505
526
539
545
524
495
449
396
345
292
244
182
115
58
3
-42
-82
-112
-148
-180
-227
-283
-313
-336
-352
-365
-377
-407
-440
-462
-470
-452
-424
-388
-364
-322
-280
-241
-167
-97
-11
83
174
234
287
332
350
357
333
318
300
256
205
157
112
67
18
-17
-61
-97
-130
-168
-214
-293
-387
-485
-559
-624
-712
-813
-917
-1007
-1086
-1136
-1172
-1219
-1260
-1300
-1364
-1410
-1411
-1376
-1319
-1257
-1183
-1103
-1004
-896
-795
-680
-560
-410
-254
-108
29
146
252
340
427
532
650
772
917
1065
1188
1310
1396
1452
1477
1462
1431
1375
1296
1188
1063
958
858
760
690
625
532
437
366
330
317
303
256
193
123
29
-45
-80
-83
-78
-87
-102
-125
-150
-165
-170
-178
-188
-223
-257
-265
-286
-311
-365
-435
-494
-547
-571
-587
-625
-629
-609
-599
-571
-548
-504
-446
-391
-343
-300
-243
-150
-47
51
166
277
388
477
544
619
697
772
823
863
863
854
866
845
848
829
780
722
646
584
531
475
386
275
153
54
-23
-124
-212
-291
-392
-479
-578
-663
-694
-724
-752
-811
-871
-892
-899
-897
-880
-841
-804
-795
-802
-788
-738
-684
-649
-603
-563
-499
-420
-337
-245
-191
-134
-69
3
81
153
224
275
297
299
301
315
343
367
399
415
441
482
512
532
555
570
543
535
526
524
526
490
457
417
376
325
271
258
253
274
282
274
267
241
241
230
225
220
158
135
98
44
33
-27
-73
-112
-152
-178
-218
-241
-275
-272
-250
-245
-224
-227
-246
-280
-311
-324
-344
-346
-339
-311
-285
-286
-226
-157
-82
-8
42
133
208
289
375
434
506
556
584
612
635
656
640
608
563
511
475
392
347
310
251
221
161
111
91
62
30
-27
-90
-150
-244
-327
-395
-479
-582
-664
-743
-822
-844
-869
-869
-872
-882
-846
-845
-807
-749
-713
-680
-660
-658
-647
-646
-666
-639
-640
-622
-562
-515
-444
-349
-278
-193
-92
-30
81
142
204
325
399
446
472
457
424
419
371
352
344
308
353
357
339
381
367
409
481
467
542
555
483
496
462
399
378
280
168
139
20
-41
-39
-128
-95
-99
-174
-107
-132
-128
-58
-127
-105
-110
-164
-141
-221
-296
-298
-372
-425
-444
-560
-565
-568
-599
-507
-488
-438
-357
-337
-250
-163
-130
-40
-7
5
66
94
128
184
233
285
380
421
477
559
622
709
760
796
825
833
841
838
807
777
703
617
560
481
433
410
347
287
222
111
90
75
35
53
8
-29
7
-16
-14
5
-72
-71
-125
-233
-237
-332
-377
-381
-449
-438
-427
-412
-347
-331
-293
-232
-211
-171
-133
-131
-140
-125
-136
-117
-81
-72
11
46
63
108
87
130
183
196
280
298
277
313
325
324
352
322
244
230
147
127
128
52
83
32
-2
25
-19
-6
-2
-12
33
8
-35
-30
-74
-93
-84
-135
-146
-166
-226
-186
-225
-272
-239
-304
-276
-252
-273
-191
-180
-181
-107
-118
-114
-67
-114
-70
-47
-91
-51
-81
-75
-32
-70
-5
64
69
136
136
116
162
152
141
191
179
180
219
173
184
148
107
132
72
55
62
23
34
67
48
66
74
36
53
0
-70
-58
-131
-134
-87
-133
-86
-71
-100
-63
-97
-94
-49
-79
-61
-23
-32
36
69
57
127
90
77
112
9
17
-25
-105
-40
-114
-158
-146
-223
-213
-208
-250
-206
-203
-232
-182
-196
-208
-168
-214
-201
-185
-258
-250
-299
-321
-259
-284
-252
-220
-223
-173
-141
-136
-127
-123
-139
-113
-119
-129
-99
-121
-91
-49
-27
41
78
108
144
146
144
161
157
164
210
187
186
199
165
210
189
149
168
155
160
152
128
105
83
51
33
5
-26
-46
-74
-72
-110
-114
-88
-100
-48
-22
-21
5
-12
0
0
-23
0
2
-1
24
31
-23
-25
-20
-44
0
-26
-57
-63
-93
-93
-107
-104
-99
-83
-64
-69
-60
-76
-83
-98
-128
-138
-154
-113
-88
-54
1
19
79
117
143
176
180
212
244
258
274
310
344
371
414
441
424
398
398
390
346
302
247
214
202
164
148
100
67
63
4
-43
-89
-165
-200
-240
-310
-340
-400
-442
-459
-466
-484
-527
-541
-542
-529
-523
-497
-497
-478
-434
-415
-359
-318
-283
-239
-212
-184
-147
-145
-67
42
94
201
246
257
304
313
328
337
331
328
324
309
284
230
184
159
99
55
14
-31
-42
-81
-95
-68
-58
-26
-14
-9
-15
-25
-22
-26
-23
-36
-29
-13
6
18
46
92
132
180
175
167
193
167
138
106
51
41
9
2
-19
-60
-76
-134
-102
-118
-159
-163
-209
-181
-159
-150
-137
-114
-88
-57
-13
1
69
115
157
205
179
190
201
198
249
275
304
360
394
456
499
522
518
487
447
396
387
373
355
326
300
269
190
140
57
-51
-123
-203
-247
-275
-316
-334
-368
-416
-427
-427
-443
-444
-442
-449
-430
-427
-416
-384
-385
-361
