25
29
25
69
68
62
69
55
20
5
-7
-33
-42
-49
-41
-34
-56
-54
-41
-54
-73
-11
16
-23
29
70
18
42
78
33
72
63
15
64
71
20
81
106
20
90
144
96
108
166
142
138
198
128
87
210
126
16
213
162
-54
93
133
-51
42
22
-8
66
-101
-49
135
-36
-125
120
73
-144
17
152
-103
-88
125
6
-59
-25
6
21
-135
-166
54
-57
-231
-3
-17
-157
-91
-48
-40
-66
-96
-9
18
-79
27
33
-64
31
-14
-97
-30
-97
-186
-147
-194
-226
-244
-280
-230
-254
-342
-284
-261
-336
-369
-330
-263
-366
-421
-254
-379
-503
-328
-400
-445
-316
-339
-322
-202
-356
-214
-83
-313
-98
41
-115
-31
147
36
118
126
155
266
89
217
251
256
184
216
367
208
294
235
391
313
140
532
250
192
433
384
138
466
347
109
613
-37
357
530
10
265
445
245
92
474
71
342
274
43
287
222
228
-95
320
142
-2
153
36
212
90
72
143
344
14
51
342
105
58
47
301
20
-49
296
67
28
42
32
112
-70
-120
51
-65
-272
-85
-163
-370
-244
-448
-416
-474
-549
-520
-651
-608
-660
-661
-806
-635
-700
-816
-633
-723
-689
-654
-584
-678
-608
-483
-573
-502
-439
-371
-332
-271
-302
-150
30
-170
-42
64
109
162
3
170
411
205
79
310
544
386
-149
600
747
-135
428
485
398
495
-72
681
714
-249
490
674
-179
493
539
-276
688
240
-5
402
53
455
-24
112
522
182
52
262
259
507
-266
176
1112
-595
158
980
-90
62
741
157
427
504
27
891
341
148
693
597
117
679
600
1
826
397
62
553
472
77
366
281
236
368
-137
347
219
-180
47
116
-213
-238
-100
-336
-306
-491
-300
-523
-569
-475
-697
-596
-698
-666
-711
-665
-708
-713
-785
-706
-641
-789
-752
-520
-547
-793
-456
-462
-557
-461
-371
-371
-208
-171
-303
23
1
193
-79
50
740
14
115
741
384
375
522
357
879
655
6
955
1056
-23
506
1459
172
130
1308
491
168
898
386
438
735
-306
951
534
-563
694
614
-408
-121
816
-301
-21
-341
350
472
-1487
653
420
-970
84
-64
-244
164
-892
-192
934
-1251
-372
981
-921
-171
211
-545
346
-232
-573
642
30
-730
778
-201
-186
665
-606
214
432
-285
-218
471
-127
-158
177
-386
296
-340
-391
123
-319
-496
-232
-220
-690
-306
-621
-440
-517
-915
-317
-732
-767
-687
-682
-689
-916
-624
-796
-797
-699
-810
-569
-951
-502
-592
-765
-371
-697
-267
-568
-354
-334
-349
-145
-380
-19
-250
119
-3
-458
625
35
-348
696
131
189
615
59
429
1197
-342
365
1641
-129
-5
1468
608
-116
1021
732
792
-8
769
1168
-244
697
694
206
639
393
-131
1097
151
3
482
312
620
-228
276
462
415
-312
138
466
84
-429
280
561
-883
423
257
-90
-737
537
734
-1319
42
820
-198
-1307
659
275
-834
-316
157
-1
-818
12
-377
-220
-271
-561
-184
140
-902
-296
344
-1084
-121
-178
-725
-256
-321
-718
-198
-413
-543
-459
-634
-138
-749
-724
-333
-329
-970
-559
-180
-873
-598
-466
-531
-603
-448
-549
-428
-385
-467
-270
-510
-192
-230
-447
-113
-167
-58
-292
-6
171
-165
45
-34
594
-136
-191
1039
129
-315
755
731
-318
756
420
178
853
-122
508
647
186
131
777
240
3
1177
-560
375
1206
-619
370
651
272
40
656
-168
689
935
-1313
1657
423
-851
1165
842
-1060
962
1402
-1457
1502
256
151
779
-310
991
723
-284
352
1349
-241
243
607
576
321
-217
781
418
47
154
415
378
-252
699
-185
-78
1130
-846
133
736
-75
-401
327
635
-621
305
139
-140
-125
276
-304
-127
535
-840
374
-160
-545
216
-249
-563
-101
2
-808
3
-488
-474
-373
-494
-455
-692
-229
-720
-582
-492
-681
-613
-524
-677
-456
-610
-516
-242
-814
-243
-186
-534
26
-395
-472
813
-698
-345
1156
-400
-122
776
291
-158
679
289
520
135
335
1362
-701
570
973
229
-106
21
1444
-506
-392
976
107
-514
473
-347
-181
660
-1696
871
-190
-1686
1017
-892
-823
-256
-236
-603
-478
-573
-381
383
-1638
123
334
-1170
-88
-166
-106
-675
53
-352
-431
414
-1004
268
-189
202
-560
-370
1476
-1464
575
159
-276
641
-364
151
651
207
-786
1711
-355
-166
943
728
238
-571
2310
-249
500
840
659
1127
244
1210
329
1327
319
999
620
698
1119
-246
1492
293
52
976
473
-143
348
601
-239
184
75
-199
157
-185
-173
-229
-46
-103
-537
224
-410
92
-321
-323
635
-1004
441
223
-857
783
-14
-397
864
-115
1
683
76
512
105
363
756
427
-320
1083
708
-788
1180
496
-422
610
811
-485
233
576
156
-148
-399
1037
-817
-372
1019
-1816
429
647
-2507
1246
9
-2474
993
-175
-2016
48
110
-1477
-1042
375
-1247
-1139
584
-2014
-411
712
-2675
-144
1174
-3280
325
844
-2973
714
-338
-1735
280
-858
-942
438
-1830
362
151
-2151
1213
-497
-702
-45
129
135
-507
368
-171
235
347
-201
-32
1229
-44
-294
1459
252
433
527
823
792
-143
830
838
359
119
469
1044
-215
1
844
-84
-259
192
45
-689
154
-451
-593
-74
-815
-547
-303
-598
-1287
76
-930
-942
-350
-676
-566
-1007
-57
-690
-528
-825
-24
-360
-1075
517
-593
-145
148
-500
903
-461
-552
1773
-837
-676
1452
-414
245
-47
128
1196
-606
50
992
346
-575
590
611
-458
647
-629
92
817
-1322
-266
721
-847
-921
358
-421
-1203
682
-853
-1667
1482
-1137
-2195
1638
-1386
-2035
1861
-2706
-530
1445
-3275
526
284
-1669
-404
573
-1097
-777
713
-780
-15
-881
998
-363
-726
745
-224
531
-750
391
799
-285
-377
1276
-23
-14
973
-225
1413
-323
231
1829
-334
-50
1982
338
-652
2384
252
-291
2349
-428
327
1803
-240
430
1267
-121
616
1386
-708
938
1152
-600
567
473
213
6
-3
286
2
-149
32
242
-465
97
-70
-233
-232
-419
429
-713
-26
80
-197
56
58
-337
27
834
-646
146
449
582
173
-45
771
1277
-77
-110
2208
52
-31
1743
536
65
1832
442
111
1965
240
368
1630
-77
779
1587
-928
1427
638
118
272
178
1205
-1019
789
-235
770
-625
-534
1150
-646
-565
-424
1181
-1521
-199
-289
503
-995
-370
285
-1018
1363
-2483
1077
-465
-605
368
-1389
684
-98
-972
-292
709
-1064
188
-673
241
-68
-700
6
469
-283
-1198
2207
-1333
-1070
2463
-995
-1404
2550
-786
-1087
2425
-1059
-92
1684
-401
-140
1726
-527
68
1629
-523
248
1175
337
-308
1040
219
185
-109
216
628
-1149
320
-80
-589
-431
-280
-586
-683
-736
-636
-843
-1553
-223
-1205
-1434
-497
-1215
-957
-613
-1712
-122
-865
-1888
328
-907
-1395
-126
-160
-972
-230
352
-887
276
791
-1208
786
581
-278
809
53
500
840
293
397
557
296
1317
-599
529
1336
-594
517
450
140
262
-219
255
787
-1593
851
524
-1467
299
31
-220
-775
398
-756
29
-147
-1321
1293
-847
-1278
1023
201
-1793
191
1368
-1772
212
-114
-221
666
-1762
992
253
-1452
1075
263
-1146
922
12
-897
1333
-845
-356
1477
-1384
150
1691
-2161
458
2610
-2686
-112
2432
-1003
-511
241
1465
-404
-992
2152
-626
-464
1260
-1041
690
956
-1638
1103
848
-1576
1121
335
-1042
604
-383
-533
-60
-304
-746
-514
-311
-729
-817
-802
-25
-1751
-641
-245
-1356
-835
-697
-357
-1402
-603
-268
-592
-1373
171
-499
-935
625
-1013
105
292
18
-361
795
876
-812
1306
995
-111
1096
1054
419
1050
1199
314
949
1557
613
308
1262
1466
152
278
1571
100
0
1295
-569
538
780
-838
746
387
-881
735
-208
-508
602
-1291
833
-625
-1133
1764
-1781
-506
2637
-2612
-328
2821
-3121
1425
822
-2794
3290
-1138
-1578
3680
-2142
34
2640
-2491
1693
1396
-2416
2065
613
-1585
1722
90
-360
572
-115
817
-542
250
1193
-1725
917
1022
-1523
1247
618
-1079
1122
791
-1430
1705
447
-1785
1737
12
-1058
1154
-33
-667
720
-20
-84
369
-613
545
-571
-729
774
-1115
-545
82
-834
-811
37
-453
-1309
-178
-455
-1124
-674
-55
-1228
-828
401
-1527
-280
-60
-800
-324
-594
-115
-183
-240
-641
801
-538
-130
924
-633
855
312
-322
1068
731
-509
1094
656
-202
1410
-269
282
1674
-790
884
448
-113
1270
-1044
814
401
-830
631
-74
-617
615
-590
-466
1081
-1784
188
263
-1420
368
-398
-806
830
-1150
-747
2352
-2470
-405
2009
-1217
-907
739
112
-718
546
-1024
1343
-374
-999
1309
-689
-110
180
-101
-68
74
-830
1200
-675
-1125
1831
-1727
-48
1292
-2004
414
991
-1671
13
1134
-715
-396
1305
-810
282
985
-556
689
626
-229
-90
1506
-586
705
729
-398
1349
95
336
450
726
-476
811
163
-528
739
-51
-138
-705
924
-833
-534
64
-990
9
-912
-466
-175
-935
-647
54
-1053
-398
-267
-916
-248
-404
-576
-229
55
-448
154
-222
51
427
10
-557
1064
585
-659
1285
-294
1234
678
-1336
1520
1429
-1259
234
1955
-494
-89
937
124
221
82
163
436
-1099
274
899
-1446
391
-154
-1012
1524
-2612
-232
2259
-3880
746
774
-2954
940
384
-2634
947
192
-2043
524
-951
791
-1152
-819
794
-227
-457
-1248
1748
-664
-850
1106
105
-783
1088
-842
394
1604
-3340
3615
493
-3261
3203
1116
-2173
1640
1459
-1646
2529
-706
-295
2478
-454
-154
1742
928
-369
1678
24
150
1228
-28
696
1038
-530
1587
878
-1096
1855
-118
-360
981
-482
-484
945
-349
-661
322
-376
225
-1084
-348
64
-802
-921
-282
-209
-1017
-705
-39
-309
-1658
673
-849
-873
-217
-289
319
-1129
572
-578
342
-172
-602
1139
-366
-183
1505
-217
-348
2061
-534
82
1449
159
-12
1290
827
-648
1604
436
-601
1318
-141
-508
1079
-179
-845
683
43
-676
-70
-96
-304
-792
249
-1255
-421
1300
-3442
723
1433
-4420
2063
1009
-4425
1906
82
-2588
1392
-314
-378
-25
228
-491
-880
1496
-646
-278
1595
-746
-47
1338
-1274
287
1791
-1670
182
1946
-1531
-94
2276
-1588
407
1635
-1229
616
-58
564
406
-308
201
1143
368
-789
1947
-221
-482
1677
-575
-234
1925
-889
140
1793
-969
329
857
-391
-710
534
48
-1107
244
-457
-1327
-144
-671
-1263
-362
-863
-1618
-1031
-757
-1468
-869
-1182
-903
-702
-1554
-227
-895
-871
-413
19
-645
-409
697
-86
273
-333
1421
502
-62
707
1541
1011
-952
2954
1149
-969
2096
1257
-433
1226
1378
356
-78
1650
430
-1189
2397
-1362
-470
1401
-1716
-147
452
-1333
-508
476
-2462
925
-452
-2634
1676
-1099
-1883
1067
-791
-1411
1545
-1621
-854
2658
-1919
-173
1400
-1064
924
150
171
987
83
723
224
119
1543
-84
483
1080
-668
1516
107
-461
794
612
-411
-735
1694
-218
-832
506
1283
-648
-1149
2244
-1085
-775
1673
-640
58
1285
101
14
1084
-610
101
1164
-775
190
877
-135
-168
312
321
-893
-105
1
-1046
-1451
-231
20
-2614
-457
-560
-2016
-1058
-994
-1675
-1520
-997
-1878
-1316
-1579
-747
-1120
-1059
-916
-824
-102
-1035
-253
-115
198
-59
569
275
483
1484
18
1260
1621
494
1475
1699
994
1733
1263
768
1899
816
-74
2133
1733
-709
968
1925
131
-428
950
1146
-1242
-360
1295
-848
-676
-60
130
-186
-1842
1025
-414
-2192
946
-553
-1629
1269
0
-1568
1515
-639
-902
1392
-102
-736
583
1210
-663
254
2039
-234
-1178
2407
71
-764
2355
-435
1055
925
-754
1790
898
-820
194
1976
245
-740
1407
1862
-1393
740
2792
-1547
773
1991
-746
674
1912
4
1150
1012
-1135
15
688
772
-1020
-501
603
-678
-628
-565
-1277
-1174
-871
-2453
-2377
-678
-1500
-2757
-2205
-2036
-2797
-2187
-2421
-3110
-2236
-2286
-2115
-2065
-1795
-1473
-1986
-1550
-1573
-1115
-359
-288
-640
205
626
393
1290
397
1274
1389
1326
1934
1719
2196
2132
2310
1501
2395
1786
1759
1878
933
1620
1519
1773
802
924
765
337
241
46
-280
-43
-304
-1382
373
-926
-808
-357
-2231
-282
-915
-2616
793
-770
-2547
1963
-1331
-1669
1629
-1982
-179
1911
-1963
1686
2404
-2179
2313
1517
-972
2212
1012
331
2146
600
1748
2369
-151
2409
1396
-343
2010
971
581
2035
782
1177
1594
-84
954
1055
11
861
1310
-62
1369
1572
-189
1912
618
-1022
163
-517
270
1382
-964
-404
241
-1955
-654
-1419
-2335
-1118
-2186
-2509
-2248
-2515
-2024
-2957
-4235
-3427
-3297
-3295
-3252
-3606
-2889
-2934
-3165
-2608
-2577
-2674
-2124
-1718
-1725
-605
-106
288
540
59
935
1408
1642
1956
2497
2812
2984
3661
3266
3199
3838
3238
2852
3397
3174
3058
3390
3003
2017
1585
1454
1044
553
765
504
-220
-167
-804
-1044
-1300
-1575
-1675
-2404
-1749
-1532
-2243
-1507
-1929
-2187
-1561
-1750
-1252
-1121
-606
-592
-399
-73
-7
536
63
664
1185
1417
1852
2049
1731
1553
2184
2141
2111
2289
2479
2451
2038
2200
2829
2048
2103
2276
1309
2127
2151
1751
1713
771
631
731
704
874
1336
1491
1795
915
-1382
-2113
-2196
-337
514
-1089
-1336
-1609
-1951
-2443
-3597
-3531
-2888
-3368
-4367
-4465
-3507
-3451
-4635
-6033
-6578
-5908
-4530
-4737
-5085
-4489
-4834
-4610
-4595
-4432
-4232
-3338
-2915
-2791
-983
-603
-53
340
-89
247
1711
2809
2890
3965
4219
4438
5242
5137
5184
5855
5686
5387
5598
5368
5544
5232
4183
3873
3612
2649
2724
1998
613
382
-118
-767
-1072
-1419
-2271
-2265
-2696
-2918
-3064
-3395
-3357
-3805
-3384
-3071
-2758
-2423
-2054
-2097
-1442
-936
-859
-163
-170
627
1363
1711
1657
2307
2800
2262
2578
2967
3456
3384
3022
3626
3391
2794
3300
2725
2468
2880
2795
3018
2410
1785
2203
1734
734
905
1283
885
1381
1516
476
1379
1145
-552
-1775
-2717
-1730
290
447
-1174
-2091
-2711
-3467
-4191
-4266
-3581
-3001
-3413
-4616
-4923
-4674
-4800
-5888
-6386
-6119
-5523
-3876
-4285
-5046
-4892
-5474
-5475
-4827
-4339
-3332
-2451
-2474
-2288
-2019
-1261
-927
-389
-142
866
2603
3047
3462
3846
3777
4303
5229
5132
6667
6956
6988
7000
6091
6661
5974
5783
5407
5128
5106
4977
4280
2606
1779
665
33
-85
-27
-673
-1666
-1659
-2860
-3735
-3339
-4261
-4439
-3859
-3995
-3804
-3376
-3636
-4248
-3683
-3239
-2585
-1425
-1090
-649
-494
-121
641
888
1700
2345
2680
3375
3721
3795
3903
3744
3742
3906
4283
4620
4548
4604
3950
3749
3515
3175
3301
3496
2938
1996
1817
1590
1890
1361
1227
1592
2186
1376
-1716
-3604
-3480
-719
919
-606
-2681
-3599
-4114
-5135
-5340
-4265
-3033
-3453
-5127
-6247
-5824
-5386
-5585
-6759
-7266
-5551
-4591
-4112
-4681
-5951
-6439
-6057
-5186
-4738
-3565
-2714
-2817
-3435
-3338
-2222
-1327
-617
-222
301
1300
2474
3032
2748
2900
3937
4390
5303
7165
7087
7040
6840
5810
5951
6838
7712
6380
5657
5293
4944
5362
4022
2650
1848
1861
1037
708
782
-375
-1424
-2696
-2825
-2870
-2316
-2297
-3718
-4370
-4047
-4100
-4245
-3458
-3891
-3144
-2308
-2378
-1893
-1393
-1162
-1293
-71
647
1581
2488
2184
2213
2376
2758
3504
4011
4047
4208
4194
3944
3979
3990
4037
3974
3738
3913
3686
3205
2985
2003
1307
1649
1534
1664
1379
387
240
1107
1019
-2288
-4978
-4435
-1220
1287
-649
-3859
-5277
-5139
-5367
-5560
-4089
-2232
-2778
-5684
-7300
-6949
-5225
-4602
-5848
-6367
-5628
-4275
-4184
-5182
-6022
-6257
-5350
-3621
-3510
-3327
-2266
-3272
-3925
-3648
-2156
69
602
240
-43
476
1451
2493
2769
3390
4398
4492
5238
5928
6051
6093
6174
5943
6213
7582
7859
6941
5498
4205
4307
5172
5249
4398
3442
2575
1363
492
282
34
-197
-694
-1322
-2147
-2489
-2763
-3978
-4095
-3753
-3723
-2928
-2931
-3910
-3934
-3464
-3199
-2121
-1200
-1171
-605
-422
-526
323
1101
1747
2224
2625
2884
3262
3767
3736
3550
3844
3977
4163
4907
4454
4109
3696
3018
3123
3252
3100
2583
1898
1198
710
911
1113
822
989
-97
-1759
-3547
-3876
-2058
-304
-458
-2302
-3775
-5606
-5075
-3920
-3423
-2338
-2602
-4386
-5621
-5869
-5945
-4757
-4133
-4643
-4992
-4696
-4869
-5156
-5315
-5775
-4945
-3926
-3823
-4017
-4145
-4663
-4256
-3495
-2866
-1337
-945
-1175
-1479
-1464
-605
894
2184
2623
3311
3414
3695
4452
5190
5843
6485
6780
6788
7490
7415
7277
6964
6434
6689
6710
6457
6421
5435
3880
3220
2486
2540
2432
1679
422
-726
-1103
-1775
-2159
-2373
-2399
-3114
-3467
-3856
-4283
-4001
-3942
-3831
-3768
-2915
-2646
-2694
-2434
-2407
-1480
-516
-120
353
933
1119
1537
1957
2324
3223
3483
3434
3413
3454
3687
4122
4005
3647
3630
3351
3094
3058
2981
2143
2001
1733
1126
1011
900
814
810
924
-460
-2753
-3778
-2647
-363
1131
-935
-3843
-4379
-4158
-3518
-2497
-1655
-1654
-2977
-5394
-6104
-4831
-3201
-2509
-3544
-5064
-5268
-4663
-4553
-4532
-4684
-4499
-4200
-4197
-4806
-5037
-4521
-4167
-3746
-3064
-2326
-2143
-2223
-2550
-2487
-1032
764
1647
1755
1684
1677
2185
3462
4634
5749
5862
5588
5682
5303
6271
6892
6992
6995
6577
6599
6001
5915
5352
4727
4644
4258
3753
2890
1841
815
968
443
-223
-524
-1596
-2024
-2462
-3159
-3257
-3332
-3694
-4007
-4186
-3999
-3703
-3466
-3593
-3360
-2970
-2736
-2211
-1607
-1062
-265
-96
-1266
-949
902
2491
2438
1629
1630
2086
2319
2534
3476
3966
3123
2144
2524
2856
3382
2915
1794
1839
1433
1746
2107
1447
811
182
-481
644
919
-1249
-2677
-2488
-2
1656
-167
-3189
-3829
-2998
-2411
-1540
-1116
-865
-2164
-4593
-5768
-3971
-1110
-1470
-2873
-3979
-5041
-4336
-3421
-3840
-3955
-3611
-3942
-3875
-4032
-4158
-3409
-2959
-3212
-2982
-2400
-2196
-1641
-1959
-1558
-38
690
1089
1026
942
1604
2502
3366
4213
4849
5084
4429
4294
4756
5432
6586
6617
5863
5605
5413
5390
5228
4720
4810
4611
4123
3386
1949
1298
1490
1554
1434
575
-928
-1900
-2168
-2276
-2025
-1536
-2273
-3409
-3865
-4358
-3898
-2913
-2946
-3091
-3002
-3235
-3141
-2483
-2113
-1671
-1066
-960
-546
7
140
502
665
815
1465
1598
1320
1528
1684
1727
2356
2207
1689
1558
1138
1572
1818
1347
1413
1374
870
112
124
902
701
891
1536
697
-1182
-2478
-1177
1406
2748
914
-2226
-2540
-1580
-633
422
436
-274
-1521
-3302
-3775
-1839
-8
-161
-1922
-3848
-4049
-3260
-2546
-2489
-2486
-2460
-3039
-3286
-3716
-3970
-3302
-2377
-2464
-2261
-1912
-2478
-2350
-2119
-1536
-350
762
677
45
6
630
1801
2635
3314
3359
3040
2659
2952
3666
4405
5482
4927
3895
3871
4019
4343
4487
4273
4012
3946
3274
2545
2163
1868
2168
1789
1487
1107
-84
-992
-1307
-1346
-1204
-815
-1567
-2646
-3125
-3333
-3278
-2966
-2541
-2481
-2632
-2999
-3240
-2911
-2199
-2033
-1859
-1617
-1753
-1670
-1660
-1254
-692
-713
-477
-391
-732
-112
103
-94
651
708
165
471
870
781
814
690
670
1205
1119
757
1273
1006
978
2262
2211
1184
667
-464
-891
1625
3721
2825
-146
-2268
-1309
401
1236
1387
1224
140
-1743
-2621
-1890
91
898
-626
-2546
-3305
-2709
-2062
-2001
-2175
-2163
-2267
-3118
-3566
-3351
-3006
-2159
-1665
-2090
-2375
-2143
-2220
-2204
-1471
-338
250
153
-262
-583
284
1135
1648
2202
2411
2411
2077
1994
2521
3465
4383
4484
3862
3508
3506
3858
4425
4551
4256
4061
3849
3328
3210
3068
2687
2570
2086
1672
1326
897
673
-92
-631
-784
-1133
-1391
-1805
-2396
-2761
-3027
-3010
-2791
-3137
-3246
-3380
-3367
-3054
-3063
-3031
-3189
-3028
-2806
-2553
-2142
-1895
-1356
-1083
-867
-402
-676
104
1006
629
1363
2308
2030
1638
1745
1835
2167
2270
3439
4240
2533
1520
2332
2638
2465
3231
3150
2949
2136
108
-635
713
3053
3335
541
-2444
-2179
-256
202
23
206
-229
-1989
-4212
-4387
-1901
-54
-1111
-3450
-4682
-4552
-3889
-3253
-3179
-3028
-2773
-3734
-4498
-4079
-3461
-2556
-1955
-2389
-2660
-2222
-2055
-2033
-1558
-679
610
834
-135
-384
-15
650
1754
2645
2812
2939
2642
2016
2411
3547
4596
5126
4873
4051
3824
4110
4589
5185
5204
4568
4030
3775
3368
3487
3416
2928
2390
1656
1098
642
274
-363
-694
-1398
-2158
-2502
-3073
-3441
-3978
-3829
-3631
-3710
-3875
-4442
-4852
-4792
-4018
-3465
-2979
-2781
-3236
-3270
-2869
-2106
-1522
-899
-335
-281
403
598
813
1560
2192
2449
1984
2262
3155
3111
2680
3361
3321
2973
3220
3131
2934
3207
3217
2842
2948
2380
2829
2851
331
-879
1010
2957
3217
884
-2435
-2030
-477
-436
-211
351
96
-2172
-5078
-4913
-1994
-247
-1165
-3644
-5331
-5451
-4462
-3607
-3361
-2770
-3144
-4661
-5148
-4889
-4201
-2739
-2390
-3259
-3324
-2862
-2922
-2672
-2323
-2040
-727
32
-590
-680
-266
-147
361
1427
2534
3154
2735
1938
2030
3184
4624
5384
5261
4610
4302
4539
4953
5796
6053
5097
3990
3304
3192
3782
3927
2982
2061
950
-312
-762
-770
-739
-1117
-2330
-3618
-4167
-4247
-4339
-4640
-4925
-5091
-5017
-4914
-5300
-4976
-4027
-3715
-3580
-3286
-2729
-2085
-1623
-1115
-426
250
721
1220
1719
1988
2281
2885
3434
3785
4043
3900
3297
3482
4687
4540
3270
3869
4626
3116
2814
3893
3494
2623
2537
3121
3033
2351
2542
1170
-1492
-394
3193
3812
61
-2563
-1485
-947
-1473
-712
600
103
-2191
-4852
-5284
-2867
-842
-1425
-3360
-4701
-4959
-4407
-4140
-3818
-3033
-2958
-4138
-4681
-4202
-3917
-3147
-2993
-3395
-3241
-2742
-2173
-2098
-2152
-1926
-1096
-524
-360
-42
290
748
869
1566
3079
3331
2484
3209
4073
3257
3805
6313
7139
4795
3767
5715
6203
4431
4669
6988
5697
2197
2077
3747
3044
1523
1471
955
-661
-1937
-1809
-1608
-2281
-3172
-4017
-4624
-5076
-5169
-5181
-5498
-5093
-4538
-5470
-5603
-4286
-3962
-3899
-3016
-2177
-1724
-1823
-1612
-387
15
246
1487
2102
1867
1767
2082
2561
2809
3128
3481
3537
3681
3274
2998
3358
3394
3508
3173
2779
2886
2479
2447
2839
2411
2221
2513
2293
2060
829
-1113
-753
1660
3521
2065
-1427
-2927
-1938
-899
-1020
-937
213
345
-3042
-6167
-5115
-1819
-244
-2015
-4558
-4741
-3335
-3664
-4765
-4155
-2792
-2797
-4160
-4969
-3969
-2477
-2639
-3755
-3918
-3047
-1898
-1347
-1980
-2018
-1142
-881
-712
-13
755
1451
1702
1515
2056
3238
4074
4240
4197
4235
4863
5664
5989
6250
6192
6083
5983
5753
5612
5507
5075
4257
3393
2822
2467
2211
1988
929
-564
-1656
-2261
-2570
-2641
-2890
-3683
-4507
-5182
-5666
-6029
-5673
-4953
-4825
-5053
-5100
-4803
-4423
-3831
-3235
-2779
-2104
-1486
-1061
-568
-378
-28
509
1090
1777
2066
2331
2383
2501
2612
2570
2772
2927
2798
2529
2447
2344
2607
2565
1896
1355
1356
1803
1825
1540
1236
1100
1025
1203
1584
1301
93
-1184
-1024
534
1738
1534
24
-1514
-1578
-1228
-1261
-1005
-450
-380
-1439
-2625
-2874
-2566
-2179
-2330
-2983
-3182
-2862
-2673
-2866
-3054
-3269
-3389
-3501
-3510
-3081
-2396
-2092
-2521
-2619
-2244
-1986
-1539
-871
-586
-559
-320
247
986
1399
1551
1927
2355
2734
3214
3926
4340
4481
4620
4832
5306
5221
5248
5293
5177
5155
5091
4797
4185
4084
3824
3396
2770
2185
1689
1185
886
244
-310
-779
-1253
-1915
-2320
-2452
-2807
-3215
-3690
-3682
-3610
-3643
-3600
-3646
-3750
-3648
-3482
-3610
-3200
-2606
-2306
-2319
-2517
-2467
-1962
-1284
-1172
-1331
-1228
-968
-889
-693
-445
-221
-220
-539
-492
-298
51
303
337
419
295
292
426
789
1054
1072
1085
982
1286
1569
1713
1780
1684
1670
1737
1947
1986
1927
1816
1692
1460
1271
1386
1483
1438
1144
684
411
297
76
-156
-312
-482
-663
-945
-1348
-1615
-1702
-1717
-1776
-1882
-1968
-2048
-2114
-2238
-2192
-2136
-2010
-1712
-1512
-1330
-1181
-1056
-1027
-804
-557
-290
260
707
967
1048
1160
1484
1919
2358
2810
3110
3165
3142
3194
3390
3658
3722
3562
3429
3162
3115
3143
2955
2837
2507
1967
1500
1156
776
480
261
-42
-411
-826
-1200
-1512
-1831
-2041
-2117
-2173
-2177
-2432
-2741
-2852
-2910
-2622
-2370
-2435
-2473
-2560
-2630
-2579
-2231
-1758
-1764
-2054
-2195
-2036
-1844
-1516
-1181
-1261
-1272
-1266
-1248
-1104
-904
-495
-160
-19
106
38
58
462
643
878
1358
1495
1448
1536
1627
1910
2026
1822
1987
2151
2284
2384
2231
2127
1997
1753
1549
1349
1125
1056
1178
1185
766
292
-36
-499
-849
-888
-906
-1032
-1431
-1828
-1852
-1850
-1990
-2160
-2469
-2597
-2453
-2342
-2322
-2311
-2059
-1994
-1818
-1608
-1432
-1045
-947
-828
-598
-156
277
612
898
1117
1282
1468
1853
1919
2059
2416
2684
2850
2898
2957
3051
3203
2990
2586
2334
2315
2559
2532
2105
1603
1196
961
865
668
286
-20
-302
-608
-886
-1041
-1025
-1143
-1394
-1785
-2031
-2150
-2217
-2277
-2453
-2318
-2222
-2134
-1973
-2012
-2422
-2739
-2356
-1983
-1862
-1456
-1458
-2018
-2472
-2372
-1062
-322
-385
-518
-734
-663
-532
37
430
784
1100
1490
1582
1299
1433
1430
1708
2259
2278
2158
2430
2152
1968
2158
2361
2637
1998
1212
1355
1810
1597
1638
1937
1970
1730
679
-418
-1035
-1165
-468
409
259
-421
-1148
-1812
-2136
-2296
-2455
-2596
-2665
-2857
-2810
-2657
-2523
-2696
-3093
-3121
-3027
-2712
-2646
-2620
-2322
-1934
-1345
-855
-593
-474
-171
-70
106
639
1173
1864
2242
2430
2791
2918
3073
3220
3131
3277
3545
3700
3747
3940
4018
3705
3422
3112
2633
2208
1892
1399
1009
849
660
371
-133
-905
-1731
-2257
-2773
-3151
-3161
-3230
-3109
-2935
-3138
-3502
-3846
-4021
-3978
-3727
-3256
-2914
-2903
-2728
-2373
-1988
-1442
-971
-818
-812
-650
-293
326
1020
1652
1958
1809
1667
1657
1975
2417
2679
2724
2725
2853
2767
2708
2846
3076
3029
2686
2430
2277
2396
2379
2324
2440
2446
2255
1974
1724
1450
1373
1505
1796
1918
1863
1853
1986
1893
971
-611
-1909
-1824
-1001
-240
-304
-1226
-1850
-2296
-2873
-3512
-3809
-3901
-4216
-4681
-5052
-4838
-4611
-4683
-4547
-4159
-3739
-3886
-4402
-4577
-4026
-2949
-1929
-1156
-901
-656
-351
-175
383
1150
1983
2686
2999
3120
3431
3802
4042
4344
4700
4814
4470
3966
3713
3915
4124
3972
3455
2798
2296
1672
1085
634
200
-122
-473
-1034
-1699
-2260
-2781
-3127
-3220
-3315
-3767
-4400
-4692
-4628
-4119
-3400
-3083
-3051
-2989
-2846
-2614
-2349
-2032
-1537
-1018
-642
-284
-12
294
518
815
1287
1604
1872
1864
1847
2145
2628
2820
2632
2434
2324
2330
2179
2164
2283
2348
2155
1890
1800
1699
1879
1845
1745
1907
1947
2114
2191
2025
1998
2186
2444
2601
2594
2579
2684
3185
3700
3206
1631
-525
-1704
-1297
-531
-436
-1393
-2176
-2574
-3032
-3444
-3855
-4057
-4531
-5410
-6406
-6791
-6817
-7055
-6782
-5759
-4301
-3507
-3685
-4365
-4629
-3758
-2721
-1896
-1256
-669
-75
560
1412
2321
3299
3818
3838
3831
4026
4266
4421
4655
4991
5277
5252
4791
4206
4240
4451
4265
3591
2548
1570
709
158
-263
-522
-669
-943
-1110
-1429
-1877
-2286
-2584
-2738
-2891
-3011
-3298
-3558
-3497
-3131
-2625
-2192
-1886
-1601
-1368
-1434
-1383
-1139
-780
-480
-286
92
376
664
895
1068
1277
1367
1152
756
598
716
1056
1244
1262
1430
1628
1554
1376
1355
1393
1392
1186
881
908
1193
1310
1235
1092
1318
1780
2041
2096
2045
2228
2494
2660
2887
3303
3664
3983
4534
4713
3798
1543
-1096
-2032
-1427
-1134
-2061
-3573
-4093
-3842
-3739
-4012
-4230
-4216
-4792
-6136
-7373
-7638
-7652
-7878
-7718
-6605
-4802
-3533
-3180
-3110
-2280
-980
-1
416
370
317
317
752
1687
2977
4224
4854
5081
5205
5336
5206
4813
4483
4326
4248
3644
2765
2337
2508
2969
2983
2644
2005
1211
510
-155
-582
-830
-962
-1254
-1478
-1515
-1434
-1185
-977
-510
-117
-150
-540
-963
-1120
-1156
-1070
-1034
-974
-893
-1019
-1147
-1100
-844
-484
-547
-840
-1094
-1292
-1164
-1004
-733
-355
-157
-159
-305
-387
-295
-125
-165
-418
-717
-835
-802
-715
-402
-65
122
192
190
135
40
11
-152
-333
-331
-166
55
297
707
1088
1467
1883
2264
2618
3037
3370
3549
3785
4011
4411
4936
5480
5387
4073
1952
-15
-788
-975
-1735
-3211
-4359
-4487
-4339
-4318
-4146
-3506
-3156
-3925
-5196
-5887
-5841
-6148
-6728
-6700
-5795
-4720
-4202
-3458
-2136
-490
742
1392
1920
2267
2217
1665
1528
1877
2344
2777
3138
3655
4014
4207
4283
4567
4695
4414
3899
3111
2587
2007
1703
1815
1806
1745
1409
1170
1120
1151
900
412
83
-303
-562
-927
-1104
-987
-832
-729
-891
-894
-867
-664
-341
-204
-124
-223
-282
-370
-576
-1113
-1745
-2021
-2067
-1925
-2019
-2151
-2138
-1808
-1460
-1297
-939
-803
-612
-716
-968
-1044
-1194
-1385
-1744
-1751
-1738
-1545
-1334
-1176
-735
-445
-202
-240
-408
-542
-358
-32
196
469
401
568
958
1381
1923
2251
2507
2726
3099
3420
3733
3897
3750
3890
4118
4422
4610
4592
4544
4596
4601
4332
3628
1903
54
-1139
-1550
-2042
-3523
-5218
-6167
-5891
-5503
-5398
-5189
-4636
-4108
-4321
-4438
-4312
-4207
-4381
-4420
-3837
-3329
-3091
-2759
-1425
323
1731
2726
3413
4219
4390
4167
4126
4164
3829
3053
2581
2423
2310
2003
2073
2704
3118
3116
3053
3348
3538
3266
2697
2287
2035
1254
304
-337
-588
-655
-795
-786
-602
-383
-277
-90
147
118
-199
-538
-837
-1274
-1770
-2131
-2027
-1748
-1625
-1526
-1336
-967
-704
-637
-621
-723
-958
-1388
-1900
-2473
-3236
-3982
-4294
-4117
-4002
-3878
-3586
-3048
-2226
-1461
-803
-433
-336
-634
-958
-1107
-1386
-1699
-2066
-2040
-1724
-1392
-851
-169
535
1185
1796
2242
2497
2519
2292
2088
1914
1625
1433
1430
1569
1846
2346
3004
3462
3663
3746
3874
3961
3910
3725
3403
3139
2869
2721
2765
2766
2506
2279
2478
2371
1584
581
217
431
-13
-1285
-2543
-3057
-3277
-3690
-3951
-3859
-3670
-3811
-3704
-3206
-2913
-2890
-2746
-2200
-1936
-2134
-2318
-2030
-1442
-1170
-793
-82
602
1014
1464
2157
2714
2934
3030
3270
3238
2842
2593
2716
2861
2590
2222
2131
2131
2043
1964
2053
2046
1655
1217
845
258
-681
-1592
-2093
-2557
-3188
-3707
-3884
-3769
-3674
-3559
-3288
-2996
-2675
-2337
-2034
-1917
-1856
-1585
-1298
-1180
-1304
-1308
-1045
-743
-545
-458
-192
102
262
125
-189
-435
-712
-1023
-1574
-2224
-2754
-3083
-3252
-3337
-3268
-3157
-2926
-2472
-2004
-1775
-1656
-1438
-1065
-761
-735
-823
-907
-846
-574
-189
229
663
1227
2027
2763
3226
3596
3934
4146
4198
4210
4267
4267
4151
3992
3833
3797
3902
4088
4216
4130
3928
3797
3800
3748
3501
3205
2960
2737
2476
2031
1483
897
396
71
-333
-855
-1492
-2143
-2700
-3069
-3185
-3086
-2850
-2753
-2729
-2646
-2347
-1994
-1833
-1592
-1411
-1400
-1576
-1680
-1355
-878
-421
-148
108
452
750
1017
1087
1073
1067
1095
1156
1045
779
559
491
414
371
437
526
611
757
1019
1225
1380
1381
1353
1260
928
551
184
-31
-275
-577
-903
-1189
-1258
-1182
-1110
-1187
-1231
-1172
-1061
-1010
-1066
-1177
-1202
-1145
-1206
-1230
-1230
-1252
-1201
-1180
-1257
-1343
-1359
-1349
-1423
-1557
-1698
-1943
-2167
-2283
-2341
-2533
-2848
-2929
-2878
-2835
-2769
-2623
-2437
-2348
-2271
-1987
-1588
-1347
-1105
-677
-181
246
651
1084
1412
1611
1805
2075
2338
2495
2513
2455
2404
2462
2587
2655
2751
2892
3086
3190
3103
2964
2834
2763
2612
2327
2012
1784
1679
1570
1533
1546
1699
1892
1961
2032
2033
2031
1964
2072
2170
1759
997
176
-243
-643
-1241
-1847
-2259
-2455
-2813
-3031
-3118
-3136
-3152
-3161
-2963
-2899
-2869
-2688
-2488
-2506
-2688
-2628
-2308
-1882
-1565
-1320
-1000
-633
-20
688
1282
1709
1968
2190
2278
2372
2526
2688
2672
2407
2238
2144
2173
2259
2267
2184
1995
1840
1763
1700
1512
1140
617
142
-224
-592
-1014
-1388
-1698
-2028
-2290
-2458
-2435
-2307
-2179
-2095
-1954
-1683
-1403
-1171
-1090
-1045
-1071
-1081
-968
-971
-1061
-1177
-1234
-1183
-1017
-858
-953
-1071
-1035
-825
-698
-934
-1220
-1452
-1618
-1882
-2158
-2313
-2460
-2396
-2156
-1694
-1353
-1155
-784
-379
20
209
427
598
692
823
819
786
735
929
1136
1156
1137
1207
1467
1657
1792
1896
1971
2010
2075
2178
2201
2145
2055
2032
1967
1907
1946
1969
1910
1871
1957
1992
1984
1971
1964
1918
1832
1826
1818
1674
1285
892
679
558
276
-189
-558
-901
-1311
-1771
-2024
-1949
-1865
-1899
-1913
-1822
-1728
-1486
-1056
-784
-870
-1127
-1185
-1137
-1081
-957
-847
-733
-620
-317
126
475
778
1085
1416
1669
1894
2213
2517
2687
2738
2696
2603
2600
2642
2577
2332
2006
1821
1742
1661
1506
1230
879
440
34
-308
-681
-1023
-1431
-1929
-2402
-2716
-2861
-3029
-3231
-3388
-3375
-3148
-2797
-2434
-2215
-2052
-1844
-1608
-1383
-1226
-1149
-1192
-1209
-1112
-954
-855
-771
-651
-566
-419
-310
-279
-313
-394
-531
-728
-945
-1230
-1501
-1800
-2066
-2230
-2373
-2458
-2424
-2258
-2095
-1956
-1783
-1588
-1253
-927
-740
-690
-684
-444
-112
179
380
639
941
1193
1550
2000
2555
2948
3176
3338
3425
3509
3483
3361
3200
3061
2977
2823
2545
2173
1815
1676
1597
1367
1047
819
748
729
825
827
577
296
216
156
-142
-390
-678
-1182
-1688
-1940
-1854
-1845
-1952
-1836
-1506
-1255
-1114
-726
-409
-384
-356
-253
-139
-142
-8
218
225
80
79
388
644
847
1033
1051
932
878
1145
1432
1541
1470
1293
1096
1032
1212
1308
1163
815
463
254
162
175
139
-88
-338
-378
-384
-421
-409
-465
-581
-657
-677
-677
-678
-628
-532
-455
-433
-406
-327
-226
-138
-107
-121
-153
-120
-67
-103
-202
-404
-689
-996
-1240
-1352
-1514
-1805
-2031
-2069
-1979
-1893
-1878
-1997
-2207
-2292
-2193
-2006
-1907
-1928
-1995
-2033
-1859
-1554
-1209
-852
-457
-52
318
749
1098
1328
1477
1645
1770
1718
1631
1499
1376
1246
1168
1183
1096
966
877
858
885
953
1097
1175
1149
1083
1047
1054
1063
1082
1045
919
794
824
928
1011
1203
1499
1816
2084
2341
2583
2693
2790
2938
2784
2331
1974
1695
1232
583
130
-188
-723
-1270
-1504
-1586
-1960
-2300
-2280
-2234
-2337
-2401
-2223
-2109
-2113
-1941
-1643
-1487
-1496
-1288
-954
-826
-751
-480
-171
13
367
856
1159
1288
1480
1777
1910
1999
2205
2353
2333
2260
2248
2173
2016
1922
1897
1706
1398
1203
1037
842
678
587
462
238
98
87
98
-21
-243
-491
-768
-975
-1124
-1312
-1614
-1929
-2102
-2102
-2080
-2172
-2295
-2399
-2383
-2257
-2108
-1987
-1890
-1769
-1658
-1501
-1345
-1217
-1082
-996
-925
-843
-732
-595
-502
-491
-541
-540
-528
-606
-740
-880
-1051
-1277
-1395
-1430
-1524
-1648
-1689
-1612
-1586
-1556
-1433
-1256
-1147
-1074
-886
-676
-448
-135
283
647
884
1091
1232
1304
1402
1556
1580
1433
1348
1381
1320
1178
1142
1172
1121
997
919
848
736
589
398
146
-108
-228
-257
-293
-319
-329
-348
-413
-457
-387
-294
-135
50
200
360
620
985
1241
1476
1697
1838
1923
1967
1973
1821
1700
1649
1617
1512
1301
1100
780
505
325
125
-231
-663
-913
-1122
-1297
-1354
-1209
-1090
-1111
-999
-817
-697
-610
-384
-141
11
186
406
624
777
1006
1217
1244
1177
1209
1291
1157
926
757
590
377
247
208
59
-212
-486
-753
-1123
-1524
-1871
-2198
-2564
-2906
-3052
-3024
-2901
-2724
-2521
-2330
-2117
-1821
-1518
-1254
-1028
-823
-645
-439
-188
36
262
453
581
621
624
655
678
668
627
635
618
522
421
371
389
368
273
69
-139
-275
-377
-477
-575
-605
-550
-418
-275
-70
158
347
506
668
881
1045
1146
1177
1182
1188
1241
1304
1245
1103
949
788
548
348
234
110
-102
-315
-479
-641
-707
-642
-512
-512
-541
-437
-229
24
293
595
790
925
1131
1383
1588
1745
1920
2001
2012
2089
2227
2328
2287
2153
1981
1754
1562
1404
1186
916
687
514
358
252
216
229
137
-40
-155
-187
-113
35
203
318
403
521
627
774
1009
1255
1424
1515
1604
1723
1867
1985
2024
2003
1985
1954
1837
1615
1357
1125
951
810
591
284
-107
-507
-871
-1180
-1425
-1675
-1915
-2149
-2313
-2431
-2544
-2600
-2611
-2533
-2437
-2331
-2208
-2050
-1823
-1579
-1329
-1127
-944
-810
-725
-644
-596
-591
-661
-730
-810
-858
-903
-1029
-1133
-1282
-1460
-1640
-1829
-2012
-2183
-2306
-2436
-2512
-2554
-2563
-2455
-2316
-2179
-2002
-1764
-1491
-1191
-874
-579
-310
-47
267
584
864
1101
1209
1238
1266
1301
1275
1164
997
844
739
638
553
485
363
202
34
-125
-245
-393
-511
-603
-716
-811
-871
-915
-988
-980
-917
-856
-744
-647
-545
-396
-167
82
212
273
340
465
626
735
744
703
679
663
686
708
713
710
720
718
691
716
777
843
881
883
867
802
711
652
643
710
803
872
921
982
1121
1295
1463
1553
1581
1627
1665
1672
1587
1465
1337
1170
952
687
418
121
-149
-377
-597
-802
-996
-1128
-1245
-1323
-1314
-1254
-1243
-1288
-1285
-1245
-1176
-1118
-1036
-903
-734
-525
-272
21
329
612
802
955
1125
1270
1293
1203
1078
988
927
862
752
529
317
195
135
45
-97
-213
-304
-321
-250
-174
-144
-106
-22
117
202
230
325
427
472
507
617
746
838
914
929
895
825
725
587
349
84
-139
-380
-662
-927
-1128
-1325
-1520
-1698
-1833
-1902
-1959
-2013
-2095
-2124
-2033
-1880
-1733
-1624
-1461
-1254
-1035
-826
-623
-418
-232
-33
155
317
451
594
800
1037
1221
1323
1348
1313
1251
1176
1128
1062
924
777
689
634
588
558
495
390
311
284
282
261
232
232
257
299
323
320
323
301
278
300
361
403
388
359
343
382
442
461
437
405
389
378
354
303
259
225
187
123
77
93
109
116
136
152
143
148
165
153
112
77
48
16
-14
-43
-65
-116
-175
-219
-243
-246
-282
-377
-502
-607
-671
-694
-713
-721
-742
-802
-858
-893
-903
-926
-960
-1014
-1065
-1104
-1142
-1154
-1161
-1153
-1147
-1120
-1084
-1026
-937
-888
-824
-742
-650
-560
-451
-294
-131
28
139
192
216
264
297
279
219
139
105
63
31
30
16
-41
-151
-257
-323
-347
-396
-483
-560
-600
-620
-632
-647
-676
-707
-750
-802
-867
-896
-889
-860
-817
-757
-619
-459
-279
-73
126
319
490
639
764
847
848
826
804
757
697
629
545
410
302
219
158
102
-3
-92
-143
-165
-170
-154
-138
-106
-45
55
181
287
375
441
521
618
744
900
1020
1111
1214
1358
1499
1635
1741
1793
1816
1776
1726
1657
1545
1422
1281
1095
895
721
549
375
214
99
-1
-94
-139
-166
-210
-242
-236
-240
-261
-302
-369
-408
-397
-380
-353
-344
-335
-308
-263
-187
-95
3
51
108
200
342
472
554
646
737
819
865
911
943
938
936
920
917
901
859
803
726
652
579
516
433
319
168
-18
-187
-336
-419
-466
-542
-638
-737
-809
-873
-939
-1021
-1084
-1145
-1171
-1115
-1029
-932
-837
-701
-547
-394
-247
-146
-85
-49
-49
-72
-83
-83
-69
-91
-174
-236
-246
-240
-234
-256
-316
-390
-457
-481
-516
-587
-663
-743
-795
-806
-755
-670
-647
-643
-606
-531
-403
-264
-164
-101
-20
112
292
509
730
924
1109
1267
1405
1539
1635
1672
1654
1611
1579
1533
1457
1366
1262
1169
1068
972
878
744
590
436
293
157
-24
-230
-418
-590
-746
-903
-1056
-1208
-1331
-1448
-1525
-1527
-1496
-1466
-1438
-1369
-1303
-1232
-1158
-1105
-1088
-1076
-1047
-1004
-944
-864
-749
-658
-605
-510
-370
-233
-130
-62
-13
26
77
162
254
311
314
285
257
262
298
283
213
142
95
100
106
99
95
98
113
144
196
243
279
293
314
350
386
441
441
375
298
253
263
318
378
389
380
366
356
353
326
275
183
73
-37
-104
-132
-190
-257
-345
-443
-531
-584
-607
-632
-668
-682
-673
-683
-678
-637
-604
-592
-573
-546
-502
-461
-422
-404
-389
-315
-239
-169
-105
-15
65
115
188
305
444
530
594
662
755
856
943
1003
1047
1091
1089
1051
1013
989
953
866
747
628
486
314
129
-13
-133
-246
-367
-483
-562
-625
-676
-710
-716
-713
-716
-756
-780
-753
-695
-638
-626
-586
-515
-423
-311
-176
-41
49
102
139
195
230
244
235
196
187
216
246
254
262
306
373
444
510
559
578
585
612
668
721
757
779
800
852
916
967
985
962
924
867
789
730
680
618
526
429
371
335
277
176
68
-40
-127
-202
-318
-433
-532
-616
-684
-755
-799
-818
-825
-814
-785
-722
-680
-659
-632
-606
-599
-598
-600
-600
-585
-593
-589
-594
-616
-618
-631
-647
-663
-668
-642
-587
-527
-444
-329
-222
-127
-30
81
186
280
381
465
546
625
705
753
792
817
804
799
775
735
682
619
554
519
508
488
452
389
334
275
225
187
130
71
31
24
38
47
49
60
74
68
38
18
-2
-36
-69
-111
-142
-171
-204
-235
-290
-366
-452
-542
-624
-694
-762
-826
-876
-897
-863
-804
-729
-652
-584
-494
-394
-288
-175
-30
150
341
516
661
765
849
928
969
987
975
924
884
843
788
725
649
556
476
406
310
202
93
6
-45
-72
-102
-144
-169
-184
-190
-198
-200
-198
-212
-190
-129
-45
55
124
188
259
321
330
300
290
291
278
245
219
178
123
65
-23
-136
-246
-333
-440
-561
-657
-699
-684
-648
-597
-537
-494
-456
-419
-387
-362
-352
-336
-293
-233
-154
-75
-19
19
31
16
-5
-42
-82
-112
-141
-135
-113
-103
-101
-103
-99
-106
-109
-109
-102
-83
-85
-70
-30
22
79
93
86
80
87
77
68
61
39
25
-20
-71
-113
-162
-242
-329
-389
-442
-498
-559
-576
-551
-500
-424
-359
-298
-236
-153
-60
11
80
136
198
294
409
517
611
655
673
695
724
761
765
746
730
718
697
663
615
568
504
422
326
233
177
143
120
114
138
176
229
283
327
360
372
386
409
440
473
474
451
417
369
316
249
156
43
-69
-187
-301
-385
-449
-511
-558
-582
-605
-617
-620
-612
-584
-550
-507
-458
-403
-329
-225
-119
-29
31
70
99
126
156
167
144
92
20
-59
-141
-239
-357
-489
-596
-683
-781
-891
-1006
-1093
-1176
-1247
-1284
-1295
-1307
-1298
-1230
-1130
-1001
-873
-749
-608
-454
-308
-151
-5
127
275
406
510
580
646
667
645
597
542
493
439
379
302
241
164
90
28
-31
-89
-146
-185
-219
-256
-292
-335
-358
-354
-314
-239
-174
-114
-32
42
108
174
237
297
362
415
443
452
440
431
426
419
434
448
452
476
501
531
586
621
646
679
685
696
696
700
736
766
795
804
804
791
771
723
657
596
523
468
422
368
298
246
209
159
101
42
-4
-71
-130
-166
-192
-215
-226
-208
-193
-157
-98
-43
9
71
129
159
171
165
165
162
157
151
133
112
90
73
36
-27
-104
-183
-253
-337
-432
-523
-599
-661
-727
-780
-846
-920
-956
-973
-986
-990
-986
-967
-932
-882
-831
-769
-701
-601
-500
-422
-357
-337
-319
-282
-238
-199
-153
-86
-25
52
123
189
241
274
315
337
335
321
304
269
222
172
109
47
-10
-75
-157
-263
-362
-438
-500
-557
-627
-687
-703
-700
-708
-723
-733
-725
-686
-614
-539
-457
-348
-220
-63
110
287
463
633
794
957
1117
1254
1370
1450
1504
1558
1606
1637
1643
1621
1588
1540
1463
1379
1309
1232
1163
1088
1002
925
856
802
773
755
722
688
661
637
625
632
658
683
714
728
746
774
791
800
787
771
731
660
579
478
383
289
165
15
-121
-273
-437
-582
-719
-841
-965
-1056
-1099
-1122
-1121
-1087
-1058
-1030
-993
-958
-884
-815
-759
-689
-621
-550
-449
-355
-291
-200
-126
-95
-87
-103
-120
-109
-107
-131
-162
-203
-233
-259
-309
-346
-388
-450
-498
-546
-580
-600
-606
-593
-570
-532
-503
-477
-452
-427
-400
-388
-390
-401
-408
-431
-449
-465
-494
-529
-579
-624
-678
-724
-756
-781
-789
-777
-758
-745
-727
-691
-643
-589
-523
-455
-409
-368
-305
-233
-149
-48
39
115
188
260
348
426
488
547
589
627
664
687
703
729
737
750
760
757
765
771
788
805
817
839
859
869
857
816
784
774
764
759
747
730
707
663
615
560
493
423
339
272
217
172
129
72
12
-49
-116
-220
-328
-418
-500
-565
-630
-674
-694
-699
-709
-726
-730
-725
-711
-702
-673
-624
-571
-509
-448
-395
-335
-280
-243
-204
-174
-124
-51
0
72
144
197
235
261
287
299
316
292
261
207
137
95
36
-24
-102
-183
-262
-338
-419
-495
-553
-614
-641
-669
-704
-732
-774
-811
-848
-892
-936
-972
-983
-987
-993
-974
-963
-948
-917
-899
-886
-879
-866
-815
-757
-680
-579
-476
-369
-252
-129
-11
112
222
327
433
545
672
790
895
977
1039
1086
1116
1135
1155
1180
1191
1200
1189
1168
1154
1136
1105
1061
1020
974
935
903
870
852
835
809
777
730
694
661
623
590
571
559
549
571
586
587
582
565
556
540
517
483
422
354
298
240
179
126
74
36
-14
-83
-131
-177
-222
-250
-264
-245
-211
-190
-153
-110
-84
-36
15
58
128
200
258
321
378
444
532
599
653
713
759
779
782
770
759
739
700
650
569
490
406
300
192
78
-40
-158
-280
-390
-498
-613
-721
-844
-976
-1080
-1167
-1238
-1278
-1326
-1362
-1389
-1406
-1404
-1390
-1390
-1372
-1346
-1328
-1272
-1217
-1170
-1120
-1059
-989
-931
-890
-858
-827
-796
-745
-691
-647
-619
-587
-546
-501
-461
-437
-391
-367
-355
-336
-327
-310
-282
-256
-247
-232
-220
-189
-167
-162
-156
-157
-168
-166
-143
-133
-106
-92
-78
-65
-58
-37
-27
-16
3
7
-7
-4
-16
-20
-12
-3
3
16
30
52
85
89
116
122
128
157
165
181
193
203
214
230
231
243
245
265
300
321
349
386
426
448
486
503
541
586
618
659
682
716
746
764
770
784
779
770
779
773
786
810
823
833
840
843
835
806
753
683
624
570
512
459
407
364
313
260
202
151
101
61
27
1
-11
-38
-67
-91
-109
-124
-147
-193
-227
-249
-272
-288
-319
-352
-386
-411
-412
-385
-364
-339
-316
-287
-251
-239
-227
-233
-246
-253
-263
-279
-282
-262
-237
-221
-216
-202
-206
-226
-250
-270
-305
-339
-362
-393
-414
-423
-438
-464
-498
-540
-577
-608
-618
-625
-631
-609
-592
-563
-532
-490
-450
-434
-398
-364
-342
-302
-262
-221
-168
-112
-43
26
87
150
208
248
296
353
403
453
513
545
577
613
632
677
672
649
636
621
609
594
578
567
560
546
555
560
553
541
540
548
542
536
520
502
491
494
495
472
454
432
396
351
309
263
229
205
181
161
135
106
77
46
15
-20
-50
-71
-98
-96
-86
-69
-27
-4
19
38
37
43
75
84
95
116
129
172
206
239
245
234
207
166
107
27
-35
-109
-176
-236
-294
-353
-408
-480
-555
-617
-690
-752
-800
-824
-833
-826
-813
-786
-757
-731
-706
-688
-666
-634
-589
-542
-490
-453
-422
-401
-390
-382
-377
-376
-390
-404
-406
-388
-378
-342
-321
-326
-314
-306
-298
-285
-260
-242
-202
-169
-119
-63
-33
22
54
95
130
172
226
278
328
368
418
442
466
478
459
445
429
414
404
397
376
350
311
256
196
154
123
89
74
51
37
56
69
86
116
129
147
182
213
258
313
361
398
415
425
443
444
447
444
439
439
442
449
453
448
417
391
372
345
312
279
254
248
258
285
318
348
399
442
469
495
516
541
580
620
667
700
703
716
718
705
686
665
642
608
567
511
455
407
352
279
199
118
47
-2
-49
-115
-176
-252
-324
-373
-449
-512
-568
-600
-626
-653
-660
-668
-666
-677
-684
-705
-722
-734
-748
-729
-715
-695
-674
-658
-646
-649
-664
-682
-672
-669
-672
-666
-655
-633
-603
-580
-569
-569
-582
-588
-595
-590
-567
-525
-478
-448
-421
-393
-362
-331
-300
-280
-273
-254
-233
-217
-206
-204
-196
-190
-185
-180
-180
-165
-161
-167
-165
-160
-167
-169
-156
-163
-161
-160
-148
-128
-126
-124
-115
-103
-85
-59
-30
2
32
70
98
133
177
206
260
313
364
423
470
510
550
592
628
649
670
697
713
713
716
716
707
699
683
649
611
567
541
517
493
482
453
435
406
377
364
339
342
351
354
348
338
346
342
349
329
289
250
193
136
82
43
5
-49
-104
-153
-225
-279
-319
-363
-399
-447
-485
-516
-534
-544
-549
-568
-585
-585
-599
-587
-568
-545
-504
-478
-450
-411
-382
-347
-303
-275
-249
-205
-154
-113
-81
-64
-59
-71
-99
-131
-165
-197
-224
-243
-254
-255
-253
-249
-255
-260
-280
-291
-282
-272
-239
-217
-186
-147
-106
-66
-35
-1
30
50
73
106
145
182
201
209
205
186
167
128
90
44
-18
-71
-107
-115
-121
-116
-111
-123
-124
-120
-120
-112
-92
-64
-33
-4
15
47
80
105
132
156
182
217
250
279
300
304
313
320
335
358
371
388
394
391
388
378
373
380
392
385
378
387
400
413
416
420
427
423
425
438
436
426
426
411
399
399
392
372
349
328
281
237
203
173
144
105
73
37
7
-18
-44
-63
-85
-106
-131
-164
-190
-208
-203
-184
-167
-156
-159
-168
-184
-192
-203
-218
-223
-221
-216
-213
-219
-221
-223
-229
-243
-258
-249
-251
-264
-269
-281
-283
-285
-285
-285
-270
-256
-236
-196
-164
-129
-95
-71
-48
-18
-3
1
17
26
36
45
44
40
39
10
-29
-62
-92
-109
-137
-143
-145
-162
-176
-198
-216
-237
-251
-258
-262
-273
-283
-282
-292
-275
-250
-232
-203
-167
-114
-56
-3
43
84
125
168
202
236
263
282
308
325
338
340
348
346
327
320
307
294
282
260
231
198
154
107
40
-30
-78
-130
-190
-255
-304
-346
-371
-387
-403
-406
-419
-409
-382
-335
-272
-212
-145
-97
-32
27
66
102
134
167
196
230
259
297
340
370
403
429
437
432
410
377
350
319
284
255
216
181
150
104
63
19
-16
-41
-63
-74
-83
-89
-83
-79
-77
-62
-45
-46
-44
-35
-37
-31
-24
-4
20
38
50
68
93
101
107
106
119
130
124
120
111
95
78
57
30
15
14
