9
21
18
14
7
-9
-22
-39
-65
-88
-107
-130
-141
-143
-144
-134
-130
-138
-129
-120
-114
-97
-88
-87
-71
-56
-56
-53
-72
-94
-97
-111
-124
-117
-117
-116
-97
-83
-64
-42
-32
-39
-49
-53
-61
-66
-58
-56
-60
-66
-65
-54
-51
-50
-61
-56
-45
-40
-32
-27
-1
21
58
88
113
132
121
117
109
124
149
164
175
199
229
244
261
270
282
293
298
323
324
313
303
271
244
221
207
196
180
156
139
123
96
75
34
-19
-71
-101
-133
-164
-197
-231
-246
-254
-252
-234
-219
-206
-179
-166
-132
-87
-52
-2
43
70
99
136
153
160
167
173
187
195
186
163
132
112
100
74
41
8
-30
-65
-82
-88
-76
-87
-111
-117
-130
-134
-152
-170
-186
-186
-167
-159
-156
-137
-111
-111
-106
-88
-52
-18
8
26
29
56
91
124
159
183
173
155
142
126
109
71
15
-23
-64
-118
-150
-189
-225
-256
-298
-312
-324
-334
-336
-362
-380
-358
-306
-263
-209
-152
-106
-53
-11
18
48
85
126
178
222
278
329
360
379
394
395
383
384
362
336
303
268
251
206
145
79
10
-42
-80
-122
-180
-215
-220
-230
-231
-236
-230
-209
-206
-189
-174
-147
-111
-71
-15
43
116
167
207
232
256
281
298
311
319
320
314
305
269
221
157
100
53
-6
-69
-121
-161
-190
-207
-233
-272
-303
-320
-349
-354
-347
-358
-334
-301
-256
-209
-172
-134
-97
-65
-37
21
73
136
190
206
220
233
242
250
259
246
227
207
193
177
165
143
110
75
27
-16
-81
-126
-148
-163
-163
-172
-183
-183
-179
-190
-201
-195
-175
-145
-123
-92
-43
-12
10
34
54
72
86
96
122
147
176
231
285
320
330
328
311
285
253
222
195
163
128
87
46
1
-30
-76
-114
-162
-206
-211
-231
-234
-222
-222
-245
-256
-262
-283
-272
-263
-241
-201
-168
-116
-51
-15
4
35
41
42
59
64
71
82
90
85
84
81
56
35
10
-27
-72
-122
-146
-158
-177
-191
-216
-250
-253
-259
-268
-274
-282
-279
-268
-245
-213
-163
-110
-60
-6
48
119
180
225
281
343
411
475
519
568
606
636
640
624
615
593
579
533
479
451
409
354
306
251
204
178
141
109
75
46
24
-8
-52
-79
-90
-111
-126
-155
-164
-152
-151
-159
-165
-157
-148
-145
-170
-175
-159
-148
-140
-151
-151
-160
-179
-221
-281
-302
-301
-296
-313
-328
-326
-338
-363
-393
-426
-434
-429
-442
-420
-399
-369
-323
-308
-287
-272
-270
-275
-258
-222
-179
-119
-73
-16
51
110
139
156
177
189
208
220
219
244
294
326
354
367
363
356
351
356
350
351
358
354
342
347
352
334
337
329
312
311
298
280
270
270
270
268
244
230
221
188
168
150
138
153
144
114
93
70
48
17
-17
-41
-63
-95
-144
-197
-241
-274
-313
-357
-395
-422
-453
-494
-542
-575
-578
-592
-594
-596
-584
-562
-546
-523
-511
-466
-394
-335
-283
-231
-172
-93
-34
2
48
86
137
182
223
275
321
350
375
379
385
402
387
366
348
337
324
311
300
291
282
258
206
141
111
34
-71
-134
-161
-186
-219
-244
-270
-289
-332
-395
-409
-401
-422
-415
-378
-316
-239
-176
-122
-80
-21
-9
2
76
157
236
320
412
494
584
628
612
646
680
652
646
674
700
736
750
721
712
703
650
589
555
529
496
453
407
384
362
298
197
105
38
-48
-158
-236
-278
-325
-386
-470
-534
-573
-649
-741
-804
-829
-852
-891
-925
-923
-909
-923
-953
-970
-939
-905
-897
-886
-817
-739
-675
-607
-538
-435
-342
-284
-251
-184
-95
-2
94
179
259
342
404
418
452
487
495
502
528
555
566
568
550
526
484
416
348
308
289
260
226
220
205
157
122
94
36
-27
-82
-145
-187
-233
-273
-295
-310
-338
-387
-395
-406
-422
-401
-386
-372
-295
-218
-209
-171
-109
-77
-22
52
86
159
288
366
448
570
659
737
835
907
955
1057
1144
1172
1248
1336
1347
1385
1437
1412
1403
1408
1389
1355
1304
1215
1141
1088
949
794
673
562
437
279
118
-2
-108
-227
-389
-552
-638
-727
-879
-1002
-1087
-1163
-1236
-1351
-1458
-1498
-1524
-1592
-1625
-1604
-1565
-1543
-1556
-1517
-1431
-1362
-1330
-1270
-1176
-1070
-988
-932
-837
-721
-606
-538
-455
-312
-168
-58
27
122
235
339
403
471
564
630
646
659
653
638
657
631
588
610
595
532
484
438
346
235
157
68
6
-65
-177
-248
-286
-353
-409
-412
-424
-423
-413
-425
-400
-325
-328
-346
-284
-243
-206
-161
-103
-21
69
111
129
210
306
355
433
556
626
721
855
854
909
1041
1014
1017
1072
1121
1131
1148
1220
1235
1243
1263
1160
1163
1208
985
949
991
837
796
787
648
569
499
335
179
-48
-137
-172
-368
-505
-514
-599
-747
-879
-1042
-1120
-1298
-1522
-1582
-1632
-1668
-1674
-1710
-1737
-1668
-1653
-1781
-1737
-1592
-1589
-1528
-1390
-1277
-1127
-960
-882
-798
-567
-396
-398
-242
4
109
279
436
553
716
832
820
831
937
966
921
865
930
985
894
844
803
686
632
478
294
303
238
97
21
-39
-101
-186
-293
-451
-485
-450
-566
-614
-528
-417
-407
-336
-217
-170
-85
-27
9
56
103
377
551
346
591
1089
903
540
1121
1236
737
1317
1214
997
1858
1221
1176
1905
1025
1414
1339
546
1372
1124
449
945
921
692
632
392
409
156
157
-13
-282
-149
-111
-103
-553
-475
110
-476
-1253
-862
-551
-858
-1201
-1003
-706
-866
-1009
-1171
-1128
-1041
-1395
-1699
-1586
-1410
-1420
-1641
-1799
-1585
-1286
-1723
-2037
-1738
-1707
-1802
-1920
-1703
-1443
-1425
-1416
-1449
-1153
-754
-856
-1081
-688
-43
30
-48
398
861
982
1075
1206
1560
1847
1767
1693
1882
2366
2370
1988
2056
2355
2271
1914
1797
1778
1693
1473
1082
1086
1195
873
498
479
278
276
17
-540
-341
-254
-294
-900
-555
-169
-555
-964
-163
-175
-576
-256
-911
1041
-476
-1006
1939
-88
-1140
2239
499
-1096
2346
397
-555
1787
715
-327
2096
-163
-350
2597
-1221
-455
2190
-1225
-658
1685
-1386
-390
812
-1071
-485
-17
-430
-408
-587
-676
98
-244
-783
-165
546
-616
-222
635
-21
52
159
-178
168
822
-344
48
700
-48
-58
80
-319
-271
-325
-1076
-937
-556
-932
-1741
-1351
-1333
-1697
-1698
-2138
-2091
-1965
-2164
-2309
-2277
-1966
-1775
-2261
-2063
-1396
-1303
-1592
-1227
-774
-637
-91
-20
-61
662
1131
695
1058
1696
1638
1477
1886
2145
2128
2206
2223
2174
2015
2247
1850
1673
1590
1360
1295
1124
712
634
551
38
196
-627
-217
-39
-1366
-1124
111
-1201
-2090
530
-1560
-1422
191
-1849
-135
332
-1821
245
1377
-1418
984
841
274
1353
228
1641
1212
873
1474
1115
1585
2061
-571
2399
2196
-1453
1866
1173
-212
274
54
-262
929
-978
-1067
630
-812
-734
-1352
-33
-814
-1883
-184
-565
-1376
-61
141
-873
496
26
275
1173
-310
67
1238
940
-52
602
1339
902
725
342
919
893
-81
-498
-226
-220
-781
-1283
-1384
-715
-1533
-1882
-1562
-2130
-2196
-2187
-2632
-2880
-2046
-2282
-2858
-2078
-1660
-1852
-1706
-1402
-1289
-786
-521
-773
-83
519
430
458
906
1356
1301
1478
1324
1809
2057
2104
1511
1834
2692
1820
1220
1787
2462
668
1297
1109
737
1360
119
399
367
487
-135
-520
-306
315
-713
-1598
444
-793
-1175
-173
-742
-570
236
-1118
-359
1319
-2965
1818
446
-2198
2142
-304
783
127
639
828
1115
-420
1039
480
461
1493
-1819
2130
238
78
-67
267
632
-181
26
-1205
1001
64
-1859
-320
1068
-1492
-319
-113
-897
532
-798
-760
375
-232
-161
66
122
731
298
421
615
934
380
889
543
447
962
850
1020
182
1334
813
486
788
208
251
594
-344
-780
582
-513
-1098
-807
-534
-1087
-1406
-1148
-1599
-1158
-1496
-1927
-1260
-1158
-1841
-1225
-1249
-1156
-852
-1220
-1150
-789
-390
-1010
-141
-549
207
583
-612
624
1269
248
-38
2011
407
921
1680
338
1694
744
631
2138
334
-355
3009
356
-828
2191
592
-84
608
-320
724
1069
-2424
1153
1748
-2986
523
1995
-2318
-877
1999
-1449
-1512
1512
-1071
-1322
1907
-1957
-724
2523
-2874
-193
2227
-3624
1842
498
-3808
3928
-783
-3238
3521
-292
-2807
2252
-491
-991
845
-837
-385
1016
-605
-1517
2076
-922
-1216
1091
145
-1427
310
1759
-1967
464
1782
-452
-442
1385
636
-419
1251
308
956
445
1175
1177
495
2113
591
1516
1489
756
1502
1727
836
772
2117
992
813
1018
1489
650
238
1209
130
31
660
-167
-831
312
-371
-1418
-478
-513
-1189
-1364
-860
-609
-1930
-762
-1009
-1535
-1060
-994
-1039
-1718
-80
-1280
-603
-1354
272
-605
-1111
837
-1282
1024
-523
-179
207
505
201
-155
362
1102
-163
-303
1630
-1011
1229
-175
-785
1271
-432
-842
992
-993
177
153
-1131
823
-1364
435
-507
-939
-872
405
-1109
-872
-870
-133
319
-3129
1738
-1407
-324
-454
-854
289
-1119
-1
-409
-1958
817
1369
-5200
3602
-416
-3351
3635
-2980
-887
4128
-4338
-754
4476
-4174
630
1305
-1829
1774
-1304
-398
3150
-3222
579
2902
-2465
904
1293
-28
1116
-173
810
2543
-825
1179
1724
1675
228
548
3987
-159
441
4237
842
332
3420
1537
1029
1508
2330
1372
985
1658
1681
1271
814
973
1399
776
-211
1199
244
409
-73
-135
259
200
-1003
-568
291
-1347
-595
-675
-1097
-403
-846
-1064
-333
-1657
366
-1521
-1205
356
-1728
-197
-1173
-901
480
-1766
-1483
1625
-2421
-517
246
-2188
804
-546
-2659
1166
348
-3208
962
-366
-987
-543
-265
-827
-175
-65
-2175
1048
-672
-1305
-19
-743
311
-2088
-365
1480
-2901
-797
1728
-1955
-1544
1118
-2328
999
-841
-3477
2766
-619
-3664
1028
1815
-3727
-367
1826
-2241
-1234
829
-912
-1476
389
-989
-761
12
-1541
373
-845
-1122
783
-1092
-1543
1613
-206
-2988
3031
-1130
-1007
2211
-1016
15
3180
-1323
-525
5883
-2968
1292
4664
-798
369
4773
1208
-1164
5662
774
860
3600
1100
1399
3623
27
1716
4044
-1395
3362
1447
206
2698
474
1065
1129
882
684
991
1
1309
206
188
1129
-498
1240
-21
-446
1574
-440
-671
1368
-485
-686
1209
-683
-170
70
-405
129
-1212
770
-1484
29
211
-2540
1440
-720
-2106
245
-71
-1954
-273
-769
-1114
36
-1809
-153
-647
-1442
-194
-1640
281
-980
-2286
467
-24
-2510
-1312
2686
-3926
-491
1817
-3788
1242
137
-3737
1669
1190
-5792
3795
-364
-4683
4642
-3277
-929
2130
-3529
1247
222
-2740
1237
163
-1983
-793
510
-523
-2061
854
-1701
-980
1274
-3753
254
1041
-3413
-225
1144
-3466
427
359
-3053
1088
-902
-994
35
-368
-907
748
-129
-382
741
-751
1754
127
-152
1501
1100
1067
331
1526
2338
461
1664
1520
1356
2636
-57
2641
2113
312
3411
809
1389
2853
1143
1242
1756
1766
1273
1678
-192
2251
1848
-1305
1803
990
357
-117
782
326
-217
860
-1399
967
111
-754
-564
492
572
-2530
1850
246
-2263
1281
796
-2696
1152
878
-2254
1363
-677
366
-724
8
415
-1917
1908
-976
-2135
2203
-930
-1925
1094
-1223
-397
-394
-1697
728
-1219
-873
-200
-1654
908
-2269
-245
213
-1838
200
-1131
-57
-1651
396
-677
-1208
-217
193
-1500
-1345
1306
-2071
216
-2210
1434
-1177
-3378
3453
-2686
-1685
1598
-1524
-2261
1444
-2625
-1899
3394
-5205
-513
3438
-5213
-492
2047
-2628
-1942
2072
-1840
-1768
1664
-2091
438
-900
448
-209
-698
1052
-900
1014
-354
1229
-477
1061
1193
-736
1760
40
1433
836
-641
2486
1361
-1485
2165
1742
-955
1990
922
-424
2383
-136
593
859
905
380
425
1491
-740
1677
251
836
-1133
2684
267
-1789
3480
-494
25
778
1932
-1473
1946
1094
-1721
3006
-30
-931
1816
887
-794
1094
1225
-802
234
1819
-1383
614
1503
-1315
432
1477
-1520
567
773
-885
847
-1169
2173
-2887
906
1823
-4277
3285
-1073
-1091
810
-170
-531
-712
670
-429
-715
141
439
-1074
1252
-2182
1626
-448
-2358
3474
-3739
1214
995
-2557
1613
-1386
-690
1378
-2795
302
216
-2421
1229
-2982
1122
-1302
-2304
1485
-3173
-228
-694
-1177
-836
-1835
651
-377
-4196
2273
614
-5070
3070
-228
-2795
2360
-1632
-1134
2802
-2050
-1113
3600
-2250
-665
3137
-1949
37
882
478
-666
205
1340
-1317
1101
201
-390
58
1975
-2850
1511
2527
-4917
4677
-909
-1774
2810
-874
-1003
2428
-284
-2254
4611
-1781
-655
2694
-393
-619
1477
601
-332
1643
-272
815
604
483
607
706
-52
1277
450
-52
1150
-237
1579
-956
525
2177
-2045
850
2108
-2299
1418
783
-1640
2248
-2061
367
2458
-3571
1730
2036
-3713
2445
380
-1644
1784
-1680
1453
1034
-2182
504
2479
-1361
-905
2371
-613
-236
549
64
431
247
-386
198
-23
150
-195
-1060
874
-236
-1723
1097
-1073
-1098
528
-1722
-536
125
-660
-3315
2334
-1341
-4368
4305
-3212
-2349
2679
-2421
-1446
740
-171
-2687
1251
-184
-1768
1719
-2135
1387
-567
-1276
1995
-796
-1694
3128
-1234
-2723
4991
-3825
264
2500
-2941
1179
648
-2015
1336
-398
-1046
1005
-1240
448
-354
431
-2165
2362
-1346
-711
2064
-2667
2034
-1238
608
-383
324
13
468
-42
-226
829
-942
2401
-2708
2183
1142
-1812
1147
815
352
-1789
2244
285
-1104
721
810
126
-515
387
689
76
-715
905
-374
242
-48
-1426
3176
-2896
-193
3248
-3059
620
1119
297
-2867
3086
810
-3821
3517
-526
670
-1015
1396
649
-675
1135
-1331
3162
-2480
1717
167
185
613
-2253
4530
-3607
458
2354
-2316
1163
-1381
503
1713
-3308
936
2427
-2963
-546
2725
-2214
403
244
-1212
3469
-4303
1771
2096
-2590
631
1355
406
-1835
1544
702
-262
-807
1556
-58
429
-1151
1475
776
-2449
2027
-686
669
-1304
1058
-732
703
-778
-1026
2584
-3162
1258
105
-1036
-44
640
-1843
569
631
-2500
1898
-1101
-1347
1373
-330
-2679
2561
-69
-2962
1503
713
-2149
-307
2399
-3580
1027
1775
-2777
-156
1796
-948
-2231
2744
-1430
-608
748
-139
-520
-178
677
-967
472
-96
280
-834
1224
-1249
586
776
-2483
2070
197
-1708
838
1691
-2813
1681
527
-1746
1666
-191
-125
-417
1147
-134
15
110
490
-85
80
771
-1614
2293
-31
-2137
2500
564
-2067
1223
863
-1354
1683
-837
152
1768
-2040
949
1425
-1752
1000
1474
-1939
946
1414
-1047
59
741
-131
31
338
-38
554
298
-353
-114
851
-617
8
-61
-104
1202
-1344
571
602
-542
-174
-112
1028
-892
-666
1614
-567
-1612
2060
-1363
-561
1197
-1244
-61
-479
1406
-2110
-325
2424
-2999
-452
2300
-1724
-1234
1209
-54
-550
-834
823
-167
-1138
617
324
-1329
1665
-1293
-295
2954
-3902
1909
1756
-3214
1342
2254
-3677
1498
2157
-4042
2343
-362
-1224
594
-285
66
-604
74
-543
-207
420
-1242
39
834
-1645
-55
1500
-2332
82
2156
-2672
72
1577
-536
-2000
2814
-1172
-1708
3828
-3974
1445
2165
-3568
1592
2279
-3624
1212
2732
-3711
1242
1202
-64
-946
69
2308
-2281
203
2017
-1274
19
1517
-951
-113
1318
-691
808
-808
963
393
-1579
3014
-1655
-923
3180
-491
-2879
4064
-284
-2468
3745
-2146
1409
578
-533
587
1026
456
-1403
1897
833
-995
-34
2001
-356
-881
487
1640
-1577
-324
1789
-357
-1215
878
648
-1975
1364
-560
-242
-769
1161
-842
-935
1268
-1702
1018
-1139
46
-221
-21
-151
17
-264
-887
953
-872
221
-748
1118
-20
-885
-271
1183
441
-3340
3243
-275
-2510
3001
-1160
-2016
2611
-696
-2461
2434
-274
-2444
1399
593
-2965
1390
1195
-3610
1164
1031
-3081
1523
-138
-2397
1725
-1088
-1170
1243
324
-2980
1305
1968
-3318
1194
1086
-686
65
-387
-1
1329
-284
146
-37
374
1036
-1186
707
272
778
246
-185
-119
1630
-155
-2044
1761
1160
-1375
542
1850
-3277
2709
598
-3089
2871
360
-1400
268
2232
-2219
2469
-301
-2663
4215
-1312
-654
2014
776
-1198
1596
-788
813
1698
-1540
2725
-1749
1947
1622
-2797
1776
2170
-1204
-1229
1815
704
-328
-1377
519
1790
-1720
-1122
762
-1233
-231
533
-1420
-1451
684
-719
-3165
-952
371
-52
-2775
-2162
-8
353
-2802
-3770
1102
55
-3286
-1220
420
-1556
32
-2740
-1913
2035
-687
-1605
-902
1410
584
-909
-2427
2134
2746
-2257
-287
1448
3722
-1235
-982
2497
559
2578
-1024
-211
3960
1175
-989
890
1349
386
3566
-1506
-2240
5389
901
-2539
97
1462
2417
-845
-4125
2912
4170
-4176
-1977
2922
221
-1242
-82
-1235
576
1421
-1678
-701
877
-5
629
-1504
-318
3689
-1175
-1029
1953
168
664
689
702
1385
-379
1640
2427
-1361
1865
2562
-606
2
2349
1944
409
462
212
1069
-158
60
1589
283
-1125
55
-54
-1934
-253
-636
-2016
-604
-2259
-2071
-848
-2078
-3624
-2866
-1035
-2643
-2576
-2784
-1569
-1795
-3902
-3006
-512
-1598
-3030
-766
-1540
-1171
-1130
-1489
-1686
296
496
119
-464
-539
1837
-43
-882
580
3716
297
-180
2310
655
1405
571
-292
2195
2489
276
1649
492
504
1827
-440
-71
3205
1265
-186
776
-149
876
1309
2
-250
1862
1572
168
-1382
1031
2522
-893
-587
2162
1468
-179
724
72
1399
368
931
1238
-576
3279
-264
-1464
2540
-93
1322
1720
-580
1394
106
337
1379
-538
1733
2026
-436
1195
1804
300
85
351
2216
1037
894
3702
940
-1930
-2180
1377
2917
1120
879
-581
-1009
-632
-1978
-2667
133
-380
-1449
-2927
-3659
-270
-2946
-6615
-4364
-1785
-1725
-2920
-4536
-4160
-4187
-4853
-4955
-3057
-1026
-2361
-3470
-4359
-1895
-484
-2877
-2692
259
1275
-444
-162
1714
987
-487
1938
2833
2440
4205
3659
882
1722
4221
3030
2843
3613
2978
3072
1802
344
3089
1715
-452
1934
410
1148
143
-2288
-849
-1034
-1246
-1106
-578
-2018
-1844
-1762
-3898
-1892
552
-1635
-2419
-23
-450
-1705
-1742
274
1311
462
1124
2333
1633
534
1544
2170
1831
3609
4633
3091
3511
1999
2751
3371
1818
4073
4578
3722
2644
2600
1852
2314
1659
1756
3553
1285
1540
1340
1030
1511
711
-1098
-3243
-758
2010
1611
239
-3209
-4748
-2461
-2426
-3362
-1508
-600
-2357
-6029
-7098
-3176
-3192
-5156
-5304
-4207
-3150
-4674
-5815
-6361
-6196
-3615
-3222
-5145
-2319
-2182
-5522
-5945
-2886
-84
-341
-948
-1673
-821
232
-614
515
3131
2795
3566
2915
2655
4434
3701
1913
2900
6578
7602
6117
3437
2179
2319
4248
4433
4555
5743
3833
174
-555
1319
1659
2253
-315
-639
1077
-558
-3100
-2974
-768
-1539
-1431
-1701
-2331
-1960
-2993
-3356
-2059
420
-43
-1549
-1648
-1313
-35
826
957
2144
2956
1384
2268
1669
2359
4994
4005
3543
4805
4764
3252
4073
4234
5034
4780
4131
4436
3495
3214
2750
2593
2711
4107
3574
671
-1988
-3033
-358
2418
1420
-1581
-5298
-5686
-3533
-5071
-4952
-3442
-3400
-5674
-9252
-8985
-6932
-5647
-7488
-8858
-6639
-4614
-7345
-10307
-7972
-5979
-4846
-4256
-5093
-4565
-3853
-5604
-5023
-1763
1161
551
-1515
-717
-28
1204
1612
3133
3836
4400
4433
3024
4323
4993
5191
4866
5191
5849
7332
5820
2643
2899
4010
6144
4759
2378
3235
2657
-156
-276
2052
2254
-186
-1426
-1745
-1795
-375
-1384
-3376
-2360
-247
-1963
-3798
-2382
-1458
-2060
-1962
-803
326
394
-1203
-1618
265
2919
2916
1777
1936
3220
3551
3545
4147
5593
5544
4038
5341
5333
6710
6774
4206
4694
6104
6197
5359
4199
3605
4545
4467
3866
3256
739
-2521
-1865
1918
4166
-88
-7015
-6757
-4176
-4282
-5551
-5705
-4814
-7510
-11808
-12963
-9034
-5733
-9163
-13104
-11426
-8648
-9597
-12240
-12409
-8043
-6406
-8128
-8606
-7529
-6070
-6573
-6927
-2900
1284
-571
-2837
-3049
-201
2308
3537
4455
4519
5158
4205
4447
6234
8601
8779
7429
5910
6283
8485
9073
7789
5535
5409
6044
6051
4617
3803
3826
3162
1106
1212
1735
537
-65
-2020
-1181
-701
-646
-2428
-3458
-2018
-2732
-1827
-2105
-2122
-1706
-1769
-2385
-1269
627
547
444
-276
876
2577
3206
3015
3854
4609
4387
5039
5347
5718
7352
6897
5963
6700
7258
7755
6264
6570
6219
6076
6846
5512
5426
5408
4520
2294
657
438
2197
2826
1459
-908
-4417
-5480
-4566
-3887
-5123
-5470
-5506
-9047
-11750
-11345
-10018
-8444
-9803
-12032
-11704
-11542
-11812
-12866
-11852
-8984
-8532
-9278
-10443
-9300
-7341
-7032
-6148
-3778
-1829
-2367
-3435
-3107
-761
1856
3324
2974
3451
4243
4071
4802
5935
7844
7940
7531
7025
6131
7669
8988
7696
6516
5415
5357
6672
5272
3939
3057
2711
2016
769
1764
1007
-571
-1292
-2151
-1591
-1232
-2146
-2314
-2396
-2766
-2661
-2417
-2014
-1629
-1342
-1755
-1673
35
1137
710
337
1244
3188
3337
3486
4526
3978
4726
5280
5600
6679
7584
7064
5215
6282
7500
7472
7489
6721
6189
6129
5956
6497
6354
4934
2403
378
1482
3579
4306
1267
-3128
-4736
-3468
-2940
-4180
-5387
-5581
-6515
-10572
-12661
-11035
-8414
-8852
-12182
-13100
-12565
-12062
-13241
-14450
-10966
-8662
-10160
-11738
-11840
-9805
-8234
-7572
-6203
-3613
-3139
-4528
-4748
-2870
885
2020
2585
3155
3007
4042
4250
6054
7756
8440
8222
6762
7895
8419
8504
8422
7655
7628
7160
6123
4900
5142
3978
2773
2743
1825
1078
-141
-1298
-1541
-1069
-1562
-3301
-3987
-3644
-3541
-2946
-3085
-3286
-3459
-3575
-3074
-2327
-560
-717
-910
-368
417
1530
2153
2773
3046
4673
4988
4565
5208
5677
6536
7580
8262
7264
6781
7623
7587
7471
8078
8612
6936
5530
6205
6279
6910
5678
3109
1571
527
2336
3837
2075
-1364
-4155
-4563
-3664
-3822
-4986
-5300
-5449
-8714
-12112
-11582
-9646
-8588
-10469
-12417
-12342
-12231
-12954
-13608
-11853
-9604
-9655
-11166
-11248
-10806
-9147
-7846
-7401
-4669
-3541
-4167
-5110
-3697
-1102
989
2763
2726
2716
2957
4124
5144
7115
8633
8646
8088
7741
8306
8784
9406
9386
9568
8131
6872
7126
6752
5543
4721
4928
4218
2521
891
350
290
188
-723
-1474
-2324
-2796
-2943
-3359
-2762
-2777
-2361
-3232
-3408
-2415
-1786
-879
-657
76
347
1014
766
1897
3441
4488
5360
4367
5006
6066
7090
7254
7819
8703
8186
7562
7522
8181
9085
9196
7160
6227
7350
7364
6877
6676
4806
2210
879
1842
3303
3452
655
-3932
-5299
-4610
-4396
-5079
-5257
-5915
-8364
-11941
-13684
-11403
-9423
-9947
-12089
-13377
-13495
-13190
-14283
-14202
-10758
-9920
-11087
-11996
-11641
-10383
-9377
-8328
-6583
-4265
-4262
-5267
-4902
-3453
-647
1733
2378
2750
2499
2470
3864
5773
7639
8990
8120
6713
7428
8326
8893
8663
8117
7953
7304
6852
5640
5042
4914
3820
2997
2484
1903
539
-728
-1199
-652
-967
-1966
-2633
-3800
-3409
-2794
-2886
-2173
-2101
-2069
-2213
-2591
-1033
409
898
1299
1317
1674
2705
3540
4938
5866
6126
6207
5948
7032
7973
8555
8677
8444
8437
8256
8409
8707
8176
8104
8192
6844
6211
6312
5713
5690
5312
4172
2009
-1166
-1310
803
3050
269
-4876
-6427
-6742
-6582
-6826
-6653
-6439
-8280
-12728
-14969
-13174
-10490
-9892
-12392
-14149
-13695
-13203
-14284
-14268
-11541
-10128
-10695
-11864
-11495
-9822
-9247
-8497
-6904
-4523
-3662
-4131
-4669
-3198
-523
1174
2289
2619
3514
3884
4430
5195
6785
8718
8203
7167
7759
8987
9013
7289
6599
7641
8107
7190
5283
5129
4415
2886
2345
2049
2472
1865
-333
-1802
-1778
-1812
-1964
-2399
-2517
-3008
-3531
-3791
-3751
-2216
-1170
-1934
-2876
-1970
-258
770
896
1484
2562
3257
3765
4385
5195
6672
7322
7276
8238
8335
8937
9016
8643
9775
10572
10260
9229
8112
8113
8827
8811
8091
6567
5898
6127
5874
4722
2858
-46
-1283
-204
1956
1638
-3442
-7272
-7636
-6306
-7716
-8426
-6859
-7093
-11213
-16402
-15427
-11259
-9403
-11734
-14000
-13643
-12937
-14436
-14676
-11394
-9232
-8530
-10679
-11415
-9164
-7447
-6611
-6198
-3810
-1713
-1706
-2306
-1876
146
2085
2819
4774
5628
5191
5213
4997
6623
8073
9596
8818
6899
6679
7495
8661
7466
5926
5187
6237
5517
3483
2991
3481
2611
-366
66
779
410
-990
-3197
-3021
-1958
-2116
-2598
-2731
-2911
-2928
-3343
-2632
-1369
-903
-500
-387
-1083
745
2644
2204
2645
4000
5255
4948
5012
6212
7725
7897
7530
7858
8241
8885
9079
8399
8069
9122
8938
8331
7348
7114
7344
6396
5740
5082
5019
4055
3802
3214
1893
-899
-4380
-3884
-598
1468
-2609
-7873
-10622
-10097
-9314
-10526
-8946
-6871
-8990
-15761
-19677
-16442
-11148
-9428
-11601
-13792
-13753
-13770
-15062
-13955
-9725
-6028
-6956
-9970
-10343
-8023
-5617
-4788
-3099
-383
956
-390
-1400
-94
2637
5041
6109
6854
7344
7269
6466
7071
8166
9124
10155
10693
9443
6848
6105
7101
7777
6851
5240
4538
4678
2410
-146
197
1812
1731
-1027
-3571
-3237
-1627
-2818
-4032
-3140
-2663
-3143
-3908
-3817
-2889
-2253
-1587
-1705
-1396
116
634
1009
1553
2137
3210
4642
4882
5275
5948
5974
6748
7218
7959
8949
9069
8596
8084
7814
8365
8497
8640
8137
6610
6573
6323
5391
4499
4079
3876
3353
1551
503
535
450
-1259
-5171
-7268
-5750
-1843
-1818
-6504
-11742
-12235
-10576
-10628
-10824
-9604
-7330
-9789
-16390
-19517
-14746
-8779
-7629
-10595
-11961
-11230
-12160
-13841
-11536
-5621
-2961
-5316
-8589
-7158
-4463
-3471
-3015
-743
3050
3322
537
-216
2977
5810
5754
5385
7177
9478
9032
6512
6245
8038
8861
8885
8502
8810
8405
6807
5091
4204
4508
4421
4555
4591
3786
982
-942
-720
-427
347
-77
-233
-271
-1807
-3576
-4012
-1977
172
348
-814
-1393
-1314
-1328
-913
742
2882
3393
2834
1923
2048
3693
4718
5112
5697
6542
6859
6149
5781
6478
7089
7816
7609
7351
7444
6486
5849
5224
5522
5910
5310
3945
2726
2106
1623
759
337
82
-864
-1554
-2630
-3413
-5244
-6892
-7563
-6514
-5040
-4997
-6608
-9873
-11483
-11609
-10933
-9620
-8018
-7764
-9110
-11600
-13475
-12784
-10397
-7915
-6809
-7164
-7762
-8245
-8261
-7460
-5777
-3482
-2369
-2143
-2406
-2045
-1054
-8
1169
1576
1998
2648
2900
3208
4100
4932
4630
4055
4004
4414
5062
5422
5139
4707
4353
3729
3511
3446
4314
4517
3068
2121
1993
2549
2624
2607
2763
2329
1721
1207
936
1693
2540
2652
2558
1691
1164
905
1609
2965
3201
2828
1929
1945
2336
2400
2846
3003
2845
2736
2107
1720
2243
2722
2464
1676
1473
1560
1508
1320
851
447
708
656
112
-105
-425
-413
-336
-496
-782
-1019
-1300
-1698
-1837
-1822
-1861
-1909
-2051
-2773
-2960
-3001
-2790
-2236
-2525
-2739
-3182
-3407
-3344
-3151
-2916
-2920
-2681
-2658
-2968
-3121
-2955
-2611
-2214
-2333
-2578
-2682
-2370
-2051
-1575
-1429
-1549
-1444
-1221
-763
-1123
-770
-665
-724
-559
-567
-262
-349
-61
-454
-964
-552
-73
-4
-646
-1246
-979
-837
-723
-280
-493
-641
-566
-852
-925
-282
239
537
700
656
753
597
1148
1913
2790
3534
3345
3351
3352
3703
4233
4933
5634
5687
5513
5299
5053
5429
6050
5590
5318
5303
5165
4878
4314
4040
3518
3341
3293
2666
2120
1752
1109
673
317
-64
-200
-843
-1192
-1688
-2286
-2460
-2488
-2363
-2985
-3455
-3645
-3937
-4039
-4061
-4120
-3827
-3494
-3880
-4390
-4426
-4051
-3756
-3468
-3132
-2905
-3163
-3041
-2593
-2311
-1576
-1437
-1847
-1748
-1428
-1336
-872
-214
139
-2
-375
-284
-261
99
518
436
724
758
466
28
486
1295
1182
636
-297
-271
-144
-18
135
96
-57
-912
-1315
-1620
-1414
-946
-1350
-1743
-1993
-2134
-2215
-2214
-1816
-1424
-1496
-1905
-1704
-1478
-955
-449
24
838
873
1011
1257
1972
2908
3497
3917
4354
4410
4633
4738
4808
5552
5530
5668
5331
5401
5945
5776
5237
4436
4242
4273
4513
4132
3566
3090
2475
1762
1581
2061
1869
1404
303
-589
-1113
-1751
-2120
-2255
-1715
-1475
-1903
-3117
-4174
-4595
-4594
-4438
-4434
-4042
-4009
-3915
-4250
-4698
-4810
-5010
-4836
-4324
-3413
-2794
-2716
-3245
-4062
-4099
-3435
-2414
-1801
-1938
-1762
-1795
-1950
-1687
-773
192
596
260
-177
-78
-3
641
968
1681
2512
2547
2033
1190
1028
865
1039
1357
1317
1367
1085
344
-250
-278
-146
-392
-829
-1252
-1507
-1689
-1916
-2022
-1975
-1750
-1782
-1803
-1909
-2266
-2397
-2135
-1622
-877
173
524
600
243
-342
-437
132
2322
4022
4296
3958
3632
3517
3323
3777
4735
5704
5989
5708
5723
5828
5199
4627
4814
4838
4910
4934
4563
3872
3134
2382
1870
2060
2317
2377
1262
-71
-694
-1096
-1384
-1400
-1493
-2467
-3460
-4217
-4686
-4286
-4054
-4199
-4115
-5908
-6823
-7058
-6678
-4851
-4122
-3580
-4238
-4522
-5027
-5075
-4316
-3430
-1824
-938
-431
-759
-1148
-1586
-1823
-718
1154
2160
2683
2743
1864
1552
1844
2570
3575
3395
2816
3113
3432
3460
3485
3371
3518
4274
3715
2344
964
-706
-765
1299
3033
3071
1645
-841
-2632
-3474
-3694
-2881
-1420
-1324
-2685
-3445
-3765
-3931
-3831
-4493
-4616
-3806
-3143
-2642
-2585
-2200
-2224
-2120
-1928
-1309
136
438
432
720
1564
2874
3601
3760
3888
3890
3851
3536
4176
5738
6703
7267
6521
5686
5276
4664
4332
4781
5575
5860
4897
3633
2999
2514
2633
1806
568
-684
-1448
-1417
-1479
-1581
-2232
-3359
-4711
-5841
-6742
-6702
-6801
-6517
-5833
-5833
-6055
-6854
-7199
-7113
-6690
-5961
-4936
-3842
-3298
-2983
-2701
-2213
-1511
-555
31
612
1353
1788
2624
3464
4476
4827
4379
4262
4368
4802
5322
5913
6476
6661
6239
5522
4866
4674
4458
4072
3723
3749
3739
3452
3681
3485
3126
2090
-584
-3993
-5421
-3802
-900
789
-698
-3308
-5151
-6655
-7846
-8370
-7794
-6505
-6539
-7243
-6916
-6038
-5517
-6706
-7763
-6721
-5225
-4528
-4883
-4712
-3064
-1411
-142
835
1623
1606
660
519
1685
3942
6174
6747
6559
6721
6714
6465
6402
6852
7507
7747
7771
7286
6676
6026
5209
4899
4371
3499
2453
970
-313
-1114
-1297
-1350
-1977
-3096
-5220
-6976
-7934
-8218
-7553
-7249
-7305
-7449
-7718
-7919
-7668
-7439
-6986
-6493
-5851
-4937
-4190
-3152
-2679
-1994
-729
339
1234
1780
2114
2806
3813
4782
5308
5666
6271
6325
6202
6192
6368
6592
6606
6308
6288
6569
6308
5638
4900
4811
4810
4646
4261
3826
3271
2494
2011
1658
2283
2951
3129
2778
848
-2408
-5611
-6391
-4244
-1618
-1246
-2836
-4578
-5187
-5614
-6780
-7691
-7753
-7340
-7687
-8463
-8588
-7944
-7071
-6099
-4819
-3270
-3105
-4489
-5482
-4805
-2888
-1447
-30
1438
2737
3358
3247
3387
4299
5799
6418
6175
6006
6063
6363
7332
8594
9801
10043
8788
7454
6177
5025
4000
3149
2705
2586
2254
947
-730
-2004
-3000
-3936
-4680
-5536
-6343
-7439
-8769
-9206
-8822
-7980
-7346
-7348
-6780
-6707
-6857
-6581
-6296
-4862
-4161
-3735
-3086
-1813
-271
410
1076
1797
3055
3774
4151
4082
4410
5135
5753
6648
7105
7254
6772
6282
6210
6558
6468
5930
5324
4624
4390
4375
4254
4248
4300
4044
3766
3423
2833
2143
1842
1960
2431
2876
3161
3266
2184
-505
-3975
-6228
-5746
-3736
-3038
-3849
-5353
-5598
-5326
-6649
-7824
-8377
-7744
-8008
-9532
-10825
-11209
-9976
-8523
-6310
-4391
-3560
-4200
-4892
-3408
-1184
152
124
104
894
1728
2155
3377
5725
8001
8937
8414
7660
7345
6760
5907
5882
6284
6720
6460
5885
5983
5959
5020
3401
2070
882
-686
-2714
-4514
-5135
-4954
-4496
-4265
-4513
-4973
-5558
-5767
-5501
-5630
-6778
-8058
-8152
-6535
-4733
-3820
-3062
-2262
-1053
-422
-316
-62
650
1534
1350
1350
1576
2195
3279
4197
5319
5627
5204
4840
5139
6050
6342
5793
5134
4612
4317
4006
3777
3919
4100
4232
4094
3980
3849
3312
2590
2154
1947
1726
1448
1373
1801
2336
2687
2943
3244
3626
3534
1133
-2918
-6699
-8022
-6237
-5053
-5540
-7396
-8491
-7711
-7228
-7028
-6999
-6951
-8039
-9684
-10440
-10395
-9604
-9099
-7992
-5559
-3562
-2743
-1799
296
3042
3846
3392
3265
3287
3004
2162
2881
4441
5446
5383
5315
6504
7469
6893
5327
4531
3979
2921
1780
1277
1423
941
-396
-1187
-1069
-946
-1634
-2353
-2777
-3368
-4102
-5005
-4764
-4154
-3894
-3743
-3337
-2491
-2029
-2271
-2658
-2383
-1830
-1325
-1099
-764
-564
-531
-220
357
1244
1987
2339
2356
2429
2666
3098
3478
3619
3486
3445
3807
4187
4638
5002
5307
5629
5672
5512
5607
5722
5363
4837
4404
4193
3916
3648
3380
3204
3148
2849
2592
2476
2321
2060
2118
2197
2035
1604
1169
1268
2005
2105
-278
-3959
-7047
-7261
-5735
-5745
-7149
-9068
-9443
-8799
-8213
-7119
-6053
-5621
-6730
-7584
-7109
-6553
-6643
-7197
-6243
-4598
-3837
-3197
-1640
1077
2797
2738
2393
2393
2681
2712
2512
2225
1132
-196
-282
902
1838
1373
689
643
1033
1614
1898
2291
2166
1353
282
-818
-1233
-1426
-1106
-424
-206
-491
-1121
-1163
-413
803
1826
1899
1262
844
1052
1137
455
-625
-1216
-1102
-718
-843
-899
-390
117
399
630
1095
1318
1172
865
590
479
543
714
1244
1870
2350
2864
3216
3835
4570
5284
5829
5603
4982
4540
4357
3962
3135
2474
2376
2549
2611
2507
2467
2361
2041
1610
1093
480
-127
-466
-619
-463
-367
-247
146
676
1009
1202
1038
-775
-2810
-4003
-3365
-2657
-4039
-6099
-7896
-7307
-5854
-4564
-3263
-3094
-3432
-4024
-3776
-3133
-3517
-4494
-5208
-5074
-5065
-5238
-4398
-3066
-1723
-1285
-1650
-1450
-920
-274
177
-38
-449
-968
-871
-448
-704
-1075
-1506
-903
297
1694
3232
3780
4059
4179
4616
4937
4707
4564
4343
3896
2991
2054
1525
1420
1296
1408
1574
1184
801
1166
2386
3225
3140
1979
291
-1065
-2238
-3146
-4099
-4931
-5320
-5235
-4202
-2826
-1655
-766
45
922
1398
1769
1753
1706
1761
1637
1175
686
977
1720
2580
2891
3186
3734
4366
4796
4642
4306
3598
2599
1240
-98
-861
-1265
-1460
-1601
-1705
-1691
-1406
-832
-342
126
294
309
636
1089
1585
1583
1622
1972
2641
3746
3781
2444
613
-250
625
1254
261
-1671
-3171
-3325
-3154
-3162
-3341
-4064
-4862
-5630
-5981
-6159
-6785
-7345
-7478
-7399
-7627
-8001
-7498
-6451
-5481
-4946
-5115
-4566
-3333
-1537
128
614
926
1173
1989
3127
4018
4787
4890
4949
5423
6026
6629
6871
7236
7928
8167
8070
7444
6926
6565
5785
4877
3454
2151
812
-468
-1149
-1512
-1674
-1893
-1605
-922
-568
-633
-1103
-1496
-1371
-1176
-1641
-2556
-3277
-3637
-3526
-3380
-3092
-2401
-1625
-836
-49
824
1491
2313
2986
3042
2788
2043
1119
293
-390
-782
-829
-816
-687
-470
-149
65
110
167
-120
-237
-530
-850
-1156
-1701
-1846
-1907
-1519
-1187
-1090
-781
-328
757
1802
2495
3104
3642
4335
4692
4418
4020
3942
4410
4929
5027
4322
2446
713
189
277
-764
-3388
-5761
-7041
-7157
-6983
-7249
-7620
-8250
-8675
-8671
-8413
-8251
-8474
-8590
-8773
-8915
-8445
-7682
-6504
-5136
-3714
-2471
-1622
-154
2001
4566
6045
6123
6095
6259
7067
7508
7277
7068
6963
7229
7454
7467
7486
7354
7405
7374
7053
6367
5113
4310
3611
2712
1616
78
-1129
-2016
-2332
-2505
-2808
-2575
-2026
-1229
-515
-94
176
320
420
352
252
-60
-593
-1084
-1998
-2964
-3319
-2938
-2505
-2451
-2269
-2170
-1857
-1319
-680
-178
-248
-327
-493
-676
-1116
-1962
-2472
-2762
-2674
-2439
-2348
-2096
-1473
-253
819
1274
1375
1336
1314
1326
1209
892
418
202
332
541
748
799
1017
1407
1891
2215
2266
2683
3286
3802
4184
4277
4311
4288
4413
4678
4584
3357
1170
-431
-977
-1268
-2792
-4956
-6450
-7081
-7037
-7395
-7644
-7630
-7581
-7414
-7518
-7242
-6961
-6725
-6481
-6532
-5959
-5357
-4577
-3267
-1904
-392
333
1343
3100
4983
6641
6891
6903
7130
7648
8290
7986
7663
7302
6758
6406
5825
5633
5436
4916
4613
4024
3515
3043
2793
2749
2147
1341
395
-189
-631
-1373
-2007
-2698
-2997
-2868
-2637
-2228
-1915
-1416
-1043
-665
-216
-114
-91
-269
-153
-241
-528
-874
-1324
-1134
-1269
-1670
-2216
-2543
-2335
-2400
-2143
-2308
-2626
-2580
-2675
-2096
-1982
-1992
-1931
-2086
-1725
-1891
-1932
-2154
-2422
-2013
-1919
-1510
-1129
-735
-53
-64
-105
-37
329
804
636
547
213
104
234
199
533
854
1581
2155
2645
3259
3613
4356
4976
5502
5690
5459
5135
4642
4499
4318
3456
1722
-13
-733
-804
-1395
-2787
-3909
-4383
-4554
-4814
-4989
-4843
-4874
-4853
-4656
-4237
-3670
-3536
-3174
-2935
-2791
-2523
-2415
-1604
-735
-71
40
127
1238
2486
3512
3664
3650
4040
4175
4297
3786
3173
2823
2406
2317
1831
1514
1362
1275
1671
1707
1740
1523
1785
2579
2872
2946
2415
2035
1667
954
235
-681
-1354
-2016
-2439
-2648
-2852
-2469
-1915
-1043
-343
-164
43
-29
116
42
-457
-1082
-1761
-1994
-2273
-2483
-2682
-3063
-3141
-3001
-2731
-2613
-2577
-2317
-2067
-1915
-2087
-2268
-2426
-2524
-2304
-2282
-2285
-2375
-2255
-1901
-1821
-1871
-2054
-1821
-1211
-753
-603
-670
-462
22
632
1061
1138
1509
1918
2309
2669
2720
2845
3070
3689
4194
4397
4573
4830
5452
5997
6342
6427
6440
6542
6595
6434
5978
5448
4633
3488
2385
1485
533
-908
-2307
-3174
-3719
-4036
-4532
-4663
-4490
-4440
-4223
-4103
-3812
-3955
-4415
-4875
-5529
-5764
-5979
-5856
-5358
-5112
-4840
-4298
-2993
-1419
-294
560
1144
1871
2462
2911
3410
3594
3754
3622
3712
4225
4817
5466
5711
5900
5811
5642
5599
5422
5412
4893
4114
3354
2598
2103
1092
-92
-1334
-2547
-3452
-4267
-4558
-4833
-4904
-4766
-4842
-4611
-4194
-3453
-2715
-2281
-2055
-1821
-1270
-745
-372
-259
-378
-514
-567
-455
-634
-1003
-1230
-1449
-1429
-1460
-1530
-1835
-2281
-2257
-2237
-2059
-2180
-2509
-2471
-2379
-2209
-2535
-2829
-2755
-2553
-1924
-1502
-1047
-377
397
1497
2426
3395
4132
4418
4700
4806
5036
5143
5105
5093
5022
5151
5175
5353
5600
5770
5841
5573
5285
4945
4584
3974
3137
2251
1394
782
182
-401
-1238
-2308
-3209
-4128
-4873
-5567
-6153
-6580
-7112
-7253
-7253
-6942
-6485
-6262
-5829
-5511
-4955
-4365
-3788
-3147
-2887
-2518
-2083
-1324
-374
472
1390
2203
3189
4090
4709
5216
5418
5613
5684
5524
5354
4999
4671
4137
3383
2581
1747
1251
948
783
655
507
350
75
-103
-313
-724
-1249
-1836
-2395
-2933
-3356
-3594
-3568
-3210
-2826
-2555
-2263
-1699
-835
-106
193
163
-62
-290
-352
-431
-659
-1046
-1331
-1315
-1102
-769
-493
-252
-39
58
76
-64
-214
-312
-475
-629
-906
-1118
-990
-763
-446
-231
-209
-253
-316
-53
141
13
-353
-683
-566
-288
105
333
503
882
1220
1540
1822
2130
2273
2186
2058
1836
1676
1614
1500
1317
1080
1027
1097
1205
1426
1571
1700
1721
1745
1930
2051
1955
1561
1180
772
198
-386
-976
-1579
-2423
-3097
-3469
-3830
-4025
-4146
-3957
-3788
-3754
-3568
-3287
-2693
-2353
-2175
-1848
-1404
-758
-292
203
544
650
710
645
748
789
740
750
729
990
1325
1706
2242
2684
3093
3231
3255
3203
3058
2969
2602
2103
1548
1204
1172
1170
1221
1277
1517
1756
1828
1751
1448
1048
489
-55
-559
-1163
-1850
-2516
-2878
-3058
-3095
-3017
-2850
-2492
-2063
-1459
-768
-48
730
1373
1963
2403
2671
2844
2871
2805
2563
2217
1773
1189
710
330
105
-89
-487
-1001
-1578
-1867
-1947
-2077
-2367
-2926
-3294
-3479
-3548
-3534
-3589
-3516
-3491
-3425
-3202
-2730
-2061
-1543
-989
-438
184
896
1559
2285
2848
3192
3397
3657
4012
4127
3992
3696
3393
3126
2770
2381
2037
1801
1542
1153
725
362
124
-68
-311
-728
-1284
-1766
-2170
-2430
-2638
-2905
-3076
-3202
-3286
-3306
-3234
-3070
-3036
-3053
-3009
-2841
-2518
-2213
-1908
-1640
-1280
-712
-42
673
1151
1404
1571
1831
2189
2439
2680
2915
3126
3147
3062
3050
3080
3163
3199
3114
2957
2800
2709
2756
2725
2422
1896
1330
733
110
-458
-915
-1231
-1563
-1929
-2303
-2557
-2570
-2374
-2139
-1958
-1831
-1707
-1368
-958
-676
-555
-514
-306
-28
196
352
457
600
749
926
967
943
939
857
790
623
448
297
182
140
-77
-407
-745
-1094
-1450
-1824
-2146
-2455
-2755
-3009
-3246
-3247
-2992
-2683
-2449
-2334
-2233
-2039
-1768
-1630
-1626
-1701
-1777
-1741
-1532
-1049
-524
-124
221
646
1221
1770
2213
2495
2581
2463
2107
1850
1833
1946
1901
1568
1361
1360
1484
1562
1504
1431
1267
1080
883
790
813
744
675
612
544
564
607
634
664
732
789
758
861
1193
1599
1877
1902
1923
1991
1952
1609
1100
695
244
-295
-821
-1156
-1332
-1517
-1633
-1676
-1678
-1665
-1681
-1692
-1809
-2050
-2308
-2438
-2349
-2211
-2112
-2004
-1817
-1547
-1190
-614
-86
287
777
1236
1721
2257
2829
3406
3765
3918
3892
3928
3905
3696
3419
3043
2608
1992
1340
824
344
-10
-229
-454
-783
-1224
-1612
-1919
-2286
-2782
-3353
-3873
-4344
-4722
-4920
-4921
-4693
-4352
-4035
-3725
-3441
-3135
-2727
-2195
-1718
-1394
-1121
-924
-706
-419
-130
111
282
491
667
754
893
1125
1460
1814
1952
1967
2042
2200
2399
2482
2449
2311
2108
1863
1535
1075
475
-16
-371
-647
-768
-756
-664
-496
-287
-82
129
336
550
758
917
1074
1196
1301
1478
1603
1671
1729
1750
1839
1947
2015
2035
2027
2017
1917
1763
1608
1436
1146
759
351
-100
-566
-1116
-1712
-2211
-2500
-2695
-2913
-3002
-2869
-2529
-2101
-1660
-1148
-625
-153
301
625
854
976
1059
1183
1296
1437
1468
1577
1703
1707
1688
1591
1522
1417
1254
1016
702
459
236
11
-252
-638
-1044
-1444
-1754
-1943
-2096
-2186
-2261
-2237
-2218
-2252
-2223
-2118
-1883
-1606
-1329
-1162
-1073
-955
-885
-859
-845
-798
-832
-936
-941
-791
-587
-478
-338
-95
115
283
356
371
399
336
220
67
-27
-128
-232
-218
-273
-342
-335
-120
223
500
722
839
969
1176
1382
1531
1578
1576
1529
1508
1611
1625
1502
1368
1300
1310
1282
1318
1306
1211
1117
932
757
471
179
-80
-411
-719
-1086
-1321
-1483
-1726
-1989
-2254
-2338
-2351
-2296
-2072
-1837
-1576
-1387
-1209
-894
-566
-247
-76
-11
5
-64
-76
-52
1
15
51
255
537
857
1166
1488
1874
2220
2456
2478
2250
1996
1802
1689
1549
1285
994
713
485
242
-5
-229
-414
-526
-623
-747
-906
-1027
-1051
-1082
-1207
-1455
-1772
-1965
-2016
-2007
-2047
-2057
-1928
-1765
-1551
-1346
-1078
-736
-414
-159
-39
94
317
523
639
641
609
659
776
961
1129
1273
1423
1566
1775
1982
2159
2267
2334
2406
2384
2289
2195
2187
2180
2105
1954
1783
1720
1681
1576
1395
1206
1033
783
471
163
-103
-339
-614
-891
-1150
-1418
-1653
-1888
-2083
-2221
-2292
-2329
-2399
-2401
-2387
-2365
-2327
-2254
-2086
-1932
-1871
-1861
-1745
-1551
-1331
-1129
-969
-701
-335
14
273
520
767
952
1093
1147
1122
1060
934
837
873
987
1007
852
670
551
524
470
285
24
-223
-334
-401
-525
-642
-741
-785
-812
-866
-935
-1033
-1081
-1126
-1159
-1141
-1091
-955
-765
-426
-100
132
366
531
721
859
894
809
633
474
271
123
-2
-103
-126
-120
-51
32
146
243
281
328
392
502
556
454
313
199
204
282
360
432
425
412
435
571
775
937
1081
1199
1328
1456
1553
1655
1735
1796
1788
1633
1441
1236
1050
848
578
308
9
-227
-420
-619
-766
-848
-798
-685
-557
-470
-485
-566
-668
-743
-821
-944
-1137
-1378
-1603
-1726
-1695
-1564
-1409
-1204
-962
-682
-303
134
539
799
916
969
1023
1083
1092
1080
1014
911
803
648
523
428
291
109
-88
-270
-400
-453
-423
-378
-359
-371
-472
-576
-662
-732
-800
-894
-966
-1065
-1149
-1233
-1264
-1199
-1091
-884
-656
-450
-306
-200
-82
9
66
44
-29
-144
-265
-360
-372
-351
-344
-288
-253
-196
-56
114
318
561
761
895
949
978
1023
1025
972
849
754
654
597
584
580
667
713
796
929
1039
1051
907
760
602
434
215
-114
-494
-832
-1076
-1253
-1350
-1351
-1342
-1334
-1272
-1155
-991
-835
-735
-721
-716
-710
-717
-722
-736
-730
-729
-636
-460
-246
-74
5
163
400
671
884
945
976
1058
1215
1397
1533
1573
1510
1428
1284
1066
868
761
707
610
512
407
323
342
433
533
506
374
222
92
34
-74
-254
-493
-687
-790
-850
-783
-670
-511
-300
-91
101
182
223
249
234
155
-23
-207
-352
-433
-469
-499
-525
-540
-497
-385
-235
-68
105
238
342
399
408
385
336
289
222
172
146
127
103
67
10
-36
40
201
323
376
404
466
572
625
579
487
416
334
148
-69
-263
-387
-473
-634
-790
-929
-990
-981
-1015
-1059
-1121
-1143
-1192
-1246
-1257
-1285
-1305
-1359
-1390
-1391
-1385
-1358
-1282
-1111
-961
-881
-799
-646
-387
-144
3
120
236
420
584
681
724
726
763
789
822
840
860
918
966
1046
1121
1180
1223
1211
1206
1222
1202
1086
912
757
568
331
78
-106
-200
-277
-331
-391
-382
-304
-238
-149
-61
51
161
276
394
492
625
723
760
733
628
507
384
334
319
212
79
-23
-42
5
62
91
78
108
118
31
-37
-89
-120
-128
-175
-210
-248
-216
-141
-87
-52
-38
81
241
356
402
395
363
370
463
581
631
569
443
343
256
124
-46
-291
-481
-575
-639
-665
-685
-665
-615
-573
-570
-634
-686
-686
-673
-730
-832
-890
-912
-892
-887
-910
-901
-848
-715
-514
-294
-124
-41
26
140
261
345
355
305
222
114
-21
-147
-243
-315
-378
-507
-661
-710
-645
-537
-439
-344
-253
-119
-12
33
111
146
131
106
112
99
60
23
-21
-2
57
185
327
465
594
699
818
938
1072
1170
1191
1116
957
788
685
621
540
397
270
211
176
196
236
292
337
341
315
286
261
191
69
-97
-266
-408
-507
-568
-628
-694
-741
-708
-628
-525
-443
-399
-335
-260
-167
-112
-98
-71
-40
-16
-39
-80
-89
-51
41
163
283
384
472
581
743
864
901
840
730
633
503
343
160
7
-128
-254
-327
-394
-460
-548
-627
-695
-789
-844
-882
-881
-910
-975
-1006
-1006
-920
-791
-642
-462
-285
-122
11
162
329
486
623
675
656
619
630
724
797
806
744
671
641
651
663
635
581
518
451
352
235
128
22
-59
-182
-361
-558
-685
-723
-755
-806
-856
-832
-775
-691
-585
-486
-385
-278
-175
-99
-67
-98
-140
-173
-166
-147
-108
-44
24
115
197
239
280
342
398
426
414
384
343
311
298
282
231
146
70
2
-46
-82
-136
-223
-326
-413
-469
-475
-450
-461
-449
-404
-374
-351
-340
-277
-199
-137
-101
-89
-28
63
180
276
383
502
596
673
706
739
744
718
697
637
531
387
260
234
241
198
114
27
-51
-129
-207
-304
-431
-584
-729
-865
-986
-1048
-1057
-999
-851
-655
-467
-321
-206
-74
69
212
326
388
421
448
470
485
522
557
598
638
687
738
780
827
843
832
808
759
639
467
328
227
167
94
-6
-105
-171
-215
-285
-333
-384
-446
-508
-556
-557
-577
-604
-650
-698
-747
-795
-815
-836
-822
-801
-761
-700
-607
-456
-281
-88
74
213
350
525
689
772
810
811
794
752
716
680
645
605
552
496
448
406
357
299
225
160
75
-18
-104
-199
-296
-407
-529
-627
-722
-793
-841
-845
-804
-729
-599
-421
-180
78
285
421
529
648
773
853
846
773
674
617
605
567
483
404
339
304
271
209
145
101
77
42
-18
-105
-202
-293
-383
-487
-612
-715
-768
-798
-837
-872
-881
-838
-735
-609
-501
-404
-276
-129
19
120
161
174
201
240
229
180
116
106
170
262
365
438
502
566
636
710
746
707
620
538
441
309
167
23
-109
-228
-339
-402
-424
-439
-426
-400
-387
-392
-393
-401
-418
-432
-503
-555
-561
-561
-519
-483
-449
-384
-311
-200
-16
189
392
552
652
727
807
861
874
859
802
743
675
611
533
456
407
354
293
206
101
-19
-147
-279
-453
-649
-818
-956
-1084
-1210
-1331
-1412
-1420
-1379
-1287
-1185
-1104
-1006
-833
-558
-278
-26
210
415
605
758
884
1017
1158
1268
1319
1302
1237
1168
1100
1045
965
847
742
664
603
555
488
384
275
148
0
-180
-406
-616
-790
-929
-1048
-1132
-1157
-1119
-1027
-926
-810
-680
-539
-406
-300
-226
-213
-230
-249
-262
-273
-279
-288
-283
-243
-154
-36
68
167
244
296
352
426
487
539
565
543
522
522
538
556
579
576
572
558
530
502
447
370
275
179
108
59
-3
-50
-45
-37
-17
9
35
86
130
160
160
154
151
150
165
161
137
98
81
100
134
160
178
174
144
113
84
28
-65
-155
-257
-379
-507
-637
-721
-783
-854
-922
-979
-982
-944
-900
-860
-812
-739
-674
-603
-536
-459
-339
-221
-121
-35
53
150
249
328
383
424
479
578
676
765
838
903
964
1004
1015
1002
948
836
714
585
459
330
199
79
-12
-81
-131
-180
-214
-234
-265
-281
-329
-365
-429
-505
-549
-595
-632
-678
-682
-661
-622
-585
-559
-522
-478
-401
-334
-280
-241
-193
-115
-27
88
182
230
260
302
357
398
406
387
376
356
332
283
209
168
136
129
136
149
166
179
206
207
198
199
195
183
152
97
38
-6
-27
-54
-104
-115
-93
-45
32
110
174
242
333
416
459
475
465
412
358
306
235
160
67
-27
-113
-163
-188
-195
-192
-208
-223
-242
-253
-243
-254
-317
-396
-467
-522
-578
-614
-645
-672
-673
-670
-646
-609
-544
-448
-335
-212
-87
49
172
271
354
415
453
479
497
515
550
575
582
593
589
589
577
580
575
534
479
411
346
260
157
26
-112
-255
-353
-413
-457
-486
-542
-587
-603
-589
-562
-546
-537
-500
-436
-370
-309
-287
-272
-259
-234
-199
-188
-195
-190
-176
-160
-145
-127
-115
-119
-127
-104
-54
-30
-22
-45
-65
-65
-45
0
42
79
93
152
233
322
413
438
428
410
397
380
344
302
275
268
266
272
277
297
333
382
439
456
459
475
508
538
535
504
444
387
338
289
229
156
62
-10
-47
-64
-79
-98
-103
-106
-87
-86
-96
-94
-101
-119
-169
-215
-269
-303
-345
-417
-458
-486
-475
-474
-479
-472
-448
-390
-322
-249
-189
-133
-92
-56
-36
-39
-43
-43
-31
-16
-19
-26
-28
-18
19
60
82
92
125
178
220
237
218
203
192
183
178
134
102
84
59
54
57
67
64
60
63
64
69
78
98
110
89
62
11
-27
-55
-104
-142
-206
-254
-295
-317
-321
-335
-323
-305
-294
-278
-261
-234
-222
-222
-230
-248
-252
-259
-266
-279
-274
-248
-206
-134
-52
15
79
147
200
261
310
354
366
365
377
378
395
421
443
458
446
428
435
441
443
429
396
368
320
266
220
171
125
72
1
-60
-105
-158
-216
-257
-298
-330
-334
-318
-283
-263
-236
-199
-150
-97
-66
-50
-54
-43
0
51
88
115
126
140
179
202
232
276
299
304
291
272
250
225
189
128
77
17
-26
-62
-100
-133
-187
-253
-288
-271
-276
-295
-321
-348
-360
-363
-375
-390
-398
-434
-453
-439
-394
-320
-250
-188
-127
-61
1
73
154
228
297
327
342
364
395
428
426
408
350
307
286
256
214
119
34
-49
-131
-193
-261
-324
-385
-429
-478
-509
-530
-558
-590
-622
-637
-645
-618
-583
-554
-529
-510
-461
-398
-320
-227
-131
-37
59
167
260
348
429
496
551
565
583
610
636
670
695
727
741
751
760
767
765
743
701
652
590
510
426
310
203
89
-14
-95
-163
-212
-284
-328
-361
-371
-346
-319
-305
-299
-266
-203
-148
-96
-53
-31
-8
14
31
39
48
66
78
70
63
34
18
9
-18
-66
-124
-171
-210
-248
-295
-339
-377
-396
-388
-384
-381
-380
-381
-357
-317
-274
-222
-173
-121
-60
10
73
136
214
277
348
418
497
576
635
698
736
750
746
739
725
686
641
571
479
381
283
196
109
32
-51
-129
-204
-282
-365
-450
-524
-622
-703
-770
-850
-917
-964
-989
-1003
-999
-978
-937
-884
-823
-755
-699
-640
-566
-497
-413
-331
-240
-144
-60
26
110
193
263
329
381
419
435
450
481
491
496
478
460
450
436
427
406
401
403
404
400
407
409
392
379
363
352
326
301
276
242
221
215
234
244
256
257
247
254
263
268
251
243
220
178
161
132
110
103
108
84
43
11
-36
-66
-82
-115
-173
-235
-295
-344
-371
-399
-426
-460
-488
-516
-523
-504
-468
-423
-375
-324
-279
-220
-149
-72
17
112
186
259
329
386
453
