21
30
33
8
-5
-28
-46
-39
-27
-14
-11
-10
-12
-8
-9
-8
1
-6
-4
-2
0
29
55
65
70
73
62
48
34
18
15
16
31
38
30
20
16
2
-20
-16
-28
-27
-24
-42
-31
-24
-22
-31
-58
-82
-98
-108
-109
-102
-95
-88
-85
-86
-92
-103
-90
-79
-71
-49
-40
-35
-38
-33
-33
-36
-39
-32
-13
-2
27
39
54
72
85
110
112
116
116
101
98
99
109
113
106
96
77
80
83
93
115
113
105
104
111
111
123
125
114
90
73
53
29
22
9
14
19
14
24
47
79
97
102
105
93
89
65
39
26
33
47
33
24
3
-18
-30
-44
-46
-31
-2
24
36
63
84
96
100
73
41
0
-23
-35
-49
-65
-72
-54
-68
-74
-68
-69
-67
-70
-71
-71
-61
-51
-23
-6
-7
-11
-29
-24
-19
-3
19
27
32
50
63
61
63
59
55
41
31
28
29
39
52
62
71
91
96
85
78
54
45
32
30
40
38
27
-1
-21
-43
-51
-61
-81
-65
-54
-49
-24
0
15
14
8
-3
-25
-52
-72
-84
-72
-58
-53
-56
-69
-84
-101
-112
-117
-104
-92
-74
-59
-60
-46
-41
-50
-84
-126
-152
-180
-180
-175
-160
-122
-107
-98
-88
-99
-104
-114
-137
-160
-166
-148
-132
-118
-96
-80
-72
-75
-80
-80
-74
-53
-41
-34
-23
-14
-16
-15
-27
-45
-53
-70
-80
-88
-87
-78
-66
-39
-12
8
36
46
33
11
-14
-18
-11
-13
-24
-35
-55
-73
-92
-102
-105
-100
-78
-46
-10
10
43
66
71
70
50
20
-7
-35
-26
-2
13
47
58
75
93
99
110
138
175
200
233
248
278
300
296
298
279
258
259
274
297
323
345
361
375
389
397
394
384
374
359
356
350
322
310
310
305
274
236
203
173
155
139
111
86
61
31
6
-44
-98
-153
-227
-294
-361
-392
-398
-398
-412
-433
-447
-468
-460
-449
-444
-457
-480
-474
-469
-455
-423
-401
-382
-364
-361
-371
-353
-309
-264
-213
-160
-123
-77
-15
43
87
121
152
161
166
165
159
178
210
239
261
262
246
227
221
213
213
212
202
200
202
194
168
135
107
79
58
28
-6
-14
-22
-13
-2
-15
-23
-40
-63
-68
-76
-86
-78
-42
-16
13
42
51
72
88
102
145
182
220
279
324
378
427
472
508
518
557
590
624
650
682
723
749
776
788
809
813
796
767
749
750
763
778
756
731
702
680
649
587
533
495
469
438
403
365
318
244
120
-23
-135
-206
-272
-383
-518
-637
-723
-770
-829
-918
-1009
-1087
-1163
-1241
-1294
-1295
-1271
-1252
-1275
-1295
-1266
-1205
-1135
-1105
-1096
-1066
-996
-896
-797
-714
-629
-543
-460
-377
-302
-226
-181
-155
-127
-85
-6
86
141
141
107
82
84
89
54
3
-52
-91
-101
-122
-144
-190
-246
-299
-359
-393
-392
-411
-445
-484
-515
-459
-364
-293
-284
-314
-309
-277
-216
-163
-114
-68
-19
24
58
134
240
303
300
269
300
410
524
574
571
573
596
632
647
651
641
627
608
582
588
626
676
686
648
603
628
698
730
707
675
695
759
814
821
799
768
755
730
676
655
672
670
617
556
546
589
597
489
291
96
-5
-52
-144
-294
-472
-618
-732
-846
-944
-1012
-1086
-1206
-1366
-1477
-1477
-1405
-1352
-1408
-1477
-1437
-1299
-1162
-1080
-1019
-932
-793
-636
-462
-270
-52
137
265
378
528
702
856
936
950
974
1071
1191
1248
1264
1257
1250
1210
1116
1031
955
863
727
563
426
337
245
83
-136
-317
-444
-558
-689
-830
-908
-924
-955
-1017
-1035
-991
-944
-951
-980
-957
-861
-763
-723
-680
-570
-404
-267
-179
-102
2
122
206
263
316
397
495
520
469
438
457
486
444
349
310
325
332
275
185
169
203
176
98
65
108
152
154
164
163
205
297
325
347
428
540
619
632
642
726
838
906
909
900
937
958
908
838
817
798
636
396
258
226
186
30
-180
-306
-394
-508
-648
-799
-904
-1011
-1132
-1272
-1352
-1290
-1211
-1224
-1278
-1253
-1096
-912
-851
-809
-713
-530
-306
-182
-55
129
341
470
538
685
858
977
1038
1065
1105
1204
1315
1335
1273
1227
1211
1157
1031
893
787
637
444
219
13
-83
-177
-410
-664
-779
-859
-1048
-1286
-1414
-1454
-1533
-1612
-1613
-1562
-1503
-1453
-1434
-1455
-1391
-1237
-1121
-1066
-1013
-810
-517
-413
-449
-262
70
186
91
114
362
413
330
462
550
531
515
520
555
462
443
431
349
358
179
102
269
268
18
-111
60
103
-78
-55
79
-146
-263
40
123
-56
10
270
374
218
356
687
694
670
599
686
828
851
1017
1071
1041
1008
1054
1301
1236
740
503
624
657
377
172
320
273
-101
-426
-483
-418
-497
-805
-1211
-1444
-1400
-1169
-1128
-1332
-1382
-1203
-1041
-1095
-1150
-874
-657
-806
-950
-736
-222
92
148
210
409
680
864
1032
1106
1060
1084
1207
1296
1341
1473
1661
1534
1186
1008
1049
1068
759
366
147
35
-59
-192
-331
-447
-663
-865
-1026
-1252
-1390
-1412
-1416
-1693
-1854
-1589
-1257
-1338
-1493
-1264
-1164
-1233
-1080
-689
-650
-666
-465
-164
-121
-64
299
278
68
188
474
110
219
654
399
187
339
652
447
98
579
472
-327
151
237
-63
-296
-200
137
-556
-204
291
-314
-248
230
-32
-262
159
432
321
305
552
590
537
975
1154
726
1061
1333
1083
1285
1466
1641
1462
1523
1646
1394
1577
1625
1467
1138
870
797
775
767
533
98
186
218
-291
-513
-507
-311
-786
-1326
-1189
-1161
-1196
-1196
-1323
-1363
-1239
-1136
-1048
-962
-860
-799
-537
-509
-517
-160
220
292
42
306
747
701
672
794
815
797
740
731
827
851
682
523
324
295
178
-5
2
-365
-630
-601
-694
-1019
-1003
-968
-1126
-1421
-1500
-1248
-1565
-1553
-1283
-1586
-1614
-1302
-1258
-1170
-1323
-949
-902
-1075
-735
-776
-491
-518
-318
-335
-404
-56
115
110
-160
-15
605
306
-512
449
944
135
38
337
594
369
-412
798
314
-1009
612
424
-149
-586
446
1102
-593
-314
907
339
-519
531
263
-78
402
687
690
254
963
1167
455
895
1826
876
810
2000
1525
909
1497
2044
1615
824
1440
2214
833
746
1668
1226
262
671
1505
452
189
279
663
131
-803
-11
-182
-677
-1091
-950
-733
-999
-1168
-902
-834
-1309
-825
-737
-933
-795
-787
-586
-532
-646
-400
-61
-200
-209
-40
-13
231
262
218
254
153
460
451
208
407
405
257
-213
-399
236
-254
-833
-665
-403
-517
-1340
-675
-69
-1205
-1218
-326
-953
-1096
-1065
-376
-631
-1766
-249
-448
-634
-554
-469
-56
-520
-547
0
101
-577
759
-86
-424
628
304
496
-578
232
833
-1043
-289
844
-319
-484
-144
465
-137
-1034
427
790
-758
-860
481
-1
-271
-250
362
734
-569
242
1111
669
-178
723
1458
756
465
508
2414
1348
99
1627
2193
1222
707
2135
1667
1149
1167
1815
1861
610
1943
1805
902
1379
1195
1548
1068
548
1245
747
459
468
514
706
-31
-175
259
37
-485
-179
-254
-552
-556
-608
-440
-740
-820
-593
-582
-841
-869
-447
-578
-669
-584
-636
-439
-364
-295
-486
-67
7
-418
-43
98
-96
-382
-80
-333
-296
-193
-510
-106
-468
-420
-455
-484
-446
-514
-533
-1002
-575
-735
-1025
-791
-754
-726
-974
-1078
-638
-1067
-1251
-552
-823
-1292
-907
-210
-1128
-756
-33
-1036
-829
-208
-265
-1160
-1224
639
-291
-2207
114
691
-987
-1418
595
727
-2126
-243
1283
-516
-1501
157
1327
-1025
-851
850
142
-347
-363
383
-90
-273
719
-34
307
462
638
655
700
980
210
967
1232
437
823
1184
1190
972
812
1867
1337
1013
1555
1711
1533
764
1771
1947
977
1354
1626
1310
1151
979
1521
840
215
1015
606
267
262
413
263
-309
40
-164
-408
-474
-634
-688
-1353
-804
-728
-1304
-1132
-770
-760
-1288
-901
-596
-905
-734
-728
-629
-618
-558
-189
-252
-108
-437
263
617
-282
250
643
487
28
135
982
366
56
642
503
-3
153
720
-327
-285
264
-709
-187
31
-912
-201
-140
-851
-753
-1005
102
-956
-2269
-79
-766
-1752
-937
-1019
-316
-1123
-1350
-314
-1075
-571
-1028
-898
-74
-1188
-888
196
-245
-1240
-94
300
-236
-948
-145
755
-760
-839
735
563
-829
454
615
182
-257
549
674
-566
580
670
880
-491
684
1887
13
661
741
1386
1275
-770
1582
2305
-1001
1440
2290
815
904
952
2691
1009
-45
2346
2386
88
1054
2850
1236
696
1696
2019
1209
506
1252
1559
181
512
1269
528
326
148
647
90
-548
-139
-262
-458
-1222
-650
-470
-998
-843
-880
-621
-1032
-934
-533
-984
-908
-422
-735
-661
-157
-180
-118
-18
3
142
276
284
344
224
396
321
527
422
213
845
197
-16
371
-111
68
101
-292
-362
-1069
-184
-317
-1503
-526
-883
-981
-988
-1859
-462
-1471
-1980
-147
-2561
-833
-798
-2706
208
-1779
-1372
-283
-2179
-112
-587
-2171
-675
-152
-473
-1557
-1002
846
-620
-2052
324
761
-1466
-1310
806
542
-2077
-457
1606
-527
-1923
846
1160
-1502
-197
1006
-303
-501
757
663
-305
-53
1189
660
-499
774
1766
-234
115
1850
466
657
1317
1334
792
1069
1541
1046
1579
1144
1498
1633
1110
1386
1607
1793
1170
994
1316
1286
563
769
1392
197
270
935
527
-364
129
696
-825
-668
-280
-493
-764
-913
-565
-763
-1111
-784
-395
-956
-937
-712
-416
-894
-967
136
-295
-445
-98
-10
195
-259
226
570
203
5
651
680
82
650
356
745
65
216
568
-576
453
7
-777
21
-238
-740
-687
-596
-147
-1718
-1475
319
-1476
-2349
-805
-201
-2050
-2220
-992
-383
-1789
-2498
379
-1025
-2251
-412
-454
-936
-1180
-591
333
-964
-925
816
-354
-233
122
677
-209
-358
1572
-287
-274
1455
1008
-782
977
1736
295
-140
845
1941
-1148
560
1710
-128
587
703
990
294
65
1541
682
-417
1490
832
100
733
1027
1082
231
852
1033
796
557
1028
1322
534
913
1479
1273
810
1175
1259
753
392
822
1016
201
141
908
404
-846
538
267
-776
-415
-431
-532
-1568
-427
-357
-1466
-858
-493
-859
-1319
-604
-581
-1081
-877
-375
-612
-818
73
391
-351
-278
1108
318
-396
574
650
677
-215
797
1246
-388
1052
1076
-40
321
505
322
-20
-557
57
587
-1341
-126
165
-940
-784
-1090
-240
-1603
-1219
-1332
-887
-803
-2102
-156
-940
-1772
-680
-552
-1577
-917
-829
-363
-1115
-1035
678
-868
-560
30
-167
-708
254
-250
-326
20
662
245
-1076
1673
415
-939
485
1031
-685
-360
1087
401
-456
-419
2073
-91
-1512
1837
1126
-1363
651
1863
-711
674
1227
532
832
580
1889
62
576
2239
554
513
2066
1474
645
1795
1747
769
1477
2271
710
778
1122
1398
335
-64
1320
319
-229
206
214
-878
-488
-289
-1049
-1215
-1525
-808
-1280
-2374
-1045
-1076
-2322
-1542
-1426
-1653
-1652
-1830
-880
-1140
-1582
-703
-515
-683
-940
137
150
-789
288
729
-63
-31
1083
867
286
1047
986
334
890
1210
576
593
1053
625
56
406
278
286
207
-573
-101
39
-397
-577
-613
-118
-811
-1221
-47
-558
-2061
-415
286
-2011
-1251
194
-624
-1052
-914
-570
263
-1427
-1093
1352
-1253
-870
811
42
-157
-486
764
500
-1124
193
1544
-919
-659
1680
157
-310
562
427
537
-464
-186
1130
-105
-495
1061
676
-315
732
802
435
251
454
1186
176
526
1709
838
718
1208
1460
1378
923
1284
898
1392
1509
854
1502
1818
1276
822
1395
607
379
943
444
348
13
-83
319
-421
-1197
-277
-788
-1890
-1415
-1178
-1381
-2063
-1352
-804
-2007
-1983
-887
-1249
-2263
-1262
-709
-1231
-880
-276
-101
-148
-252
327
413
199
616
619
1129
540
1181
1603
1000
1685
521
672
1081
625
250
328
1476
17
-360
879
-85
-695
-201
-657
-818
-1160
-1159
-154
-1451
-1479
-364
-1132
-1406
-846
-1136
-1201
-1353
-1197
-123
-787
-1317
-143
406
-1360
-574
723
-327
-948
568
654
-781
197
692
1061
-1205
331
1685
-1106
-211
663
446
-609
-611
908
113
-1054
-60
646
-343
-1332
1077
331
-1224
510
607
-94
188
530
947
717
-296
2037
818
496
2034
819
1819
1998
1262
1906
2126
1826
2151
2008
2243
2055
1843
1627
1252
1118
1553
1084
740
930
315
465
-148
-317
-646
-1081
-1385
-1759
-1908
-1998
-1752
-1886
-2149
-2546
-2017
-2149
-2678
-1883
-1945
-1836
-1505
-1248
-691
-729
-562
-510
-36
148
232
747
1032
599
1110
1646
1249
1847
1697
1568
1164
1110
1427
1001
1002
1152
520
304
344
-30
-171
-368
-585
-963
-850
-1133
-616
-993
-1743
-1275
-1352
-1404
-1918
-1310
-977
-1865
-1999
-959
-672
-2091
-1156
459
-1605
-1615
919
-245
-740
489
-7
336
-58
38
1472
-852
34
2278
-1526
120
2042
-1504
351
1017
-982
-48
238
280
-183
-460
633
79
-570
162
-274
-468
757
626
-318
1306
1655
-264
1201
2333
549
1346
2863
1594
1736
2669
2623
2305
2196
3481
2722
905
2327
2461
726
2018
2383
960
748
1173
544
-1104
-711
129
-1637
-2445
-1258
-1757
-2671
-2271
-2007
-3509
-3558
-2322
-3081
-3466
-2307
-2045
-2392
-1857
-1585
-1284
-1256
-691
-535
-631
330
914
827
797
1850
1340
982
2769
2126
1057
2721
2750
1361
1782
2611
2169
888
912
1377
593
64
634
526
-752
-490
44
-1248
-1640
-892
-1385
-2102
-1510
-1556
-2039
-1705
-1445
-1901
-2234
-1137
-1637
-1928
-553
-963
-1402
-335
415
-853
-660
930
546
-1114
718
2024
-988
307
2456
158
-611
1822
805
-309
833
340
405
519
577
157
-537
267
-186
-1371
158
-444
-883
-116
439
79
-1807
1126
676
-1623
1098
1003
15
1245
1342
1900
1165
984
3539
1572
-120
1871
1658
1224
2709
2416
1233
961
1288
489
-1136
356
689
-994
-954
-1122
-1554
-1235
-1539
-2433
-3214
-2658
-1872
-2728
-2474
-1782
-2263
-2271
-2366
-2280
-1563
-1241
-1050
-1332
-516
686
292
465
801
589
858
1594
2058
2216
2644
3058
2020
1604
2781
2242
1470
1893
2031
1723
1375
1796
1440
69
93
420
-513
-1386
61
-245
-1566
-1051
-1891
-1445
-2230
-3032
-1177
-2322
-2923
-1253
-1659
-2407
-1770
-1652
-1874
-1416
-1215
-619
-691
-823
1125
191
-512
1336
577
514
1043
1369
1655
1419
1690
1350
1750
1375
889
2126
1083
209
2009
1136
360
694
205
332
-324
652
370
-920
448
667
-1072
-829
471
-271
-54
474
192
347
1089
1086
-152
-767
-134
1052
1903
1984
928
855
500
-609
-748
-87
529
390
-345
-1259
-1239
-1072
-1327
-2349
-2650
-2796
-2258
-1281
-2015
-1902
-1419
-2374
-3228
-2268
-1743
-1511
-679
-665
-604
86
769
570
256
689
1208
1809
2684
3250
3201
3239
2990
2408
2667
3145
2959
2352
2605
2514
2043
2268
1455
786
852
158
-290
-34
-60
-607
-1391
-1678
-1461
-1850
-2406
-1928
-2188
-2754
-2433
-2122
-2256
-2529
-2065
-1409
-1830
-2636
-140
-70
-2563
-486
143
-993
-112
488
613
774
631
1135
1001
389
782
1497
1782
977
960
1536
1485
666
209
1341
751
-99
1059
-81
-261
930
13
-637
-4
783
-512
-741
556
-177
-628
1174
1197
247
1678
1249
-1938
-2244
624
2668
2347
519
126
-514
-1204
-1331
-1706
-402
808
22
-2316
-3008
-1360
-1215
-3212
-3845
-3205
-2326
-1432
-1763
-2784
-3363
-2779
-3014
-3504
-2239
-436
-329
-1148
-818
-691
67
901
309
346
1898
3198
3101
3585
3892
3409
3354
3477
3649
4317
5246
4479
3396
3085
3123
2684
1414
1378
1439
1142
1200
-142
-1703
-1558
-1855
-2799
-2686
-1928
-2014
-3074
-3539
-3709
-3858
-3593
-3124
-2831
-2512
-2015
-1908
-2058
-2341
-1965
-1110
-487
-468
1001
1519
-264
399
1027
1367
1313
1716
2895
1878
1280
2220
2398
1101
948
2017
1719
293
1058
1672
551
-487
-131
1195
-264
-308
1262
91
-1376
-631
761
-279
-910
947
1623
417
1172
2919
144
-3361
-1418
2247
3554
2787
1126
-104
-1243
-1158
-1208
-1618
1300
2452
-644
-3342
-3217
-1223
-1306
-2999
-3676
-2862
-1093
-1176
-2866
-3823
-3791
-3322
-3052
-2290
-1137
-152
-602
-2036
-2375
-1062
838
1394
1161
1411
2410
3160
3047
2711
3357
4030
4194
4822
5182
5993
5897
4373
3707
3750
4022
4220
4005
3217
2183
1695
673
-278
-86
-578
-1102
-1616
-2613
-3279
-3738
-3787
-3924
-4154
-4248
-3946
-4179
-4455
-4009
-4170
-3777
-2918
-2162
-2169
-1945
-1138
-1286
-918
-179
667
1144
1349
1743
2138
2202
2160
2514
2199
2976
3305
2956
3438
2437
1855
1991
1752
1977
1697
1370
1488
878
91
-64
225
66
-597
-391
180
-383
-975
-202
361
228
-74
-1831
-3665
-1870
2423
3879
461
-2606
-2144
-1424
-1682
-1837
-167
1903
826
-2564
-5047
-3820
-990
-864
-2913
-4138
-2656
-1255
-2768
-4679
-4750
-3488
-2729
-2605
-1908
-1627
-1846
-2485
-3520
-2712
-96
1997
1597
147
312
1385
1870
2291
3233
4048
4897
4865
4306
4594
5326
5121
4506
4809
5304
5735
5052
3500
2067
2395
3349
2583
1451
522
390
93
-1418
-2779
-2826
-2337
-2681
-3609
-3877
-4151
-4597
-4704
-5069
-4848
-3881
-3057
-3285
-3800
-3640
-2754
-2196
-1950
-854
-388
-665
-424
320
663
1261
2106
2270
2751
3044
2741
2683
2752
2952
3169
2913
2877
3225
2711
1887
1530
1187
1225
903
532
691
128
-282
-303
-671
-795
-570
-70
438
-701
-3796
-5385
-2794
1945
3477
-708
-5022
-4919
-3061
-2557
-2678
-1093
574
-607
-4585
-7069
-4577
-823
-459
-3108
-4581
-2794
-1065
-2106
-4371
-4875
-2581
-643
-980
-1600
-1369
-1354
-1902
-2282
-1196
1806
3525
2376
155
-160
2087
3801
3902
3940
4682
5652
5567
4547
4630
5758
6220
5920
5630
6037
6630
5544
3606
2778
3346
4364
4031
2618
1346
138
-619
-759
-868
-1046
-1424
-1848
-2581
-3921
-4327
-3888
-3788
-3448
-3084
-3141
-3505
-3833
-3808
-3402
-2328
-1156
-741
-721
-887
-1077
-741
258
1558
2126
2162
2155
2100
2366
2441
2440
3203
3881
3436
2939
2722
2267
2075
2004
2163
2599
2470
1472
543
30
-198
351
626
570
578
265
-105
-1855
-4241
-4047
-322
3321
1687
-3422
-5961
-4678
-3033
-2957
-2509
-551
-53
-3427
-7916
-8314
-3927
-337
-1072
-4092
-5119
-3477
-2786
-4167
-5197
-3710
-1458
-913
-1826
-2604
-2448
-2511
-2617
-2185
-429
2101
2433
563
-1334
-821
1951
3965
4301
3986
3873
3890
3809
3932
4647
5965
6611
5890
5088
5018
5171
4902
4119
3130
3002
4012
4329
3130
1313
50
-569
-1006
-986
-651
-298
-1197
-3084
-4434
-4900
-3906
-2455
-2317
-3088
-3429
-3786
-4092
-3691
-2516
-1253
-636
-513
-896
-947
-249
296
775
1955
2761
2930
2447
1842
2308
2954
3514
3888
4117
3990
3187
2123
1615
2150
2839
2794
2114
1423
770
139
-271
-329
-81
129
206
294
-349
-3097
-5963
-4883
-274
3090
910
-4693
-7696
-6511
-4381
-3734
-2597
-380
-941
-5336
-9230
-8553
-3783
-110
-1023
-3887
-4844
-3734
-3149
-4142
-4535
-2769
-784
-271
-1244
-2478
-2526
-2151
-2101
-1408
698
2825
2453
-43
-1879
-1007
1689
3791
4376
3906
3374
2711
2290
2830
4160
5398
5651
5111
4440
4251
3974
3556
3356
3470
3630
2860
2154
2197
1681
568
-65
-269
-325
-649
-1275
-1686
-1985
-2338
-2817
-2857
-2623
-2179
-1802
-2332
-2854
-2776
-1888
-783
-366
-327
-290
-165
13
564
1223
2102
2928
2950
2732
2793
2997
3181
3640
3921
4048
4299
4078
3474
2876
2532
2657
2900
3094
2801
1741
715
111
341
915
964
276
-244
229
-331
-3612
-6287
-4271
701
3062
-694
-6092
-7146
-5544
-4690
-4334
-2246
434
-1082
-6708
-10701
-8756
-2939
486
-1295
-4771
-5323
-4039
-4129
-4810
-3838
-1439
-141
-1212
-2684
-2611
-1369
-819
-1533
-1630
475
3329
3147
295
-1490
-345
2607
4562
4827
4243
3692
3037
2282
2724
4470
6403
6415
4313
2742
2906
4143
4566
3574
2730
2615
2340
1484
486
111
540
541
-487
-1681
-1702
-1370
-1977
-2993
-3283
-2363
-1686
-2089
-2945
-3092
-2360
-1986
-2099
-1644
-351
447
112
-570
-341
985
1860
1927
2033
2769
3530
3495
2865
2800
3871
4649
4396
3796
3632
4225
4514
3269
2432
2775
2984
2836
2035
1304
1176
1040
416
141
305
375
262
-347
-1738
-4279
-5849
-3561
770
1996
-1706
-6333
-7593
-6622
-5912
-4720
-1953
-61
-2619
-8223
-11428
-8797
-3097
-257
-1844
-4471
-5465
-5479
-5734
-5232
-3238
-1047
-357
-1683
-3436
-3419
-1735
-765
-1044
-1021
289
2135
2466
957
-324
540
2855
4391
4706
4698
4394
3510
2701
2837
4416
6568
7137
5509
3410
2608
2901
3330
3412
3297
3004
1694
-553
-1588
-437
763
331
-1321
-2498
-2783
-3159
-3567
-3400
-2652
-1974
-2291
-3575
-4079
-2986
-1938
-1975
-2266
-1642
-163
346
-365
-645
375
1794
2087
1881
2365
3639
4340
3472
2870
3516
4589
4988
4383
4035
4584
5012
4260
3252
3154
3766
3848
2713
1779
1618
1656
1636
1226
985
1061
765
711
208
-2136
-4574
-4112
-295
2853
1301
-3291
-6058
-6137
-6276
-6056
-3094
660
469
-4784
-10419
-10860
-6607
-2351
-1340
-2536
-3689
-4796
-6237
-6932
-5102
-1758
403
-408
-2705
-3602
-2648
-1254
-610
-461
247
1751
2253
1469
422
700
2231
3175
3813
4610
5384
5074
3807
2815
2780
4398
6050
5615
5183
4838
2647
1548
1871
2109
2708
2633
1613
-686
-2970
-2093
-608
-1383
-2174
-2482
-3359
-4469
-5152
-4679
-3368
-2530
-2614
-3752
-4464
-3456
-2107
-1509
-1183
-466
-4
188
402
874
2038
3219
3461
2882
2983
4231
5306
4877
4265
4493
4608
5102
5091
4540
5115
5389
4093
2658
2652
3033
2792
2465
1846
1019
558
638
628
42
-238
368
553
-754
-3529
-5923
-4792
-618
1954
103
-3792
-6513
-7054
-6967
-6499
-3482
552
1055
-3855
-9946
-10946
-6385
-1891
-881
-1756
-2617
-3509
-5289
-6874
-5455
-1590
952
451
-1953
-2920
-2080
-1261
-690
-232
398
1250
2071
1931
1675
1850
2345
3079
3428
3750
4362
5373
5902
5128
3557
3084
4002
5040
5544
5252
4775
3855
2376
1136
997
1825
1996
620
-1420
-2396
-1833
-1267
-2007
-3263
-3975
-4352
-4998
-5259
-4364
-2776
-2276
-3909
-5540
-5451
-3640
-1679
-926
-873
-1048
-1130
-1172
-625
978
2632
3470
3217
2694
2872
3560
4546
5169
5161
4896
4521
4231
4596
5175
5006
4348
3453
2884
2668
2456
2276
1969
1293
456
99
-20
-338
-699
-1104
-884
-612
-2158
-4793
-6695
-5392
-1059
1216
-398
-4131
-7468
-7684
-6624
-5575
-3114
-432
478
-2487
-7891
-10054
-7171
-2389
362
-221
-1879
-2785
-3500
-4303
-4016
-2100
347
1042
-251
-1347
-1118
-127
393
580
756
883
1000
1304
2514
4094
4579
3730
2413
2175
3327
4465
5459
6000
6079
5571
4314
3806
4131
4981
5498
4955
4273
3684
3152
2488
1551
704
-106
-560
-336
-162
-546
-1712
-3136
-4291
-5241
-5192
-4408
-3398
-2625
-3259
-4336
-5256
-5616
-4657
-3353
-2174
-1658
-1398
-882
-593
-346
13
707
1792
2827
3141
3373
4107
4851
4839
4155
3813
4087
4827
5285
5067
4684
4171
3392
2646
2072
1892
1598
1186
1101
446
-680
-1560
-2332
-2458
-2279
-2410
-2116
-1946
-2681
-4880
-6980
-6448
-3895
-961
-233
-2270
-4349
-5782
-6089
-4956
-3025
-285
664
-814
-2803
-4034
-2986
-1190
-388
-303
-810
-1083
-1139
-1189
-414
645
977
-16
-1540
-2029
-1311
95
1132
1396
1025
417
-308
-956
-686
471
2102
3030
3034
2558
1990
1762
1810
2697
4033
4961
5063
4281
3512
3542
3874
4251
4355
4232
4090
3347
2670
2119
1765
1666
1238
494
-452
-969
-1057
-1377
-1899
-2825
-3830
-4019
-3849
-3768
-3974
-4292
-4336
-4424
-4451
-4313
-4008
-3334
-2745
-2639
-2528
-2031
-1286
-461
142
153
299
1145
1841
2288
2710
3100
3362
2939
2462
2430
2813
3351
2974
2171
1851
1586
1045
367
14
-190
-706
-1140
-1612
-1905
-1984
-2483
-2971
-2968
-2720
-2670
-2535
-2043
-1509
-1394
-1979
-2673
-2510
-1420
-143
639
859
1026
1063
575
-28
-19
647
1469
1778
1421
824
305
328
596
645
442
-422
-1549
-2102
-1905
-1367
-981
-830
-1032
-1660
-2539
-2988
-2418
-1345
-626
-631
-1089
-1163
-576
368
1216
1692
2032
2172
2174
2423
3177
4269
5144
5346
4773
4139
4182
4717
5326
5559
5113
4263
3291
2569
2197
2027
1781
960
-84
-957
-1701
-2180
-2453
-2845
-3567
-4368
-4957
-5269
-5242
-4928
-4731
-4691
-4609
-4620
-4515
-3923
-3090
-2336
-1774
-1499
-1088
-485
183
768
1362
2136
2298
2076
2277
2739
2996
3320
3589
3100
2641
2750
2549
1979
1518
1279
1363
1312
918
170
-561
-629
-607
-814
-873
-768
-814
-1189
-1588
-1422
-496
524
1003
952
360
-603
-1582
-2039
-971
1405
3355
3203
1399
-768
-2332
-2523
-1768
-313
607
-94
-1699
-3001
-2787
-1696
-1158
-1550
-2791
-3803
-3967
-3422
-2239
-1113
-648
-1174
-1899
-2002
-1486
-474
454
820
916
1283
1992
2849
3576
3859
4015
4437
4803
4908
4742
4830
5203
5509
5695
5530
5258
4667
3647
2749
2409
2722
2763
1991
888
-316
-1071
-1650
-2430
-3001
-3789
-4537
-5082
-5439
-5393
-5377
-5331
-5374
-5653
-5696
-5304
-4771
-4442
-4215
-3737
-3126
-2317
-1288
-374
306
412
158
89
626
1660
2382
2785
2984
2832
2456
2334
2509
2702
2681
2164
1703
1612
1712
1510
840
359
226
218
364
480
425
226
-379
-982
-1071
-472
279
483
416
459
690
1282
2137
2517
1822
-40
-1928
-2313
-787
1505
2421
1525
-286
-2369
-3344
-3162
-2472
-1895
-2644
-3900
-5117
-5170
-3691
-2615
-2044
-2541
-3840
-4542
-4491
-3304
-2137
-1484
-996
-1036
-472
544
1368
2110
2286
2250
2375
2794
3440
3923
4479
5216
5813
6106
6140
5804
5228
4694
4195
4038
3894
3583
2934
2145
2221
2030
1244
145
-1412
-2299
-2893
-3315
-3453
-3726
-3809
-4523
-5417
-5849
-6153
-5562
-4868
-4590
-4583
-4804
-4679
-4607
-3780
-2273
-1349
-817
-1018
-1447
-1129
-199
874
1513
1904
1955
1755
2153
2834
3353
3475
2873
2109
1818
1944
2253
2348
2214
1895
1168
788
812
995
1318
1053
425
61
97
488
964
1294
1363
1259
1204
1183
1421
2112
2829
3633
4421
4387
3021
399
-1675
-1501
179
1919
1988
500
-913
-2311
-3347
-3834
-3542
-2883
-3598
-4847
-5753
-5697
-4576
-4309
-4543
-4558
-4064
-2799
-2168
-1791
-1237
-977
-747
-742
-427
630
2123
3655
4458
4612
4670
4503
4212
4185
4635
5399
5700
5367
4983
4916
5127
4940
4185
3460
2618
1524
502
-319
-875
-1242
-1698
-2080
-2084
-1966
-2165
-2861
-3594
-4171
-4625
-4821
-4742
-4321
-3888
-3602
-3414
-3074
-2461
-1917
-1578
-1462
-1304
-1098
-809
-248
463
1148
1356
1267
1338
1613
1966
2237
2329
2321
2189
1865
1578
1485
1634
1798
1850
1622
1153
707
277
30
-94
-147
-45
145
204
-9
-173
-163
0
449
828
1067
1115
1030
1330
1908
2790
3614
4497
5158
4475
2392
-524
-2008
-1269
102
637
-528
-1661
-2101
-2993
-4025
-4975
-4691
-3812
-4516
-6071
-7704
-8000
-7080
-6441
-5600
-4696
-3588
-2738
-2631
-2277
-1637
-871
-185
270
1182
2209
2692
2634
2489
3169
4410
5335
5570
5196
4883
4607
4140
3897
3859
4001
3690
2755
1955
1399
1291
1028
310
-341
-1013
-1502
-2119
-2839
-2970
-2816
-2479
-2289
-2279
-2107
-2090
-1961
-1947
-2004
-1608
-1188
-787
-791
-1256
-1377
-1198
-545
14
19
70
141
448
666
595
713
948
1056
811
383
76
171
418
587
894
1121
1256
984
428
392
575
610
337
-143
-282
-199
-244
-341
-164
410
904
1072
1025
869
880
1019
1224
1446
1626
1948
2411
2876
3377
3807
4616
5561
5372
3975
1391
-823
-1218
-972
-944
-1876
-3066
-3462
-3882
-4402
-4819
-4684
-4082
-4463
-5972
-7589
-8082
-7548
-7022
-6524
-6006
-5141
-4115
-3505
-2719
-1513
-146
1054
1690
2184
2518
2359
2063
1958
2616
3687
4329
4567
4516
4768
5107
5235
5539
5605
5378
4638
3551
2679
1753
1009
546
352
274
-155
-703
-1183
-1160
-626
-334
-375
-853
-1603
-2222
-2574
-2488
-2319
-2111
-1737
-1124
-443
-384
-839
-1360
-1388
-1122
-1026
-824
-690
-639
-711
-847
-579
139
981
1458
1441
1200
790
478
638
1156
1511
1255
678
245
277
776
1176
1199
1055
847
649
494
337
218
39
-37
89
171
69
79
336
635
1009
1326
1764
2218
2502
2746
3020
3692
4445
4865
4985
5022
4850
3923
2221
432
-296
-10
70
-927
-2768
-4107
-4647
-5167
-5921
-6496
-6421
-6452
-7099
-7991
-8645
-8313
-7381
-6328
-5318
-4734
-4398
-4094
-3324
-1956
-504
886
2134
3215
3803
3671
3405
3620
4520
5448
5687
5331
4690
4061
3816
4068
4742
5317
5101
4263
3394
2931
2688
2232
1432
319
-851
-1906
-2590
-2745
-2630
-2334
-2225
-2252
-2043
-1871
-1613
-1191
-788
-739
-1144
-1472
-1385
-893
-545
-594
-635
-532
-283
-197
-371
-470
-500
-306
-179
-480
-865
-1329
-1690
-1697
-1385
-901
-608
-523
-606
-697
-584
-421
-372
-481
-594
-683
-874
-1187
-1404
-1407
-1151
-540
136
730
1068
1113
1081
971
928
882
884
1134
1543
1895
1971
2099
2521
3225
3929
4220
4221
3961
3576
3030
2417
2311
2580
2973
2939
2068
768
-530
-1208
-1523
-2166
-3061
-4179
-5193
-5987
-6484
-6616
-6597
-6152
-5660
-5219
-4823
-4821
-4573
-3913
-2874
-2016
-1993
-2121
-1896
-1072
91
1173
2227
2914
3140
3102
3037
3311
3632
3715
3565
3212
2790
2244
1839
1962
2348
2761
3186
3584
3984
4064
3875
3551
3088
2724
2169
1369
482
-333
-789
-934
-787
-475
-148
134
108
-135
-134
79
118
-309
-936
-1324
-1488
-1734
-2190
-2327
-1862
-1255
-1170
-1472
-1667
-1703
-1752
-2180
-2696
-3000
-3029
-2885
-2831
-2533
-2041
-1567
-1086
-723
-422
-222
-92
17
-85
-351
-609
-731
-575
-191
343
834
1012
940
764
533
325
218
380
713
954
1016
888
844
1058
1253
1452
1800
2095
2303
2409
2544
2785
2999
3283
3323
2995
2581
2458
2892
3538
3993
3628
2528
1249
261
-5
-344
-1194
-2494
-3872
-4776
-5376
-5470
-5221
-4866
-4606
-4666
-4755
-5071
-5270
-4961
-4511
-4187
-4405
-4629
-4077
-3014
-1785
-731
327
1504
2421
3085
3487
3767
4069
4370
4695
4848
4767
4802
5154
5679
6161
6543
6771
6595
6004
5312
4869
4460
3621
2496
1452
559
-390
-1369
-2009
-2489
-3078
-3601
-3989
-4078
-4074
-4129
-4007
-3751
-3452
-3356
-3293
-2931
-2471
-2021
-1771
-1679
-1481
-1151
-716
-466
-314
-169
-316
-666
-1162
-1489
-1585
-1693
-1807
-2069
-2368
-2514
-2450
-2267
-2093
-1954
-1939
-1955
-1774
-1359
-825
-411
-300
-357
-334
-105
160
291
328
485
724
983
1373
1821
2370
2945
3400
3709
3856
3881
3887
3866
3677
3256
2778
2574
2655
2795
2764
2661
2562
2420
2421
2420
2300
2035
1643
1209
851
384
-619
-1838
-2757
-3082
-3351
-4024
-4726
-5318
-5697
-6061
-6287
-6263
-6178
-5817
-5329
-4873
-4682
-4566
-3903
-2900
-1884
-1074
-294
671
1481
2185
3000
3937
4898
5714
6380
6710
6682
6618
6702
6937
6969
6528
5891
5216
4644
4386
4113
3646
2957
2222
1774
1202
509
-188
-908
-1495
-2256
-3046
-3786
-4484
-4847
-5015
-5017
-4964
-4846
-4559
-4167
-3551
-2943
-2439
-2114
-2020
-1821
-1599
-1398
-1312
-1314
-1070
-749
-515
-376
-176
270
717
838
459
-136
-516
-645
-755
-892
-1060
-1315
-1527
-1640
-1585
-1389
-1004
-455
-71
1
-200
-231
172
772
1170
1083
873
825
964
1221
1381
1538
1798
2040
2143
2076
2031
2067
2048
1973
1890
1749
1400
994
755
639
532
270
0
-50
9
44
-80
-290
-403
-405
-320
-278
-180
25
286
341
-138
-869
-1394
-1323
-902
-713
-781
-1003
-1174
-1155
-970
-623
-184
344
812
980
772
508
699
1151
1472
1514
1275
1027
919
1096
1435
1619
1555
1405
1372
1399
1413
1416
1385
1260
947
518
191
-15
-98
79
285
229
-36
-288
-316
-257
-259
-336
-624
-1050
-1417
-1756
-2011
-2216
-2451
-2675
-2879
-2962
-3063
-3090
-2867
-2423
-1813
-1318
-927
-547
-165
196
420
510
641
971
1369
1744
2046
2238
2269
2051
1766
1498
1108
735
379
-114
-749
-1570
-2229
-2533
-2624
-2602
-2590
-2574
-2619
-2633
-2665
-2696
-2528
-2180
-1766
-1617
-1741
-1918
-2060
-2002
-1663
-1156
-651
-184
261
615
927
1241
1490
1670
1676
1655
1660
1596
1516
1490
1716
2074
2353
2447
2632
2977
3199
3245
3158
3229
3307
3262
3093
2794
2621
2553
2585
2391
1830
1198
648
446
332
-17
-574
-1315
-1992
-2534
-2786
-2742
-2717
-2614
-2563
-2688
-2837
-2711
-2090
-1461
-1134
-1078
-1246
-1366
-1183
-598
59
536
946
1334
1713
2002
2215
2440
2598
2710
2725
2604
2394
2107
1817
1504
1092
603
191
-126
-326
-406
-479
-602
-767
-810
-804
-829
-751
-596
-480
-514
-537
-439
-325
-54
342
794
1178
1353
1439
1411
1415
1507
1492
1343
1075
760
309
-242
-781
-1326
-1814
-2248
-2569
-2804
-3068
-3372
-3684
-3908
-4012
-4067
-4136
-4265
-4439
-4439
-4196
-3899
-3655
-3341
-2862
-2415
-2051
-1592
-961
-194
639
1409
1947
2256
2511
2731
2822
2943
3131
3240
3172
3019
2918
2819
2779
2826
2977
3079
2932
2618
2251
2028
1948
1794
1498
1114
711
355
168
149
222
307
284
280
373
457
416
158
-120
-364
-579
-682
-929
-1381
-1787
-2115
-2378
-2396
-2086
-1751
-1639
-1538
-1182
-736
-451
-129
357
754
942
1022
1064
1123
1203
1320
1332
1145
1062
1155
1178
1202
1407
1735
1977
2012
2069
2106
1920
1614
1373
1346
1301
1070
775
629
711
819
929
1053
1137
1226
1163
830
347
-55
-331
-647
-1025
-1450
-1864
-2156
-2239
-2203
-2261
-2458
-2626
-2673
-2718
-2900
-3152
-3372
-3546
-3633
-3686
-3656
-3459
-3139
-2797
-2552
-2356
-2118
-1880
-1655
-1331
-881
-494
-368
-300
-40
225
386
384
281
171
51
72
153
236
335
455
705
999
1319
1483
1384
1240
1060
892
597
198
-72
-325
-448
-417
-275
-30
190
456
706
855
868
792
794
843
850
798
805
983
1272
1479
1461
1327
1344
1680
2075
2310
2378
2302
2194
2045
1953
1830
1505
1057
614
309
-70
-612
-1082
-1312
-1400
-1524
-1636
-1727
-1758
-1602
-1258
-935
-747
-476
31
482
735
1000
1277
1407
1377
1436
1545
1494
1489
1680
1952
2122
2256
2471
2564
2506
2358
2018
1518
1000
570
197
-233
-580
-760
-885
-958
-957
-920
-950
-1030
-1123
-1221
-1374
-1564
-1617
-1585
-1604
-1670
-1666
-1596
-1586
-1734
-1926
-1979
-1838
-1567
-1358
-1253
-1142
-897
-581
-314
-25
271
452
517
493
383
187
14
-26
-32
-4
61
116
220
346
427
352
190
120
-3
-238
-487
-688
-829
-913
-923
-1030
-1268
-1500
-1562
-1441
-1266
-1016
-815
-723
-645
-569
-449
-325
-226
-206
-281
-344
-309
-151
16
254
616
930
1170
1396
1665
1839
1856
1859
1851
1846
1853
1901
1957
1858
1591
1245
968
853
829
771
628
438
213
14
-22
110
375
635
813
882
844
876
957
1007
1031
1052
1076
1061
1010
969
972
880
721
596
363
-12
-375
-649
-902
-1166
-1332
-1383
-1502
-1637
-1666
-1677
-1807
-1987
-2027
-1914
-1753
-1601
-1405
-1249
-1157
-1017
-825
-612
-316
59
327
384
328
337
401
467
582
671
669
678
749
807
747
600
512
507
499
388
163
-150
-491
-811
-1053
-1149
-1161
-1215
-1370
-1484
-1428
-1240
-1064
-1009
-976
-908
-897
-972
-1039
-988
-862
-761
-592
-335
-47
221
381
431
478
639
836
974
1000
983
957
886
778
631
485
340
172
-98
-429
-761
-1092
-1379
-1535
-1530
-1497
-1454
-1405
-1335
-1285
-1269
-1258
-1198
-957
-584
-278
-150
-44
144
438
800
1092
1313
1514
1707
1838
1855
1827
1753
1590
1421
1337
1276
1140
970
795
563
327
197
175
189
149
109
124
147
184
229
242
239
261
188
-35
-240
-307
-274
-224
-228
-289
-335
-265
-71
129
267
377
467
523
547
556
539
396
197
64
-76
-251
-378
-379
-289
-154
-25
31
108
251
419
500
501
551
613
624
526
449
539
734
909
983
1083
1255
1334
1281
1221
1208
1189
1099
971
873
761
540
257
57
-48
-122
-241
-403
-573
-768
-998
-1219
-1374
-1417
-1368
-1297
-1216
-1206
-1288
-1295
-1177
-968
-735
-581
-511
-546
-623
-626
-496
-264
-85
-46
-140
-228
-238
-233
-265
-321
-303
-291
-363
-436
-443
-416
-446
-539
-602
-586
-561
-566
-570
-522
-423
-332
-267
-227
-174
-141
-211
-363
-451
-426
-434
-528
-575
-480
-332
-205
-127
-58
61
207
293
289
276
329
405
382
320
262
222
285
458
687
839
900
981
1096
1178
1180
1151
1076
942
824
765
743
703
631
548
507
524
553
520
370
157
-64
-266
-456
-597
-659
-700
-718
-693
-655
-580
-470
-340
-207
-134
-146
-237
-349
-413
-388
-310
-192
-20
149
288
391
450
509
634
838
1074
1217
1227
1188
1219
1346
1411
1360
1240
1104
958
797
689
661
641
509
295
112
16
1
-31
-151
-307
-449
-565
-679
-778
-864
-994
-1162
-1268
-1262
-1147
-944
-743
-592
-495
-477
-512
-532
-531
-548
-606
-717
-852
-895
-809
-686
-641
-711
-769
-743
-660
-588
-572
-573
-571
-549
-514
-522
-579
-689
-775
-777
-777
-827
-966
-1126
-1221
-1190
-1077
-941
-781
-631
-495
-392
-272
-122
12
100
139
102
49
34
35
105
236
370
487
630
811
998
1125
1213
1265
1235
1127
962
792
585
344
121
-56
-200
-315
-410
-503
-519
-473
-436
-454
-493
-488
-460
-432
-424
-410
-363
-273
-148
-52
-16
16
110
294
479
602
736
972
1299
1568
1702
1763
1828
1881
1884
1814
1696
1580
1453
1330
1255
1224
1271
1407
1567
1702
1748
1719
1603
1457
1364
1239
1036
755
463
254
150
99
14
-68
-148
-256
-369
-484
-572
-645
-714
-806
-935
-1069
-1164
-1204
-1231
-1260
-1296
-1353
-1443
-1507
-1509
-1416
-1268
-1113
-956
-849
-718
-539
-348
-216
-166
-128
-65
19
93
141
149
115
80
74
99
147
159
147
138
107
15
-195
-411
-534
-587
-655
-816
-1010
-1158
-1248
-1267
-1185
-1011
-831
-736
-730
-709
-592
-400
-218
-113
-69
-53
-14
36
90
179
270
330
299
216
129
44
-28
-113
-196
-300
-396
-443
-515
-661
-842
-1020
-1143
-1239
-1270
-1191
-1023
-771
-486
-175
141
416
637
811
936
1021
1068
1049
985
948
976
1037
1082
1071
1064
1053
1035
996
937
917
880
792
597
347
144
19
-45
-145
-278
-384
-375
-253
-115
18
141
268
408
567
777
1003
1173
1280
1372
1476
1581
1633
1562
1377
1118
849
610
355
68
-239
-496
-646
-705
-709
-718
-711
-696
-686
-662
-648
-637
-621
-614
-623
-649
-595
-468
-321
-206
-165
-115
5
200
350
411
434
470
585
671
678
603
470
342
187
9
-174
-369
-563
-780
-989
-1139
-1235
-1282
-1300
-1299
-1315
-1355
-1378
-1354
-1235
-1048
-852
-685
-518
-313
-69
208
485
721
919
1104
1247
1307
1307
1320
1346
1311
1170
951
722
572
481
339
125
-108
-330
-556
-816
-1066
-1268
-1440
-1585
-1688
-1728
-1723
-1669
-1571
-1417
-1214
-1015
-852
-742
-605
-398
-159
35
161
243
302
369
482
673
863
988
1052
1124
1220
1309
1378
1400
1415
1399
1321
1170
988
854
764
675
573
459
373
347
387
492
597
664
693
725
781
814
801
752
710
664
554
359
143
-2
-105
-242
-458
-692
-835
-883
-886
-840
-762
-682
-618
-529
-385
-249
-189
-179
-156
-78
19
78
101
142
233
328
374
390
389
354
253
118
42
11
-29
-158
-339
-473
-554
-608
-696
-808
-940
-1060
-1123
-1123
-1093
-1043
-981
-887
-736
-547
-358
-199
-9
197
401
551
596
587
567
587
610
585
545
517
528
567
637
757
809
756
592
365
121
-138
-385
-609
-769
-889
-1017
-1138
-1191
-1178
-1152
-1158
-1178
-1187
-1220
-1307
-1460
-1561
-1540
-1413
-1247
-1099
-928
-713
-447
-153
105
321
479
554
578
576
600
654
701
694
621
575
597
679
728
685
556
429
374
351
338
288
191
67
-35
-98
-156
-210
-251
-254
-236
-220
-173
-95
9
87
146
233
334
452
566
638
646
648
665
640
548
431
345
338
374
387
347
277
270
359
485
539
497
385
234
79
-56
-134
-149
-156
-202
-241
-235
-133
1
65
53
11
-27
-55
-31
11
44
75
127
245
387
466
422
286
165
70
-59
-235
-351
-360
-314
-231
-109
85
265
370
443
509
604
660
646
596
584
639
718
761
739
702
676
630
535
408
270
134
12
-81
-168
-291
-436
-577
-713
-840
-929
-965
-961
-941
-890
-813
-731
-628
-517
-406
-307
-224
-166
-105
-7
130
278
433
622
819
980
1087
1103
1033
932
850
739
539
318
144
46
0
-81
-226
-392
-560
-718
-864
-1040
-1184
-1263
-1265
-1172
-1043
-907
-780
-615
-424
-284
-209
-175
-130
-65
3
73
163
296
400
431
431
422
431
418
371
322
274
218
154
112
108
82
-34
-196
-324
-347
-326
-329
-342
-306
-202
-100
-22
16
33
39
33
8
-36
-84
-113
-99
-60
-15
-17
-42
-44
-22
-17
-77
-152
-184
-171
-160
-158
-138
-85
3
79
94
58
-2
-18
48
157
290
422
547
677
816
938
1004
970
875
789
741
719
666
547
368
199
36
-145
-332
-508
-645
-760
-858
-925
-938
-926
-900
-847
-778
-700
-645
-620
-587
-551
-512
-481
-445
-399
-343
-246
-146
-36
97
223
347
433
450
411
335
238
102
-40
-165
-304
-426
-507
-587
-697
-827
-939
-1004
-1024
-996
-964
-909
-790
-645
-477
-326
-173
-30
102
250
391
544
674
773
836
901
983
1041
1048
1015
974
943
931
911
853
762
686
625
553
432
247
52
-128
-287
-387
-437
-458
-477
-516
-537
-502
-429
-373
-354
-330
-321
-358
-417
-495
-538
-547
-562
-556
-505
-403
-279
-224
-237
-241
-228
-184
-144
-101
-66
-26
74
212
327
370
358
334
356
417
480
545
675
858
1044
1182
1268
1335
1379
1414
1419
1382
1324
1277
1234
1187
1129
1031
890
746
598
427
246
66
-54
-117
-150
-187
-233
-293
-376
-467
-561
-623
-653
-681
-704
-698
-670
-631
-594
-574
-577
-576
-578
-582
-572
-520
-440
-400
-382
-356
-296
-201
-143
-153
-189
-226
-248
-277
-317
-320
-299
-256
-181
-115
-67
-17
36
93
155
201
245
281
290
289
302
365
481
592
620
549
429
336
285
252
243
227
212
199
169
121
11
-121
-260
-416
-538
-621
-652
-629
-601
-602
-596
-579
-544
-518
-564
-630
-666
-665
-617
-589
-563
-504
-417
-335
-316
-355
-393
-404
-390
-354
-304
-250
-206
-156
-121
-86
-31
44
155
258
342
388
410
435
478
527
578
641
709
792
838
841
828
838
867
887
870
809
723
629
571
504
425
350
289
242
192
127
42
-36
-144
-238
-318
-403
-457
-529
-614
-681
-735
-716
-607
-491
-404
-369
-357
-302
-211
-143
-141
-178
-172
-103
-53
-58
-128
-200
-208
-168
-125
-117
-123
-125
-126
-131
-142
-161
-191
-222
-259
-278
-280
-273
-251
-221
-190
-127
-43
47
121
155
210
275
361
439
486
518
534
516
459
362
224
100
0
-62
-83
-86
-104
-160
-250
-321
-369
-394
-414
-478
-540
-612
-674
-681
-647
-596
-550
-501
-461
-418
-383
-378
-396
-405
-356
-260
-140
-16
56
111
157
210
240
208
138
70
13
-31
-51
-69
-77
-53
1
56
90
89
90
102
109
139
177
203
211
216
209
209
212
235
303
379
470
586
718
831
900
933
959
995
1043
1088
1084
1023
933
820
702
597
508
440
373
315
282
269
266
244
183
119
74
30
10
-21
-72
-126
-181
-211
-218
-200
-187
-218
-257
-260
-237
-202
-181
-169
-163
-169
-177
-181
-224
-304
-406
-499
-545
-567
-576
-625
-694
-731
-716
-638
-528
-430
-382
-350
-303
-241
-196
-192
-214
-218
-179
-111
-57
-45
-63
-99
-131
-126
-99
-93
-93
-99
-84
-35
-1
-2
-34
-81
-105
-114
-117
-121
-147
-182
-189
-159
-127
-98
-96
-136
-198
-237
-237
-228
-228
-270
-320
-331
-328
-331
-357
-403
-442
-449
-438
-421
-406
-388
-356
-323
-264
-191
-90
36
126
202
250
273
306
344
382
399
409
458
533
578
616
674
749
846
921
934
906
853
798
755
727
689
626
545
458
395
378
383
339
239
140
65
36
22
-12
-78
-135
-120
-38
72
147
153
136
136
161
196
202
179
145
118
118
115
95
58
28
-11
-53
-65
-87
-117
-172
-238
-280
-338
-396
-448
-525
-589
-659
-729
-771
-807
-824
-837
-842
-818
-756
-656
-555
-469
-380
-268
-168
-125
-112
-95
-42
40
124
209
282
352
425
479
520
529
513
505
518
547
555
525
467
410
341
227
88
-27
-112
-189
-253
-311
-350
-388
-434
-470
-531
-580
-623
-681
-724
-800
-857
-872
-863
-835
-836
-859
-903
-932
-899
-811
-688
-565
-458
-332
-181
-6
152
249
304
340
389
434
484
530
604
706
792
860
902
920
922
895
862
849
835
818
783
734
648
547
452
361
266
156
49
-40
-80
-88
-109
-119
-115
-112
-88
-76
-69
-51
-28
10
55
97
110
105
91
82
66
43
26
5
7
31
57
61
39
11
-32
-83
-143
-233
-326
-409
-474
-492
-490
-496
-505
-487
-435
-356
-272
-204
-125
-18
92
186
258
301
364
430
480
496
463
441
454
463
466
456
416
391
375
354
307
245
172
134
132
111
68
-13
-78
-140
-202
-261
-322
-373
-434
-499
-543
-556
-559
-548
-538
-538
-524
-512
-528
-567
-626
-674
-676
-660
-644
-636
-632
-610
-557
-517
-497
-493
-480
-424
-343
-253
-163
-89
-41
7
53
126
191
234
268
280
308
366
444
514
561
592
620
640
670
703
694
639
555
494
447
383
285
165
61
-18
-64
-84
-101
-131
-157
-152
-135
-111
-90
-62
-27
19
82
126
147
142
119
100
89
82
85
92
88
103
128
150
176
176
149
123
85
28
-15
-65
-151
-234
-295
-337
-359
-381
-406
-414
-385
-329
-270
-200
-110
-22
69
160
255
355
431
475
490
508
515
499
460
414
372
332
321
311
300
282
279
274
234
185
107
23
-53
-141
-203
-251
-295
-332
-379
-423
-430
-425
-403
-386
-359
-311
-242
-157
-95
-67
-72
-80
-110
-140
-184
-222
-256
-297
-306
-315
-315
-302
-284
-255
-209
-152
-81
-18
40
97
141
184
196
184
153
118
85
59
49
30
35
63
110
174
234
304
367
422
461
443
405
365
323
279
220
155
108
87
56
20
0
13
59
98
116
112
128
165
203
226
229
252
278
272
246
194
151
103
53
-2
-79
-114
-139
-181
-208
-230
-234
-223
-228
-239
-268
-294
-296
-311
-317
-289
-252
-223
-185
-132
-65
-3
37
77
123
179
245
304
348
383
413
427
425
410
378
358
324
283
234
152
65
-20
-117
-203
-272
-313
-314
-315
-311
-301
-294
-294
-290
-315
-357
-386
-422
-452
-473
-458
-425
-382
-333
-292
-256
-218
-197
-165
-112
-61
-18
-20
-23
-11
-12
-33
-60
-81
-94
-83
-59
-53
-58
-32
10
34
40
30
25
25
25
20
-10
-35
-48
-72
-114
-141
-165
-190
-181
-159
-127
-93
-51
13
82
141
173
180
196
208
202
188
163
117
67
36
15
11
5
2
1
12
31
41
62
79
99
124
135
146
146
121
87
52
33
28
28
11
-11
-12
12
48
86
136
176
189
205
223
226
215
175
127
75
35
7
-14
-20
-32
-30
-30
-29
-20
-28
-17
6
22
42
71
118
155
178
194
197
186
156
144
128
105
80
37
6
3
-9
-35
-39
-39
-28
6
14
15
4
-24
-36
-53
-67
-63
-57
-42
-20
7
39
65
89
94
92
79
64
24
-13
-25
-22
-3
2
5
-1
13
39
78
100
110
136
154
177
168
143
130
130
126
96
56
12
-25
-57
-90
-144
-195
-216
-226
-240
-260
-268
-254
-226
-203
-182
-165
-171
-150
-118
-102
-87
-88
-69
-51
-25
10
34
60
98
161
222
270
312
342
387
430
446
451
441
426
414
399
370
332
299
260
214
170
125
76
46
34
39
70
93
121
151
146
134
125
119
117
91
70
48
22
22
20
13
-1
-10
-3
5
24
43
55
69
74
60
38
0
-37
-70
-95
-132
-178
-186
-185
-207
-238
-260
-275
-285
-288
-283
-279
-282
-276
-252
-211
-152
-101
-49
0
24
25
29
44
58
73
78
77
60
20
-7
-29
-58
-87
-126
-174
-223
-267
-291
-295
-290
-290
-294
-313
-318
-327
-355
-391
-438
-479
-527
-563
-607
-650
-673
-677
-655
-630
-587
-542
-486
-446
-375
-284
-188
-98
-40
20
59
103
139
185
212
213
217
212
206
178
146
119
104
94
108
137
151
156
144
139
148
160
168
157
130
110
82
69
69
33
16
30
47
85
124
163
208
242
267
281
300
329
353
354
369
377
382
389
396
414
415
407
393
362
324
296
258
229
178
138
111
67
45
3
-36
-79
-122
-152
-170
-175
-193
-199
-204
-207
-201
-177
-155
-124
-87
-45
10
61
105
143
200
255
312
371
430
466
471
483
495
501
499
475
439
421
397
356
314
265
214
149
81
13
-42
-94
-163
-210
-244
-279
-306
-325
-332
-336
-319
-302
-297
-276
-263
-251
-248
-254
-233
-209
-171
-124
-85
-41
11
62
114
161
163
154
153
151
123
81
53
25
2
-40
-76
-97
-119
-143
-170
-180
-188
-205
-224
-216
-193
-181
-169
-148
-123
-93
-67
-28
23
79
146
209
258
317
374
421
454
479
502
495
490
473
437
401
350
301
258
198
146
90
10
-59
-131
-212
-268
-305
-322
-331
-333
-343
-351
-363
-376
-364
-350
-322
-288
-265
-247
-228
-202
-153
-107
-76
-31
30
92
156
218
245
275
303
333
367
378
384
376
374
376
357
323
276
238
216
190
162
139
114
95
59
4
-31
-75
-134
-196
-263
-328
-385
-417
-446
-459
-477
-505
-525
-543
-546
-546
-553
-546
-533
-531
-533
-534
-522
-512
-509
-502
-489
-472
-437
-393
-359
-320
-277
-238
-192
-153
-141
-145
-145
-131
-130
-134
-136
-145
-162
-179
-193
-203
-200
-205
-225
-261
-289
-300
-289
-255
-228
-190
-140
-96
-80
-90
-110
-107
-104
-122
-111
-84
-54
-9
24
53
78
94
118
130
143
139
116
106
76
42
-7
-54
-92
-137
-159
-174
-182
-183
-189
-205
-193
-175
-159
-137
-122
-99
-70
-20
34
75
103
139
181
229
291
343
373
418
486
557
611
648
682
710
738
754
743
729
710
693
672
636
597
559
517
471
427
358
294
266
223
177
136
94
65
59
37
17
-4
-24
-35
-42
-49
-82
-99
-109
-93
-72
-62
-29
5
32
68
98
106
128
148
146
154
149
139
142
119
83
55
33
21
38
44
37
63
84
95
113
106
96
84
64
62
37
11
9
11
11
18
24
20
16
4
14
46
81
103
89
68
48
44
39
21
-5
-29
-32
-41
-43
-54
-64
-61
-77
-79
-71
-51
-36
-37
-35
-40
-33
-28
-21
-14
-13
-24
-38
-47
-44
-20
-6
3
10
28
43
46
52
56
47
35
24
16
15
13
26
29
42
52
49
61
73
95
112
122
140
175
199
206
219
216
213
199
170
136
113
95
91
84
74
72
72
67
51
18
-30
-59
-93
-121
-132
-148
-167
-203
-247
-292
-321
-325
-330
-341
-348
-342
-315
-263
-205
-154
-115
-75
-54
-56
-68
-88
-82
-68
-64
-71
-79
-79
-71
-73
-81
-111
-138
-155
-188
-212
-236
-249
-259
-268
-267
-264
-258
-247
-235
-235
-237
-248
-260
-268
-258
-232
-215
-200
-178
-166
