89
81
85
109
88
106
137
105
126
135
122
110
87
78
38
-14
-21
-51
-58
-76
-85
-55
-47
-23
21
28
12
20
0
12
18
18
25
31
13
-11
5
-44
-86
-120
-144
-176
-191
-175
-205
-239
-263
-285
-323
-335
-342
-293
-284
-269
-221
-231
-213
-213
-210
-250
-244
-221
-272
-271
-228
-243
-266
-206
-181
-173
-142
-117
-92
-57
0
36
69
108
126
146
149
143
132
124
110
110
127
84
116
160
139
144
190
198
210
260
283
333
359
400
442
450
450
444
453
443
457
478
487
485
477
451
415
417
368
313
309
274
204
159
141
71
19
-24
-85
-129
-192
-243
-279
-315
-372
-397
-403
-467
-526
-562
-564
-601
-640
-641
-676
-691
-662
-654
-651
-643
-670
-620
-604
-636
-598
-556
-605
-606
-530
-589
-603
-563
-564
-593
-579
-533
-528
-486
-435
-389
-397
-362
-305
-281
-238
-161
-93
-48
29
77
154
195
225
304
313
374
464
488
569
622
608
664
677
660
710
704
718
761
753
789
800
773
772
761
732
726
708
682
680
665
679
637
606
591
553
534
497
496
468
426
432
412
341
344
329
257
224
179
141
95
65
57
11
-56
-94
-154
-225
-286
-336
-393
-462
-492
-548
-603
-641
-689
-736
-785
-817
-833
-861
-870
-852
-861
-858
-849
-848
-847
-832
-836
-813
-761
-748
-702
-660
-610
-534
-513
-486
-422
-406
-370
-275
-206
-168
-118
-70
-42
4
59
99
130
171
204
233
276
295
291
293
276
294
319
332
369
385
390
430
468
491
534
541
575
628
684
739
800
860
907
952
961
1014
1042
1059
1080
1114
1111
1095
1112
1114
1096
1066
1070
1031
1003
974
935
907
877
845
826
815
766
729
695
650
580
528
449
387
312
217
148
9
-119
-225
-354
-501
-619
-756
-903
-1011
-1109
-1232
-1353
-1422
-1545
-1658
-1675
-1707
-1799
-1831
-1845
-1931
-1949
-1915
-1891
-1884
-1870
-1807
-1737
-1693
-1574
-1445
-1381
-1280
-1126
-1006
-911
-740
-613
-525
-411
-278
-142
-53
35
125
184
267
363
397
414
404
424
428
410
397
371
354
322
346
351
358
342
332
297
282
319
289
306
310
322
332
351
369
381
429
464
523
553
623
676
686
764
823
849
877
899
918
956
967
977
1014
1030
1043
1035
992
961
965
918
851
815
787
759
701
644
634
629
557
521
515
486
490
499
456
418
453
448
404
354
341
305
186
119
92
17
-50
-101
-281
-422
-455
-549
-712
-840
-875
-985
-1153
-1242
-1273
-1358
-1442
-1511
-1623
-1674
-1664
-1646
-1706
-1730
-1639
-1608
-1643
-1595
-1470
-1391
-1362
-1293
-1221
-1152
-1018
-914
-917
-850
-686
-583
-513
-435
-296
-144
-123
-26
163
260
356
446
481
541
688
763
736
736
795
841
767
784
837
792
783
813
750
681
765
731
571
547
621
603
476
474
549
525
502
518
516
527
538
565
483
497
626
539
564
622
668
723
792
809
848
933
893
1016
850
881
1040
924
928
1053
1061
1026
1052
920
1185
960
775
1094
831
638
805
781
763
785
481
755
692
320
563
548
363
207
316
334
93
177
418
70
-196
-50
-182
-223
-471
-619
-397
-639
-927
-854
-894
-979
-1147
-1475
-1574
-1547
-1694
-2010
-2154
-1994
-2043
-2372
-2326
-2067
-2049
-2247
-2310
-2153
-2135
-2071
-2038
-2010
-1769
-1585
-1556
-1466
-1154
-833
-881
-952
-551
-325
-373
-252
-25
191
318
368
490
738
861
799
767
973
1073
948
912
1047
1164
1154
1045
1091
1212
1060
1002
884
949
881
793
721
502
803
798
327
722
915
-19
903
553
-13
1160
-51
615
1237
-537
828
1881
-484
561
1688
-15
817
621
477
1027
388
384
511
677
313
231
351
61
-169
231
-285
-717
210
-461
-722
-664
-598
-327
-1082
-1029
-560
-834
-1242
-987
-972
-742
-872
-1018
-432
-617
-419
-432
-279
-49
-363
-150
-317
-82
106
-204
2
54
-216
-74
-96
-506
-142
-395
-924
-677
-663
-870
-1002
-986
-1145
-1053
-1208
-1473
-1196
-1138
-1482
-1486
-1102
-1174
-1082
-900
-771
-656
-459
-203
-416
-46
344
346
348
724
1184
1049
1166
1362
1667
1686
1471
1624
1804
1788
1645
1720
1816
1743
1691
1644
1470
1700
1303
887
1452
813
571
1118
561
333
612
383
377
275
-289
589
343
-1251
507
1012
-1790
-129
1599
-1475
-931
1344
-814
-927
603
-1027
45
382
-1590
450
622
-1574
273
432
-1448
-5
-256
-707
-838
-901
423
-1334
-1669
316
-594
-1508
-830
-986
-257
-967
-2190
24
-118
-1734
-891
76
-612
-488
-109
-735
384
313
-755
514
1193
-363
1017
1642
-327
1739
2020
415
1288
1539
1470
1348
833
1536
1623
915
1131
931
1193
1157
218
379
660
83
-90
-5
-409
-420
-162
-916
-946
-138
-873
-1227
-750
-929
-913
-754
-1093
-761
-317
-749
-789
-187
-179
-466
-195
-205
96
190
-4
244
529
569
389
680
721
560
1086
784
203
1411
1056
-12
981
1145
351
634
503
309
920
-316
-125
1137
-939
-153
820
-1624
312
-331
-1215
216
-1479
-116
-206
-2225
-563
777
-2483
-1369
1217
-1725
-1831
19
-585
-1820
-284
-955
-916
-219
-1915
-27
-309
-2127
-77
-83
-2198
-631
382
-1990
-1113
708
-1883
-865
435
-1689
-50
-146
-953
-96
-492
53
-188
-445
542
870
-100
-111
1592
735
59
1628
1328
926
1624
1083
1503
2355
930
2080
2645
230
2410
2441
-19
2377
2074
372
1649
1474
575
1049
784
291
551
-117
-185
66
-598
-918
-596
-834
-1464
-1079
-1241
-1774
-1209
-1632
-2101
-1345
-1596
-1929
-1701
-1313
-1446
-1591
-1065
-1231
-1033
-895
-677
-554
-782
-143
-102
-308
-17
306
398
191
515
633
632
958
509
871
1073
571
919
956
453
746
757
112
871
271
59
1046
-718
-126
1025
-1532
205
456
-1682
553
-520
-1089
173
-1089
-561
-231
-1437
232
-874
-1231
1028
-1365
-971
406
143
-1155
-497
1243
-876
-236
946
-599
-13
1052
-1331
472
1077
-1681
921
356
-1392
1049
98
-1223
1018
-360
-140
252
-327
1048
-718
414
654
-230
1044
85
1083
1205
-187
2469
774
-276
3405
667
667
3063
1011
2082
2590
1056
2296
1952
1108
2107
1405
1171
1812
1081
865
1104
475
460
409
-653
-257
-102
-930
-902
-990
-929
-1388
-1495
-1574
-1643
-1481
-2014
-1850
-1730
-1495
-1718
-1934
-1338
-1485
-1584
-1069
-1152
-921
-917
-610
-503
-1002
412
-200
-606
604
319
-30
548
306
472
883
-433
1291
734
-565
1402
205
-139
637
-104
193
-217
143
347
-1013
405
-15
-1179
412
-857
-410
333
-2360
1328
262
-3248
2036
90
-2286
827
248
-823
398
-265
-375
1312
-1018
-273
1354
-811
-161
462
-182
205
-635
471
543
-1325
1028
44
-725
419
-618
-47
-429
-331
425
-956
-45
1001
-1904
717
978
-1656
1435
266
-575
1179
128
1243
1318
-664
2460
1434
-288
2089
1345
1311
1548
1180
1955
2211
1284
1745
1131
1330
1991
969
1191
1189
1207
639
335
745
497
198
-182
-527
-269
-589
-710
-1151
-1459
-997
-1351
-1404
-1975
-1350
-1234
-2478
-2008
-1636
-1786
-1962
-1869
-1731
-1473
-1420
-1637
-1513
-1332
-1039
-1281
-1671
-756
-434
-1217
-565
-303
-623
-270
-275
-533
53
234
-375
321
104
194
1250
-236
-387
1784
238
-654
1542
301
-93
1623
-634
-261
2407
-1044
-145
1525
-934
1137
168
-1169
2002
-208
-1660
2625
-734
-1011
2728
-1064
-318
2129
-1105
195
2018
-1786
1292
1517
-1990
1501
863
-1340
1325
-12
-517
1100
-717
275
-218
137
-147
-381
477
-886
498
-20
-1290
624
262
-1403
1246
-941
-477
1385
-1674
795
1210
-1032
617
1588
-1069
869
1684
-329
1087
1845
672
1004
2188
785
1236
1480
627
1929
1961
347
2005
1794
188
1532
879
421
1203
311
101
457
-282
180
-521
-1046
-418
-647
-1201
-1447
-811
-1181
-1587
-1445
-1313
-891
-1359
-1724
-830
-1093
-1111
-908
-987
-250
-538
-891
-107
1
-555
545
-292
-508
778
333
-81
-308
799
584
-344
22
870
482
117
-620
751
673
-1437
1801
-511
-865
2187
-1064
-1729
1454
127
-2119
734
425
-1207
-730
572
-1005
-1625
1584
-906
-2209
1781
-1041
-1477
1618
-1818
222
1088
-1887
156
723
-1148
-81
237
-571
189
-186
-368
-340
-97
-740
378
-1080
-1250
1729
-2009
-1075
1380
-1738
-496
399
-1961
879
-592
-1630
1928
-1859
13
1547
-1401
732
1179
123
852
965
899
1666
1193
1609
1446
2315
2600
501
2949
3599
332
2669
3155
60
2853
2687
311
2297
2128
765
1187
897
365
1030
182
-577
484
-341
-776
-559
-1276
-826
-1075
-1449
-1519
-1726
-1114
-1452
-2235
-1612
-1076
-1780
-1829
-1406
-1249
-1300
-1256
-1223
-919
-607
-1047
-445
-593
-841
664
23
-1358
688
902
-409
72
649
724
-290
1024
93
-388
1879
-564
-532
2087
-1000
-421
2385
-2402
416
2076
-2290
289
436
-790
-113
-18
-663
87
-944
428
-454
-2174
2544
-1813
-1558
1588
-1282
-78
268
-452
-774
275
726
-1673
-495
2238
-1975
-1424
3063
-2229
-924
3109
-2786
-481
1984
-2287
-690
1301
-2012
-28
1155
-2089
1596
-842
-1386
1338
-1721
125
823
-637
877
323
122
1109
-363
1335
1454
347
1372
1263
2255
1056
1299
2536
1313
2457
1337
2074
3129
710
2587
1720
453
2841
2036
159
2054
2157
87
993
846
437
-247
7
123
-1502
251
267
-2132
-715
-350
-1829
-962
-1497
-1531
-720
-1936
-1704
-1162
-1075
-1213
-2015
-1221
-902
-1974
-702
-800
-1561
-404
-693
-1050
-809
295
-695
-1020
265
-325
-8
339
384
127
249
437
399
15
333
978
-126
217
360
417
636
-744
628
914
-881
492
585
-1181
166
531
-1589
132
120
-690
-44
-1142
2
-666
-1157
-640
-711
248
-1290
-1493
1055
-1459
-2222
2052
-1811
-2098
2289
-1998
-1645
1625
-1770
-1195
1424
-1809
-1391
1544
-1133
-2415
1182
210
-2103
1586
-239
-2110
2932
-1133
-2206
3936
-1514
-843
3245
-1485
1654
1736
-854
3221
-288
692
4060
-1470
2022
3622
-532
2916
2322
1029
3525
1545
1535
3460
1989
1106
2432
1951
1341
2314
1149
1023
1881
965
271
945
537
-469
163
-832
-1341
169
-808
-1771
-1052
-1059
-1779
-2039
-1684
-2495
-1748
-1595
-3126
-1713
-1414
-2623
-2349
-2112
-2114
-1605
-1999
-1817
-1443
-1433
-148
-1806
-914
776
-1570
-381
383
-827
409
1286
-1056
1263
1690
-946
2393
201
16
2177
295
170
2308
41
-358
2982
-2097
398
1836
-1826
-20
889
-1180
84
509
-2627
1634
-1422
-1671
777
-1742
231
-982
-891
182
-1149
-463
-308
-625
228
-1317
203
767
-2058
756
1141
-2782
1555
-66
-1806
2511
-1912
-613
1788
-870
-1722
1887
338
-2307
1431
140
-774
421
213
-430
767
-477
1018
1442
-1070
2163
278
343
1886
-203
1586
1522
143
2168
1099
1339
3025
-248
2888
3295
-309
2976
2884
1797
1506
1147
2930
1104
922
2172
814
1111
722
619
475
-373
336
-564
-1434
-920
-948
-590
-1907
-2152
-859
-2084
-2364
-1526
-2311
-2288
-1505
-2593
-2225
-1230
-1574
-2056
-2020
-1052
-981
-1845
-628
-709
-1499
666
-1100
-614
645
-607
-371
-160
60
193
855
-384
1074
451
167
1132
-110
533
666
143
462
1067
-281
1121
-23
-371
803
-468
-162
-13
7
-306
-214
-78
-222
-732
884
-1314
-607
1082
-1810
-140
509
-846
-958
868
-180
-1552
109
1083
-1317
-674
1044
-493
642
-686
272
950
-1229
344
259
-365
117
-938
446
-540
-949
1199
-1514
-819
1241
-1449
-162
1025
-1559
2235
-944
-1389
3849
-1756
-15
3312
-1229
586
3346
-1297
1798
2633
-716
2957
1540
486
2164
2618
860
1218
4063
770
1104
3132
-393
1823
2851
-455
2348
1607
-217
2209
-23
-289
1477
-237
-888
-20
-224
-378
-319
-1104
-1114
-1222
-1588
-1649
-1774
-1904
-1488
-1961
-2525
-1423
-1795
-2436
-1259
-1974
-2444
-581
-1753
-2355
-313
-1286
-1526
-313
-1007
-843
-412
-674
-1103
432
208
-274
651
-338
1151
-178
-217
1344
-178
759
863
-322
1413
1167
-1553
1264
249
-1441
979
-331
-371
939
-132
-1120
846
-758
-1009
1013
-1231
-836
627
-673
-1095
-125
-113
-1005
-678
-187
-1220
823
-1311
-1176
2769
-2888
-478
2855
-4001
674
1716
-3875
2816
-447
-2783
3159
-1318
-921
1068
-1178
-131
482
-37
-238
1195
426
-612
1356
231
-170
1660
776
76
1692
986
988
1836
572
1027
2572
888
1168
3264
237
3136
2480
-147
4920
1580
618
4984
218
478
3922
-533
2666
3070
-983
3057
1769
-1376
1331
1336
-996
-8
201
-1151
-860
-400
-1124
-2245
-1697
-1782
-2403
-2160
-2323
-2378
-2195
-2107
-2311
-2318
-2109
-1855
-2521
-2346
-2119
-924
-1013
-2261
-992
-510
-1104
-1382
-558
-572
-264
-643
113
105
-125
400
472
84
132
1729
346
542
176
1472
823
-489
1540
447
-370
1084
89
-325
1569
-467
645
110
-128
653
-920
318
-220
-1227
731
-174
-1571
1404
-1176
-1410
883
-1543
-1411
1708
-664
-1600
1029
-851
-298
-1277
103
14
-1246
413
255
-148
-973
880
-661
-930
11
392
-5
-349
-114
155
699
-453
1179
-96
495
742
706
418
391
1805
971
437
839
2904
-104
1629
1803
716
2779
1921
1940
1150
2519
2308
2241
1294
2111
4279
714
24
3383
1272
721
3460
374
215
2491
728
-1304
346
721
-1191
-346
-1303
-1094
305
-2045
-2002
-1983
-2851
-1568
-2042
-2876
-2555
-1457
-2584
-3754
-2191
-1669
-1671
-2981
-2545
-557
-2594
-1643
-197
-2409
-1312
87
-1352
-1097
424
-404
-337
-85
-112
848
1450
-714
495
1894
-899
2039
184
511
2541
-1634
1359
1839
-1535
1549
1049
-1894
1290
-367
182
404
-2021
1355
-1201
-2079
1231
-1542
-996
900
-3377
254
500
-3561
1106
848
-3685
605
1737
-4192
1856
1094
-3349
3207
-448
-2729
4735
-2289
-1444
5014
-3174
1613
1663
-2923
2861
716
-1709
2899
759
-1306
1802
688
-955
832
2789
-1900
1415
3705
-2399
2307
1976
-1813
3865
1374
-1231
4001
860
-92
2903
1438
165
2491
3166
-425
2762
2645
-1331
2313
1221
-553
3720
830
-1289
2716
-627
-1520
1566
-1559
-498
389
-2739
-544
-838
-2394
-914
-3071
-3079
-1585
-3238
-2468
-1903
-3101
-2235
-2202
-3657
-3044
-1261
-2312
-2598
-1184
-2519
-808
278
-1963
-514
-46
-1139
452
1053
812
1962
750
-105
2009
1712
1319
2649
1410
1784
2750
636
1626
2819
547
619
2087
329
302
2273
-491
-61
1027
-1078
906
-325
-1755
461
-555
-1545
-479
-735
-60
-1134
-1961
730
-1114
-1397
1186
-1393
-740
1356
-602
-191
815
-193
-168
1652
185
1213
1372
-241
1285
376
814
816
1296
971
-70
812
581
-560
1432
619
-441
2154
-586
565
879
-968
1778
132
303
2817
-419
1162
2101
-783
2222
1140
1288
4000
1504
1912
1662
-1004
511
2276
1906
1490
1617
648
-704
-351
-1481
-1566
147
-1180
-2525
-1952
-1910
-2186
-3330
-4729
-4335
-4032
-3574
-3505
-3931
-3631
-4211
-4847
-5085
-4716
-3423
-2925
-3744
-3041
-1925
-1830
-1771
-1718
-1528
-799
107
605
1745
2089
2192
2090
1043
1644
3714
3687
3027
3810
3747
3402
4008
3173
2689
3626
2304
2278
2760
1983
2989
2201
-306
434
237
-265
183
-1297
-167
-349
-1658
-1152
-1737
-2171
-1906
-1589
-1935
-1061
156
-771
-1252
-1458
-1593
330
-466
180
3017
443
490
1752
-348
998
3196
1318
1043
3418
2435
1266
1554
586
899
2324
1196
1139
2511
-19
107
1506
-1501
639
3103
-96
-59
1516
215
169
936
197
1193
1174
1302
2799
1266
-94
-964
-1428
462
2849
2711
529
-766
-1361
-2410
-2729
-1468
-146
-447
-2328
-3875
-4462
-3980
-3710
-4956
-6725
-5158
-3126
-4404
-4740
-5074
-6070
-6180
-6740
-6177
-3330
-2133
-2889
-3886
-4112
-3608
-2365
-1438
-1767
-122
1217
1021
1333
1689
2328
2643
2646
3284
4280
5792
5283
4233
4665
4651
5199
4765
4509
4784
4607
4771
3529
3367
3342
2076
2095
1200
879
1846
1134
8
-402
-769
-953
-1212
-1722
-1671
-1530
-1119
-948
-2011
-2180
-1174
-1485
-1584
-147
613
267
274
77
-448
1452
2203
1672
2921
2771
2384
2177
2193
2702
2557
2829
3503
3347
2726
2954
2340
1891
1732
1726
2495
2135
1962
996
-41
231
15
724
1368
687
703
658
188
-642
-2470
-3258
-1999
487
1861
128
-2092
-3694
-4975
-4367
-3316
-2124
-671
-1226
-4136
-6650
-6124
-4839
-4643
-4672
-4657
-3992
-3119
-4321
-6299
-6357
-5924
-5316
-4708
-3351
-1756
-1819
-3033
-5267
-5426
-3228
-1237
207
426
298
523
-80
-354
504
2005
3328
3813
4367
4404
3904
3034
2703
4058
5537
6262
6306
4698
3618
3570
3037
3341
3632
3819
3446
1952
1085
336
-298
-114
-358
-536
-293
-208
-952
-2200
-2635
-2643
-2039
-1058
-556
-736
-365
-792
-1844
-517
89
548
1932
1898
1868
2302
2860
2596
2688
3755
3813
4204
4409
3824
4008
3899
3747
3782
3779
4117
3774
2828
2060
2281
2713
2405
1517
1392
1673
939
1210
1631
1176
-95
-3086
-4638
-2589
263
1342
-927
-5247
-7246
-6910
-6045
-4713
-3312
-3195
-5022
-8279
-10261
-9021
-6489
-5809
-7312
-7474
-6340
-5287
-6392
-8057
-7735
-6567
-4745
-3702
-2510
-1767
-2443
-3592
-3970
-2590
788
3146
2609
1881
1503
1576
2178
3456
4627
5759
6328
6043
5891
5798
5634
4802
4091
4877
6509
7058
6640
4554
2283
2021
1755
2128
3282
3368
2581
384
-1594
-2284
-1762
-469
-715
-649
-620
-1703
-2164
-2941
-3494
-1925
-620
-509
-312
-660
-1261
-1446
-1109
-343
1624
2924
2253
1733
1767
1390
2409
3888
3976
4601
4451
4545
4283
3540
4121
4391
4864
5204
5186
4851
3925
2714
2798
3325
3532
3802
3410
2796
1931
2458
1670
-2706
-5402
-3978
-542
3195
1141
-5309
-9174
-10114
-8427
-6772
-4381
-2849
-5150
-9873
-14159
-13936
-9385
-6236
-7301
-9035
-8988
-7759
-8776
-10535
-10062
-7785
-5246
-4467
-4517
-3984
-3593
-4565
-5174
-3642
237
3802
3458
1339
627
1262
3276
5224
6740
8204
8279
7321
6371
6698
7778
8784
8941
7682
7640
8719
8077
6613
4858
3666
4081
4192
3663
3244
2824
1002
-795
-1675
-1792
-554
-290
-1869
-3046
-3293
-3373
-2940
-3023
-2775
-2248
-1766
-1725
-2016
-1218
-667
-269
293
1252
1916
2308
2471
2349
3066
3876
5022
5419
4967
5360
5228
5112
5479
5676
6053
5865
5526
5132
4654
4479
4324
3594
3511
3516
3315
3496
2914
3062
585
-4172
-5851
-3399
1432
3090
-1464
-7955
-11085
-10354
-8442
-7330
-5507
-5361
-8176
-13075
-16983
-14753
-10236
-8547
-9853
-11082
-10677
-9876
-11029
-12270
-10669
-7338
-5435
-5814
-5793
-5761
-4781
-4303
-4326
-1716
1486
3061
2636
976
747
2693
4474
6480
7810
8052
8029
7106
6687
7417
8707
9362
8820
7317
6828
7577
7676
6781
5339
4034
3253
3004
3047
3447
3290
2185
-311
-1854
-1392
-421
506
241
-804
-1897
-1826
-1813
-1649
-791
-57
147
99
437
752
1803
2073
2271
2823
3323
4370
4519
4468
4725
5109
5544
5777
5905
6075
5885
5727
5736
5681
6168
6132
5452
5005
4577
4167
4703
4374
3718
3312
2896
3628
1551
-3264
-5993
-3231
1922
3498
-1491
-8578
-11832
-10909
-7804
-6956
-6879
-6999
-10172
-15633
-18682
-16223
-11364
-9110
-11431
-14722
-15070
-14301
-14027
-13742
-12535
-9243
-7602
-8393
-9161
-8361
-6547
-5257
-4086
-2131
670
1949
1423
507
1023
3757
6534
7847
8284
7924
7441
7805
8673
9700
10506
10373
9344
7205
5708
7081
8465
8570
7120
4462
2313
1235
1049
1639
3016
3015
863
-2234
-3913
-3018
-1118
-230
-678
-1211
-1535
-2138
-2291
-1410
91
1727
1988
1683
1684
2429
3612
3935
4137
4842
5781
6171
5988
5496
5889
6927
7303
7219
7073
6867
6851
6682
6349
6676
6887
6546
5893
5313
4948
4964
4921
4573
4769
5692
3636
-2246
-5926
-4024
2735
6745
1495
-7004
-12165
-11823
-7940
-6319
-5530
-4944
-8320
-14858
-20271
-18943
-12263
-8097
-10139
-14796
-16802
-16295
-15761
-15660
-14164
-10538
-8601
-10001
-11785
-11656
-9229
-6373
-5253
-3983
-2072
-577
-249
-1136
-204
2162
4840
7020
7243
7128
7319
7404
8116
9261
10439
11386
10828
8174
6298
7162
8508
8630
7371
5377
3837
2610
1618
1394
2111
2764
984
-2087
-3850
-3263
-1507
-794
-1286
-1855
-1640
-2047
-2688
-2313
-781
1236
2298
1766
1025
1920
3427
4564
5135
5803
6308
6568
6790
6900
7662
8634
9025
8460
8369
8600
8401
8302
8135
8162
8080
7735
7149
6257
6201
5940
5366
5398
5866
6532
3033
-3150
-5369
-2101
4179
5800
-559
-7721
-11435
-10449
-7076
-6180
-4931
-4922
-9593
-15968
-19505
-16910
-11479
-8665
-11228
-15000
-15761
-15996
-15793
-15065
-13344
-10426
-9908
-11017
-11841
-11518
-8955
-6878
-6064
-4924
-3226
-2139
-1774
-1377
-571
1729
3956
4917
5630
6192
6522
7373
7859
8254
9267
9882
9650
7975
6729
6556
6687
7171
6665
5169
3707
1990
883
928
1426
1605
560
-1498
-3321
-3230
-2506
-1816
-1630
-2154
-2111
-2135
-2023
-1590
-508
929
1827
2243
2408
3171
4348
5271
5809
6369
6967
7653
8061
7733
8421
9379
9907
9962
9252
8822
8752
8990
9264
8923
8454
8346
7934
7198
6507
6283
5758
6687
6826
2541
-2416
-3798
-467
4694
4638
-1909
-7679
-10256
-9524
-7797
-6697
-5121
-5534
-10867
-17141
-18623
-15610
-10835
-10166
-13287
-15223
-15499
-15495
-15600
-14856
-12599
-10934
-11291
-12226
-11800
-9636
-7949
-7082
-6563
-5712
-3857
-2455
-2136
-1304
-181
1598
3666
4379
5132
5403
5639
6493
7622
8477
8853
9250
8659
7783
6118
4876
5573
6999
7477
5656
2336
-404
-1164
-603
694
930
-209
-2217
-4894
-6192
-4974
-3004
-2198
-2418
-3630
-4412
-3523
-2244
-1124
379
1361
2381
3071
3148
4492
5877
6707
7327
7803
9219
10293
10631
10679
10282
10814
11468
12000
12137
11768
11528
10841
10337
10150
9324
9128
9401
8571
8078
7133
6370
5331
1928
-1891
-3315
-584
3928
3385
-2976
-9186
-12247
-11181
-9106
-7369
-5864
-7551
-12297
-17521
-19561
-16748
-12036
-10351
-12734
-14981
-15772
-15861
-14422
-12753
-11140
-10089
-10463
-10751
-10016
-8324
-6516
-5689
-5243
-4242
-2907
-1425
-603
-79
483
1351
2839
4239
5399
5753
5967
6327
6396
6798
7585
7911
8296
8197
6603
4707
3389
3786
5183
6052
4561
1201
-1522
-2861
-2188
-803
-130
-831
-2565
-4740
-6002
-5270
-4251
-2975
-2395
-2711
-2556
-2554
-1897
-835
128
1363
1924
2722
4385
5558
6210
6377
6491
7490
9053
10333
10970
10767
10447
10406
10579
11119
11383
11850
11823
11070
10391
9405
8820
9299
9447
9181
8156
6845
6662
4830
1317
-2314
-3093
1365
4859
2934
-3117
-9646
-11620
-10555
-9030
-7307
-6830
-7694
-11474
-16400
-18478
-17206
-14034
-12635
-13256
-14040
-14485
-14346
-14761
-14862
-14034
-12732
-11094
-9964
-8604
-6819
-6180
-6584
-6939
-6163
-3997
-1332
953
1545
1949
2406
2050
2733
4086
5832
7671
8576
8250
6951
6568
6992
7785
8595
8086
6792
5199
4045
3951
4189
3921
2833
1147
70
-330
-674
-949
-1598
-1748
-1834
-1930
-1935
-2126
-1840
-1515
-1388
-1324
-270
1484
2838
3134
2300
1778
3017
4519
5515
6527
6811
6933
6110
5107
5651
6966
7948
7841
6959
6470
5947
5991
5895
5151
5599
5154
4083
3785
3424
3007
2732
1168
-61
165
56
-44
-706
-1547
-2050
-2312
-3185
-4249
-4338
-3743
-3304
-3706
-4538
-5040
-5244
-5368
-5391
-5750
-5372
-5283
-5902
-6106
-6401
-6349
-5822
-5802
-5848
-5377
-5218
-5058
-5056
-5184
-5012
-4529
-4137
-3991
-3526
-3251
-3291
-3213
-3226
-2748
-1767
-1589
-1768
-1918
-1513
-558
-119
-147
-318
-264
144
691
659
761
1248
762
-70
-184
225
619
585
-236
-835
-190
472
404
-187
-375
112
645
909
944
1382
2086
2283
2040
2205
2997
4200
4762
4578
4758
5164
5591
6112
6195
6338
6546
6524
6685
6789
6944
6761
6550
6425
5964
5603
5442
5421
5493
5329
4672
3801
3219
3214
3237
2857
2242
1799
1602
1207
688
-80
-562
-327
-358
-827
-1536
-1951
-2125
-2413
-2724
-3370
-3472
-2948
-2840
-3118
-3941
-4803
-4772
-4466
-4308
-4231
-4330
-4477
-4616
-4766
-5120
-5125
-4659
-4513
-4486
-4707
-4919
-4671
-4306
-4153
-4157
-3945
-3622
-3124
-2823
-2764
-2549
-2733
-2597
-1826
-1343
-818
-860
-1304
-1304
-1269
-1105
-755
-512
-546
-781
-1271
-1568
-1258
-1105
-1245
-1264
-1670
-1752
-1581
-1864
-1732
-1536
-1348
-1037
-1022
-857
-394
249
730
932
1302
1827
2631
3318
3613
3952
4199
4776
5629
6046
6332
6635
6951
7064
6956
6982
7099
7279
7274
7186
6863
6628
6658
6116
5517
5293
5028
4870
4494
3837
3343
2775
2620
2230
1530
1166
614
452
316
-293
-932
-1419
-1681
-1826
-2266
-2571
-2674
-2858
-3052
-3439
-3644
-3814
-3988
-4132
-4100
-3943
-4115
-4542
-4785
-4527
-4069
-4071
-4502
-4697
-4415
-3988
-3815
-3856
-4082
-4139
-4080
-4148
-3851
-3249
-3046
-3192
-3743
-4065
-3500
-2774
-2249
-2219
-2379
-2495
-2468
-2360
-2218
-1830
-1310
-1135
-1382
-1524
-1662
-1688
-1901
-2053
-1814
-1375
-1023
-1399
-1826
-2111
-1867
-1265
-1081
-1060
-1082
-696
-175
491
1219
1751
2115
2383
2565
3046
3816
4216
5100
5771
5984
5934
6050
6132
6125
6881
6675
7175
7707
7389
7348
6551
6216
5996
5919
5905
5871
5863
5653
5348
4615
4139
3145
2636
2297
1947
2112
1875
1305
263
-773
-2187
-2772
-3021
-2740
-2258
-2778
-3082
-3957
-4348
-5009
-5266
-4390
-3914
-3439
-3688
-3963
-4286
-4737
-4984
-4512
-3462
-2781
-1714
-1535
-2172
-2565
-3049
-3195
-2595
-1314
44
781
519
139
-550
-1556
-1850
-1478
-298
910
1323
1032
5
-1232
-1781
-1781
-1711
-1303
-1234
-1713
-2303
-3225
-3696
-4131
-4495
-4401
-4331
-3803
-3742
-4355
-5183
-5826
-5396
-4133
-2717
-1689
-1535
-1765
-1806
-1667
-744
527
1706
2649
3279
3936
4163
4305
4959
5740
6573
7234
7442
7695
7928
7915
7835
7813
8126
8373
7988
6813
5630
4804
4142
4285
4321
4026
3785
2859
1582
542
-64
-269
-396
-900
-1655
-1982
-2050
-2336
-2598
-2890
-3271
-3430
-3335
-3131
-2783
-2527
-2568
-2504
-2268
-2010
-1403
-984
-1159
-1226
-1208
-684
-196
-146
186
350
268
290
606
1080
1449
1381
1073
1115
1472
1634
1778
1930
2107
2585
2408
2106
2140
2653
4036
4051
2060
-811
-2783
-1992
-594
309
154
-1422
-2481
-4140
-5740
-6200
-6381
-6108
-7359
-9039
-8834
-8020
-7271
-8298
-10019
-9996
-8830
-7158
-6644
-6457
-6129
-6577
-6383
-5362
-3188
-549
225
-64
-333
80
1456
2554
3947
5248
5772
6073
6027
6680
7917
8432
8508
8198
8189
8300
7909
7409
6609
6426
6391
5865
5370
4599
3663
2508
1046
16
-502
-959
-1827
-3242
-4266
-4491
-4219
-3964
-3870
-3760
-3989
-4645
-5104
-5204
-4578
-3564
-2952
-2335
-2007
-1925
-1820
-1758
-1270
-276
652
1228
1538
1518
1379
1499
1837
2301
2973
3304
3224
3075
2626
2341
2369
2609
3019
3164
3254
3227
3041
3022
2963
3154
3671
3923
4113
3955
3840
4031
4361
5373
5170
3454
633
-1952
-1561
-435
40
-739
-2797
-3621
-4593
-5971
-6072
-5894
-5846
-7322
-10060
-10827
-9964
-8948
-9058
-9921
-9159
-7500
-6301
-5600
-4997
-4482
-4574
-4915
-4360
-2195
359
1291
1115
1486
2473
3878
5031
5960
6787
6634
5837
5321
5778
7166
8274
8411
8230
8024
7572
6768
6072
5740
5590
4887
3127
1862
1417
1364
1303
576
69
-250
-739
-1648
-3079
-4131
-4980
-5507
-5415
-4979
-3691
-2726
-2588
-2534
-3019
-2824
-2222
-1917
-1756
-2283
-2878
-3170
-2654
-1597
-605
340
736
716
660
288
116
-55
-225
-86
-122
377
937
1390
1767
1836
1912
2152
2552
2764
2864
2757
2875
3449
4108
4796
5510
5917
6356
6687
6654
6721
7104
7577
6448
3673
-8
-1921
-777
-88
-497
-2365
-4360
-4914
-6292
-7377
-6812
-5960
-6464
-9273
-11773
-11654
-10781
-10694
-11277
-10864
-8831
-7375
-6578
-5728
-4315
-2973
-2914
-2590
-1626
-400
521
606
1341
2461
3611
4981
6384
7988
8484
7753
6985
6655
6853
7051
6890
6661
6339
5853
5396
5355
5897
5994
5153
3549
1633
279
-618
-1056
-1451
-2003
-2362
-2487
-2106
-1727
-1534
-1986
-2700
-3172
-3771
-3798
-3648
-3359
-3031
-3143
-2900
-2278
-1383
-723
-917
-1176
-1368
-1722
-1946
-2090
-1937
-1420
-1214
-1091
-753
-310
249
523
698
835
980
1148
1195
1392
1658
1833
2101
2448
2900
3536
3944
4268
4579
4825
5008
4946
5038
5424
5846
5995
5562
5311
5347
5882
6793
5649
2804
-687
-2713
-2305
-2673
-4024
-6240
-8136
-8889
-10465
-11288
-10231
-8939
-9013
-10596
-11677
-11485
-11114
-11267
-11274
-10274
-9344
-9135
-8148
-5891
-3037
-964
-2
1372
2675
3297
3421
3790
5123
5895
5770
5645
5965
6904
7623
8123
8789
9073
9008
8313
7182
6382
5492
4817
4204
3309
2494
1760
1631
1426
979
850
678
623
1
-925
-1319
-1547
-1711
-2286
-2789
-2978
-3085
-3002
-2819
-2181
-1691
-1746
-2025
-2123
-1778
-1421
-1609
-2175
-2820
-3377
-3546
-3392
-2646
-1681
-912
-373
-141
374
1045
1568
1749
1359
1004
973
1388
2141
2777
3343
3889
4523
5036
5363
5810
5974
5836
5475
4950
4530
4046
3582
3488
3686
3721
3363
2986
3130
3408
3570
3370
2865
2805
3335
3229
1501
-1265
-4119
-4635
-4186
-5354
-7145
-8713
-8835
-8760
-9376
-8980
-7384
-6095
-6582
-8021
-8719
-8464
-7676
-6743
-5730
-5354
-6374
-6591
-4641
-1846
249
661
564
1178
1853
2306
2719
3004
2910
2241
1737
1708
2006
2449
2823
3246
3312
3306
3608
4053
4586
4774
4663
4145
2798
1418
890
1231
1503
827
-25
-430
-223
336
785
1303
1226
420
-598
-1351
-1344
-1347
-1896
-2634
-3163
-3164
-2689
-2033
-1396
-1004
-995
-1291
-1589
-1608
-1614
-1492
-1095
-769
-395
66
805
1628
2067
2388
2865
3595
4115
4083
3853
3639
3330
3079
2947
2977
3057
2745
2314
2033
1926
1803
1523
1324
1111
657
-106
-992
-1497
-1803
-2121
-2269
-2418
-2282
-1975
-1670
-1011
-314
397
1106
1586
2376
3500
4779
5121
3712
1909
1053
1605
1831
454
-1429
-2873
-3540
-3971
-4143
-3429
-2728
-2966
-3840
-4849
-5328
-5487
-5698
-5918
-6638
-7753
-8755
-8526
-7137
-5934
-4847
-3952
-3098
-1946
-673
789
1871
2236
2128
1852
2131
2741
3285
3971
4597
4958
4967
5345
6332
7126
7279
6718
5986
5300
4547
3983
3371
2488
1348
188
-365
-579
-717
-717
-853
-1348
-2048
-2302
-2030
-1482
-1068
-1088
-1199
-1365
-1589
-1687
-1407
-767
-242
-110
-257
-337
-133
324
839
1159
1229
1088
770
526
125
-312
-487
-765
-1172
-1740
-2048
-1932
-2020
-2336
-2651
-2906
-2884
-2893
-3151
-3476
-3730
-3661
-3564
-3327
-2944
-2614
-2037
-1391
-886
-434
-148
229
762
1260
1924
2501
3089
3777
4421
5106
5656
6186
6827
7402
7968
8304
8522
8936
9296
9715
9758
8850
6818
4429
2793
1845
616
-1657
-3951
-5461
-6622
-7778
-8590
-8614
-8051
-7858
-8041
-7992
-7872
-7513
-7128
-6809
-6980
-7517
-7393
-6414
-4812
-3483
-2471
-1322
55
1679
3102
4410
5724
6445
6501
6344
6210
6185
5733
4888
3842
2901
2720
2995
3420
3553
3305
3189
3344
3433
3383
3245
2855
1981
466
-942
-1815
-2246
-2519
-2788
-2804
-2762
-2595
-2102
-1369
-704
-413
-453
-498
-355
-232
-437
-1013
-1709
-2234
-2421
-2399
-2112
-1602
-1154
-848
-762
-847
-874
-868
-1113
-1876
-2966
-3877
-4332
-4332
-4362
-4492
-4469
-4223
-3687
-3140
-2680
-2178
-1759
-1531
-1570
-1840
-1818
-1465
-1233
-1189
-963
-387
384
1162
1707
2176
2740
3296
3808
4298
4677
4859
4685
4476
4393
4276
4321
4346
4383
4327
3983
3508
3238
3524
4045
4364
4424
4379
4241
3978
3092
1465
-77
-1210
-1792
-2675
-4212
-5191
-5493
-5312
-5175
-5224
-4771
-4231
-3823
-3456
-3010
-2546
-2583
-2644
-2560
-2701
-2863
-2884
-2438
-1709
-1260
-892
-431
276
1158
1865
2585
3152
3405
3458
3164
2851
2584
2513
2748
2901
2956
2867
3036
3495
3733
3881
4125
4504
4685
4271
3765
3521
3168
2548
1555
505
-407
-1299
-1995
-2534
-2804
-2817
-2651
-2464
-2492
-2502
-2450
-2337
-2395
-2783
-2885
-2815
-2762
-2619
-2640
-2601
-2437
-2237
-1828
-1368
-875
-462
-455
-520
-672
-906
-1214
-1811
-2251
-2658
-3223
-3984
-4782
-5063
-5103
-5043
-5008
-5041
-4630
-4138
-3912
-3718
-3387
-2662
-1795
-1191
-871
-564
-65
378
913
1611
2329
2998
3498
4192
4963
5465
5858
6230
6712
7070
6933
6601
6411
6372
6167
5713
5358
5059
4685
4255
3880
3777
3762
3590
3392
3086
2773
2404
1875
1384
515
-758
-1950
-2750
-3194
-3820
-4704
-5377
-5726
-5803
-5805
-5604
-5182
-4930
-4610
-4193
-3441
-2414
-1546
-970
-963
-908
-474
125
792
1210
1575
2066
2544
3152
3848
4606
5397
5739
5762
5626
5258
4771
4052
3206
2372
1592
1001
611
312
30
-213
-191
94
372
433
233
-59
-494
-1046
-1651
-2352
-3041
-3456
-3670
-3839
-4056
-4200
-3775
-2948
-2257
-1882
-1567
-1151
-763
-611
-743
-874
-1110
-1465
-1821
-2155
-2266
-2336
-2366
-2216
-1957
-1598
-1353
-1281
-1169
-1174
-1465
-1728
-1950
-2062
-2380
-3134
-3681
-3879
-3713
-3516
-3371
-3073
-2718
-2137
-1500
-756
152
866
1361
1470
1383
1360
1284
1544
1944
2156
2188
2118
2388
2783
3134
3527
3776
3851
3537
3002
2710
2614
2473
2081
1597
1245
985
829
833
991
1160
1195
1151
1302
1678
1949
2063
2114
2072
1818
1488
1330
1144
630
-102
-567
-634
-777
-1121
-1346
-1328
-1163
-1061
-1033
-922
-961
-1165
-1276
-1519
-1915
-2305
-2591
-2685
-2796
-2887
-2859
-2743
-2520
-2168
-1585
-956
-410
28
293
701
1161
1481
1677
1688
1820
2071
2427
2914
3316
3686
3951
4250
4637
4801
4781
4552
4077
3493
2742
2182
1679
878
109
-582
-1130
-1724
-2337
-2630
-2798
-3045
-3411
-3477
-3174
-2983
-2879
-2714
-2400
-1922
-1702
-1669
-1605
-1498
-1229
-1141
-1099
-1084
-1202
-1166
-1137
-1057
-1040
-1279
-1452
-1529
-1556
-1606
-1866
-2072
-2407
-2921
-3346
-3686
-3554
-3418
-3479
-3400
-3194
-2569
-1880
-1249
-472
250
965
1407
1632
1982
2222
2373
2444
2610
2840
2908
3023
3178
3471
3758
3825
4034
4332
4477
4407
4084
3856
3669
3336
2933
2486
2110
1639
1102
718
419
259
127
-42
-59
-82
-61
-37
-218
-545
-1036
-1474
-1771
-2015
-2265
-2509
-2508
-2290
-2008
-1701
-1506
-1279
-988
-594
26
540
814
782
618
456
300
303
380
465
419
187
-81
-229
-212
-131
-103
-84
-57
17
166
380
602
655
665
703
833
1080
1323
1647
1994
2191
2305
2378
2431
2545
2581
2533
2264
1909
1702
1529
1332
871
367
-78
-639
-1156
-1517
-1685
-1867
-2267
-2678
-2919
-3000
-3041
-3215
-3385
-3419
-3286
-3130
-3088
-3057
-3037
-2914
-2574
-2156
-1754
-1494
-1345
-1202
-1032
-703
-287
225
680
824
837
843
862
905
771
448
81
-381
-776
-1035
-1217
-1413
-1696
-1824
-1802
-1743
-1853
-2098
-2109
-1888
-1687
-1679
-1706
-1466
-1065
-816
-738
-626
-357
-11
384
821
1338
1938
2429
2873
3352
3789
4094
4192
4157
3965
3671
3339
2921
2404
1795
1147
620
297
121
116
75
15
22
-35
-90
-162
-193
-160
-193
-303
-420
-490
-554
-758
-1004
-1034
-843
-677
-659
-613
-452
-165
141
427
785
1022
959
731
570
524
426
339
270
188
210
256
517
882
994
1020
1087
1283
1447
1395
1347
1312
1207
919
542
440
514
505
324
145
166
312
545
794
912
845
678
520
475
418
281
153
-63
-299
-446
-553
-638
-800
-944
-1008
-1080
-1241
-1513
-1735
-1925
-2115
-2323
-2506
-2571
-2604
-2658
-2742
-2790
-2658
-2435
-2314
-2276
-2231
-2033
-1806
-1654
-1585
-1631
-1559
-1333
-1041
-801
-553
-213
164
537
820
980
1053
1104
1164
1300
1430
1429
1329
1188
1092
1058
1026
1034
1025
933
724
460
242
43
-63
-291
-640
-908
-1045
-1062
-1245
-1461
-1498
-1305
-1037
-982
-971
-871
-637
-311
-50
308
715
1080
1440
1720
2059
2320
2433
2585
2833
3098
3155
2987
2764
2716
2776
2662
2388
2119
1811
1433
979
604
460
364
180
-92
-248
-212
-201
-336
-480
-565
-549
-388
-197
50
175
131
54
13
129
256
266
191
77
75
293
585
708
657
593
618
696
644
394
167
73
-28
-98
-94
54
271
354
372
388
441
485
456
374
248
103
-102
-405
-695
-910
-992
-1028
-1166
-1313
-1467
-1571
-1639
-1762
-1869
-1982
-2102
-2147
-2181
-2124
-2080
-2210
-2306
-2367
-2289
-2096
-1961
-1827
-1676
-1437
-1188
-1046
-904
-757
-627
-541
-515
-443
-465
-560
-615
-624
-503
-370
-275
-221
-221
-247
-352
-483
-627
-698
-647
-663
-745
-831
-829
-597
-285
9
303
589
845
1037
1265
1560
1768
1854
1857
1850
1905
1853
1728
1688
1768
1974
2098
2123
2149
2034
1733
1341
957
673
427
36
-472
-929
-1280
-1492
-1599
-1665
-1694
-1736
-1760
-1709
-1587
-1369
-1156
-1035
-956
-821
-585
-377
-259
-150
74
346
581
830
1149
1645
2145
2422
2543
2647
2832
2982
2905
2645
2335
2037
1716
1370
1070
813
616
431
239
187
274
400
461
312
137
121
216
353
348
323
343
269
181
166
256
336
342
345
361
417
457
388
270
140
33
-124
-396
-705
-1079
-1432
-1715
-1979
-2188
-2289
-2291
-2330
-2354
-2329
-2259
-2107
-1968
-1820
-1675
-1520
-1325
-1134
-949
-803
-552
-235
-12
148
322
615
986
1317
1519
1645
1761
1810
1744
1558
1302
1029
751
421
48
-281
-500
-668
-896
-1087
-1150
-1142
-1159
-1194
-1227
-1245
-1243
-1263
-1218
-1120
-1058
-1052
-1067
-1013
-874
-703
-610
-566
-492
-365
-229
-165
-177
-159
-46
71
106
20
-48
-110
-280
-484
-628
-575
-455
-463
-576
-695
-604
-382
-142
122
347
553
712
823
921
1097
1309
1402
1351
1251
1222
1310
1404
1420
1469
1586
1753
1871
1923
1955
1891
1770
1619
1522
1529
1495
1357
1151
934
815
756
749
764
638
459
324
264
349
449
428
291
74
-92
-211
-257
-241
-253
-249
-306
-280
-134
-15
156
300
437
516
458
401
377
365
319
268
274
253
201
126
60
106
175
288
358
233
54
-115
-230
-308
-504
-754
-952
-1100
-1201
-1319
-1414
-1503
-1565
-1547
-1494
-1444
-1457
-1497
-1516
-1538
-1603
-1660
-1640
-1555
-1512
-1571
-1593
-1482
-1304
-1172
-1010
-774
-568
-412
-295
-110
136
296
349
341
324
261
133
-57
-262
-413
-529
-647
-768
-882
-966
-987
-958
-908
-855
-822
-825
-872
-923
-914
-861
-793
-686
-557
-388
-158
64
255
426
590
759
976
1184
1296
1283
1126
1028
1064
1118
1089
889
679
586
612
670
650
605
565
561
567
550
609
691
658
584
522
531
593
638
697
825
1015
1222
1415
1573
1728
1869
1982
2104
2247
2296
2193
2015
1831
1740
1661
1499
1341
1213
1075
849
571
364
158
-104
-429
-741
-935
-1121
-1277
-1358
-1398
-1403
-1431
-1454
-1418
-1288
-1170
-1143
-1143
-1090
-951
-802
-704
-562
-340
-107
93
185
220
307
402
425
376
329
260
127
-59
-270
-452
-630
-847
-1084
-1254
-1286
-1217
-1131
-1053
-986
-958
-901
-741
-524
-326
-194
-146
-111
6
228
501
800
1082
1280
1456
1601
1698
1736
1626
1434
1194
877
531
206
-102
-411
-730
-999
-1190
-1366
-1569
-1716
-1761
-1788
-1796
-1846
-1921
-1968
-2035
-2106
-2165
-2153
-2042
-1880
-1666
-1425
-1169
-854
-481
-72
281
564
850
1090
1249
1337
1392
1489
1620
1756
1824
1796
1745
1704
1702
1672
1585
1474
1351
1202
978
737
527
391
305
202
63
-35
-71
-71
-29
-20
-55
-64
-45
26
82
46
-41
-174
-258
-268
-317
-382
-470
-553
-541
-478
-399
-373
-387
-418
-477
-493
-517
-514
-519
-566
-598
-606
-513
-338
-201
-163
-125
-30
92
234
331
400
458
510
574
610
664
724
742
679
612
632
727
804
749
661
642
718
812
801
710
609
471
281
81
-56
-164
-308
-498
-706
-832
-885
-904
-919
-993
-1027
-1007
-1018
-1021
-998
-958
-894
-822
-735
-604
-451
-351
-266
-175
-64
76
210
375
573
733
860
952
1002
1072
1132
1135
1059
967
903
798
635
390
144
-43
-220
-440
-715
-934
-1059
-1204
-1366
-1476
-1523
-1508
-1462
-1421
-1378
-1321
-1258
-1132
-1000
-935
-871
-744
-530
-337
-258
-210
-89
110
276
348
342
323
320
279
244
198
73
-113
-313
-427
-412
-344
-302
-290
-322
-320
-225
-89
62
193
292
397
559
763
999
1200
1348
1520
1681
1852
2025
2122
2157
2234
2288
2298
2309
2263
2204
2082
1892
1722
1540
1327
1095
824
554
317
75
-173
-448
-740
-977
-1136
-1299
-1489
-1667
-1820
-1904
-1927
-1871
-1750
-1611
-1428
-1270
-1150
-976
-720
-382
-81
122
286
445
670
933
1164
1308
1407
1495
1553
1546
1438
1277
1108
937
736
538
353
164
-32
-238
-427
-617
-826
-1021
-1178
-1304
-1428
-1560
-1649
-1701
-1740
-1743
-1647
-1493
-1364
-1272
-1217
-1124
-999
-837
-663
-519
-427
-360
-255
-121
68
238
327
350
355
385
451
514
506
464
369
231
102
0
-88
-205
-354
-478
-588
-709
-771
-782
-779
-774
-814
-834
-804
-738
-598
-457
-363
-266
-135
29
192
315
414
594
810
962
1097
1209
1324
1413
1436
1498
1593
1631
1560
1388
1199
1034
857
680
519
368
199
21
-95
-153
-180
-233
-348
-444
-485
-489
-516
-642
-787
-848
-784
-660
-545
-466
-423
-354
-271
-144
46
204
244
229
218
266
358
364
299
205
197
240
255
224
154
108
51
6
-29
-56
-79
-178
-327
-400
-388
-366
-386
-470
-505
-470
-405
-342
-261
-136
-36
9
52
144
268
352
367
343
332
358
366
392
442
463
450
384
290
223
201
148
70
31
-11
-79
-198
-340
-469
-570
-664
-784
-911
-975
-960
-978
-1002
-974
-886
-765
-700
-678
-634
-566
-484
-399
-323
-227
-149
-116
-74
24
132
213
260
303
398
492
532
522
522
568
636
661
654
671
694
704
679
644
629
647
634
588
541
527
571
566
499
447
425
395
356
283
230
192
142
100
67
69
86
126
148
147
88
14
-21
-56
-111
-204
-332
-476
-557
-619
-725
-858
-942
-963
-925
-850
-827
-797
-749
-664
-556
-520
-501
-468
-439
-385
-331
-283
-225
-139
-19
135
299
462
641
816
982
1088
1107
1095
1115
1161
1165
1078
946
857
828
807
765
709
666
648
613
541
502
507
495
412
225
34
-84
-162
-202
-226
-262
-295
-297
-256
-153
-52
9
49
70
78
76
34
-36
-135
-289
-431
-532
-605
-668
-737
-836
-953
-1036
-1023
-912
-841
-849
-909
-990
-1032
-1051
-1085
-1122
-1149
-1167
-1169
-1121
-1040
-930
-788
-611
-385
-177
19
208
370
518
603
633
679
758
820
835
825
838
871
885
859
854
864
851
824
763
679
569
415
241
100
-45
-214
-358
-445
-484
-551
-649
-728
-726
-658
-600
-599
-646
-674
-696
-718
-740
-761
-799
-857
-876
-808
-692
-587
-508
-456
-389
-293
-147
11
148
264
330
366
415
511
631
736
785
778
791
831
876
894
845
775
712
674
665
665
659
601
472
362
334
327
335
371
435
478
461
436
481
616
738
763
728
735
779
797
727
616
534
474
401
267
128
9
-113
-254
-428
-575
-696
-836
-1011
-1196
-1368
-1501
-1599
-1646
-1650
-1646
-1634
-1611
-1520
-1377
-1222
-1092
-992
-847
-665
-459
-239
-13
180
328
394
408
458
560
691
751
725
671
623
625
641
617
512
407
345
306
291
236
131
13
-121
-258
-348
-399
-416
-460
-530
-550
-510
-391
-246
-174
-160
-139
-72
20
106
154
147
149
140
111
107
122
149
128
103
112
140
175
189
181
148
126
121
139
188
249
297
312
338
372
392
402
406
418
422
412
437
506
550
552
535
512
502
521
551
574
571
533
484
429
403
407
375
321
281
276
301
304
294
271
233
170
106
60
22
-35
-151
-247
-298
-304
-298
-364
-450
-488
-474
-431
-390
-342
-291
-245
-227
-221
-182
-131
-83
-76
-121
-146
-124
-64
41
112
129
129
99
98
134
173
169
110
9
-89
-164
-244
-328
-450
-546
-595
-623
-613
-594
-565
-531
-510
-497
-447
-369
-309
-287
-309
-341
-325
-282
-228
-191
-161
-113
-66
11
106
194
256
308
335
343
357
351
359
380
365
321
260
196
137
62
-21
-103
-206
-315
-437
-548
-651
-759
-830
-915
-1010
-1076
-1111
-1131
-1143
-1153
-1163
-1142
-1087
-995
-911
-838
-723
-601
-496
-390
-247
-74
45
148
300
491
680
830
937
998
1049
1070
1080
1136
1204
1240
1236
1199
1133
1094
1081
1053
976
875
776
708
681
643
589
527
471
395
327
323
380
413
387
337
288
289
283
214
137
92
110
148
165
194
201
165
103
71
152
272
317
253
139
55
20
-10
-77
-162
-241
-326
-377
-406
-438
-465
-539
-623
-652
-599
-512
-480
-547
-642
-681
-664
-597
-541
-517
-531
-549
-537
-492
-403
-318
-235
-185
-156
-98
-21
41
59
20
-36
-56
-50
7
72
87
70
3
-72
-115
-118
-105
-114
-151
-203
-272
-345
-409
-477
-525
-562
-615
-659
-686
-677
-673
-692
-723
-743
-706
-658
-642
-676
-729
-736
-698
-621
-533
-449
-366
-279
-207
-141
-35
85
187
263
323
356
407
521
634
719
774
831
905
1004
1112
1219
1306
1325
1312
1280
1252
1229
1219
1205
1144
1083
1017
945
918
887
821
725
648
612
584
525
437
328
223
155
88
37
4
-32
-59
-46
-19
2
27
36
58
77
66
33
7
-8
0
29
71
107
114
94
70
59
50
66
84
70
45
10
-57
-86
-62
-60
-82
-104
-116
-120
-98
-31
61
133
164
148
139
152
179
198
180
143
95
52
17
-11
-34
-94
-160
-199
-254
-321
-410
-525
-637
-757
-862
-949
-1065
-1176
-1250
-1328
-1407
-1450
-1457
-1464
-1476
-1510
-1565
-1593
-1579
-1557
-1556
-1532
-1483
-1413
-1342
-1268
-1141
-972
-803
-665
-518
-363
-208
-77
26
92
127
141
149
226
314
399
458
475
494
556
620
660
690
690
692
658
607
566
544
524
489
449
419
418
442
497
568
640
697
732
778
838
870
900
924
931
971
981
964
961
977
995
1000
985
982
987
980
957
896
815
728
633
534
448
366
294
211
119
29
-55
-100
-134
-192
-256
-305
-366
-406
-444
-502
-531
-519
-478
-437
-404
-392
-364
-329
-261
-148
-42
33
67
95
136
172
209
251
256
257
261
267
301
350
390
397
382
349
322
280
243
236
211
166
98
25
-29
-63
-96
-161
-225
-263
-327
-432
-542
-660
-771
-841
-916
-1000
-1090
-1186
-1282
-1338
-1343
-1304
-1237
-1212
-1218
-1204
-1181
-1160
-1151
-1116
-1033
-946
-868
-782
-685
-562
-426
-277
-131
11
137
221
311
405
474
521
533
538
540
529
502
456
419
387
359
325
322
374
417
428
401
380
389
419
443
445
447
439
442
467
496
538
602
632
670
745
819
873
874
854
826
769
698
645
604
553
457
319
199
112
61
25
-16
-47
-91
-147
-204
-250
-257
-265
-292
-334
-352
-332
-291
-233
-179
-119
-44
55
160
266
367
466
545
597
630
630
629
645
697
744
732
687
666
690
735
761
731
668
589
497
401
306
222
116
0
-99
-203
-346
-486
-600
-684
-737
-787
-851
-928
-988
-1052
-1122
-1177
-1220
-1259
-1303
-1346
-1380
-1395
-1375
-1307
-1242
-1210
-1183
-1154
-1114
-1032
-930
-819
-716
-630
-567
-501
-398
-286
-176
-76
-3
58
144
206
237
256
263
293
323
349
349
327
280
225
166
92
61
33
-1
-45
-110
-167
-189
-172
-180
-197
-222
-252
-252
-221
-160
-99
-51
-24
4
79
171
238
298
338
397
484
523
539
544
543
557
580
600
580
548
512
481
447
405
371
321
260
218
173
113
82
75
66
70
83
82
101
130
181
232
257
279
291
305
314
329
389
486
577
653
694
717
725
690
663
677
720
734
682
610
550
498
468
425
359
296
217
123
22
-44
-73
-91
-134
-196
-255
-316
-354
-365
-354
-356
-379
-424
-455
-453
-419
-363
-340
-324
-320
-320
-318
-308
-288
-264
-250
-249
-256
-295
-333
-331
-312
-294
-272
-253
-244
-250
-256
-238
-201
-165
-137
-131
-142
-170
-236
-297
-322
-303
-306
-325
-309
-298
-291
-292
-263
-216
-178
-143
-115
-67
-32
-26
-25
-7
-3
-19
-44
-77
-78
-48
-9
33
44
13
-17
-47
-53
-28
-1
14
23
0
-32
-28
-21
-17
2
35
39
-4
-42
-76
-95
-103
-109
-90
-68
-44
-15
24
76
149
224
298
392
468
531
566
606
657
696
717
734
749
735
742
733
718
701
685
677
649
630
618
596
556
524
472
419
362
300
274
280
302
267
218
167
136
137
133
125
106
63
-4
-32
-18
7
45
74
80
72
36
10
10
28
47
25
-26
-92
-155
-244
-341
-433
-522
-596
-628
-633
-662
-712
-772
-815
-834
-833
-809
-801
-811
-830
-841
-798
-714
-631
-573
-536
-503
-436
-339
-274
-252
-255
-285
-318
-307
-265
-229
-218
-237
-301
-387
-442
-463
-455
-420
-398
-412
-449
-487
-507
-484
-429
-377
-358
-371
-391
-400
-391
-384
-366
-308
-227
-140
-77
-39
14
92
165
243
310
356
390
421
453
481
502
495
472
435
398
375
357
367
378
362
311
249
186
155
170
200
249
274
260
233
219
225
268
337
376
411
443
455
471
460
459
489
520
555
574
581
569
567
548
536
541
512
475
406
341
302
273
263
282
294
268
203
136
113
112
118
101
62
39
51
102
185
243
238
206
170
170
216
307
408
467
459
399
321
233
159
115
81
33
-37
-136
-221
-284
-339
-399
-458
-495
-524
-574
-636
-681
-711
-710
-694
-676
-666
-673
-678
-696
-675
-615
-533
-456
-408
-362
-313
-260
-217
-163
-115
-60
-14
0
12
3
-14
-40
-55
-86
-141
-195
-226
-221
-205
-195
-212
-257
-326
-395
-441
-450
-402
-330
-272
-241
-253
-281
-296
-283
-229
-175
-112
-56
-15
25
80
122
141
163
187
229
259
261
249
267
311
336
348
344
326
300
277
277
296
308
303
293
281
277
259
248
258
269
269
276
303
335
378
435
508
566
608
618
608
601
616
668
709
746
752
729
698
657
628
645
675
662
614
516
401
314
257
173
67
-44
-179
-277
-354
-424
-492
-573
-640
-681
-672
-660
-671
-688
-712
-717
-685
-636
-571
-512
-468
-413
-391
-372
-320
-268
-219
-185
-168
-143
-107
-64
-17
26
16
-20
-44
-46
-26
-18
-28
-64
-127
-187
-223
-251
-265
-280
-314
-319
-320
-306
-273
-239
-204
-175
-126
-68
-15
23
57
86
102
123
141
157
175
195
196
196
195
175
138
95
60
29
22
28
32
2
-48
-89
-113
-133
-142
-145
-154
-165
-202
-215
-226
-221
-212
-215
-215
-212
-200
-185
-155
-126
-106
-98
-83
-81
-82
-74
-45
4
47
97
118
120
125
149
173
210
259
298
323
324
301
283
301
311
305
281
251
246
268
319
370
388
370
304
226
188
178
195
227
220
172
97
28
-10
-17
-2
-4
-26
-56
-75
-71
-64
-41
-38
-58
-85
-121
-117
-77
-5
69
118
144
149
155
166
181
197
216
241
273
296
301
286
253
217
175
153
143
134
97
31
-23
-84
-117
-123
-145
-174
-228
-268
-274
-271
-256
-237
-237
-240
-246
-242
-203
-154
-109
-66
-39
5
64
97
110
106
96
100
105
126
121
54
-23
-88
-135
-175
-232
-296
-385
-484
-561
-608
-631
-646
-681
-747
-798
-811
-777
-685
-600
-555
-524
-490
-414
-306
-209
-123
-52
14
109
226
363
484
564
600
618
635
665
693
714
714
688
646
596
552
482
396
315
227
157
105
59
16
-51
-140
-205
-237
-250
-256
-284
-334
-367
-364
-314
-232
-148
-105
-100
-99
-79
-38
8
62
112
161
197
224
242
266
279
266
242
212
195
190
184
170
136
84
33
-6
-25
-31
-25
-15
-11
0
2
8
19
11
0
-4
18
71
112
130
119
129
165
215
263
290
308
318
327
342
372
393
386
365
325
283
248
202
159
119
69
26
-12
-58
-96
-117
-152
-201
-275
-338
-369
-383
-373
-379
-389
-405
-416
-410
-384
-330
-281
-238
-196
-155
-115
-85
-52
7
67
125
163
172
176
161
125
87
68
81
107
118
112
88
46
6
-43
-128
-218
-297
-344
-350
-342
-303
-264
-246
-248
-264
-273
-259
-232
-192
-137
-104
-83
-62
-59
-55
-34
-2
39
77
88
107
130
128
113
87
42
-10
-62
-110
-138
-144
-133
-102
-90
-105
-120
-157
-189
-176
-135
-79
-37
-36
-56
-41
16
79
124
157
185
217
275
324
367
379
354
331
297
298
312
331
353
359
346
293
238
175
150
121
66
-4
-88
-117
-142
-186
-242
-286
-301
-295
-283
-293
-299
-288
-238
-172
-114
-61
-36
-39
-56
-71
-77
-44
21
82
111
116
97
88
91
66
11
-68
-134
-164
-155
-125
-91
-104
-158
-207
-249
-258
-256
-240
-204
-158
-133
-109
-76
-51
-42
-58
-51
-23
47
165
293
408
481
518
497
482
500
526
559
585
598
585
570
516
428
303
152
27
-70
-141
-197
-255
-322
-390
-490
-586
-663
-698
-696
-670
-616
-552
-468
-402
-364
-332
-284
-233
-171
-79
32
149
237
281
318
357
395
437
462
503
560
606
652
673
653
593
502
404
318
259
207
151
80
11
-40
-111
-199
-306
-399
-438
-438
-416
-393
-374
-337
-290
-244
-202
-153
-110
-41
37
97
151
187
212
216
192
147
113
99
112
123
106
84
51
0
-56
-105
-147
-186
-204
-217
-230
-233
-240
-233
-217
-225
-261
-283
-302
-323
-294
-260
-220
-175
-143
-116
-85
-57
-34
5
54
119
186
244
270
272
256
242
241
239
243
229
216
197
168
142
113
91
79
70
83
105
110
117
129
134
120
105
117
167
226
271
285
270
245
213
208
203
184
150
101
57
15
-39
-82
-126
-187
-216
-235
-251
-251
-257
-269
-303
-366
-446
-519
-558
-584
-574
-545
-526
-492
-478
-456
-431
-422
-399
-369
-296
-192
-91
10
95
171
213
235
228
195
220
272
330
369
387
390
376
344
280
233
200
177
175
167
150
138
115
78
59
38
0
-15
-14
8
60
103
121
142
154
146
149
149
148
153
162
169
173
184
166
131
93
59
22
-3
-33
-70
-102
-136
-161
-220
-298
-381
-463
-551
-628
-657
-680
-669
-657
-654
-642
-630
-584
-512
-433
-367
-291
-214
-127
-3
118
232
342
437
497
529
550
555
535
512
482
468
470
481
501
497
489
450
388
346
332
328
303
253
201
155
126
99
31
-42
-103
-151
-172
-181
-179
-167
-165
-170
-186
-200
-178
-132
-85
-31
21
41
64
86
101
144
168
167
138
99
60
14
-32
-114
-204
-293
-368
-407
-413
-387
-360
-342
-339
-345
-344
-325
-284
-222
-167
-115
-62
-23
33
79
122
126
104
102
121
153
187
226
294
374
429
475
500
527
552
554
550
534
498
460
423
377
332
275
218
153
73
-17
-101
-168
-236
-285
-330
-367
-382
-387
-372
-363
-347
-323
-305
-268
-218
-145
-70
-12
38
77
96
85
43
-30
-80
-114
-157
-185
-213
-248
-307
-377
-435
-485
-520
-528
-536
-524
-493
-458
-382
-306
-251
-211
-183
-166
-136
-86
-14
73
164
251
315
402
492
573
631
687
739
768
806
830
891
929
923
901
835
760
668
555
458
360
247
120
-1
-119
-223
-329
-442
-557
-680
-769
-829
-855
-823
-774
-731
-689
-640
-577
-511
-439
-366
-300
-229
-166
-117
-46
19
61
109
142
166
189
220
271
294
287
282
268
256
246
228
199
176
167
130
74
0
-72
-139
-212
-253
-254
-230
-198
-182
-155
-120
-89
-70
-56
-26
12
77
143
220
294
321
322
294
256
212
177
174
182
165
136
100
50
-16
-109
-195
-253
-283
-292
-292
-304
-331
-384
-434
-490
-540
-562
-579
-553
-499
-434
-385
-357
-328
-298
-263
-220
-137
-25
106
245
355
420
451
455
438
407
359
336
327
322
316
292
237
146
29
-91
-162
-172
-177
-167
-144
-124
-107
-98
-82
-69
-39
11
67
113
153
188
196
200
195
176
167
170
188
226
264
297
298
279
255
244
254
255
241
208
170
115
72
13
-51
-96
-145
-184
-226
-251
-255
-242
-240
-219
-202
-198
-197
-207
-184
-150
-100
-56
-20
-10
-16
-23
-33
-27
-26
-30
-50
-61
-78
-83
-63
-40
-1
33
59
75
83
92
88
70
45
11
-38
-81
-106
-112
-116
-128
-140
-143
-128
-105
-63
-4
45
76
110
131
137
153
158
148
144
144
140
127
117
121
120
114
89
67
65
60
66
68
74
87
72
49
30
24
37
51
48
36
32
46
63
66
61
52
53
59
62
75
108
143
183
216
245
274
288
274
245
218
196
194
191
185
185
171
145
104
75
61
48
49
67
84
88
88
68
55
43
2
-19
-37
-72
-104
-141
-180
-219
-252
-281
-305
-325
-321
-309
-297
-253
-230
-230
-220
-230
-248
-244
-243
-225
-192
-168
-132
-109
-100
-105
-132
-149
-145
-143
-152
-152
-128
-82
-45
-54
-79
-120
-140
-130
-123
-111
-87
-57
-27
-11
-13
-13
-13
-26
-37
-32
17
77
138
188
209
231
247
249
221
182
121
61
32
0
-11
-2
-12
-37
-82
