2
6
26
29
40
35
27
22
4
10
3
-5
4
17
19
25
25
23
14
6
6
-6
-11
-14
-12
-15
-24
-29
-27
-32
-34
-27
-31
-33
-35
-27
-21
-25
-31
-35
-19
-1
11
17
23
17
19
17
9
5
-4
-5
-6
-4
-20
-22
-38
-53
-52
-61
-56
-55
-45
-42
-27
-34
-42
-38
-44
-34
-41
-43
-35
-26
-30
-22
2
35
53
43
58
92
102
76
73
96
113
111
78
67
76
30
-33
-37
9
38
-13
-60
-7
67
7
-88
-63
30
5
-113
-118
1
43
-69
-125
-8
112
59
-41
28
202
219
75
49
198
288
165
69
181
297
217
76
129
277
248
77
41
171
208
71
-17
49
105
13
-103
-78
-1
-26
-129
-154
-89
-92
-159
-179
-135
-119
-160
-180
-173
-165
-177
-178
-148
-134
-132
-86
-30
-39
-53
-11
55
64
20
24
97
150
88
56
155
210
130
52
118
226
161
29
61
172
157
21
-4
128
176
54
-37
54
142
49
-78
-7
142
95
-53
-38
114
118
-31
-51
91
128
11
-27
57
88
19
-11
16
19
-28
-29
-11
-17
-14
-10
-12
-20
1
-8
-22
-12
-25
-86
-56
11
-67
-121
-88
32
58
-128
-102
111
103
-69
-101
68
122
-66
-173
-12
132
-16
-179
-35
165
75
-149
-67
181
74
-158
-112
107
25
-270
-136
56
-86
-238
-158
21
-11
-192
-129
34
-56
-120
-75
-48
0
-38
-123
-41
5
-52
-51
-64
64
75
-114
-36
103
43
-66
-47
108
82
-118
-74
101
88
-81
-113
19
126
8
-219
30
152
-93
-124
-58
193
-10
-317
122
168
-183
-111
-3
14
-128
-118
210
-75
-239
137
160
-89
-268
135
330
-224
-220
222
158
-164
-187
170
152
-240
-6
238
-89
-156
132
178
-188
-263
165
227
-242
-334
144
247
-251
-376
61
135
-210
-432
-87
143
-294
-399
-104
-14
-195
-343
-113
-12
-312
-192
-79
-229
-217
-291
-56
-82
-363
-103
16
-146
-204
-84
-6
-126
-71
-2
-36
-3
-19
160
-53
-215
300
102
-113
-67
28
400
-147
-289
290
157
-47
-192
23
475
-209
-313
433
133
-92
-23
173
348
-135
-111
476
91
-219
195
342
203
-157
160
596
224
-181
180
802
292
-362
389
882
94
-41
315
584
514
-183
62
682
402
34
31
225
738
347
-489
200
887
281
-468
-19
687
317
-388
-140
412
172
8
-243
-32
321
24
-18
-247
-170
502
63
-659
-1
347
104
-249
-487
236
323
-442
-308
81
-26
-30
-295
-324
96
-44
-284
-181
-96
-73
-124
-225
-62
-107
-278
-90
-10
-219
-380
46
-4
-348
-169
-188
25
-102
-293
-95
-136
38
82
-442
-223
450
10
-471
-212
700
247
-853
24
1027
49
-1175
594
1206
-608
-762
786
1195
-762
-789
1242
1098
-1082
-359
1455
442
-546
-158
1072
310
-432
630
275
-58
464
310
-26
-196
281
1042
-678
-720
1248
381
-572
-432
564
979
-500
-875
1022
762
-688
12
260
539
157
-663
434
582
-345
136
1
229
305
-501
390
120
-246
98
-33
125
-238
-378
145
-30
-693
-236
-213
-307
-430
-775
-262
-326
-460
-840
-597
-53
-633
-784
-637
-253
-404
-976
-589
-217
-624
-629
-461
-507
-329
-527
-337
-341
-423
53
-292
-435
-49
-110
210
-225
-446
736
-61
-263
547
-130
456
401
-288
546
450
212
370
199
635
415
248
453
377
604
348
413
399
471
436
228
844
18
101
1140
8
179
464
79
1015
-140
-597
1215
655
-845
215
890
203
44
-512
1036
722
-1206
834
659
-725
518
145
-198
391
-398
287
192
-817
621
22
-754
369
-128
-303
-43
-279
-212
-263
-364
-415
-439
-702
-440
-395
-1215
-692
-281
-1225
-944
-700
-902
-736
-1320
-921
-604
-1093
-1099
-1004
-730
-1042
-1013
-776
-941
-772
-887
-599
-676
-786
-153
-632
-488
-67
-244
-70
-52
52
140
452
312
80
407
990
532
-12
862
1271
649
40
1204
1544
235
662
1314
937
706
773
1138
675
639
1334
513
259
1489
616
-53
1219
632
391
589
594
475
690
393
18
1261
17
393
1141
-889
1304
1305
-1894
1581
1269
-1023
755
-124
1368
302
-1579
2031
876
-1311
502
1031
788
-1195
44
2154
-519
-810
346
1330
340
-1625
813
1479
-688
-329
139
782
251
-1067
253
245
-137
-143
-1122
78
464
-955
-1114
-174
261
-1350
-1152
-203
-560
-973
-1554
-470
-550
-1584
-1036
-915
-1008
-1199
-1283
-841
-1199
-1102
-909
-1122
-830
-866
-797
-751
-659
-414
-750
-534
-209
-486
-485
-190
135
-389
-170
250
25
351
-59
80
758
309
-1
464
626
733
-82
27
1438
296
-313
228
1184
729
-1031
555
1061
371
-363
-703
1975
401
-1859
918
1127
-259
-792
150
1432
-670
-658
858
446
-130
-540
611
1194
-575
-468
1512
259
126
435
-379
1818
513
-1133
1162
1411
413
-230
123
2158
1005
-1257
956
2246
170
-301
645
1289
1018
-551
538
1391
711
339
-145
1360
901
-8
411
113
926
539
-801
51
805
-137
-507
-331
156
100
-929
-596
-12
-521
-917
-774
-726
-520
-1086
-1293
-415
-1146
-1323
-980
-969
-1106
-1548
-1028
-769
-1152
-1397
-719
-600
-1096
-838
-679
-260
-735
-1118
76
-133
-770
-619
397
370
-672
49
642
923
-531
31
1861
287
-249
728
1634
255
-173
1582
669
697
593
308
1769
186
152
1155
182
624
430
-307
454
655
-601
84
198
-216
345
-844
-168
449
-688
-412
-336
86
-82
-956
522
-282
-621
847
-1296
473
424
-1495
1147
-462
-435
984
-427
-46
885
356
-295
543
826
283
-564
564
1583
-752
-856
1804
889
-1258
-115
1560
687
-708
-496
1174
1515
-1596
285
1289
52
955
-1193
1328
1433
-1202
337
587
804
-202
-555
976
554
-511
-120
539
503
-1000
-701
636
-251
-939
-1025
-45
-260
-1207
-1108
-518
-403
-1534
-1337
-575
-617
-1281
-1219
-734
-605
-751
-1181
-695
-472
-669
-719
-528
266
-121
-723
782
525
-369
867
599
162
616
811
795
668
619
855
1179
643
635
855
898
684
226
729
861
587
-27
630
972
-300
407
291
-84
-263
-177
343
-717
-598
98
111
-933
-437
390
-581
-490
-362
-541
119
-471
-1213
447
-744
-361
757
-2251
532
1382
-2742
174
1022
-1639
699
-1015
-749
2331
-2234
-566
1635
-888
133
-1055
709
833
-1440
480
154
967
-205
-685
1888
-425
365
1187
-421
1028
844
305
707
431
761
1157
-455
-128
1424
248
-105
65
581
444
-155
-129
-112
253
-1103
-704
-348
-953
-194
-1512
-830
-158
-1256
-700
-859
-1176
-904
-1147
-1133
-498
-964
-878
-425
-279
-335
-247
44
-486
145
-120
207
361
-61
727
555
928
366
1185
1513
-75
1236
1422
973
823
612
1802
1075
253
1609
1870
-143
1065
1850
-75
1375
365
216
1213
-532
202
681
-329
-332
226
-1042
238
294
-2317
143
226
-1941
-1129
-513
-403
-1556
-1840
-37
-626
-1768
-1135
-15
-993
-2058
243
-382
-1778
43
-403
-457
8
-910
851
283
-709
572
581
696
-512
193
1535
114
136
734
973
1434
-255
238
2784
312
-724
1614
581
1055
230
-511
2795
27
-271
1983
332
1254
246
-788
1565
772
-661
579
-385
619
1259
-1555
161
1038
-873
-833
-1000
-82
403
-2185
-1607
671
-923
-1827
-992
-845
-1232
-1633
-1368
-1122
-1192
-1436
-1415
-955
-870
-1101
-724
-858
-835
-115
-360
-228
80
21
531
428
242
1180
455
743
1509
613
1926
1255
716
2537
1229
720
2125
1502
994
1118
1037
1233
1101
16
766
1076
-969
898
-81
-1587
1187
-713
-2104
103
-201
-1110
-1583
-1659
858
-1384
-2993
-26
221
-1832
-2210
509
-509
-1323
-657
-335
-68
-415
-209
136
88
-325
1078
-199
-637
1225
483
-641
465
566
365
179
-450
1094
310
221
-294
548
1022
-673
851
204
395
522
14
770
408
434
1074
344
192
1739
806
289
332
882
1564
228
-144
1422
1100
-345
804
156
501
178
-1011
-31
-611
-331
-660
-1060
-1299
-786
-564
-1825
-1831
-1339
-1018
-2027
-2262
-1313
-848
-1549
-2126
-1271
-48
-1189
-1934
-487
-479
-582
-703
-485
81
726
-394
-142
1628
303
475
831
1038
1995
264
936
2957
748
867
1723
1598
1519
92
1499
1685
305
545
1210
717
-173
206
956
-462
-1204
946
-486
-974
-478
-875
405
-1900
-1497
703
-2061
-1364
-342
-1867
-457
-1146
-918
-454
-1725
125
-512
-1269
-472
-494
30
-564
-838
-278
824
206
-2033
801
1983
-1118
-345
41
2028
565
-2895
2364
2400
-1466
-165
1171
1943
319
-1318
1849
2298
-464
-41
1938
1996
129
297
2176
2029
-324
4
1885
1070
-189
536
767
780
615
-508
686
462
-254
-608
-1064
418
-313
-1558
-718
-401
-931
-1402
-988
-693
-2081
-1361
-969
-1822
-869
-1319
-1149
-829
-1006
-536
-753
-723
-632
-575
-534
-108
-3
-297
167
174
358
882
-36
528
1272
901
1375
678
1465
2724
771
512
2750
2145
646
721
1866
2466
293
-454
3030
1764
-1894
1469
1999
-40
-727
-300
2279
-735
-2498
1095
429
-2195
-1462
-99
-749
-1660
-1562
-962
-852
-1255
-967
-1788
-950
742
-2280
-2200
1094
186
-2498
-1489
1993
-143
-2054
-212
1349
1066
-1963
151
2691
-894
-86
1765
-559
1578
1364
-435
1097
985
1811
454
-695
2169
2162
-1021
598
2383
620
509
337
1792
1892
-801
757
1852
-444
456
897
-94
570
-460
254
874
-1261
169
387
-1702
-398
-405
-1080
-1253
-1937
-646
-938
-1558
-1720
-1972
-659
-1612
-2364
-1463
-889
-1161
-2592
-1335
194
-1055
-1849
-1223
-163
-320
-1325
-617
222
-312
316
-21
331
1327
343
851
613
1526
1793
710
1730
1606
1653
1988
1661
1607
1499
1598
2010
723
1056
2346
1087
123
568
2314
522
-1700
923
1076
-1031
-1395
-470
932
-1605
-2447
467
-880
-1840
-1179
-1623
-729
-1357
-1814
-339
-2338
-871
752
-3799
-372
709
-2213
-870
-1714
912
-259
-2791
866
1147
-1348
-482
1020
893
-249
-1066
1901
757
-1151
1417
-3
752
1359
-1462
1966
1120
-528
1423
-421
2218
728
-828
2287
950
457
302
1542
1680
-748
-94
1244
869
-282
-491
1263
904
-643
-108
370
825
-847
-1341
-121
-638
-846
-1390
-1361
-1026
-834
-1566
-1680
-1172
-1333
-1470
-2118
-1079
-1118
-1210
-1323
-1602
-470
-1091
-612
-1038
-1410
-80
-483
-419
-761
242
1017
-862
350
1050
1033
977
-361
2261
2012
686
1519
1095
3301
899
-87
3770
1283
1288
1997
878
3383
854
395
3189
136
447
1291
-63
905
-530
-546
782
-988
-1046
555
-1171
-2199
666
-1146
-2760
105
-1893
-1155
-1093
-3519
1095
-1116
-4278
155
-618
-1876
-1475
-1476
832
-2089
-1498
1834
-1922
-21
-32
-650
1693
-2003
342
2063
-1645
145
1737
479
431
1018
870
970
1503
528
1087
1815
208
1289
1576
449
1040
1092
886
515
1212
661
372
1941
-264
876
2339
-1407
710
1623
-277
888
-534
387
1385
-1324
-670
886
-274
-1473
-1305
-235
-44
-1787
-1242
-496
-1371
-699
-1655
-1589
-888
-1441
-1783
-1778
-979
-827
-1072
-2376
-718
228
-1885
-1040
-538
-389
-438
-1017
119
178
-236
112
-4
488
411
477
1453
310
819
2695
574
1702
1766
925
3283
-170
1897
3593
-200
1908
1680
1267
1694
-419
1681
823
-1215
1640
-427
-164
13
-1180
620
-2198
-740
-299
-2796
-991
-1647
-1404
-1136
-2596
-813
-1211
-1930
-1202
-1938
-100
-1997
-2202
681
-1328
-1011
-1050
-265
202
-1630
-128
433
-227
-790
279
1160
-413
-23
1105
416
35
750
1022
159
60
1247
193
360
859
-232
1832
329
-537
2487
518
463
825
13
2930
81
-787
3263
969
86
1310
1445
1972
615
108
1495
1268
1134
1216
48
1143
1878
283
-397
950
888
-949
-901
-154
658
-973
-1973
124
-837
-1211
-1407
-1461
-716
-2060
-1347
-1478
-1257
-772
-1889
-1428
-884
-1150
-1181
-536
-1609
-613
260
-1257
47
-226
113
68
-1227
2103
532
-1393
2438
775
356
1368
331
2951
-310
-196
4007
-160
148
1855
1574
980
-1233
1486
1831
-1603
-909
1549
307
-1896
-561
425
47
-2626
-1895
1283
-2635
-2369
-830
-2081
-767
-2771
-2100
-445
-2788
-2273
-1023
-2313
-1408
-1336
-2349
252
-1300
-2598
600
-790
-1324
-498
-403
758
-1167
-152
1586
-56
-404
961
920
476
639
168
2541
505
171
2576
191
1406
1418
-236
1472
1862
-462
1003
2749
243
472
1421
1619
1565
-758
1485
3690
-388
843
3649
1456
1717
1891
1604
2301
324
1455
3190
309
688
2818
1940
544
601
2377
1121
-879
370
954
339
-653
-577
-175
-766
-734
-1182
-2037
-852
-1247
-2254
-1544
-1518
-758
-2192
-2098
-901
-1479
-875
-2226
-422
-202
-1593
-93
-486
392
-1292
-286
255
-605
1613
-1406
981
2006
-723
1669
669
625
995
-92
695
480
-153
502
546
-1054
-505
206
-265
-1808
-1849
894
-1934
-2830
248
-1655
-2418
-1099
-2938
-1205
-375
-4189
-1471
-512
-2368
-1747
-2369
-489
-664
-3797
-956
1581
-2752
-2751
2485
-242
-2559
-532
1274
2321
-4721
-748
5919
-2348
-3386
2975
2269
-823
-1781
163
5203
-1995
-3816
5256
739
-1906
1151
1072
1530
532
46
900
1658
1843
218
334
2380
2991
-12
-941
4663
3420
-2739
2156
5055
343
561
2748
4138
1248
-383
4939
2641
-2366
2926
4607
-509
-521
2779
2404
-234
-723
1331
1690
-1721
-1232
1422
103
-1791
-607
-144
-1108
-1379
-1932
-532
-1216
-2601
-1167
-1289
-1745
-772
-1331
-2354
-1348
30
-1818
-1857
651
-1563
77
301
-2235
1704
-845
-674
1881
-2540
1836
2124
-1408
941
528
2525
-51
-1719
3490
1271
-1193
681
1655
1081
-1397
568
1399
-2433
-340
1355
-2527
-1696
578
-947
-2529
-2096
1043
-2032
-4605
267
132
-3708
-2053
-797
-987
-919
-5208
1164
703
-7065
2905
-474
-5218
3937
-3088
-2245
3598
-4155
502
1889
-2411
764
-426
19
2313
-1601
-98
2744
-630
153
751
2212
635
-746
1446
2431
-11
-1962
3284
1081
-294
211
2080
3801
-2224
1521
4216
-983
785
3458
267
1660
1476
1184
4365
-759
1975
5169
-130
1276
2240
1344
1882
829
1576
1967
834
1400
864
503
601
719
-1040
-1044
322
-789
-842
-1936
-1129
-1518
-2119
-1961
-1665
-1050
-2109
-1778
-1675
-1404
-2153
-1501
-2422
-2087
-892
-1304
-970
-1620
1584
-380
-1731
950
671
-230
-368
2328
1294
948
1639
1759
1900
50
1732
2439
306
590
2796
1141
-179
1724
1509
-269
-933
1383
541
-1589
9
431
-1255
-1557
-841
-1156
-1660
-2067
-1075
-1993
-2099
245
-2208
-3371
-166
-1411
-3432
-601
-1115
-1678
-1113
-1927
808
-584
-2574
1038
-451
-2307
1372
-256
-457
-433
-695
2452
-1968
-63
2370
-1258
-119
106
928
566
-767
889
1257
-515
655
1196
266
905
398
1498
754
92
2744
1207
-556
2145
2610
699
1512
1931
3236
2451
994
4282
1882
-548
1533
1801
1873
1395
882
1315
1179
-286
147
105
-814
-271
-2153
-2147
360
-1049
-3345
-3503
-1890
-2046
-4266
-2943
-2139
-2778
-3378
-3626
-2492
-2445
-2420
-3668
-2425
-715
-1006
-605
-1119
-147
140
232
-127
721
2566
1436
1565
2509
2935
3207
2881
2290
3141
3700
2537
2581
3270
3039
2071
1935
2417
2088
1406
1072
583
667
1096
-254
-1334
-631
-1100
-1830
-1978
-1522
-1271
-2722
-2154
-1713
-2734
-2456
-1979
-2450
-2849
-1412
-258
-2392
-2712
813
-1127
-2960
286
483
-318
-1422
118
3282
-1457
-1829
2972
353
-208
1125
2000
2024
-814
1211
1921
-412
943
1161
510
1029
542
1584
846
-288
1408
714
857
1274
917
1219
953
1290
1016
1514
1852
793
1415
3191
3117
1074
-495
71
2386
2456
1141
1422
1174
235
-728
-1305
-555
119
-1271
-3267
-2727
-86
-747
-4895
-5682
-2972
-3260
-4795
-3902
-2593
-2325
-4520
-5006
-3524
-2563
-2993
-4220
-3016
-1260
-391
-1390
-1468
-697
-283
47
241
1685
2846
3105
1432
2181
4668
4022
3064
3927
4458
4773
4954
3904
4202
3807
3302
2579
1721
3401
3483
1062
36
801
827
-278
-1742
-1402
-1201
-2177
-2573
-2739
-2921
-3593
-3807
-4370
-3730
-2498
-2976
-3451
-3582
-2673
-1755
-2825
-2457
-971
-792
-151
-809
-85
866
-400
170
462
1380
2172
1187
2146
2558
2149
2354
2140
2573
2279
2652
3048
2406
2215
2041
2387
1753
1225
1828
2361
1621
691
1214
2054
651
-416
1752
1657
1287
1824
1650
3138
2282
-761
-1259
-222
2197
3537
942
-312
506
-419
-2372
-2010
-178
891
-1507
-4413
-1979
-886
-3373
-5736
-6003
-3709
-2743
-4353
-4906
-3839
-4498
-6249
-6945
-4761
-2416
-3385
-5089
-4110
-2156
-2400
-3242
-3070
-1075
572
225
749
2122
2498
2097
1665
2585
4676
5918
5459
4741
5563
6227
5151
4397
5735
6736
5909
4808
4384
3714
2860
2147
1361
1779
1628
547
-698
-1629
-1978
-2653
-3194
-3679
-3576
-3525
-3923
-4662
-4907
-4449
-4646
-4660
-3751
-2941
-2898
-3133
-3087
-2586
-1600
-912
-668
691
979
903
858
865
2203
1947
3322
4341
2553
4049
4557
1520
2900
3861
3588
4972
3384
4453
3593
541
3110
2469
810
3480
2780
1946
1739
612
1857
410
307
2750
2575
2339
698
-2197
-2658
-83
2973
1874
-1154
-1195
-780
-2181
-3439
-1599
920
-964
-4221
-3783
-1493
-2078
-5360
-6301
-4189
-2569
-3566
-5231
-4919
-4843
-6220
-7288
-5525
-2859
-3139
-5035
-5712
-4106
-2864
-3469
-3533
-2112
-766
-260
-596
-549
393
1241
1333
1501
3694
5719
4923
3674
4623
5627
6052
6226
6020
6819
7060
5841
4704
5048
5641
3942
1338
2342
4298
3094
25
-2797
-2158
-931
-2520
-3371
-2729
-3910
-6025
-7265
-6519
-4775
-5254
-7036
-7339
-5674
-4945
-5680
-6343
-5388
-3544
-2836
-2259
-1507
-1092
-1168
-1424
-115
2163
2814
2319
1869
2680
3966
4524
3942
3759
4849
4457
4518
4823
4655
5332
4124
3022
4228
4324
3226
2724
2602
2976
2702
1763
1562
1776
1887
1467
-7
-3022
-3603
740
3067
94
-3241
-4108
-3268
-3438
-3864
-1379
61
-2750
-6908
-6880
-3207
-2152
-4516
-5834
-3866
-2431
-3520
-5710
-5381
-3687
-4094
-4240
-2937
-1398
-2050
-4693
-5320
-2639
-179
-281
-1250
-789
-211
-460
-53
1082
2500
3280
3004
2884
3681
4813
5453
4801
5307
7394
7775
6506
6037
6723
6956
7018
7063
7466
7512
6238
4214
2952
3619
4426
3924
2325
1442
344
-1123
-2119
-2735
-1513
-1840
-3725
-4619
-5218
-5488
-5962
-5794
-5109
-4720
-4871
-5622
-5944
-5093
-3922
-3258
-2170
-1430
-1504
-1584
-1436
-442
1153
1823
2548
3295
3113
3704
3956
4273
4734
5395
6578
5749
4661
5093
5884
5467
5002
5809
5751
4314
3323
3613
3912
3632
3721
3928
3374
2239
-968
-4203
-2767
2456
5136
393
-5678
-6794
-4916
-4451
-4175
-1257
-1104
-6298
-11475
-10540
-5343
-3091
-5581
-8055
-7001
-5617
-7638
-9928
-7785
-4299
-4038
-5850
-5522
-3870
-4964
-6923
-5384
-797
1485
-252
-2646
-2918
-1013
511
1516
3065
4221
3759
1931
1624
3824
6544
7048
6000
5868
6215
6180
5306
5490
7423
8399
7389
5616
5129
5669
4815
3564
3624
4675
5023
2311
-1431
-2030
350
1426
-143
-2126
-2933
-3860
-5925
-5789
-3122
-2322
-4960
-7309
-7018
-5286
-4573
-5254
-4878
-4013
-3796
-4345
-4352
-3047
-1854
-1533
-1678
-316
1027
217
-476
458
2644
4204
3760
2923
2979
3672
3702
4039
5492
6105
5437
4020
3704
4436
5192
5422
4601
4352
3936
2630
2430
3652
4834
4068
995
-1933
-1767
1357
3284
1443
-2698
-4991
-4262
-3508
-2871
-2141
-2932
-5999
-9174
-9261
-6176
-4198
-6036
-8558
-8660
-7404
-7639
-8408
-8105
-7028
-6366
-7317
-7420
-5964
-5423
-5848
-5398
-3192
-1398
-1873
-2898
-2576
-640
1573
2125
2057
2711
3206
3110
3598
5628
7232
7306
6264
6016
7179
7774
7874
7671
8075
8200
7264
6576
6601
6972
6771
5350
3266
3623
4779
3158
524
-122
1206
1564
-186
-1946
-2251
-2612
-4060
-4113
-2384
-2541
-4451
-6146
-5913
-4247
-3546
-3784
-4404
-4317
-4215
-3909
-3131
-2380
-1281
-1191
-1744
-794
523
449
640
1304
2578
3395
2470
2199
2717
3633
4308
4393
4489
4399
4193
3589
3828
4856
4931
4222
3798
3407
2764
2750
3268
3742
4095
3035
-470
-2786
-1084
3117
4775
746
-4063
-4772
-2924
-2021
-1360
-420
-1566
-5771
-9344
-7725
-3060
-1848
-5517
-8551
-8006
-6911
-7770
-7992
-6426
-5489
-6620
-8481
-7951
-6195
-5514
-5828
-5527
-3577
-2659
-3785
-4763
-3086
-9
712
238
687
1438
1864
2409
3817
5841
7071
6710
5545
5650
7303
8560
9129
9095
8814
8211
7136
6732
7837
8871
7888
5896
4312
4004
4610
4384
2392
1402
1809
1077
-572
-1730
-1362
-1686
-2985
-3584
-3311
-3532
-5130
-5891
-5173
-3907
-3629
-4680
-5224
-4741
-3934
-3379
-2953
-2020
-1721
-2368
-2466
-1223
409
811
377
573
1730
2136
2252
2676
3181
3909
4045
3685
3579
3982
4058
4078
4025
4174
4169
3415
3007
2729
2563
2657
2584
2681
2573
1250
-761
-1613
-239
1979
2629
-82
-3313
-3814
-2619
-1348
-769
-715
-2358
-5624
-7610
-6155
-3124
-2168
-4410
-7120
-7544
-7013
-6795
-6222
-4950
-4702
-6371
-7968
-7799
-6063
-4600
-4550
-4483
-4053
-3987
-4257
-4043
-2137
-232
55
-193
-21
738
1826
2513
3740
5104
5591
5952
5520
5471
6490
7840
8474
8129
7903
7476
7062
6698
7362
8375
7826
5927
3716
3517
4551
4661
3669
1895
783
128
-683
-925
-836
-1036
-2493
-4363
-4708
-4184
-4123
-4422
-4648
-4787
-5053
-5494
-5480
-4571
-3199
-2852
-3215
-3136
-3123
-2664
-2088
-1107
444
703
148
126
938
2077
2622
2997
3515
3453
3444
3409
3644
4285
4273
4320
3627
3095
3477
3439
3105
2842
2585
1987
2170
2232
1169
-556
-1628
-173
1464
1043
-1328
-3709
-3752
-2896
-2311
-1707
-1192
-2300
-5839
-7930
-5737
-2270
-2177
-4534
-6382
-6866
-6728
-6673
-5115
-3390
-3917
-6023
-7656
-6988
-4783
-3608
-3650
-3823
-3703
-3884
-4257
-3151
-1083
346
222
-332
-147
367
1510
2732
3668
4774
5241
5011
4693
5177
6371
6928
7578
8033
7606
6761
6036
6208
7120
7829
7261
5527
3943
3455
3564
3790
3801
2998
1419
-235
-755
-248
52
-344
-1546
-2943
-3719
-3733
-3480
-3338
-3155
-3485
-4252
-4788
-4730
-3884
-2882
-2555
-2558
-2663
-2770
-2508
-2035
-921
189
513
38
-151
587
1477
2263
2622
2945
2851
2578
2777
3417
3922
3865
3827
3819
3763
3102
2831
3032
3133
2878
2306
2316
1409
-63
-1378
-1538
600
1275
-1121
-3538
-4418
-3852
-2989
-3097
-3033
-3064
-4800
-7006
-7468
-5282
-3270
-4177
-5963
-6848
-7004
-6916
-6429
-4844
-3607
-4315
-5952
-6458
-5524
-3729
-2294
-2219
-2182
-2379
-2983
-2731
-1217
488
1136
874
463
861
1469
2353
3338
4205
5046
4938
4695
4954
5561
6191
6513
6647
6704
6698
6144
5316
5413
6042
6345
5687
4408
3284
2808
2883
2692
2909
2963
1687
-434
-1209
-300
562
661
-371
-1599
-2451
-3087
-2848
-1632
-711
-1283
-2734
-3261
-2981
-2607
-1828
-814
-533
-1071
-1725
-2036
-1324
26
978
1104
741
414
204
571
1795
2609
2947
2536
1589
1929
2846
3552
3828
3498
3577
3589
3039
2703
3020
3598
3059
2916
2861
1294
-545
-1231
-23
1410
1218
-749
-3043
-4334
-4117
-3420
-2474
-1826
-3132
-5953
-7748
-7079
-5333
-4323
-5027
-5866
-6859
-7918
-7900
-6818
-4810
-3968
-5406
-6731
-6313
-5249
-3799
-2705
-2299
-1953
-2397
-3222
-2386
-269
911
1091
840
1109
1716
1945
2659
3662
4613
5174
5159
4862
5027
5432
5567
5781
5848
6173
5816
4875
4365
4114
4041
4172
3968
3087
2070
741
322
1084
1874
1424
-173
-1417
-2112
-2151
-1314
-55
0
-1432
-3147
-3782
-2673
-943
-343
-771
-1534
-2210
-2090
-1660
-679
390
459
-397
-1250
-766
360
927
1146
1420
1286
1089
1122
1387
2229
2674
2761
2429
1977
2156
2654
3169
3593
3399
3045
3041
2747
3056
3127
3046
2921
2971
2664
1060
-359
-875
430
962
307
-786
-2161
-3247
-4292
-3708
-2308
-1960
-3320
-5427
-6715
-6542
-5501
-4731
-5127
-5875
-6721
-7577
-7460
-6561
-4991
-4397
-5186
-6274
-6510
-5322
-4028
-3277
-2650
-2255
-2634
-3015
-2573
-1105
427
923
975
1050
1430
2058
2773
3475
4087
4671
4897
4944
5302
5560
5531
5485
5349
5401
5304
5068
4850
4196
3540
3306
3147
3146
2855
1862
624
-534
-290
669
798
-119
-1597
-2629
-3062
-2651
-1764
-846
-1080
-2718
-3794
-3429
-1973
-919
-990
-1360
-1449
-1763
-1900
-989
193
862
213
-511
-251
93
653
1085
1476
1995
1744
1252
1220
2001
2762
2757
2659
2456
2537
2676
2810
2697
2664
2747
2547
2572
2711
2785
2236
1855
1903
2283
2174
1263
289
-508
-432
-62
446
370
-658
-1735
-2989
-3218
-2223
-1934
-2213
-3217
-4256
-4693
-5096
-4797
-4128
-3809
-4344
-5151
-5606
-5261
-4629
-4426
-4408
-4594
-4452
-4472
-4332
-3626
-3010
-2704
-2816
-2457
-1687
-948
-446
-394
-83
687
1357
1825
2513
3014
3374
3386
3631
4729
5286
5450
5153
4742
4848
5150
5704
6020
5708
4779
3910
3497
3716
4162
3904
3161
2113
1068
436
453
994
1026
312
-885
-2030
-2333
-2123
-1653
-1431
-1596
-1859
-2496
-2895
-2886
-2286
-1636
-1585
-1718
-1958
-1861
-1535
-1213
-784
-623
-666
-669
-714
-51
620
860
938
714
795
918
1217
1670
1715
1426
1551
1405
1145
1198
860
859
1341
1301
592
323
116
199
205
-132
49
-164
-554
-496
-428
-626
-950
-1471
-1506
-693
-16
195
-91
-888
-1112
-788
-491
-362
-353
-279
-457
-653
-839
-679
-922
-1372
-1533
-1588
-1065
-1030
-1309
-1417
-1796
-2258
-2300
-2138
-1946
-1519
-1449
-1928
-2134
-2054
-1799
-1275
-1042
-1013
-1112
-1205
-828
-75
368
431
389
274
414
906
1544
2078
2171
1786
1477
1679
2332
2975
3121
2821
2562
2408
2508
2920
3111
3169
3077
2732
2447
2207
2378
2558
2344
2124
1876
1698
1480
1162
780
594
372
-65
-399
-783
-985
-1133
-1497
-1829
-2065
-2290
-2700
-2969
-2947
-2971
-3119
-3205
-3326
-3536
-3510
-3561
-3428
-3069
-2894
-3012
-3199
-3079
-2895
-2604
-2314
-2061
-1974
-2082
-2036
-1641
-1064
-674
-604
-664
-486
-201
155
497
887
1242
1327
1497
1889
2327
2634
2787
2936
3333
3725
3805
3708
3732
3817
3856
3939
3934
3872
3575
3274
3052
2839
2632
2283
1892
1368
1009
838
768
494
1
-467
-897
-1120
-1370
-1446
-1492
-1784
-2165
-2451
-2581
-2577
-2416
-2353
-2386
-2449
-2709
-2911
-2874
-2671
-2426
-2447
-2361
-2289
-2269
-1868
-1409
-815
-431
-571
-528
-179
351
1013
1482
1828
1938
1801
2000
2657
3350
3767
3746
3397
3248
3290
3377
3593
3577
3291
2836
2371
2011
1729
1599
1295
731
73
-520
-1058
-1559
-1765
-1900
-2155
-2600
-3044
-3236
-3357
-3391
-3505
-3488
-3377
-3667
-3903
-3931
-3636
-3203
-3056
-2962
-2949
-2839
-2865
-2806
-2296
-1776
-1362
-1375
-1439
-1078
-817
-592
-4
480
672
717
641
863
1434
1779
1896
2080
2268
2354
2363
2628
2856
3072
3175
3032
2926
2732
2746
2660
2696
2875
2784
2724
2416
2127
2053
2064
1980
1647
1403
1055
684
471
327
335
251
60
-305
-749
-897
-1036
-1275
-1631
-1829
-1894
-2277
-2466
-2477
-2470
-2590
-2737
-2807
-3045
-3001
-2952
-2991
-2824
-2642
-2527
-2334
-2014
-1579
-1092
-743
-433
-227
62
645
1068
1494
2041
2430
2665
2792
3172
3621
3848
3802
3758
3760
3711
3668
3397
3147
2983
2648
2108
1639
1178
837
321
-111
-686
-1430
-1900
-2648
-2476
-2681
-3000
-3347
-4088
-3590
-3520
-3169
-3241
-3551
-3441
-3925
-3594
-3409
-3064
-2765
-2615
-2063
-2085
-1924
-2166
-2263
-1630
-1035
-341
18
109
-34
-238
-59
399
722
801
848
1251
1443
1526
1686
1461
1555
1489
1684
1923
1937
2419
2281
1928
1901
1834
1913
1921
2262
2713
2618
2402
1536
1020
1212
1583
2278
2479
2483
2054
1152
730
829
1066
1272
857
257
-153
-588
-644
-904
-1111
-1324
-1928
-2304
-2426
-2127
-2145
-2634
-2733
-2902
-2868
-2736
-2592
-2394
-2508
-2300
-2043
-1612
-963
-620
-318
-79
185
518
809
1474
2116
2504
2932
3037
3319
3584
3616
3651
3373
3249
3300
3199
3109
3102
2923
2283
1374
879
747
485
-19
-754
-1387
-1799
-1973
-2134
-2244
-2441
-3193
-3890
-4323
-4199
-3725
-3675
-3677
-3915
-4063
-3826
-3469
-3096
-2828
-2689
-2666
-2205
-1600
-891
-460
-505
-380
-178
307
1015
1582
1871
1969
1909
1913
2044
2505
3173
3479
3436
3074
2880
2766
2768
3149
3312
3297
3083
2832
2862
2828
2654
2183
2052
2229
2289
2593
2651
2495
2376
2563
2782
2415
1083
-682
-1383
-851
382
880
137
-1135
-2618
-3434
-3617
-3496
-3470
-4327
-5434
-5969
-5608
-4873
-5029
-5707
-6113
-6171
-5877
-5546
-5272
-4993
-4799
-4419
-3596
-2501
-1697
-1502
-1402
-1202
-530
560
1434
2379
3134
3548
3790
4013
4533
5150
5691
5815
5635
5496
5553
5707
5809
5882
5577
4824
3821
3118
2777
2499
1991
1204
725
228
-466
-1143
-1668
-1996
-2516
-3384
-4360
-4964
-5042
-4868
-4707
-4478
-4439
-4680
-4889
-4962
-4671
-4254
-4060
-3905
-3356
-2576
-1940
-1588
-1325
-851
-380
290
1010
1421
1590
1529
1668
2261
3069
3601
3644
3514
3604
3944
4037
4026
4054
3834
3548
3106
3020
3312
3387
3365
3030
2795
2791
2474
2217
2155
2118
2154
1916
1671
1713
1883
2145
2273
2377
2057
754
-1212
-2813
-3014
-2153
-1537
-1772
-2644
-3762
-4520
-4721
-4703
-4711
-5290
-6556
-7530
-7684
-7122
-6454
-6247
-6088
-5668
-5112
-4714
-4639
-4617
-4331
-3538
-2418
-1299
-440
161
646
1110
1942
2877
3601
4079
4247
4260
4469
5029
5536
5988
6376
6608
6549
6150
5733
5324
5094
4747
4054
3276
2505
1969
1581
1235
842
448
-13
-719
-1527
-2328
-2802
-3104
-3324
-3425
-3563
-3637
-3742
-3837
-3850
-3917
-4238
-4571
-4519
-4091
-3599
-3112
-2716
-2405
-1839
-1293
-682
-154
-35
-183
-373
-134
479
990
1204
1431
1782
2359
2826
2869
2746
2471
2198
1944
1909
2211
2380
2287
2057
1941
2078
2111
1932
1689
1537
1439
1332
1331
1355
1625
2022
2252
2531
2754
2844
2875
2803
2880
3114
3390
3573
3381
2788
1498
-159
-1098
-1169
-827
-961
-1937
-3165
-4009
-4185
-4125
-4086
-4517
-5388
-6277
-6968
-7131
-7194
-7135
-7018
-6635
-5687
-4601
-3655
-3200
-2668
-1919
-1137
-580
-489
-363
-78
627
1529
2478
3385
4080
4688
5076
5418
5582
5427
5121
4879
4809
4695
4419
4147
4168
4412
4577
4334
3384
2163
1127
333
-148
-591
-1098
-1652
-2146
-2338
-2378
-2364
-2317
-2321
-2597
-3127
-3388
-3525
-3445
-3159
-2904
-2371
-1889
-1640
-1599
-1639
-1703
-1875
-2070
-2070
-1803
-1493
-1229
-1030
-563
-107
294
594
554
381
39
-249
-417
-282
-261
-292
-263
-140
434
758
1087
1110
727
451
161
163
117
146
197
277
655
1008
1336
1438
1617
1913
2153
2437
2610
2890
3202
3559
3890
4217
4611
4826
5061
5388
5858
5771
4226
1889
-84
-753
-618
-1153
-2408
-3892
-4629
-4496
-4280
-3968
-3931
-4191
-4850
-5734
-6236
-6756
-7435
-7778
-7297
-6122
-4881
-4150
-3483
-2152
-543
751
1284
1375
1387
1347
1341
1423
1910
2477
3041
3647
4189
4716
5004
5249
5436
5465
5070
4080
3074
2572
2564
2605
2540
2106
1514
1153
966
851
531
80
-662
-1437
-1944
-2359
-2614
-2830
-2857
-2641
-2423
-2425
-2556
-2363
-1882
-1341
-924
-826
-756
-654
-683
-686
-754
-1069
-1732
-2460
-2608
-2132
-1649
-1537
-1587
-1539
-1167
-790
-633
-346
-258
-554
-1087
-1704
-2045
-2141
-2245
-2115
-1635
-1299
-1013
-716
-303
234
388
255
59
-52
-92
3
288
767
1209
1274
1463
1876
2318
2849
3346
3835
4352
4566
4583
4880
5217
5431
5567
5661
5916
6087
6013
5646
4758
3157
1505
686
304
-534
-2308
-4033
-4739
-4723
-4695
-4675
-4338
-4201
-4486
-5031
-5257
-5155
-5339
-5577
-5412
-4955
-4710
-4527
-3650
-1830
-18
1011
1514
1999
2542
2854
3143
3506
3552
3016
2306
2246
2736
3165
3320
3555
3914
3939
3808
3776
4024
4095
3644
3074
2329
1555
686
-22
-307
-491
-810
-1314
-1482
-1411
-1108
-878
-975
-1053
-1463
-1829
-2096
-2344
-2469
-2636
-2643
-2530
-2182
-1816
-1413
-830
-336
53
242
302
152
-219
-794
-1432
-2016
-2744
-3350
-3684
-3568
-3325
-3303
-3316
-3156
-2651
-2242
-1868
-1590
-1618
-2011
-2685
-3068
-3315
-3538
-3635
-3417
-2846
-2277
-1861
-1307
-291
581
1098
1430
1723
2059
2192
2288
2459
2651
2650
2748
3221
3886
4664
5244
5866
6500
6867
7098
7225
7323
7095
6429
5736
5479
5402
5199
4986
4569
3801
2327
819
49
-285
-923
-2427
-3780
-4555
-4951
-5283
-5607
-5512
-5702
-6071
-6304
-6112
-5550
-5287
-4874
-4352
-3919
-3814
-3600
-2665
-1656
-917
-579
-11
862
1596
2305
2926
3472
3609
3511
3549
3633
3525
3275
3176
3156
3117
3071
3193
3331
3394
3274
3069
2965
2497
1957
1388
813
315
-357
-874
-1494
-2100
-2576
-2828
-2706
-2701
-2700
-2664
-2503
-2322
-2286
-2147
-2058
-2000
-2021
-2109
-2097
-1951
-1654
-1384
-1009
-678
-579
-442
-345
-282
-253
-303
-527
-1075
-1778
-2522
-3140
-3664
-4223
-4647
-4990
-5139
-5044
-4681
-3971
-3378
-2929
-2589
-2405
-2111
-1815
-1485
-1287
-1315
-1353
-1215
-720
-208
422
1227
2022
2935
3777
4544
5233
5700
5908
5878
5676
5366
5049
4805
4675
4673
4711
4759
4781
4746
4793
4849
4763
4482
4077
3592
3120
2678
2245
1830
1325
1059
801
65
-836
-1368
-1476
-1787
-2590
-3450
-3915
-4076
-4109
-4027
-3875
-3809
-3794
-3603
-3196
-2759
-2541
-2188
-1774
-1593
-1433
-1186
-572
122
575
847
1169
1639
2096
2620
2850
2781
2577
2302
2196
2116
2071
1946
1786
1790
1879
1941
1844
1771
1822
1868
1741
1448
1249
1088
705
152
-417
-876
-1106
-1438
-1898
-2330
-2629
-2595
-2483
-2301
-2156
-2007
-1851
-1823
-1669
-1509
-1344
-1351
-1500
-1461
-1444
-1354
-1203
-1030
-784
-728
-740
-734
-672
-632
-841
-1207
-1612
-1844
-1911
-2133
-2529
-2949
-3305
-3548
-3735
-3811
-3821
-3905
-3872
-3619
-3167
-2572
-1926
-1189
-414
272
839
1401
1898
2212
2352
2296
2280
2376
2508
2639
2613
2588
2714
2970
3210
3235
3213
3277
3324
3248
2982
2530
2056
1679
1338
1032
795
684
692
814
1104
1514
1974
2371
2646
2772
2751
2610
2528
2670
2704
2454
2204
2028
1646
1105
838
845
532
-253
-851
-1234
-1693
-2184
-2461
-2603
-3172
-3798
-3998
-4011
-4095
-4163
-3866
-3559
-3490
-3303
-2945
-2529
-2150
-1646
-1163
-973
-770
-337
232
674
989
1434
1808
2123
2594
2971
3295
3562
3826
3992
3825
3661
3425
3162
2820
2462
2235
1801
1346
984
821
527
3
-407
-919
-1492
-2074
-2351
-2361
-2481
-2679
-2850
-2796
-2719
-2601
-2368
-2210
-2165
-2297
-2374
-2356
-2270
-2172
-2167
-2162
-2202
-2189
-2192
-2198
-2077
-1968
-1894
-1840
-1722
-1473
-1190
-1072
-1096
-1456
-1977
-2103
-1945
-1708
-1795
-1866
-1635
-1409
-1053
-724
-316
-65
180
758
1085
1170
1188
1396
1590
1457
1334
1304
1343
1347
1392
1433
1397
1628
2081
2501
2693
2799
2926
2994
3083
3124
3079
2807
2485
2258
2049
1816
1565
1515
1533
1543
1595
1738
1841
1908
2125
2339
2430
2301
2101
1934
1685
1295
816
417
123
-252
-874
-1450
-1758
-1936
-2235
-2668
-2855
-2813
-2786
-2670
-2480
-2368
-2341
-2254
-1972
-1770
-1665
-1414
-1053
-682
-436
-120
350
875
1418
1950
2439
2786
3156
3606
3961
4060
3987
3866
3639
3420
3191
2882
2508
2134
1827
1434
969
502
92
-296
-815
-1387
-2002
-2532
-2939
-3266
-3550
-3907
-4209
-4388
-4402
-4387
-4347
-4177
-4010
-3718
-3348
-2908
-2452
-2048
-1549
-1095
-669
-330
-8
371
669
970
1236
1485
1606
1627
1640
1569
1481
1293
1028
693
302
-110
-611
-1089
-1564
-1993
-2325
-2682
-2981
-3262
-3547
-3667
-3643
-3393
-3063
-2756
-2362
-1935
-1447
-918
-331
252
723
1127
1402
1630
1855
2007
2144
2154
2055
1987
1997
2136
2296
2343
2219
1986
1799
1670
1505
1294
1060
913
828
722
650
672
875
1111
1370
1689
2019
2412
2796
3176
3426
3527
3440
3148
2952
2853
2706
2218
1441
835
453
89
-464
-1031
-1495
-2055
-2502
-2623
-2536
-2559
-2708
-2665
-2488
-2294
-2118
-1950
-1779
-1739
-1660
-1522
-1487
-1415
-1165
-834
-585
-318
83
513
914
1319
1760
2140
2347
2521
2582
2495
2401
2280
2095
1779
1475
1254
1022
816
671
542
341
150
18
-86
-211
-452
-748
-1079
-1463
-1739
-1960
-2189
-2410
-2588
-2623
-2573
-2433
-2273
-2086
-1861
-1651
-1373
-1142
-985
-847
-733
-618
-591
-631
-719
-786
-795
-819
-806
-833
-874
-942
-1006
-970
-1001
-1075
-1147
-1176
-1257
-1408
-1480
-1454
-1357
-1390
-1485
-1523
-1489
-1356
-1201
-1028
-921
-777
-460
-43
348
667
1034
1287
1335
1387
1483
1524
1422
1294
1220
1183
1208
1382
1633
1830
2022
2188
2371
2563
2766
2890
2838
2763
2752
2759
2732
2712
2696
2614
2492
2367
2220
2072
1976
1958
1877
1654
1429
1324
1241
1053
760
256
-416
-932
-1179
-1592
-2237
-2706
-2944
-3150
-3402
-3366
-3172
-3162
-3065
-2602
-2017
-1704
-1447
-951
-513
-332
-87
275
493
652
912
1153
1283
1523
2033
2539
2845
3185
3609
3953
4182
4400
4518
4346
4086
3826
3456
3051
2713
2422
1953
1299
766
352
-131
-590
-975
-1399
-1950
-2452
-2753
-3079
-3418
-3802
-4151
-4380
-4533
-4588
-4662
-4495
-4279
-4044
-3648
-3280
-2761
-2232
-1717
-1193
-711
-268
11
250
457
626
731
709
666
568
364
193
138
67
-159
-449
-756
-1079
-1275
-1411
-1541
-1750
-1961
-2002
-1969
-1844
-1617
-1391
-1297
-1223
-952
-664
-526
-449
-290
-45
162
380
650
844
958
1100
1273
1413
1483
1485
1401
1161
892
689
459
157
-165
-469
-816
-1050
-1148
-1149
-1086
-1039
-856
-644
-386
3
382
747
1027
1280
1498
1666
1933
2218
2464
2587
2631
2763
2893
2992
3109
3258
3373
3358
3278
3239
3142
2918
2632
2208
1657
1116
589
106
-406
-885
-1204
-1638
-2036
-2105
-2056
-2215
-2360
-2127
-1876
-1687
-1405
-943
-485
-298
149
717
901
994
1173
1323
1319
1334
1489
1500
1271
1094
1069
861
659
591
373
-28
-500
-770
-1069
-1446
-1688
-1918
-2209
-2477
-2629
-2815
-2970
-2923
-2813
-2703
-2636
-2549
-2284
-2112
-2009
-1690
-1457
-1415
-1365
-1105
-768
-709
-650
-547
-556
-591
-574
-720
-861
-819
-952
-1092
-1286
-1398
-1478
-1659
-1673
-1753
-1817
-1794
-1784
-1599
-1366
-1140
-907
-625
-277
51
411
664
921
1144
1291
1462
1654
1878
1977
2037
2071
2007
1899
1714
1487
1326
1133
903
660
407
243
82
-17
-108
-203
-303
-463
-533
-565
-542
-491
-377
-176
22
220
491
891
1162
1476
1797
1916
1948
1924
1934
1876
1691
1524
1381
1174
1076
1025
967
894
740
649
539
422
274
84
-44
-7
70
65
129
207
307
385
473
608
729
984
1195
1309
1504
1681
1820
2018
2256
2362
2458
2597
2554
2541
2520
2485
2451
2295
2187
1979
1725
1441
1120
869
520
132
-135
-340
-574
-829
-1018
-1126
-1235
-1232
-1161
-1167
-1100
-985
-953
-905
-842
-721
-683
-830
-831
-801
-801
-694
-597
-520
-569
-600
-556
-531
-525
-644
-784
-952
-1097
-1265
-1522
-1724
-1854
-2030
-2268
-2403
-2585
-2753
-2830
-2863
-2787
-2748
-2685
-2536
-2320
-1987
-1719
-1441
-1183
-974
-684
-555
-430
-251
-223
-211
-232
-243
-191
-224
-114
14
-3
19
-36
-59
-70
-80
-63
-168
-226
-231
-338
-443
-507
-584
-635
-754
-884
-917
-943
-860
-730
-578
-391
-264
-8
197
351
573
642
704
744
743
744
612
627
717
735
855
952
1066
1218
1292
1432
1535
1504
1584
1589
1512
1458
1362
1342
1306
1267
1209
1173
1278
1288
1341
1522
1570
1662
1678
1739
1882
1728
1704
1662
1404
1245
993
764
600
377
280
195
74
86
40
-12
19
-45
-30
-175
-289
-220
-341
-466
-649
-704
-688
-825
-814
-734
-768
-664
-548
-505
-448
-501
-495
-545
-659
-727
-918
-1093
-1157
-1274
-1330
-1341
-1345
-1317
-1396
-1385
-1258
-1194
-1082
-992
-937
-788
-662
-490
-307
-165
-101
-109
-100
-147
-101
-46
-16
1
-119
-117
-21
4
103
150
106
120
71
-31
-71
-176
-339
-483
-604
-651
-690
-752
-733
-718
-731
-668
-661
-622
-526
-506
-469
-326
-223
-178
-82
-63
-10
39
39
83
32
49
98
80
181
298
423
535
627
715
812
891
855
846
817
789
694
643
709
714
791
905
1005
1079
1146
1284
1422
1524
1560
1549
1466
1360
1355
1298
1178
1092
1018
912
851
880
906
918
892
887
852
783
821
928
966
971
999
988
992
1020
989
945
858
748
701
616
532
467
416
419
382
321
293
162
22
-67
-191
-325
-487
-686
-936
-1140
-1285
-1358
-1468
-1515
-1475
-1524
-1526
-1495
-1438
-1406
-1437
-1520
-1569
-1620
-1711
-1722
-1722
-1668
-1567
-1507
-1413
-1283
-1115
-987
-862
-663
-483
-291
-200
-57
148
273
380
409
451
528
574
650
714
792
839
815
867
914
907
824
747
623
510
351
121
-74
-324
-521
-770
-1032
-1217
-1378
-1480
-1541
-1595
-1599
-1617
-1577
-1557
-1566
-1478
-1367
-1274
-1217
-1110
-1042
-1009
-959
-899
-804
-708
-666
-560
-421
-266
-111
8
143
251
314
260
261
254
163
117
76
31
5
23
46
57
195
325
420
570
742
892
934
1003
993
979
976
986
1062
1026
1076
1196
1231
1307
1373
1404
1433
1352
1255
1146
1015
901
816
744
625
488
375
224
88
46
-84
-259
-397
-547
-660
-756
-774
-818
-938
-989
-1039
-986
-924
-929
-832
-809
-796
-680
-584
-441
-337
-249
-77
-1
114
316
514
687
783
912
1031
1076
1146
1213
1217
1218
1138
1112
1137
1079
1074
1022
931
891
796
694
581
433
299
137
-11
-139
-275
-394
-467
-533
-619
-726
-833
-875
-949
-962
-964
-964
-896
-866
-808
-769
-682
-655
-640
-559
-599
-634
-639
-591
-540
-497
-466
-438
-356
-315
-282
-262
-281
-311
-388
-530
-628
-694
-743
-747
-705
-686
-744
-810
-868
-888
-929
-951
-917
-817
-691
-546
-329
-95
162
387
606
831
1015
1181
1310
1469
1637
1760
1858
1939
2003
2064
2131
2169
2124
2073
2088
2022
1954
1884
1765
1629
1436
1243
1051
800
547
305
41
-139
-342
-508
-580
-662
-728
-762
-769
-804
-843
-853
-818
-786
-756
-725
-652
-628
-634
-584
-593
-548
-517
-498
-436
-383
-367
-356
-255
-209
-188
-170
-187
-190
-184
-167
-166
-158
-146
-152
-100
4
59
89
78
88
84
-22
-91
-133
-146
-151
-117
-37
59
158
206
296
352
323
284
271
266
239
215
212
183
137
80
10
6
-27
-114
-211
-308
-411
-496
-565
-587
-601
-683
-749
-756
-760
-816
-824
-870
-920
-930
-1022
-1065
-1114
-1145
-1102
-1062
-989
-870
-715
-505
-302
-131
53
202
313
407
478
539
549
497
459
417
353
332
332
317
313
335
337
355
443
473
460
472
440
400
407
384
360
298
209
145
50
-17
-66
-96
-121
-107
-111
-131
-104
-70
-21
10
16
-38
-93
-174
-263
-324
-400
-471
-575
-665
-726
-741
-709
-678
-655
-615
-550
-459
-346
-208
-54
65
176
289
367
465
614
707
767
855
972
1031
1068
1145
1149
1130
1117
1070
977
883
775
643
505
370
282
154
62
42
15
12
5
35
85
78
115
162
201
281
327
374
408
462
561
634
731
789
803
840
840
825
818
801
765
654
480
358
205
2
-195
-439
-698
-988
-1213
-1381
-1562
-1685
-1788
-1839
-1844
-1820
-1731
-1599
-1433
-1281
-1130
-971
-791
-637
-494
-275
-81
104
332
553
757
942
1123
1289
1405
1502
1559
1540
1498
1432
1331
1197
1048
886
688
492
269
62
-129
-342
-508
-678
-786
-839
-864
-829
-754
-689
-629
-542
-490
-406
-350
-312
-272
-218
-140
-115
-40
44
52
76
90
74
48
5
-32
-113
-172
-220
-287
-341
-427
-465
-511
-574
-604
-657
-681
-698
-722
-726
-677
-644
-561
-429
-330
-178
-29
142
325
485
630
747
848
915
935
941
961
939
899
842
820
783
693
658
628
568
478
399
350
313
324
358
300
247
197
90
-7
-122
-201
-250
-263
-245
-191
-118
-23
87
138
198
236
229
175
130
86
13
-74
-189
-290
-436
-541
-616
-678
-716
-805
-869
-935
-983
-1014
-1071
-1127
-1159
-1176
-1191
-1183
-1158
-1155
-1170
-1144
-1121
-1110
-1087
-1066
-1024
-936
-827
-697
-562
-415
-214
-45
95
235
321
339
364
385
383
407
432
461
486
506
528
537
546
510
450
396
290
168
70
-55
-170
-272
-366
-423
-488
-526
-560
-578
-562
-561
-535
-486
-428
-364
-316
-284
-227
-209
-165
-86
-30
36
87
198
303
407
539
644
758
879
982
1071
1159
1200
1215
1181
1154
1131
1082
1088
1109
1123
1142
1153
1181
1235
1287
1315
1311
1313
1275
1201
1130
1050
939
844
789
693
597
482
387
297
179
81
-32
-97
-183
-262
-298
-341
-356
-386
-401
-409
-466
-522
-538
-578
-601
-619
-636
-599
-567
-493
-367
-236
-166
-131
-70
-26
19
18
-2
-19
-78
-170
-271
-345
-428
-497
-558
-613
-643
-666
-676
-684
-712
-741
-786
-826
-857
-865
-824
-772
-694
-641
-587
-509
-420
-285
-161
-24
86
160
247
336
436
529
602
668
710
700
653
610
568
492
390
286
181
52
-62
-143
-223
-301
-415
-502
-549
-618
-640
-648
-661
-634
-602
-564
-514
-486
-413
-317
-271
-182
-98
-6
119
251
391
528
627
735
858
927
1003
1057
1091
1100
1114
1140
1121
1100
1068
1012
922
814
693
579
476
403
356
305
275
250
258
286
300
352
405
437
450
439
413
394
341
285
202
106
61
11
-21
-59
-70
-35
-25
-39
-71
-89
-112
-176
-238
-282
-389
-511
-594
-678
-743
-830
-916
-977
-1054
-1088
-1087
-1093
-1057
-987
-925
-887
-842
-798
-768
-746
-721
-689
-682
-675
-666
-673
-697
-734
-733
-700
-670
-633
-571
-538
-509
-462
-438
-413
-410
-421
-422
-409
-391
-392
-396
-412
-417
-403
-396
-393
-357
-323
-299
-260
-246
-248
-245
-261
-300
-343
-374
-397
-456
-530
-593
-651
-708
-769
-812
-826
-809
-780
-725
-678
-609
-525
-461
-403
-374
-313
-234
-145
-25
97
227
349
456
580
722
832
943
1063
1163
1271
1393
1485
1563
1636
1670
1688
1695
1699
1696
1694
1683
1664
1627
1574
1569
1554
1513
1464
1382
1301
1203
1085
981
866
746
629
545
474
393
327
284
253
224
198
150
98
44
0
-67
-141
-207
-309
-389
-443
-476
-500
-509
-509
-522
-540
-552
-524
-503
-506
-511
-528
-522
-481
-439
-380
-299
-227
-159
-96
-23
42
73
113
168
221
285
347
422
493
548
603
623
628
597
531
478
427
363
274
209
134
59
5
-61
-126
-188
-280
-388
-488
-588
-662
-761
-857
-938
-1045
-1117
-1147
-1149
-1150
-1167
-1175
-1157
-1141
-1102
-1043
-1014
-974
-934
-886
-816
-740
-673
-603
-503
-405
-328
-260
-197
-118
-12
78
173
254
317
411
485
537
575
576
549
507
472
442
412
398
391
376
376
386
371
383
435
475
510
547
581
606
652
710
767
835
893
945
970
1004
1031
1054
1077
1073
1066
1038
1012
977
926
885
837
781
727
653
557
448
326
193
49
-104
-246
-390
-517
-601
-657
-681
-719
-749
-779
-808
-794
-779
-765
-739
-710
-670
-603
-528
-466
-398
-335
-279
-214
-169
-136
-101
-66
-32
8
53
105
154
199
209
187
154
101
70
20
-43
-111
-189
-275
-364
-445
-540
-627
-720
-798
-857
-903
-939
-952
-976
-1013
-1057
-1120
-1181
-1243
-1296
-1355
-1402
-1445
-1473
-1499
-1504
-1485
-1470
-1429
-1396
-1352
-1270
-1189
-1103
-999
-908
-811
-697
-590
-486
-391
-281
-169
-63
50
169
303
435
549
648
736
803
872
934
990
1013
1032
1070
1080
1090
1097
1077
1040
1025
996
944
874
789
730
653
566
481
390
299
236
192
151
151
164
191
238
285
332
390
459
528
584
622
646
633
627
633
603
601
603
611
646
677
714
756
776
785
791
769
712
630
532
428
333
230
137
52
-8
-19
-13
20
61
120
195
264
325
409
480
530
589
633
649
661
695
706
706
688
663
634
584
537
495
433
341
247
159
67
-34
-151
-274
-409
-542
-635
-744
-855
-948
-1036
-1104
-1180
-1246
-1266
-1273
-1278
-1248
-1225
-1183
-1134
-1092
-1043
-981
-899
-818
-709
-604
-491
-382
-264
-154
-62
25
51
61
80
81
72
54
24
29
27
6
-5
-35
-80
-136
-168
-226
-274
-284
-308
-308
-294
-270
-271
-271
-303
-324
-341
-372
-342
-305
-221
-148
-19
109
245
364
439
503
532
543
521
528
457
421
324
277
208
202
280
256
310
361
429
422
470
462
485
450
377
355
288
252
178
199
162
186
202
223
295
308
322
392
464
481
536
572
577
587
592
571
549
516
466
433
406
340
372
386
353
376
370
331
311
283
220
190
102
15
-52
-119
-230
-307
-357
-441
-440
-431
-411
-380
-367
-360
-357
-360
-352
-393
-434
-460
-530
-542
-559
-606
-604
-616
-655
-627
-611
-610
-602
-567
-510
-452
-379
-358
-340
-359
-400
-427
-447
-537
-588
-607
-651
-619
-604
-521
-453
-395
-354
-296
-242
-224
-227
-255
-273
-362
-404
-444
-467
-517
-565
-581
-617
-594
-549
-533
-490
-411
-392
-354
-271
-239
-208
-127
-99
-69
-14
11
40
66
99
130
147
173
214
228
286
352
365
444
500
520
524
482
450
438
406
344
352
299
235
259
218
190
276
226
205
281
291
325
392
436
476
507
577
626
593
724
715
720
699
730
766
703
695
715
700
595
658
566
636
586
559
595
570
550
504
503
393
454
382
396
356
359
350
361
397
427
504
436
519
527
537
527
600
635
610
630
657
623
529
554
484
386
317
242
181
79
19
-19
-91
-143
-176
-243
-288
-300
-416
-518
-600
-636
-682
-777
-835
-859
-955
-1024
-1013
-1065
-1071
-1123
-1155
-1131
-1153
-1177
-1137
-1162
-1118
-1073
-1065
-1020
-1022
-932
-902
-863
-747
-685
-654
-535
-513
-454
-351
-320
-196
-152
-114
-29
26
55
123
175
200
242
250
319
359
363
395
416
428
430
419
367
368
286
278
263
175
189
123
58
34
52
13
-12
-39
3
-22
-34
18
-33
17
14
30
51
96
141
159
172
237
276
264
332
336
361
361
363
374
395
394
376
390
348
320
312
277
271
278
216
229
202
147
168
124
134
159
144
161
172
204
241
251
328
379
398
464
495
569
613
590
655
677
606
595
565
477
397
319
228
139
60
-34
-95
-137
-248
-294
-320
-392
-445
-519
-565
-614
-645
-678
-729
-749
-760
-807
-786
-773
-817
-775
-741
-671
-657
-636
-530
-476
-418
-344
-314
-212
-205
-252
-149
-194
-218
-167
-187
-182
-155
-199
-229
-163
-151
-169
-155
-161
-157
-159
-206
-168
-166
-244
-192
-255
-305
-201
-269
-245
-186
-207
-165
-135
-106
-7
-4
62
161
110
205
182
222
240
205
232
223
190
177
135
141
228
137
266
256
217
249
205
225
265
236
211
240
167
191
167
207
216
232
240
253
343
347
360
458
523
505
593
595
636
658
640
681
686
664
668
654
627
656
577
560
575
526
541
601
583
558
600
561
565
570
524
477
374
304
224
121
100
43
-80
-73
-128
-221
-224
-301
-353
-347
-392
-449
-473
-504
-511
-536
-489
-463
-427
-374
-297
-226
-177
-94
-71
-58
-72
-60
-103
-60
-78
-59
-60
-58
-8
-61
-38
-50
-75
-162
-184
-238
-260
-362
-392
-424
-508
-512
-569
-569
-603
-616
-647
-601
-584
-527
-535
-445
-427
-440
-330
-334
-266
-242
-178
-144
-97
-100
-53
-56
-40
-30
-58
-16
-21
-2
-31
3
-34
-72
-100
-91
-142
-159
-148
-145
-160
-167
-114
-147
-105
-105
-100
-109
-74
-59
-5
26
91
141
156
247
234
287
292
304
298
284
241
278
275
226
285
253
246
231
272
242
228
215
145
139
80
0
-15
-30
-138
-145
-142
-143
-122
-120
-99
-128
-104
-124
-167
-160
-181
-225
-183
-127
-83
-10
61
153
190
249
315
356
359
385
418
425
401
394
390
360
334
257
261
245
202
177
188
149
123
110
51
26
-6
-70
-129
-137
-206
-217
-240
-287
-281
-323
-352
-319
-318
-301
-230
-235
-220
-195
-187
-165
-176
-144
-110
-152
-119
-58
-74
-55
-1
-41
-34
-19
-23
10
-15
-6
68
44
0
79
12
-34
-14
-42
-67
-63
-74
-95
-74
-85
-94
-110
-81
-115
-60
-13
-86
-18
36
-38
6
57
-29
-36
-28
-20
0
25
59
122
163
167
213
306
271
281
360
291
275
283
300
288
269
231
219
216
176
163
184
177
105
155
115
75
80
30
17
25
9
37
60
62
133
72
102
120
80
117
103
94
101
53
31
48
21
78
91
125
215
233
278
348
358
368
350
312
312
259
229
199
134
88
79
15
-42
-55
-106
-150
-171
-179
-162
-156
-188
-185
-175
-204
-220
-217
-227
-248
-239
-180
-166
-159
-132
-103
-93
-97
-67
-42
-33
-53
-41
-34
-62
-55
-16
-30
-10
12
0
32
36
35
9
-6
-13
-68
-109
-76
-119
-153
-92
-106
-100
-80
-70
-75
-85
-109
-110
-113
-125
-128
-157
-130
-138
-133
-112
-90
-94
-110
-89
-76
-72
-109
-95
-93
-118
-157
-158
-156
-170
-149
-140
-114
-89
-84
-104
-60
-56
-122
-95
-64
-132
-115
-76
-121
-112
-92
-121
-118
-84
-91
-87
-69
-48
-36
-33
-35
0
0
-21
0
10
15
20
39
66
84
78
129
158
142
168
180
168
187
188
186
213
198
180
203
199
160
212
199
191
249
242
239
272
291
276
275
272
292
246
234
230
209
213
156
100
76
17
-45
-49
-86
