288
303
307
276
228
151
33
-82
-183
-240
-259
-238
-219
-195
-147
-121
-107
-79
-34
8
60
123
198
240
225
173
67
-65
-179
-268
-323
-338
-307
-267
-282
-313
-340
-341
-290
-184
-29
138
247
236
203
165
125
124
145
170
200
207
155
94
-8
-119
-176
-163
-72
62
192
280
316
285
239
192
187
220
232
240
224
152
0
-155
-287
-402
-438
-423
-370
-272
-161
-63
-4
5
8
47
111
207
334
451
508
497
423
305
183
76
-4
-45
-77
-82
-58
-46
-58
-95
-130
-124
-33
103
212
294
295
214
144
89
40
52
71
58
64
55
11
-31
-76
-102
-51
42
160
272
341
367
380
370
320
270
192
130
89
51
15
-30
-123
-265
-373
-455
-490
-455
-363
-226
-85
35
103
110
83
65
90
175
287
370
389
322
215
96
-27
-106
-132
-98
-43
-8
34
48
26
13
-5
20
121
184
205
228
177
103
53
-32
-130
-200
-255
-270
-227
-194
-200
-228
-274
-293
-244
-141
-20
92
131
112
98
75
47
20
-28
-75
-113
-143
-159
-189
-231
-291
-335
-376
-369
-262
-138
-15
90
125
89
69
66
60
59
56
33
0
-34
-96
-133
-172
-250
-316
-310
-244
-131
-6
76
115
139
135
119
150
171
181
177
151
90
34
5
-59
-107
-148
-173
-131
-70
-12
29
25
23
39
62
114
173
219
235
202
143
39
-92
-171
-198
-181
-145
-143
-177
-239
-271
-265
-185
-62
28
124
194
229
244
235
198
125
61
-2
-61
-92
-104
-117
-143
-191
-244
-279
-269
-211
-110
29
119
176
218
197
189
180
148
105
19
-54
-70
-69
-102
-140
-196
-282
-303
-266
-191
-65
48
110
145
182
227
289
335
331
288
257
226
165
113
43
-74
-188
-254
-256
-214
-164
-150
-150
-118
-76
-22
40
79
97
102
99
76
23
-77
-197
-266
-277
-263
-240
-237
-251
-258
-253
-197
-110
-65
0
132
255
390
491
469
376
282
194
157
181
148
64
-39
-150
-215
-245
-284
-286
-225
-140
-19
130
238
302
332
316
310
334
334
358
408
400
373
267
76
-103
-251
-285
-193
-70
0
45
38
33
103
147
179
185
180
203
244
239
119
-79
-322
-489
-526
-495
-417
-346
-317
-287
-216
-130
-42
37
102
205
389
589
730
754
659
484
303
151
39
9
-42
-130
-202
-303
-397
-449
-487
-493
-404
-249
-67
131
252
264
244
198
158
146
112
80
86
83
50
-30
-175
-318
-391
-356
-229
-67
67
126
149
158
154
176
164
125
98
67
26
-39
-177
-376
-555
-667
-692
-646
-565
-476
-352
-217
-95
20
102
176
286
432
608
744
785
749
607
409
215
76
-28
-72
-60
-70
-95
-194
-336
-439
-474
-390
-194
40
216
283
228
137
70
4
-14
-11
-38
-84
-111
-140
-206
-284
-387
-450
-414
-284
-96
77
219
321
368
367
348
334
301
263
256
234
145
-36
-254
-455
-627
-697
-679
-601
-480
-353
-206
-83
8
93
196
368
555
726
840
836
736
606
463
301
168
53
-54
-114
-156
-201
-239
-350
-438
-399
-324
-189
13
161
213
217
147
50
-45
-180
-241
-223
-253
-283
-321
-446
-593
-670
-676
-576
-347
-123
55
199
313
434
511
539
554
555
511
468
459
386
230
-13
-291
-524
-640
-625
-557
-464
-363
-257
-156
-88
-22
81
219
395
540
608
600
574
478
300
176
48
-83
-197
-259
-262
-260
-287
-354
-400
-412
-328
-150
14
121
218
231
116
0
-40
-85
-182
-278
-306
-296
-335
-389
-439
-478
-546
-510
-311
-74
141
324
420
422
492
546
534
529
571
574
453
287
155
28
-194
-364
-335
-323
-435
-419
-279
-224
-164
-61
-37
-2
82
163
296
391
427
456
315
46
34
66
-153
-216
-104
-175
-298
-239
-156
-190
-187
-126
-15
65
52
189
277
112
39
119
60
-77
-34
-20
-172
-245
-207
-245
-324
-268
-105
-65
-39
182
418
416
412
554
615
668
612
507
588
616
381
225
202
69
-141
-361
-303
-215
-340
-389
-316
-277
-286
-290
-230
-128
-124
-46
9
-86
-46
48
-65
-180
-147
-87
-220
-427
-351
-213
-338
-461
-327
-146
-152
-233
20
222
88
78
197
166
78
171
225
105
67
126
12
-161
-113
6
-78
-190
59
264
74
213
547
393
286
443
507
483
450
531
575
225
61
138
-88
-189
-214
-289
-374
-555
-374
-321
-620
-424
-317
-665
-611
-371
-307
-270
-393
-135
-133
-667
-382
-111
-478
-255
105
-226
-320
-38
26
-307
-160
528
263
-55
613
672
131
374
610
517
422
397
620
528
370
525
256
105
285
-209
-177
395
-14
-195
306
63
-197
27
133
-52
-312
124
253
-213
131
227
-151
58
-374
-340
568
-214
-528
871
287
-749
350
425
-581
-268
391
-51
-341
195
231
-140
-416
-66
241
-465
-755
472
476
-1099
96
1148
-663
-933
698
373
-992
104
907
-49
-525
366
874
-278
-260
889
669
-514
208
1024
44
-286
41
627
105
-797
172
849
-680
-688
903
-54
-984
-111
241
-459
-727
71
371
-530
-615
210
151
-686
-503
702
15
-1002
472
790
-1056
-190
792
-419
-715
132
585
-626
-644
798
-141
-1173
775
91
-1173
935
68
-1101
836
223
-1269
628
379
-1231
410
815
-1067
41
1312
-944
-291
1306
-650
-655
1391
-150
-911
1327
451
-1105
477
1169
-783
-433
1113
-32
-802
458
372
-667
-153
276
-570
-359
423
-569
-324
605
-479
-451
939
-330
-442
1002
-13
4
548
-101
333
269
-485
595
207
-303
228
-100
247
27
-444
524
347
-627
454
387
-354
519
431
-438
452
327
-511
98
608
2
-615
594
285
-856
53
880
-838
-372
1243
-642
-476
913
42
-507
358
560
-91
-350
614
400
-738
327
486
-746
-326
628
-381
-535
374
95
-421
-328
605
-205
-529
663
-126
-487
826
36
-643
1073
-123
-885
1132
-249
-867
1246
-146
-1141
1012
170
-916
331
540
1
-340
334
350
169
-269
133
931
-372
-135
550
388
-108
-316
842
362
-916
513
791
-861
77
926
-106
-236
458
637
-425
299
584
-307
532
-22
-143
485
66
-647
431
165
-646
35
-42
-53
-676
18
130
-330
-112
-44
147
101
-60
31
575
-148
-202
589
-136
-183
539
162
-658
300
535
-630
-246
464
406
-666
148
351
144
323
-690
567
890
-510
-353
880
398
-749
-425
651
-454
-1021
318
-261
-660
-140
-169
-665
-21
-245
-185
-46
-182
442
-263
158
501
-90
-89
644
-479
-481
670
-767
-355
190
-761
-722
191
-1007
-784
469
-926
-816
543
-458
-1129
1018
-1008
-520
1058
-1627
527
456
-1720
967
-264
-1455
1039
-959
-389
473
-1011
730
113
-1074
1280
302
-742
988
229
833
-267
-436
2073
-991
-1126
1951
-1092
-837
896
-1298
-48
55
-1203
247
-346
-594
675
-723
88
974
-777
316
390
-148
702
-750
123
1034
-1451
-18
572
-1236
-1
-317
-981
862
-642
-1348
1484
-604
-1220
1197
-341
-548
767
-720
338
555
-1107
512
0
-653
-461
26
-99
-626
-416
396
-147
-1063
905
-264
-266
754
-161
343
757
-226
39
645
-664
137
-1
-742
-205
-539
-489
-905
-939
12
-926
-1365
312
-408
-958
68
-259
-281
-413
-111
-141
-256
-347
-412
169
-1029
-657
115
-704
-1150
-239
-679
-294
-341
-1307
795
-285
-485
14
619
52
173
608
-170
1421
-701
1133
767
-1350
1887
771
-1743
1601
1505
-1802
2419
1
-597
3786
-1195
87
3565
545
-703
2529
1787
-880
2205
256
240
1629
162
-1254
1347
1088
-2493
1462
-134
-587
893
-796
-436
1590
-200
-912
1329
534
-27
501
582
159
1002
-143
65
306
778
-797
-192
1187
-954
421
613
-334
144
1495
-806
236
2413
-451
228
1911
592
-68
1339
106
169
1347
-955
295
938
-868
-60
350
-208
-553
499
389
-812
317
747
-74
-240
21
404
-87
-683
-672
443
-789
-1227
-449
-1134
-706
-1384
-1270
-1071
-804
-955
-1127
-923
-400
-351
-1365
-125
45
-279
-421
28
487
-160
-404
50
745
-684
172
-139
617
439
-1584
1665
777
-688
-72
2581
-151
-718
2404
786
-302
1379
1628
-1347
2736
-922
306
1462
-1283
1163
49
-378
51
684
-798
1420
-1574
1546
1401
-2571
2452
975
-1420
1613
858
-1505
2640
-776
-1847
2766
-562
-2796
1584
710
-2079
-1102
1264
-102
-2329
876
-51
-28
107
-996
1068
1612
-1584
-139
2766
-665
-963
1685
81
-32
183
-441
1046
-312
-661
859
413
-1225
1390
386
-937
1440
-136
380
698
-258
297
699
-474
-207
115
-647
-169
-820
-1017
50
-978
-1021
-441
-638
-507
-1003
-347
-47
-720
-749
269
-764
-486
28
-1123
120
-811
-1035
-434
-771
-718
-1113
-654
-1158
-332
-568
-2051
-40
781
-1960
-800
1071
-249
-927
-439
1145
-1052
204
-12
-600
1145
-1480
112
946
-1578
-452
1956
-2514
133
2358
-3427
1559
1060
-2239
1910
-794
-139
1589
-1509
172
887
-560
-490
644
-784
-526
622
-413
-957
-75
1045
-560
-1015
580
978
-437
-617
855
1733
-964
-1031
3258
416
-3423
3323
1511
-3157
2258
-62
87
815
-1856
1795
1746
-3208
1277
4239
-4049
750
4461
-2383
312
2927
-484
367
2478
-1236
1435
2579
-2199
1942
1688
-719
1334
536
497
1356
505
-325
1887
972
-592
1199
967
529
167
295
977
-26
-483
1092
262
-1104
237
415
-510
-1243
-323
659
-884
-1248
245
478
-840
-1194
553
646
-1140
-831
1114
537
-1918
61
1280
-1505
25
-32
-1645
1317
-130
-2688
1276
838
-2428
912
-106
-496
1233
-1618
616
1826
-2132
340
2486
-2293
729
1291
-1307
944
51
-312
629
56
-244
812
-225
90
269
996
-689
80
1846
-1295
1096
2
-545
1770
-950
-848
1904
-943
-1317
1413
-1159
-78
-618
-963
1709
-2351
-541
1773
-1719
-570
1397
-1586
194
1546
-2597
1529
366
-1686
1013
-164
-1277
929
-618
-1025
1006
-1629
526
-203
-947
-249
692
-377
-1372
358
1219
-986
-2059
2502
-271
-1933
597
1082
-1706
600
408
-1823
2039
-1145
-733
1472
-873
-286
1447
-968
-101
1500
-732
272
223
266
359
-369
-206
743
-199
-916
432
-410
-72
-971
-763
903
-1640
-1120
827
-1288
-1574
603
-966
-1433
152
-1082
-172
-871
-876
274
-1005
-411
-568
-146
-380
-393
-341
-62
135
-761
685
-163
-191
684
-47
94
336
547
-62
165
728
477
-925
1237
1307
-2831
2647
1389
-3369
2485
755
-1361
868
-154
611
854
-771
-327
2347
-473
-2291
3266
-282
-1917
2175
-464
-554
477
269
-941
143
616
-965
-357
378
95
-1166
394
0
-277
-620
-144
679
-1459
-126
957
-616
-1979
1782
750
-3686
1754
1638
-2761
328
1504
-1260
1498
-953
-1068
5026
-3469
-797
5280
-2248
-813
3112
-218
-134
1187
142
1060
42
706
314
575
194
509
459
-764
1011
355
-592
-941
1583
-231
-1767
583
232
-693
-1251
-66
307
-1601
-596
590
-1865
-404
449
-1796
-479
1162
-2211
308
1181
-3125
2518
402
-3741
3647
565
-3161
2775
426
-225
430
625
1316
-142
1215
143
1716
464
1130
779
548
3020
-1099
1310
2213
903
358
632
3255
-469
508
2881
-330
697
1802
779
-247
1328
1367
-458
529
878
192
-77
387
-109
705
-1396
638
214
-2114
863
-816
-1364
-512
-335
-2038
-372
-964
-1728
-95
-2693
10
-324
-3835
1367
-788
-3051
530
-303
-1605
-1730
1599
-1631
-1164
318
-202
524
-2445
962
2148
-2534
-671
3157
-1439
-30
1131
-1081
2183
-122
-1535
2010
862
-1194
852
856
-171
544
324
287
-43
257
862
-890
47
665
-579
42
-711
86
253
-1124
-382
46
-311
-1000
278
-1322
-231
741
-2586
-10
437
-1186
-1087
-173
-157
-339
-1902
-146
1776
-2826
-693
1986
-1233
-1029
502
-19
29
-437
412
59
299
410
101
643
-53
735
689
515
-621
1423
1739
-2123
1613
1840
-2317
2627
-96
-1459
3918
-1724
-1351
4301
-1671
-1900
4448
-2223
-679
3100
-1741
-749
1974
-83
-2374
1836
1022
-2701
-302
3461
-2836
-2162
4356
-2629
-2073
2959
-1535
-2423
2553
-981
-2763
2133
-1168
-1623
1255
-1701
-228
243
-1297
-210
-1
-505
-1193
680
269
-1902
490
1133
-863
-308
510
1967
-1840
87
3472
-1432
-675
2999
822
-2031
2948
174
-154
1771
-1001
1601
506
77
303
842
1072
-949
533
2118
-1758
-209
2832
-1863
-873
2199
-563
-2093
1266
636
-2427
248
611
-1167
-810
-247
167
-1474
-405
316
-2183
954
-253
-2892
1881
-205
-2820
1201
60
-1857
503
-166
-573
-487
-49
785
-1685
274
2252
-3088
1149
3284
-4239
1971
3266
-2738
302
4095
-2362
307
5029
-4901
3130
3578
-3956
2009
3596
-2697
385
4887
-4253
2067
2655
-1945
413
1912
-218
-842
2439
-2515
3056
-1320
-1108
2585
-1288
-604
5
1834
-3497
2302
-316
-2154
1368
-582
-1017
-852
1714
-2763
558
316
-1774
1061
-1325
-451
642
-916
-296
-634
942
9
-2184
1801
792
-2184
682
2500
-2289
198
3231
-2407
986
2743
-2198
1747
1424
-434
1755
-355
714
2733
-1124
-201
3113
-171
591
126
1175
1740
-679
-135
1822
585
-1418
1747
-526
-159
617
-749
-734
447
6
-2476
1258
-457
-2642
851
-198
-3306
1011
-373
-3834
2008
-1482
-3553
2171
-2019
-3126
2520
-3465
-1346
1592
-3076
-918
163
-861
-1483
-204
-1215
757
-1558
-127
-437
-82
1408
-3405
2447
158
-652
-911
1509
965
-2511
2176
-408
396
-58
498
-842
1545
777
-3287
3996
-780
-998
1771
-1053
1288
-289
-470
370
677
-1074
813
-687
-950
2071
-2982
-441
1961
-2132
-1963
2278
-1429
-2109
634
-40
-1752
-913
281
-677
-630
-2119
2025
-2129
-1068
572
-866
-405
-1566
1388
-684
-1271
88
1795
-2379
861
1143
-1366
2054
-596
1228
231
1078
1100
-442
2482
-194
1243
1846
-1399
3492
1299
-3003
4677
1606
-3183
4466
360
-702
3900
-1384
596
3823
-1368
397
2489
-705
1508
118
-296
1132
1069
-2091
734
1750
-3249
2317
-1661
-826
1964
-2592
-781
1713
-1354
-2430
1750
-853
-1269
-1238
1381
-1636
-1820
1461
-1445
-984
-1253
2104
-2690
-738
1097
-701
-129
-1334
1313
-516
1240
-2143
2048
1259
-1756
1764
93
1119
-1091
2632
-1354
955
1760
-1664
1464
-659
2391
-2607
1433
1938
-2490
1568
374
13
-945
1986
-2306
1981
-300
-3099
4272
-2494
-1179
243
1690
-4201
1525
-77
-2767
3194
-5165
3510
-2179
-834
-206
382
-1026
-1700
3641
-5467
4473
-3057
-284
1852
-2246
234
-642
2890
-5939
4787
-597
-3752
4683
-1998
-314
704
2347
-2395
1818
2736
-2678
3870
-65
328
2654
-462
2073
1058
1094
1075
502
2896
-204
-356
3897
124
-1304
4407
-1150
403
4133
-4013
3968
1152
-3326
4695
-908
-2045
3690
-372
-3920
4659
-1257
-4065
4914
-3040
-1659
2813
-2794
-1412
2307
-3046
-1422
3010
-4517
712
-14
-1589
24
-3358
3181
-3414
-1797
1875
-2796
-368
-1492
701
-2500
-364
438
-2627
1098
-1132
-829
577
-239
-1793
2526
-1810
-682
3173
-3250
2235
-337
378
-64
399
988
-2133
3152
-1550
480
339
105
136
-420
1516
-2895
2540
-219
-1960
794
1097
-2184
-119
2477
-5038
2929
-262
-3281
1744
-553
-2188
1321
-507
-3579
3269
-1616
-2301
402
1784
-3084
-373
2561
-3859
1102
1059
-2853
-105
3078
-4854
1900
1046
-4233
3572
-1833
-2223
2546
-285
-3849
4176
-1265
-2525
4019
-2667
531
1552
-367
-436
1953
751
-867
2423
-215
864
1452
329
566
1507
1192
104
936
1283
1458
-546
1265
1532
319
350
1160
860
-346
1728
-752
92
1609
-1178
-80
671
-280
-946
735
-502
-1826
1885
-1625
-1519
1341
-1084
-934
-147
-179
-654
-573
-468
12
-1079
-277
17
-1477
176
377
-2831
1357
104
-3592
2648
-432
-3800
2941
785
-4779
3176
319
-2154
885
125
677
-1405
1197
677
-2065
1050
2530
-5088
3108
2488
-7016
6385
-1255
-5062
7345
-3534
-3803
6859
-2333
-4255
5899
-1068
-3674
4349
-772
-2695
2976
535
-3208
2391
1264
-2780
1492
1308
-2950
2258
477
-3010
3417
-1615
-386
1580
-1173
-732
1888
-653
-2320
3009
-811
-1816
1273
1017
-2369
1727
-623
-1330
3992
-3687
265
4789
-3564
136
4854
-2999
1220
3538
-1919
2551
1621
-279
2806
954
-277
3071
1141
-1348
3609
1379
-1967
2648
2617
-2261
1301
2941
-2388
2258
1120
-2366
3042
709
-3852
4059
9
-4478
4815
-2029
-2088
1859
-1083
-1028
-935
-88
-716
-1734
-643
416
-2747
-35
-68
-2906
387
128
-3985
1181
428
-4584
1534
-477
-2235
-753
129
-1367
-749
-912
-970
1265
-3789
1564
840
-3719
1504
1521
-2781
-624
3082
-1504
-1004
1560
612
-1354
1579
349
-1590
2922
-481
-1495
3287
-379
-1957
3941
-932
-84
1191
630
588
-171
1994
-1153
1294
-64
1203
-851
-845
2481
-763
-2328
1638
1152
-5235
4425
-2383
-3571
4703
-3980
-1811
1934
-704
-3858
2142
144
-3354
1102
1175
-2394
-1773
5225
-3825
-1550
4642
-1798
-1715
2503
1963
-3513
2969
2247
-2656
2982
2240
-2123
3091
2556
-2058
3403
1463
-457
2789
637
495
1488
885
1227
180
-38
2348
190
-1517
2280
332
-1625
1085
407
-1741
1087
-609
-1595
967
-1145
-1506
-300
190
-2928
308
-622
-2610
119
-1027
-2018
-1218
406
-2623
-619
-673
-1788
192
-1449
-1575
323
-537
-1773
-253
486
-1269
-773
770
-1090
-800
1386
-1760
-849
3203
-3281
239
2457
-1975
534
1273
-1388
1273
1519
-2664
2793
-250
-215
1030
-110
126
830
438
-1602
2003
21
-425
-671
2445
-1008
-237
367
-1852
3330
-1504
-1819
1777
2002
-2853
791
505
-1356
1496
-1470
678
324
309
-878
195
294
26
-1060
173
2028
-2657
1424
547
-1232
1905
-480
-1390
2404
1215
-1748
1685
1763
793
90
309
2097
1504
218
1087
1892
1917
1817
-149
1873
2637
343
199
1582
1625
1006
563
90
1676
187
-557
-546
209
72
-1832
-243
-823
-1107
-1332
-2457
-1269
-1390
-1851
-1803
-2358
-688
-1610
-2908
-1374
-1172
-1737
-2349
-1249
-1190
-402
-1664
-1830
550
-647
-1674
-675
565
-1260
740
100
-959
2533
-447
-515
1226
780
-156
851
1150
-233
2392
-691
837
1489
-905
1236
40
714
454
749
-518
1264
-127
-1203
1550
-1282
423
548
-912
593
1143
-789
-953
446
742
-795
-482
1357
-170
687
915
-1849
997
1198
-1236
155
763
1483
-893
479
1024
-496
172
-563
573
1437
-376
-657
1498
49
-504
328
-602
647
759
-754
1248
450
982
1021
-1106
1442
1837
212
477
2591
1398
1576
1501
-245
1708
1086
-500
1412
1965
89
773
115
-715
-311
-883
-670
-1279
-791
-925
-2264
-1592
-2314
-3240
-2768
-2876
-3012
-2852
-2451
-2714
-3308
-3128
-2718
-3685
-3064
-2228
-2890
-1860
-1584
-1898
-1463
-1342
-1636
-909
-232
-132
521
930
1028
1322
1088
1198
2021
1298
1018
2429
2206
2079
3056
964
937
2307
748
763
2596
1625
387
1792
630
70
712
-360
-985
552
673
-930
635
-557
-1185
68
-1834
-459
946
-1335
79
1726
-768
870
742
-969
920
1144
624
2000
1887
742
2854
554
1251
2069
1273
2521
2592
2711
1097
3387
1527
1204
1689
1113
2319
1706
2581
1184
1783
1202
515
947
1153
1223
1049
1908
-33
2434
2428
-1390
-888
-2551
-1544
1837
1055
-1591
-865
-1267
-4097
-3344
-3341
-2123
-1184
-2823
-4100
-3344
-2524
-5136
-6728
-6208
-4127
-3589
-3568
-3602
-3754
-4065
-6314
-5752
-3705
-1807
-2470
-2242
-592
-673
-1419
-1713
-751
-300
1107
1632
2918
3938
3544
1971
1459
3325
4263
4021
5140
6152
4745
4570
2660
2131
2929
2890
1771
2780
3788
1120
851
-401
-1061
-1253
-717
-732
-583
-98
-2137
-2923
-3119
-2765
-3014
-2615
-1278
-896
-790
-1432
-1813
-1548
-1832
-509
147
1474
2700
1201
1265
1615
966
1386
2600
2325
4239
3540
3177
3681
2431
2853
1824
4093
4258
4109
4490
3508
2737
1833
3118
2267
2463
3676
3241
1290
1728
2269
364
1428
2047
2888
690
-3452
-4043
-2081
2836
991
-3366
-3806
-2797
-4326
-7814
-4794
-2679
-1766
-4793
-8789
-6325
-4280
-6662
-10720
-7771
-4201
-3775
-6351
-7093
-5312
-6510
-7854
-8561
-2769
-75
-3052
-4188
-3169
-842
-1563
-2255
-467
2705
3225
2298
2314
4072
4427
2308
2596
5229
8338
7261
5693
6000
5359
3910
3588
5196
6693
5893
3415
2002
1922
1791
-280
-371
724
1196
4
-2433
-2704
-2539
-3716
-4442
-2013
-1192
-1956
-2809
-4088
-2925
-2241
-2556
-1714
-488
664
-509
-160
740
411
1972
1372
2448
4665
3851
2573
3293
3902
4135
4727
4683
5467
5475
4775
3940
4465
5186
4950
4505
4225
4660
4613
3265
2880
2224
2225
3284
2271
2382
3612
2739
-4323
-7577
-4194
337
4565
-356
-7196
-6936
-5858
-9282
-9477
-4085
-1418
-3582
-10641
-13760
-8511
-6532
-11133
-11816
-5764
-3341
-5837
-9819
-9583
-6779
-7375
-8195
-4629
1642
-233
-4569
-6560
-3611
298
-186
774
3256
5471
2015
1092
2691
4526
6162
5114
6080
8283
9488
5606
4510
5996
6562
7203
7330
7171
5127
4811
2887
2264
3781
2760
2092
1289
771
888
-584
-2475
-2688
-1777
-2046
-2123
-1038
-2822
-3968
-3593
-3920
-2161
-434
-834
-1544
-1645
-753
-295
-378
1947
2215
2122
2739
2581
3564
2994
3804
4324
4773
6024
6147
5228
4712
5183
5332
6299
5968
6506
5815
4631
4503
3827
4792
4267
3990
3744
1967
2039
2457
2016
3867
1034
-7083
-7660
-1933
3272
2229
-6653
-11038
-7266
-8009
-11445
-7676
-2119
-2847
-10766
-18218
-15132
-6586
-7509
-13029
-10450
-5467
-7322
-12685
-13210
-9062
-5298
-7389
-8101
-2502
-198
-4868
-9045
-5392
266
3044
1403
832
3182
2459
130
1305
6527
8985
7159
4235
4941
7429
7368
6340
7531
8917
8514
6859
5277
6218
6589
5259
2445
4093
5213
2535
2067
63
-241
216
-1124
-1696
-570
-693
-2648
-3583
-3310
-2580
-2922
-2727
-3034
-1873
-1537
-3380
-2082
-1098
-267
298
-45
1120
1843
1482
1839
3437
4062
4205
4516
3822
4448
5864
5630
5287
6077
6730
6080
5648
5965
6028
6281
6361
5983
5856
5308
4169
3888
3949
4183
3935
2205
1742
2868
2899
613
-4290
-7606
-3851
1803
2083
-3516
-9680
-10232
-9240
-10088
-8205
-3764
-3706
-9480
-16902
-18090
-10356
-6924
-9905
-10860
-9170
-9300
-12865
-13569
-10145
-5596
-5243
-7526
-6660
-4085
-4732
-7433
-5138
-574
2409
1524
-735
-697
508
1017
2446
6115
7873
6468
3116
2504
5023
7996
8636
8506
8477
6936
5712
4889
6156
7925
8698
6842
4728
3969
3208
2949
2780
3992
3561
1902
351
-1747
-2030
-393
66
-345
-598
-2502
-4165
-3494
-2226
-1748
-1012
-1613
-2593
-2460
-2840
-1789
188
737
624
893
1050
616
1421
2316
3021
5287
5265
3903
4037
4454
4418
5998
7432
6789
7256
5859
5044
5366
6190
7823
7095
6053
4682
4466
4514
4020
4275
4023
2311
2191
1446
-908
-2295
-4531
-3280
-607
-804
-5139
-9389
-9558
-8727
-7931
-7820
-6884
-7425
-10952
-14983
-14575
-10139
-7528
-7996
-11198
-11023
-10567
-12031
-9799
-6913
-4197
-5392
-7783
-7273
-5634
-3672
-3387
-1970
128
21
-2059
-1858
-466
1788
3169
2543
3843
4396
3361
2563
4232
6308
7450
7590
6580
5957
6307
6044
6543
8308
9028
8260
5530
5018
5381
5136
4773
5555
6445
4774
1892
-727
12
1765
2663
1675
111
-787
-3012
-4424
-2972
-547
-538
-2276
-3940
-4435
-3808
-3264
-1990
-725
-406
-1056
-2890
-2050
-11
984
1949
2180
2467
1576
1262
2023
3708
5576
5486
4661
4355
4700
4356
4291
5630
6724
6228
5455
3982
3692
4333
4197
4256
4018
3328
1635
1734
1374
-147
-2804
-4218
-1584
-70
-1790
-6436
-8949
-7860
-6436
-7322
-7369
-5896
-7305
-11258
-13658
-11013
-6932
-5851
-9337
-11296
-9924
-8467
-8653
-8373
-4872
-4339
-6818
-8097
-6246
-3362
-2183
-2875
-3483
-1420
-1188
-2773
-1904
520
2206
1905
1432
2044
3183
3149
2852
4277
6661
7314
5912
5821
5627
6491
7549
8019
8876
8587
7681
5846
6370
8098
7558
5499
5233
5971
5406
4020
1798
1747
2887
2836
1413
803
622
-1966
-3314
-1965
-435
-250
-2411
-4822
-4652
-3411
-3232
-2360
-1244
-2143
-3509
-3641
-2201
-175
599
-526
-407
23
116
1382
1586
3115
3477
2275
2447
3422
4647
4577
4636
4957
5197
4543
3902
3638
4316
4657
3732
3489
2768
2004
1378
1605
711
32
-997
-2976
-1892
-1038
-2409
-5142
-6568
-6067
-5408
-6027
-6569
-5989
-7102
-9227
-10445
-9317
-6797
-5780
-8063
-9993
-8675
-8035
-8037
-7237
-5563
-4907
-6001
-6761
-5973
-3496
-3195
-3262
-2688
-2081
-1256
-1764
-1088
17
1474
1818
1169
2062
3174
3338
3761
5311
5881
6474
6203
5981
7172
8267
8812
8250
8509
8069
7864
8435
8452
7997
6837
6593
5728
6073
5847
3940
3920
3522
2846
2184
1344
794
-337
-1354
-1069
-1135
-1882
-2649
-3808
-3974
-3458
-3027
-2776
-2676
-2897
-3302
-3472
-2800
-1685
-1015
-1121
-1459
-1049
-1562
-717
1390
1967
1789
1249
1215
1828
2938
3432
4240
3882
3155
3853
3840
3595
3843
4023
3154
3078
2726
3398
3067
2331
1551
-542
-629
-1589
-595
-82
-1217
-3017
-4923
-5730
-5422
-4668
-5536
-5139
-5468
-7037
-9077
-9325
-7738
-6096
-6491
-8088
-8311
-8131
-7445
-7339
-5913
-4657
-5154
-5836
-5999
-4879
-2765
-2758
-3225
-2225
-2287
-2010
-1572
-405
1080
1232
892
901
2348
3461
3346
4090
4424
4807
5666
5481
5750
6732
6810
6776
7733
7663
7409
6930
6777
7578
7812
6697
5221
5340
5546
5558
4571
3526
2498
1885
2020
1106
1298
904
-983
-2364
-2376
-1768
-2046
-2723
-3348
-3760
-3902
-3436
-3755
-3352
-2716
-3353
-3158
-2855
-2110
-1905
-1789
-1215
-593
-96
-213
89
495
1507
1825
2098
2666
3058
3376
3075
3190
3444
4691
4539
4177
3857
3543
4089
3400
3757
2761
2337
1665
600
-606
-1154
348
-267
-1048
-3841
-4978
-4597
-4433
-4725
-5342
-4547
-5915
-7902
-9089
-8032
-6680
-5649
-7103
-8981
-7758
-7098
-6992
-6724
-4723
-4593
-5721
-5705
-5037
-3223
-2129
-2208
-2757
-1798
-1739
-2002
-1345
-78
1206
678
645
757
1164
2301
2361
2994
4376
4215
4190
4612
4635
4960
5912
6238
6199
6320
5944
5805
5934
6332
6206
5821
5111
5278
5219
4471
3963
3010
2811
2421
1835
1493
1157
51
-706
-1058
-1461
-1494
-2010
-2197
-2601
-2697
-3014
-3634
-2731
-3016
-3349
-2866
-2924
-2372
-2338
-2121
-1935
-1243
-654
-520
54
1098
1810
1543
2185
2198
2931
3268
3125
3763
3954
4525
4374
3446
3565
4375
4050
3694
3657
3268
3215
2896
1129
353
-552
-659
420
79
-1819
-4378
-5013
-4856
-4267
-4935
-5118
-4696
-5707
-7772
-8993
-6949
-5052
-4864
-6677
-7601
-6454
-6161
-6350
-5481
-3622
-3058
-4264
-5191
-4087
-2191
-1507
-2003
-1634
-626
-931
-1427
-865
721
1508
1359
999
1622
2531
2697
3102
4154
5034
4751
4526
4328
5367
5910
5920
6220
6236
5645
4727
4749
5491
6732
5907
4372
3324
4048
4358
3319
3249
2728
1984
1088
288
126
481
-885
-2646
-2744
-2232
-2540
-3536
-3740
-4030
-4047
-3726
-4231
-3540
-2694
-3411
-3462
-2734
-1946
-1883
-1903
-1751
-753
299
37
519
1221
2013
2561
2714
3212
3771
4090
4019
4052
4442
6054
5059
3145
4324
5131
4313
3895
4055
3232
4089
2484
614
755
-489
41
790
-540
-3181
-3727
-4617
-4632
-4382
-5443
-4962
-4945
-6629
-8715
-8098
-6321
-5463
-6358
-7330
-7251
-6600
-6552
-6382
-4781
-3934
-4422
-5396
-5230
-4083
-2243
-1867
-1677
-643
-689
-995
-980
435
1988
2894
2256
1971
2594
2548
2691
3348
4473
4612
4995
4450
4193
5023
5512
5672
5826
6351
5177
5068
5166
5302
5811
5167
4497
3685
3272
2971
3149
2511
1839
1367
363
-365
-816
-1064
-1236
-1191
-2251
-2783
-3130
-3341
-2989
-3210
-2790
-3044
-3639
-3557
-3125
-2445
-1936
-1886
-1826
-1618
-1253
-642
-110
790
1189
1429
1374
2086
2728
2842
3695
3559
3934
4492
4524
3952
4533
4654
3940
4154
3749
3278
3097
2896
2311
2610
997
-655
-1589
-1544
153
-167
-2258
-4178
-5009
-5645
-5162
-5155
-4855
-4549
-6113
-8342
-9466
-8346
-6404
-5860
-6794
-7364
-7564
-7550
-7417
-6378
-4374
-3774
-4531
-4772
-4492
-3323
-1943
-1714
-903
263
-306
-543
22
942
2172
2794
3044
3090
3254
3141
3438
4473
5567
5828
5585
5678
5762
5547
5835
6352
6747
6949
5827
5223
5081
5152
5186
4264
4343
4012
2621
1816
1467
1221
869
578
-536
-1197
-1377
-2175
-2477
-2376
-2256
-2828
-3347
-3436
-3440
-3228
-2850
-3161
-2538
-2218
-2391
-1572
-1804
-851
-148
33
608
1090
1156
1206
2290
2691
3113
3430
3124
3436
3951
3600
3875
4734
5250
4353
4332
4861
3894
4227
3927
4183
3817
2974
2945
1862
537
-1307
-855
287
197
-1914
-3850
-5119
-5499
-4976
-5743
-5030
-5017
-6300
-8500
-9744
-8987
-7056
-6275
-6889
-7720
-8568
-7768
-7656
-7025
-5546
-4570
-4803
-4960
-4966
-4362
-2743
-2565
-2111
-1061
-584
-532
-220
13
1090
2451
2809
3239
3306
3947
3990
4106
5109
5688
6279
5715
5165
4951
5633
5675
5555
5996
4991
4607
4071
3930
4075
3488
2811
2654
2541
1993
1006
-101
29
143
-242
-720
-802
-1429
-2600
-2699
-2453
-1856
-1426
-2251
-2800
-2577
-2209
-2041
-1624
-1029
-930
-897
-1273
-905
24
645
965
1151
1538
1760
1954
2471
2930
3431
3806
3584
4033
4209
4395
4480
4759
4983
4589
4213
4144
4437
4186
4124
3229
3557
3206
2092
642
-998
-250
406
555
-915
-3281
-5289
-5699
-5808
-5437
-4625
-5041
-6287
-8837
-10903
-10320
-7930
-6569
-6913
-8619
-9607
-9496
-9148
-8104
-6280
-4863
-4907
-6006
-6178
-4727
-3257
-2284
-1761
-902
-162
-240
-26
569
1821
2877
3009
3682
4132
4507
4394
4539
5183
5542
6175
6405
6382
6187
6044
5523
5631
6045
6054
5761
5028
4509
3948
3656
3036
2434
2541
2467
2193
1211
-69
-685
-785
-749
-882
-795
-924
-1562
-2684
-3314
-2853
-1970
-1324
-1473
-1735
-2007
-2365
-2357
-1704
-540
-18
-363
-364
-220
15
404
424
884
1793
1964
1059
1265
2275
2053
1839
1690
2240
3043
2970
2730
2740
2751
2495
2876
2600
2468
2746
2160
2132
1536
1036
733
-481
-884
-800
-912
-1018
-1145
-2318
-3263
-3683
-4466
-4585
-4283
-3840
-4099
-4649
-5455
-6019
-5828
-5352
-4892
-4516
-3819
-3746
-3705
-3445
-3093
-2678
-2319
-1843
-1554
-748
-461
-576
-360
-73
209
430
687
821
1274
1295
1272
1318
1540
1746
1639
1521
1389
1585
1798
2087
2002
1998
1988
1816
1871
1988
2302
2579
2492
2429
2156
2201
2482
2419
2544
2697
2829
2470
2502
2546
2605
2709
2483
2284
2215
2354
1860
1674
1623
1468
1074
796
488
82
24
-470
-551
-830
-1196
-1817
-2161
-2092
-2450
-2357
-2522
-2671
-2873
-2991
-3024
-2866
-2411
-2245
-2030
-1642
-1272
-1213
-819
-521
-181
387
521
890
877
733
974
1095
1099
1056
1297
1130
1168
978
496
568
471
423
102
-127
-284
-414
-489
-595
-730
-996
-1058
-1185
-1115
-1046
-1165
-1199
-1221
-1187
-1295
-1360
-1198
-1144
-1221
-1165
-1084
-1118
-974
-1010
-798
-623
-767
-868
-877
-769
-838
-626
-743
-623
-328
-551
-799
-865
-721
-625
-288
-155
-170
-287
-412
-122
0
392
950
1108
1042
1221
1555
1776
2298
2633
2690
2787
2985
2794
3128
3548
3577
3482
2802
2753
2553
3102
3361
3008
2851
2002
1331
732
844
738
866
812
9
-727
-1617
-2107
-2202
-2065
-2221
-2318
-2493
-2712
-3104
-3217
-2986
-2827
-2881
-3212
-3037
-2668
-1717
-1037
-797
-737
-841
-784
-734
-193
613
1202
1542
1936
1713
1125
498
177
817
1591
1893
1725
1350
773
-121
-493
-173
192
522
470
41
-729
-1206
-1238
-1188
-795
-684
-1175
-1615
-1946
-2238
-2177
-1836
-1683
-1916
-2161
-2689
-2880
-2503
-2362
-2212
-2253
-2522
-2604
-2443
-2042
-1686
-1674
-1723
-1489
-1210
-866
-406
-404
-108
335
490
1042
1341
1745
1812
1616
1879
2262
2993
3395
3366
3240
3513
3473
3329
3744
4136
4198
3782
3446
3463
3451
2802
2443
2263
2570
2680
2214
1621
934
806
403
-38
-616
-493
-644
-794
-906
-1919
-2563
-3011
-2694
-2233
-2167
-1950
-2166
-2416
-2179
-2390
-2022
-2021
-1691
-690
-189
-422
-1172
-207
604
1003
661
239
1303
1966
1381
1435
1832
2337
2799
2126
2316
2326
2388
2176
2118
2219
2207
2612
2302
2592
2101
1123
-64
-1158
-533
544
1164
1182
-17
-1527
-2785
-3764
-3656
-3126
-2187
-2150
-3097
-4013
-4917
-5187
-5515
-5623
-5107
-4790
-4531
-4751
-5071
-4745
-4654
-4580
-4302
-4015
-3543
-3162
-2471
-1552
-948
-362
-205
145
810
1186
1645
2610
3866
4828
5444
5537
5588
5522
5701
6194
6870
7463
7408
7032
6447
6166
5892
5473
4893
4139
3546
2734
2273
1961
1450
497
-1210
-2615
-3703
-3740
-3528
-3483
-3729
-4614
-5305
-6311
-6655
-6733
-6388
-5582
-5184
-4819
-4750
-4599
-4393
-4295
-3960
-3335
-1669
-542
-187
420
518
1392
1511
1857
2837
3207
4136
4470
4856
5200
5170
4993
4929
5131
5391
5529
5605
5598
5369
5148
4655
4475
4255
3977
3719
3828
3696
2995
1725
-176
-1452
-1813
-1172
-646
-825
-1540
-2716
-4205
-5041
-5832
-5927
-5335
-5332
-5492
-6430
-6947
-7308
-7475
-7127
-7036
-6536
-6249
-6403
-6170
-5563
-4526
-3710
-3132
-2711
-2362
-1929
-1550
-792
243
1639
2639
3085
3248
3304
3662
4348
4964
5807
6335
6269
6322
6224
6510
6740
6524
5817
4967
4381
3677
3436
3157
2751
2323
1238
333
-708
-1247
-1606
-2374
-2925
-3873
-4541
-5427
-6155
-6227
-5978
-5472
-5135
-5183
-5367
-5562
-5728
-5247
-4319
-3181
-2543
-2155
-2107
-1796
-1034
-497
560
1253
2054
2466
2779
3497
3963
4725
5007
5255
5239
5227
5405
5596
5926
6147
6170
5934
5655
5078
4822
4863
5126
5269
5158
4695
4388
4237
4234
4255
3431
2333
237
-1249
-1950
-2507
-1780
-2020
-2631
-2826
-4457
-5496
-6413
-7349
-7135
-7434
-7596
-8114
-8684
-8829
-8772
-8320
-7738
-6773
-6563
-6641
-6687
-6698
-5377
-4156
-2896
-1426
-920
-75
211
490
1343
2268
3300
3525
4201
4481
4815
5679
5826
6399
6612
6520
6226
5660
5662
5440
5551
5297
4543
4024
2932
2152
1573
1123
1022
458
-327
-1172
-1897
-2176
-2378
-2503
-2690
-3139
-3867
-4546
-4803
-4929
-4273
-3836
-3512
-2997
-3207
-2776
-2507
-2134
-1460
-1254
-915
-803
-505
-280
263
985
1432
2099
2230
2321
2551
2780
3269
3449
3673
3699
3602
3696
3697
4039
4305
4621
4574
4322
4392
4143
4247
4302
4310
4745
4864
5134
5202
5410
5597
4806
3778
1173
-1317
-2331
-2982
-2467
-3089
-3995
-3868
-4787
-5492
-7012
-8151
-7739
-8094
-8905
-10365
-10775
-10699
-10013
-9197
-8742
-6630
-6096
-5844
-5633
-5985
-4471
-3418
-2297
-1085
-326
536
995
2310
3488
4634
5311
5059
5399
4873
4580
4565
4507
5474
5649
5449
5207
4845
4680
4288
3686
2769
2001
1137
-83
-533
-862
-886
-352
-502
-397
-794
-1370
-1625
-1849
-1811
-2145
-2121
-2394
-2070
-1370
-1146
-315
-288
-473
-404
-1021
-1182
-1284
-1293
-863
-348
-7
175
624
588
1115
1419
1136
1158
655
484
661
1006
1793
2613
3081
3188
3121
3132
3296
3556
3567
3463
3499
3384
3555
3868
4305
4968
5286
5332
5120
4874
4881
5206
5744
5876
5308
3310
491
-1429
-2251
-2327
-2808
-4631
-5992
-6505
-7017
-7930
-9054
-8781
-8054
-7740
-8881
-10261
-10634
-10798
-10205
-9884
-8473
-6645
-5513
-4285
-3506
-2215
-1029
-140
667
1064
1122
466
602
1772
3067
4221
4550
4939
5316
5166
4842
4267
3970
3505
2543
1548
959
1049
1317
1796
2244
2114
1753
1061
116
-360
-817
-1181
-1362
-1168
-683
-497
80
732
1657
2323
2293
1924
1437
1400
1310
1183
1059
869
463
210
-202
-538
-623
-865
-886
-925
-1001
-1297
-1225
-851
-355
128
-3
-171
-172
-138
126
368
603
1065
1382
1694
2160
2692
3142
3516
3622
3424
3268
3056
3237
3625
3773
3806
3768
3801
4030
4183
4060
4244
4253
4269
4592
4655
4559
3337
975
-1300
-2843
-3558
-4734
-6918
-8413
-8900
-8643
-8512
-8680
-7955
-6780
-5778
-6271
-7072
-7791
-8282
-8054
-8048
-6847
-6005
-5265
-4031
-2660
-682
301
1444
2470
2953
2657
1156
322
281
774
783
445
691
1058
1704
2189
2523
2781
2608
2145
1781
1559
1231
838
796
1136
1551
1676
1458
1686
2029
2433
2711
2862
3188
3060
2794
2367
2073
2059
1955
1903
1678
1414
1143
952
1100
1059
501
-305
-1287
-2303
-3257
-4090
-4650
-4776
-4586
-4494
-3947
-3126
-2003
-761
243
1190
1357
1248
948
774
787
702
617
753
1358
2097
2970
3750
4450
4812
4777
4415
4047
3519
2818
2101
1497
1373
1234
1279
1691
2085
2414
2845
3315
4191
4867
5045
4909
4517
3430
1049
-964
-2208
-2627
-3513
-5760
-7186
-7283
-6368
-5941
-5984
-5278
-4589
-4316
-5191
-5947
-6355
-7051
-7498
-8062
-7779
-7872
-7912
-6843
-5246
-3503
-3078
-2297
-879
223
524
-39
58
411
338
-89
-234
110
558
1370
2698
3940
4752
5273
6215
7547
8120
7754
6925
6494
5954
4876
3950
3130
2663
2418
2359
2664
2839
3062
3066
2985
2723
1693
700
-78
-619
-1416
-2354
-2725
-2770
-2568
-2589
-2587
-2216
-1722
-1407
-1733
-2184
-2631
-2872
-2809
-2860
-2754
-2844
-2532
-1629
-513
628
1265
1828
2159
2367
2238
1813
1525
995
615
65
-384
-406
-311
67
311
524
767
1192
1842
2238
2115
1587
1326
1352
1438
1521
1419
1432
1866
2605
3646
4642
5682
6779
7283
6857
5146
3267
2072
1191
-162
-2677
-4795
-6060
-6799
-7250
-7725
-7310
-6619
-5948
-5604
-5703
-5867
-6246
-6211
-6339
-6999
-8154
-9021
-8481
-7613
-6748
-5771
-4301
-2095
-295
1519
3265
4686
5630
5818
5969
5703
5191
4663
4551
4803
4640
4532
4997
6022
6974
7332
7340
7311
7093
6630
5602
4314
2732
1125
-46
-1217
-2054
-2899
-3254
-3188
-3000
-2472
-2065
-1326
-781
-497
-405
-732
-924
-1082
-1262
-1508
-1925
-2116
-1993
-1799
-1757
-1917
-1761
-1396
-876
-632
-889
-993
-1158
-1021
-1140
-1483
-1581
-1664
-1329
-1341
-1406
-1610
-1608
-985
-747
-576
-782
-800
-486
-309
-37
-246
-280
17
590
1144
1261
1517
1908
2502
2686
2493
2529
2902
3474
3734
3893
4041
4273
4736
5175
5322
5224
4779
3790
2559
1267
408
-456
-2136
-4055
-5578
-6475
-7440
-8296
-8468
-8026
-7603
-7637
-7245
-6689
-6268
-5872
-5461
-4925
-4931
-4928
-4118
-3154
-2386
-1840
-949
334
1469
2637
3833
5095
5880
6400
6971
7170
7148
6978
6927
6611
5900
5131
4477
4014
3162
2411
1887
1423
1193
992
905
666
340
-33
-423
-905
-1405
-1827
-2331
-3035
-3721
-3936
-3908
-3522
-3012
-2359
-1653
-939
49
978
1795
2099
2253
2217
2074
1979
1481
941
243
-468
-1055
-1517
-1781
-2028
-2053
-1852
-1698
-1413
-1030
-766
-750
-759
-776
-1087
-1446
-1927
-2143
-2205
-2206
-2012
-1684
-1154
-734
-276
107
310
453
736
959
936
731
489
462
502
656
951
1217
1539
1771
1968
2452
2860
3206
3623
4064
4381
4580
4683
4696
4368
3191
2032
1321
854
-257
-2160
-3446
-4276
-4950
-5750
-6202
-5911
-5697
-5435
-5058
-4362
-3860
-3315
-2461
-1903
-1695
-1897
-1403
-682
-416
-363
-178
547
1382
2226
3112
3938
4597
5258
5715
5951
5839
5472
5169
4415
3408
2111
772
-125
-816
-1340
-2004
-2441
-2532
-2399
-2046
-1761
-1220
-704
-340
-213
-267
-395
-718
-977
-1307
-1617
-1764
-1593
-1072
-364
340
1087
1914
2938
3875
4258
4357
4159
3874
3427
2722
1804
881
117
-520
-987
-1677
-2336
-2766
-2788
-2907
-3352
-3633
-3791
-3639
-3635
-3789
-3978
-4251
-4057
-3829
-3702
-3695
-3656
-3085
-2524
-2180
-2008
-1611
-1156
-662
-172
19
181
322
827
1365
1700
1957
2355
2718
3007
3324
3488
3858
4102
4463
4788
4824
5020
5210
5445
5625
5845
5991
6074
5994
5491
4698
3458
2322
1422
569
-927
-2544
-3536
-4257
-4803
-5849
-6196
-6053
-5864
-5450
-5231
-4604
-4172
-3391
-2668
-2452
-2259
-2344
-1978
-1792
-1983
-2134
-2162
-1939
-1673
-1248
-924
-537
139
726
1026
1159
1173
1280
1169
1006
856
562
695
791
954
1039
1232
1732
2089
2625
2877
3110
3482
3610
3772
3665
3243
2793
2455
2110
1522
837
6
-694
-1117
-1560
-1896
-2125
-2091
-1860
-1714
-1495
-1376
-1121
-779
-707
-788
-1124
-1339
-1329
-1255
-1250
-1365
-1517
-1496
-1297
-1253
-1166
-1201
-1161
-1148
-1406
-1737
-2165
-2498
-2753
-2913
-3195
-3438
-3456
-3409
-3173
-2864
-2571
-2309
-1957
-1394
-840
-414
8
646
1305
1774
2225
2858
3507
4081
4713
5199
5571
5786
6054
6235
6369
6589
6516
6408
6105
5817
5453
4902
4375
3733
3152
2574
2013
1389
707
60
-556
-1218
-1998
-2806
-3448
-4033
-4680
-5255
-5667
-5944
-6300
-6397
-6311
-5999
-5709
-5649
-5252
-4801
-4255
-3756
-3252
-2623
-2128
-1496
-785
-207
254
749
1343
1870
2269
2765
3173
3513
3853
4143
4311
4128
3964
3856
3823
3608
3238
2996
2666
2448
2021
1539
1172
851
522
-38
-549
-1062
-1436
-1683
-1833
-1898
-2022
-2050
-1835
-1444
-1172
-961
-775
-532
-339
-293
-203
-44
159
422
604
591
669
888
1112
1088
859
637
381
156
-129
-514
-988
-1425
-1677
-1950
-2304
-2797
-3146
-3247
-3446
-3646
-3874
-3879
-3716
-3565
-3248
-2982
-2672
-2168
-1552
-1044
-657
-194
386
1072
1660
2073
2392
2528
2666
2968
3032
3013
2996
2978
2994
2847
2778
2621
2520
2418
2152
1822
1401
1235
1119
991
842
762
839
814
864
828
780
804
816
825
597
406
287
262
226
106
-122
-469
-551
-532
-588
-926
-1343
-1439
-1361
-1349
-1517
-1692
-1710
-1622
-1530
-1512
-1383
-1112
-968
-810
-795
-770
-543
-242
30
-70
-341
-454
-258
-93
-186
-277
-357
-260
-42
155
366
490
705
947
1107
1302
1615
1973
2228
2328
2337
2453
2423
2373
2190
1794
1493
1132
784
264
-305
-833
-1214
-1480
-1869
-2161
-2471
-2668
-2730
-2806
-2869
-2890
-2813
-2757
-2668
-2443
-2151
-1809
-1463
-1192
-988
-839
-637
-287
82
384
601
648
740
792
664
498
242
50
-196
-582
-1010
-1492
-1910
-2248
-2489
-2660
-2801
-2876
-2888
-2754
-2452
-2129
-1830
-1555
-1189
-772
-343
140
537
859
995
1157
1349
1584
1857
1989
2178
2303
2458
2490
2428
2356
2206
2124
1947
1798
1693
1664
1675
1748
1807
1781
1770
1772
1801
1658
1505
1350
1174
1064
1017
1056
1024
1074
1081
1112
1150
1191
1386
1082
526
237
211
-21
-601
-860
-911
-1102
-1560
-1763
-1604
-1640
-1723
-1624
-1447
-1462
-1415
-949
-649
-684
-575
-296
-81
-200
-312
-262
-296
-261
-188
-56
-29
28
429
795
1159
1404
1626
1939
2096
2319
2418
2467
2549
2531
2376
2123
1938
1623
1301
1038
736
450
174
17
-163
-412
-537
-600
-708
-916
-1090
-1176
-1390
-1580
-1784
-2026
-2305
-2584
-2597
-2613
-2694
-2864
-2963
-2871
-2714
-2318
-1913
-1567
-1275
-1057
-727
-397
-158
20
46
-52
-145
-170
-239
-353
-382
-414
-305
-122
21
46
-108
-182
-252
-376
-494
-639
-752
-846
-909
-900
-854
-772
-568
-283
-64
120
335
594
857
1112
1452
1771
1977
2072
2079
1952
1848
1938
1999
2090
2024
1874
1882
1935
2054
2035
1967
1833
1664
1532
1266
950
698
541
381
190
-14
-206
-307
-367
-503
-522
-413
-312
-201
-211
-181
-186
-283
-287
-353
-467
-725
-992
-1082
-1161
-1237
-1360
-1275
-1081
-925
-642
-409
-142
127
436
698
724
836
960
1100
1128
1031
1054
943
843
774
645
613
614
603
487
326
191
7
-133
-309
-503
-743
-1038
-1173
-1321
-1510
-1743
-1954
-1998
-2015
-2054
-2026
-2003
-1990
-1823
-1729
-1737
-1660
-1501
-1330
-1207
-1127
-1147
-1209
-1253
-1245
-1208
-1083
-821
-534
-246
1
219
409
573
770
873
848
754
652
540
362
215
191
198
212
278
184
116
151
175
269
301
385
471
584
743
805
777
669
612
502
364
238
124
152
218
280
347
340
314
234
106
-43
-243
-467
-822
-1123
-1405
-1718
-1871
-2000
-2011
-2010
-2020
-1963
-1886
-1604
-1279
-1017
-781
-548
-241
3
288
619
923
1254
1455
1712
1974
2216
2515
2762
3041
3193
3266
3212
3019
2837
2567
2300
2033
1758
1454
1028
684
436
160
-111
-353
-468
-612
-720
-691
-699
-610
-563
-516
-479
-462
-311
-298
-327
-388
-447
-429
-464
-367
-162
139
514
773
1065
1341
1598
1915
2053
2143
2223
2281
2330
2279
2233
2083
1908
1712
1510
1297
958
668
314
-46
-405
-792
-1105
-1464
-1784
-2090
-2381
-2619
-2759
-2880
-2971
-2883
-2689
-2451
-2301
-2087
-1802
-1502
-1194
-947
-711
-613
-497
-369
-344
-355
-386
-418
-551
-659
-677
-694
-821
-990
-1017
-1036
-1019
-973
-1001
-1085
-1242
-1381
-1481
-1494
-1495
-1534
-1523
-1558
-1517
-1400
-1339
-1208
-972
-622
-197
260
730
1159
1602
2056
2498
2939
3300
3456
3341
3181
2994
2743
2511
2231
1969
1648
1328
1057
834
642
417
214
-86
-446
-825
-1159
-1511
-1873
-2123
-2337
-2453
-2470
-2430
-2347
-2113
-1746
-1398
-1085
-786
-467
-100
313
630
819
947
1056
1133
1210
1279
1204
1113
1016
974
1053
1095
1134
1195
1216
1164
1074
1054
1012
933
859
742
633
455
303
198
219
323
417
642
796
957
1182
1413
1708
1935
2102
2119
2011
1969
1793
1613
1420
1080
779
417
120
-288
-782
-1201
-1576
-1726
-1908
-2099
-2325
-2595
-2743
-2783
-2729
-2745
-2754
-2712
-2635
-2442
-2237
-2004
-1708
-1385
-981
-565
-198
162
484
833
1148
1420
1709
1890
2031
2076
2043
2001
1815
1591
1358
1138
918
636
351
77
-158
-372
-604
-852
-1108
-1334
-1535
-1695
-1749
-1797
-1765
-1612
-1426
-1254
-1139
-964
-823
-640
-455
-322
-120
52
203
336
444
497
561
621
618
483
294
128
-100
-307
-418
-439
-510
-592
-700
-845
-932
-932
-871
-868
-909
-959
-969
-906
-765
-574
-395
-148
181
503
812
1080
1373
1694
1962
2198
2365
2429
2417
2406
2338
2213
2071
1870
1620
1407
1241
1042
786
503
281
80
-132
-346
-593
-801
-929
-982
-981
-973
-1003
-989
-855
-700
-581
-499
-399
-289
-164
0
192
415
616
760
860
971
1079
1140
1145
1153
1159
1111
1044
962
887
823
686
507
302
39
-240
-484
-657
-822
-927
-1032
-1120
-1143
-1153
-1135
-1182
-1239
-1342
-1430
-1489
-1546
-1556
-1553
-1442
-1250
-1027
-824
-575
-258
41
246
373
448
432
410
376
354
273
209
197
124
134
126
116
160
221
309
357
416
441
436
426
377
342
278
184
116
53
-8
-112
-210
-274
-351
-391
-468
-546
-583
-607
-594
-607
-599
-511
-346
-174
-51
61
139
170
158
82
-75
-268
-451
-642
-821
-920
-971
-1014
-1000
-976
-937
-888
-846
-762
-712
-698
-669
-629
-603
-600
-543
-407
-222
24
268
500
763
1062
1338
1577
1802
2001
2144
2139
2083
1916
1656
1418
1180
969
788
704
686
781
858
863
849
843
910
879
748
538
303
125
-53
-251
-413
-465
-449
-438
-360
-253
-197
-142
-64
21
67
66
20
-16
-52
-52
-23
-41
-108
-171
-168
-129
-73
-62
-68
-79
-136
-169
-213
-325
-430
-523
-591
-612
-651
-744
-839
-866
-843
-779
-752
-760
-746
-741
-675
-534
-361
-143
57
233
431
590
683
719
735
708
639
560
434
342
256
141
53
-5
-30
-90
-141
-185
-296
-422
-527
-671
-888
-1111
-1306
-1448
-1578
-1697
-1766
-1736
-1584
-1406
-1192
-968
-764
-560
-328
-91
112
270
306
322
380
434
522
571
656
789
899
1006
1040
1056
1050
1053
1051
982
927
843
686
504
336
212
122
16
-87
-171
-173
-80
-15
58
114
146
231
328
394
448
542
620
660
707
739
766
797
841
845
748
603
406
196
23
-167
-356
-527
-683
-826
-939
-1022
-1115
-1150
-1137
-1142
-1118
-1104
-1057
-998
-926
-820
-734
-561
-336
-159
21
244
434
565
659
762
845
863
814
703
617
547
486
405
312
208
104
61
9
-17
-58
-144
-228
-306
-312
-339
-374
-386
-431
-411
-351
-315
-326
-343
-333
-324
-295
-283
-253
-209
-146
-56
7
124
249
331
440
550
627
630
603
553
477
461
439
371
293
203
134
61
-12
-84
-191
-230
-236
-254
-295
-364
-411
-456
-446
-456
-509
-553
-626
-649
-633
-616
-579
-492
-375
-230
-64
49
195
404
576
679
714
733
748
751
737
705
684
689
732
745
685
642
623
599
554
462
332
183
46
-117
-309
-529
-747
-919
-1082
-1223
-1315
-1359
-1302
-1178
-1086
-943
-736
-502
-277
-106
28
170
393
570
685
757
823
973
1152
1275
1280
1252
1229
1219
1190
1086
934
767
635
536
406
241
47
-151
-291
-435
-583
-724
-818
-846
-862
-842
-845
-835
-805
-677
-465
-312
-215
-175
-90
17
113
215
311
441
570
688
774
834
884
934
1040
1158
1195
1178
1129
1065
976
821
639
448
233
16
-204
-436
-649
-803
-880
-908
-917
-918
-910
-903
-908
-919
-918
-921
-936
-909
-858
-775
-697
-622
-499
-367
-204
-53
81
196
257
272
279
285
278
298
276
207
153
130
120
86
42
38
82
143
181
156
130
78
9
-31
-99
-234
-409
-532
-573
-615
-725
-835
-889
-845
-730
-633
-565
-498
-386
-257
-110
36
131
236
357
493
642
720
723
691
674
659
642
648
634
575
462
352
280
201
102
-38
-162
-251
-357
-505
-655
-759
-870
-958
-991
-968
-940
-942
-929
-904
-814
-678
-531
-418
-311
-198
-98
29
131
154
125
144
189
242
285
289
323
376
438
504
569
612
645
676
691
707
662
556
457
406
407
413
374
304
190
113
99
109
86
-22
-99
-134
-118
-90
-108
-125
-99
-25
36
119
247
342
376
363
368
429
484
485
416
368
367
351
292
191
92
19
-32
-64
-124
-204
-284
-356
-375
-418
-522
-642
-691
-672
-654
-642
-649
-625
-528
-430
-358
-284
-222
-172
-129
-93
-51
-23
-34
-50
-90
-150
-176
-175
-157
-130
-150
-165
-105
-14
101
188
260
341
419
518
568
581
610
650
691
726
720
690
685
715
752
757
739
709
681
657
636
628
608
558
496
455
406
343
285
202
111
26
-39
-91
-127
-181
-244
-284
-309
-295
-295
-339
-402
-429
-440
-436
-463
-544
-594
-611
-595
-594
-610
-623
-603
-552
-482
-419
-377
-332
-286
-197
-144
-125
-142
-220
-272
-279
-225
-171
-177
-196
-153
-86
-10
55
76
94
146
229
271
248
191
156
174
247
294
315
361
404
463
494
496
507
527
552
557
524
472
443
400
343
310
286
277
246
187
150
132
110
50
-44
-119
-173
-267
-387
-502
-611
-696
-752
-828
-901
-954
-1003
-1029
-1040
-1044
-1036
-1010
-947
-838
-713
-572
-425
-295
-135
40
213
361
471
580
712
799
828
834
811
781
739
675
578
476
380
277
179
87
-10
-130
-241
-339
-416
-455
-501
-546
-569
-565
-529
-471
-404
-387
-395
-352
-268
-198
-182
-206
-215
-197
-162
-178
-230
-260
-251
-216
-194
-179
-177
-159
-122
-91
-33
5
24
78
154
243
293
311
319
347
410
444
462
472
503
515
488
463
443
414
378
324
273
234
190
159
114
80
53
40
44
42
35
40
81
135
158
154
174
216
221
222
228
192
172
131
79
20
-65
-137
-202
-265
-358
-450
-566
-679
-759
-853
-959
-1038
-1065
-1080
-1073
-1053
-1043
-1018
-963
-868
-736
-616
-505
-402
-273
-130
13
138
245
386
537
709
867
990
1067
1121
1191
1224
1209
1179
1101
989
895
776
671
548
427
350
280
251
211
151
83
25
-1
-40
-87
-153
-219
-271
-293
-277
-279
-272
-266
-249
-207
-158
-94
-67
-80
-94
-104
-129
-178
-271
-378
-464
-518
-548
-543
-537
-518
-471
-404
-304
-242
-188
-125
-78
-23
7
21
45
69
84
83
89
117
168
212
233
258
296
346
372
375
390
423
449
472
472
450
423
424
452
492
540
545
520
482
452
437
413
370
326
314
315
282
221
182
164
167
149
97
35
-53
-157
-253
-323
-364
-378
-397
-372
-312
-280
-244
-233
-248
-251
-254
-264
-316
-400
-470
-511
-502
-488
-502
-500
-489
-461
-465
-492
-503
-509
-529
-586
-669
-765
-827
-892
-934
-948
-931
-875
-786
-683
-569
-420
-252
-47
121
259
379
480
586
647
664
694
729
786
862
894
911
939
981
1005
1020
977
892
834
777
692
546
375
229
98
-3
-99
-181
-225
-266
-294
-334
-369
-391
-406
-423
-433
-468
-510
-509
-510
-489
-443
-400
-341
-240
-134
-57
-2
55
92
127
192
249
323
405
468
513
541
576
607
618
580
542
509
457
407
347
312
297
270
227
190
186
174
126
63
-1
-34
-65
-103
-128
-159
-180
-203
-220
-236
-238
-214
-175
-113
-58
-17
15
33
47
39
40
57
37
9
-29
-74
-68
-71
-99
-93
-77
-34
23
46
59
60
55
78
87
84
66
7
-28
-65
-114
-163
-218
-240
-267
-299
-321
-353
-346
-338
-347
-308
-268
-240
-214
-207
-171
-130
-114
-97
-100
-89
-71
-58
-39
-29
-4
36
77
143
215
239
247
222
171
124
48
-25
-92
-159
-215
-256
-291
-313
-313
-272
-229
-207
-164
-158
-152
-140
-162
-164
-168
-153
-128
-96
-55
-7
41
78
145
206
281
318
329
346
366
410
412
390
374
363
356
358
330
320
334
341
346
344
343
334
322
317
319
327
337
326
324
334
335
328
325
321
309
281
241
212
216
224
210
203
195
210
208
200
191
164
140
90
68
49
-7
-87
-148
-167
-148
-149
-179
-177
-162
-126
-117
-143
-162
-212
-266
-329
-407
-475
-532
-562
-606
-636
-627
-637
-611
-578
-524
-434
-371
-324
-322
-316
-289
-270
-273
-267
-232
-206
-165
-137
-129
-118
-106
-74
-62
-70
-51
-39
-32
-57
-96
-107
-131
-151
-209
-275
-345
-406
-473
-555
-577
-579
-572
-566
-539
-509
-506
-547
-601
-615
-632
-674
-726
-730
-692
-671
-667
-669
-627
-542
-491
-443
-390
-312
-185
-92
-14
63
128
215
289
332
351
339
321
311
302
302
293
295
330
364
422
498
552
620
673
708
769
768
757
767
758
798
833
848
885
909
963
1032
1037
1062
1060
1051
1076
1030
981
929
855
818
761
704
675
613
570
540
471
428
391
329
270
165
75
10
-72
-131
-232
-326
-350
-401
-447
-502
-563
-576
-586
-588
-591
-591
-564
-524
-471
-386
-329
-312
-279
-229
-183
-147
-152
-153
-128
-125
-96
-98
-70
-13
9
64
86
127
170
180
218
250
278
290
285
268
262
230
182
147
56
4
-55
-142
-184
-247
-286
-318
-392
-446
-507
-568
-629
-746
-844
-932
-1020
-1054
-1100
-1126
-1114
-1124
-1077
-1016
-975
-906
-866
-802
-718
-672
-580
-496
-414
-284
-202
-104
20
103
212
292
342
421
467
532
625
671
745
814
877
973
1003
1010
1039
1057
1083
1069
1008
958
873
820
776
711
689
663
655
650
654
637
629
605
570
570
492
458
365
283
268
203
216
180
154
166
123
108
72
23
-1
-26
-68
-107
-174
-226
-255
-333
-369
-423
-496
-514
-551
-566
-551
-550
-489
-428
-383
-297
-229
-148
-76
-28
33
88
128
162
187
243
309
335
396
458
545
631
654
664
668
675
663
638
588
548
512
474
457
427
402
350
278
231
153
80
-3
-121
-216
-346
-444
-529
-638
-721
-802
-842
-891
-923
-940
-946
-919
-884
-841
-795
-737
-687
-634
-593
-538
-476
-420
-364
-312
-277
-241
-182
-148
-98
-58
-19
5
0
-14
-41
-52
-63
-68
-86
-73
-64
-84
-102
-127
-107
-84
-88
-100
-95
-91
-85
-81
-84
-53
-33
-11
10
13
53
93
98
102
92
101
116
108
131
157
181
214
247
284
315
338
344
344
342
327
281
245
209
181
190
161
151
153
127
139
111
84
65
11
-28
-83
-116
-137
-154
-153
-146
-118
-83
-43
22
90
139
183
224
278
322
374
410
416
409
396
386
370
344
311
288
276
294
279
233
209
167
154
116
51
13
-71
-131
-162
-235
-263
-294
-322
-325
-371
-384
-395
-412
-392
-397
-390
-359
-337
-307
-299
-282
-242
-199
-142
-102
-83
-36
-21
-29
-14
-30
-36
-44
-59
-64
-88
-97
-125
-156
-183
-211
-246
-315
-381
-472
-551
-596
-664
-716
-751
-777
-770
-743
-725
-686
-667
-622
-549
-523
-465
-450
-418
-359
-333
-266
-207
-133
-45
7
91
154
209
276
268
319
343
340
346
310
298
268
249
231
223
211
217
213
205
220
188
181
167
134
103
49
15
-18
-31
-28
-18
24
70
130
186
246
298
341
399
427
463
473
496
525
525
569
590
597
614
624
636
646
614
575
538
460
412
350
279
220
156
139
130
110
108
62
35
31
-10
-12
-51
-89
-121
-164
-155
-141
-115
-89
-70
-22
29
45
77
84
76
104
106
107
92
79
72
48
42
26
-3
-19
-60
-80
-114
-184
-247
-338
-384
-421
-460
-476
-490
-470
-449
-412
-381
-356
-308
-301
-276
-247
-259
-244
-258
-290
-262
-271
-249
-207
-205
-138
-109
-70
-18
-19
1
7
-2
-22
-78
-129
-164
-209
-210
-218
-216
-202
-206
-179
-161
-152
-139
-127
-114
-109
-109
-90
-82
-70
-65
-76
-48
-30
9
61
89
143
195
251
304
308
350
378
394
435
439
460
457
461
468
458
457
455
467
457
433
401
398
384
390
392
373
380
358
359
347
311
287
252
220
207
195
195
204
219
272
308
368
409
430
475
487
510
532
520
523
527
496
476
443
443
447
408
394
360
329
299
248
216
187
146
91
28
-13
-56
-100
-151
-199
-206
-239
-285
-327
-361
-346
-341
-347
-336
-322
-300
-294
-296
-295
-277
-265
-256
-247
-272
-271
-283
-318
-334
-356
-365
-370
-382
-389
-395
-399
-387
-404
-407
-392
-398
-403
-401
-424
-423
-418
-452
-438
-428
-415
-408
-413
-397
-397
-404
-416
-435
-426
-421
-440
-433
-418
-380
-331
-296
-272
-242
-209
-185
-170
-155
-128
-111
-89
-80
-30
-1
24
62
54
76
55
15
6
-26
-63
-86
-121
-133
-130
-141
-135
-135
-110
-67
-42
-29
-7
-5
-6
7
2
13
22
18
27
20
6
27
29
31
67
77
116
126
111
141
121
144
170
164
227
236
263
308
318
376
423
454
519
572
608
659
666
675
696
678
686
673
637
605
551
504
460
402
363
346
303
268
223
144
77
8
-70
-130
-189
-256
-305
-360
-382
-406
-432
-428
-429
-416
-389
-375
-365
-336
-337
-307
-260
-221
-148
-98
-55
-5
31
43
63
64
57
89
81
61
54
34
38
22
-15
-41
-95
-145
-190
-259
-297
-321
-349
-375
-377
-356
-314
-294
-293
-263
-235
-160
-83
-35
21
60
112
165
213
269
323
356
390
416
417
414
395
356
336
317
270
228
183
130
89
39
-16
-54
-119
-169
-224
-292
-333
-388
-432
-464
-492
-490
-468
-470
-445
-414
-385
-333
-294
-238
-170
-74
11
83
186
280
379
453
522
598
626
680
680
652
672
655
662
659
617
604
565
501
446
363
292
232
126
49
-23
-96
-128
-188
-226
-216
-220
-220
-216
-206
-183
-168
-162
-153
-116
-94
-60
-26
15
78
100
155
214
244
293
292
276
284
247
221
207
156
149
123
61
33
-37
-89
-131
-214
-256
-310
-375
-431
-520
-574
-627
-656
-638
-628
-584
-558
-530
-486
-451
-408
-369
-314
-257
-183
-110
-43
27
103
189
265
327
385
419
451
463
449
448
400
367
329
266
228
166
100
26
-39
-94
-147
-209
-262
-313
-368
-404
-449
-468
-466
-471
-447
-414
-405
-357
-330
-299
-213
-177
-112
-46
-33
27
61
104
165
175
212
241
262
272
254
257
254
245
229
198
165
129
94
48
-13
-45
-81
-141
-193
-240
-274
-305
-338
-364
-357
-337
-321
-303
-281
-243
-200
-148
-110
-61
-7
57
131
184
257
323
366
416
455
498
546
562
592
594
588
591
552
539
503
460
432
356
312
239
150
107
14
-41
-79
-156
-193
-230
-257
-259
-284
-281
-285
-293
-282
-312
-311
-319
-340
-313
-288
-242
-167
-135
-81
-28
5
85
118
157
190
183
193
199
200
192
185
179
175
189
191
192
179
139
113
80
48
8
-33
-77
-125
-162
-215
-248
-266
-284
-303
-317
-339
-343
-331
-314
-281
-243
-195
-159
-122
-82
-39
7
72
103
133
187
200
218
238
248
264
281
298
324
315
308
293
247
235
205
171
144
101
69
34
-26
-74
-107
-146
-165
-171
-200
-226
-242
-266
-261
-268
-269
-256
-258
-222
-175
-172
-158
-134
-116
-72
-43
-23
0
6
20
57
75
90
102
104
126
123
144
156
158
166
159
172
160
158
150
116
111
89
74
64
10
-27
-64
-102
-117
-157
-178
-185
-202
-191
-190
-180
-175
-177
-171
-173
-177
-192
-196
-197
-192
-177
-153
-136
-100
-60
-21
13
44
95
102
106
123
134
145
143
136
138
116
102
84
42
37
27
25
32
22
18
0
-28
-35
-39
-51
-57
-70
-73
-100
-99
-95
-118
-111
-106
-81
-67
-62
-52
-61
-56
-31
-21
-15
5
11
32
52
53
93
113
114
139
128
127
121
81
83
54
25
28
-3
-18
-43
-77
-76
-103
-121
-117
-134
-138
-140
-154
-152
-152
-134
-101
-67
-31
5
33
47
76
85
119
157
170
198
215
224
220
229
242
242
245
238
236
233
215
198
162
152
162
152
156
151
154
173
182
181
180
169
143
133
107
86
78
43
31
12
-9
-22
-80
-115
-144
-181
-200
-240
-269
-284
-304
-322
-329
-330
-319
-304
-291
-272
-269
-255
-239
-216
-189
-166
-143
-109
-65
-27
15
40
61
81
97
114
119
128
125
114
114
109
96
100
104
112
111
112
122
102
80
61
55
63
63
79
101
119
136
166
174
200
237
242
262
241
225
217
188
166
134
111
89
68
37
10
-26
-62
-88
-106
-119
-144
-153
-173
-205
-216
-225
-237
-244
-260
-245
-234
-224
-181
-167
-131
-88
-71
-36
-22
-23
-15
-18
-14
-7
-7
11
8
4
17
37
48
54
57
69
87
82
80
63
51
30
17
13
-7
-6
-12
-9
-6
-10
1
6
14
26
27
35
43
20
10
0
-12
-14
-20
-25
-37
-39
-36
-37
-39
-49
-52
-57
-75
-98
-118
-130
-150
-146
-129
-129
-105
-89
-80
-76
-72
-65
-67
-59
-62
-75
-97
-109
-119
-125
-127
-145
-148
-139
-125
-117
-111
-104
-90
-82
-79
-83
-99
-97
-115
-124
-97
-85
-65
-58
-42
-24
-39
-46
-57
-57
-43
-34
-23
-20
-7
3
6
19
19
26
19
23
44
57
70
71
100
105
112
139
116
96
84
75
68
64
68
70
84
101
114
120
125
127
125
118
115
108
99
102
99
101
121
129
137
164
184
201
204
203
210
197
194
183
144
130
92
60
49
13
6
8
11
25
27
34
27
13
8
-9
