1.15271
0.58521
0.45333
0.222817
0.237074
0.2036
0.148468
0.0715411
0.127675
0.0589781
0.113681
0.0737328
1.54842
0.61777
0.544926
0.121398
0.357553
0.0770944
0.230848
-0.0299937
0.152072
0.0808661
0.0456257
0.119851
1.35723
0.597871
0.461125
0.130295
0.278938
0.0537329
0.127595
0.0362125
0.108023
0.0633851
0.0713892
0.0402046
1.535
0.568424
0.554007
0.0591774
0.26558
0.0141695
0.201805
-0.0543107
0.0661545
0.0630887
0.0992174
0.125201
1.39239
0.648109
0.501072
0.0700113
0.260836
-0.00264049
0.192981
0.0430402
0.0272128
0.0153204
0.0696006
0.0569687
1.42981
0.540194
0.499451
0.0836314
0.198137
-0.0519479
0.182296
0.0120532
0.0305272
0.0057712
0.117812
0.10963
1.33252
0.559854
0.424617
0.120987
0.183495
-0.0242603
0.154612
-0.00848359
0.0348286
0.000363315
0.111985
0.0686201
1.10449
0.541863
0.632908
-0.0585922
0.163431
0.184918
0.108008
0.00705269
0.19172
-0.0380465
0.0819671
0.101547
0.666374
0.408335
0.884064
-0.192139
0.0889432
0.207092
0.0877588
0.128834
0.0716762
0.0868635
0.122883
-0.0312655
0.0221139
0.0517654
1.368
-0.354036
0.204549
0.195649
0.0958629
0.212357
-0.0574745
0.108513
0.115271
-0.0763132
-0.220254
-0.420061
1.44094
-0.227798
0.226932
0.131415
0.0847549
0.267834
0.029498
0.130375
0.0470951
0.00868432
-0.595778
-0.405738
1.45991
-0.0836289
0.235811
0.0160264
0.208799
0.228713
-0.111947
0.158502
0.0704707
-0.0245541
-0.874608
-0.33101
1.53851
-0.070843
0.272837
-0.00388403
0.125098
0.219943
-0.0999426
0.088454
0.0486211
-0.00362703
-0.935374
-0.344159
1.18374
-0.207178
0.225181
0.0926673
0.162411
0.198993
0.00884689
0.056336
0.0665614
0.0580804
-0.896972
-0.351985
1.38913
-0.286788
0.208057
0.031975
0.215411
0.256519
-0.0164632
0.0948805
0.0697086
0.0598993
-1.16048
-0.20606
1.32145
-0.139959
0.1791
0.0325237
0.16858
0.186101
0.0297786
0.0473391
0.109803
0.0732951
-1.06905
-0.297224
1.35311
-0.155457
0.205351
-0.0327256
0.250538
0.21138
0.0369092
0.023014
0.0974583
0.120094
-0.998497
-0.245298
0.979072
-0.180257
0.190786
0.0107419
0.199326
0.191891
0.0360802
-0.0116073
0.0874787
0.0205279
-1.05501
-0.394129
1.11356
-0.152501
0.235986
-0.0360337
0.192901
0.206204
-0.0188524
0.00279211
0.096134
0.0534643
-1.20727
-0.407568
1.18173
-0.161126
0.262718
0.0599156
0.18663
0.167597
0.0162214
-0.0433957
0.101762
0.0853222
-1.24654
-0.390759
1.01912
-0.174929
0.173749
0.0171836
0.187353
0.218314
-0.0263165
0.0106035
0.160814
0.0214739
-1.2303
-0.425484
0.992542
-0.14832
0.222019
0.0257904
0.208838
0.158047
-0.0374183
0.0668483
0.111099
0.0232583
-1.0998
-0.427142
0.880822
-0.195941
0.239038
-0.0171817
0.174052
0.245837
-0.00619848
0.0987799
0.0937819
0.0222356
-1.39152
-0.455563
1.02813
-0.190587
0.20166
0.101666
0.202399
0.233008
-0.00715418
0.067805
0.143939
0.0533286
-1.39213
-0.591207
0.958745
-0.148983
0.2669
0.140158
0.164007
0.247554
0.0533526
-0.00607198
0.123313
0.154002
-1.26465
-0.657195
0.923624
-0.232767
0.16468
0.138864
0.17052
0.308823
0.0982018
-0.0247935
0.108899
0.125463
-1.08735
-0.716445
0.940833
-0.224238
0.118708
0.0569222
0.153949
0.347484
0.147682
-0.0282561
0.0957592
0.12068
-1.05941
-0.70804
0.869249
-0.146387
0.0769593
0.0446399
0.187575
0.354959
0.149326
-0.069573
0.119106
0.105922
-1.04588
-0.806953
0.904305
-0.200317
0.00773099
-0.0589183
0.238518
0.422082
0.17058
-0.00632411
0.0893127
0.0519518
-0.415255
-0.427507
1.15032
0.0529618
0.245581
-0.0746554
0.417968
0.407125
-0.00444228
0.0344665
0.0597952
-0.00247299
0.261786
-0.260967
0.786034
0.125317
0.127368
0.0910822
0.39296
0.338335
0.11682
0.0807177
-0.0377032
-0.0505878
0.431139
-0.108525
0.68448
0.0913795
0.132617
0.164273
0.352428
0.243017
0.122134
0.124538
-0.061325
-0.0658619
0.8171
-0.284815
0.598219
0.0475828
0.252928
0.229709
0.399017
0.25225
0.079682
0.0227357
-0.0482071
-0.00938532
1.08158
-0.174578
0.391035
0.0220361
0.32702
0.159457
0.304435
0.33258
0.154557
-0.151277
0.0344982
0.0675742
1.14582
-0.163259
0.274633
0.0523551
0.317732
0.123831
0.307213
0.342751
0.16878
-0.190049
0.0191226
0.0665102
1.16185
-0.137331
0.218815
0.0480718
0.323397
0.13291
0.318478
0.400883
0.170977
-0.229233
0.0628234
0.0593557
1.23071
-0.210472
0.230937
0.0242225
0.37198
0.138967
0.350908
0.396756
0.224678
-0.246079
0.00596005
0.120309
1.18328
-0.0317428
0.215702
0.155261
0.242259
0.133048
0.312601
0.403865
0.147615
-0.21943
0.0159679
0.0571355
1.22047
0.0334681
0.345692
0.122017
0.250903
0.12206
0.314444
0.416608
0.163501
-0.243473
-0.0076997
0.0820731
1.00694
0.0315431
0.383469
0.191689
0.288776
0.179133
0.370057
0.397966
0.193194
-0.25179
-0.0738306
0.123945
1.02054
0.0742833
0.625339
0.0916679
0.283014
0.155773
0.420643
0.386713
0.13544
-0.177385
-0.0424581
0.132807
0.869242
0.360064
0.497236
0.158189
0.233687
0.22261
0.189761
0.258225
0.138048
-0.0706197
-0.0320701
0.0450666
0.951911
0.282557
0.535364
0.113043
0.283941
0.265319
0.247174
0.304777
0.246987
-0.162848
-0.00507125
0.093287
0.966969
0.339762
0.516279
0.136916
0.261626
0.270984
0.225565
0.232071
0.252231
-0.132305
-0.0142415
0.0875257
0.917129
0.28287
0.55297
0.158499
0.253326
0.24636
0.279159
0.288472
0.336072
-0.185036
0.00045238
0.128835
0.855401
0.203629
0.630951
0.11201
0.261419
0.261963
0.316587
0.338537
0.267031
-0.13956
-0.0402004
0.141723
0.822645
0.255192
0.561999
0.0994219
0.199598
0.296064
0.274877
0.252884
0.286267
-0.101572
-0.00564564
0.0979574
0.815926
0.224909
0.676565
0.0328562
0.204931
0.213104
0.275741
0.307798
0.251913
-0.0492339
-0.0094962
0.0862593
0.893289
0.12792
0.662608
-0.0666625
0.19079
0.243152
0.286771
0.262309
0.247243
0.0209695
-0.0467239
0.0308625
0.823816
0.236153
0.653795
-0.124205
0.158743
0.182497
0.296592
0.286833
0.22242
-0.0322582
-0.0342917
-0.027127
0.870866
0.221108
0.662234
-0.0968907
0.153461
0.234539
0.291839
0.270224
0.215825
-0.0136218
-0.0136591
-0.0247763
0.860838
0.380187
0.66333
-0.0611777
0.0827314
0.256984
0.320206
0.257137
0.224628
-0.023412
-0.00930916
-0.0322031
0.932635
0.350082
0.754365
0.00450379
0.095645
0.227554
0.329561
0.28043
0.251083
-0.057274
-0.0739412
0.0264335
0.983997
0.337379
0.531344
-0.0604552
0.0915225
0.292438
0.261846
0.153529
0.144581
0.0418897
0.0758921
-0.0334932
1.13412
0.318673
0.769826
-0.104788
0.0920037
0.106481
0.282318
0.136605
0.0885403
0.0869563
0.0478067
-0.00889601
1.01703
0.352718
0.722608
-0.078352
0.101455
0.0850996
0.25208
0.192557
0.0583624
0.110129
0.0789485
-0.0582727
0.553691
0.260976
0.949705
-0.104538
0.0288525
0.0366996
0.260172
0.260534
0.0933276
0.0553981
0.125938
-0.054946
-0.109915
0.105936
1.24081
-0.25996
0.157977
0.032781
0.251261
0.308689
0.0242053
0.177941
0.037134
-0.0587405
-0.454442
0.122667
1.19754
-0.294596
0.0766798
0.0111069
0.30793
0.364252
0.0611669
0.115703
0.0879499
-0.119795
-0.561413
-0.158146
1.09363
-0.387375
0.0852179
-0.0498544
0.198755
0.357127
0.00650273
0.0426457
0.112669
-0.0407356
-0.629096
-0.273401
1.10484
-0.389207
0.0805587
-0.0882404
0.274978
0.344327
-0.0560651
0.0506138
0.10061
-0.0668076
-0.832852
-0.29264
1.05054
-0.431989
-0.0105581
-0.0494373
0.237086
0.291026
-0.0565947
0.0669244
0.130152
-0.0783053
-0.881189
-0.26762
1.12441
-0.320336
0.0496164
0.0662973
0.228254
0.262671
-0.0589352
-0.0407626
0.128955
-0.0600221
-0.896929
-0.311426
1.09783
-0.32688
0.0596499
0.0128746
0.232353
0.266679
-0.0283115
-0.0361544
0.117113
-0.0330839
-0.93265
-0.30589
1.1033
-0.33701
0.0357543
0.0151668
0.215248
0.269038
-0.0061287
-0.0416907
0.130496
-0.0323397
-0.976363
-0.329962
1.04356
-0.342303
0.0468504
-0.0101777
0.162526
0.293599
0.0141917
-0.0182745
0.124628
-0.0129302
-1.1198
-0.554607
0.998363
-0.407553
0.0244646
-0.0535471
0.127649
0.33987
0.0455191
0.0620478
0.116913
-0.0165124
-1.15281
-0.510237
0.995434
-0.415439
0.0794632
-0.0179899
0.131188
0.295841
-0.0313712
0.0986155
0.0997447
-0.0393651
-1.09411
-0.50491
0.912291
-0.419108
0.138683
0.0083635
0.0405613
0.220551
-0.0373462
0.046127
0.0566672
-0.0185251
-1.24991
-0.543397
1.07792
-0.354399
0.125927
0.0036168
0.0803184
0.285101
0.000105399
0.0616028
0.116109
0.0144019
-1.20612
-0.497927
1.03201
-0.404656
0.130423
0.0288966
0.125716
0.254976
-0.0350787
0.067759
0.107495
-0.0235214
-1.19898
-0.55829
0.994194
-0.268201
0.130361
0.0706295
0.0261717
0.20812
0.00130331
0.024674
0.120486
-0.00915509
-0.968585
-0.49219
0.867939
-0.271311
0.0729088
0.010124
0.0420016
0.168913
-0.0100694
0.0213019
0.0890273
-0.0461384
-1.27301
-0.516815
0.985899
-0.324866
0.0101426
-0.0391865
0.120702
0.256326
0.056272
0.0188756
0.117574
-0.00348393
-1.30555
-0.490505
1.01519
-0.269561
0.027374
-0.053126
0.127649
0.189925
0.0215115
0.0417558
0.0826349
-0.00419498
-1.22865
-0.493468
0.93971
-0.209687
0.0399972
-0.0276888
0.0909402
0.171014
0.0289431
0.0138227
0.0859641
-0.0211901
-1.16463
-0.472811
1.00141
-0.250262
0.00208685
-0.0711335
0.101682
0.0994079
0.0122626
0.0259413
0.0470824
0.00606059
-1.03519
-0.511172
0.97384
-0.241712
0.101729
-0.0662232
0.131982
0.0783779
-0.040555
0.0954829
0.0101976
-0.0543277
-1.48888
-0.417503
1.17942
-0.12441
0.0955943
-0.122239
0.192208
0.148878
-0.00207766
0.120748
0.0869405
0.0123102
-1.28203
-0.509826
0.980648
-0.23491
0.126967
-0.0640436
0.180869
0.158854
0.0260203
0.1309
0.0397551
-0.0245777
-1.5122
-0.421305
1.17949
-0.0888107
0.11088
-0.093572
0.171533
0.1238
0.0246748
0.15075
0.0423063
0.0048366
-1.12606
-0.434192
0.877726
-0.153261
0.101894
0.0288668
0.178537
0.076349
0.0499038
0.11147
0.0338508
-0.0701412
-1.43083
-0.48475
1.2274
0.0578833
0.101997
0.0202472
0.215314
0.0779351
0.0498368
0.0922361
0.0946704
-0.0215814
-1.2941
-0.45722
1.14579
-0.0455085
0.0122002
0.0755999
0.197134
0.0736248
0.037841
0.114311
0.107653
-0.0420952
-1.4366
-0.377915
1.16836
5.05092e-005
0.0912665
0.123587
0.202786
0.0571745
0.0193582
0.0916353
0.128352
-0.0631008
-1.41054
-0.437605
1.09475
0.00851924
0.0387567
0.0242805
0.200197
0.0894166
0.0177794
0.0696264
0.13372
-0.0470537
-1.32627
-0.48156
0.918849
-0.0170373
0.0750097
0.0102354
0.224158
0.13023
0.0386868
0.0508496
0.144528
-0.0338058
-1.3391
-0.418866
0.921425
0.0111436
0.0230765
-0.0667394
0.277157
0.169569
0.00385706
0.0514834
0.202659
-0.0731616
-1.31565
-0.553934
0.958988
0.0253492
0.0422868
-0.101972
0.253729
0.173968
0.00629687
0.0444126
0.181371
-0.0427985
-1.2161
-0.608145
1.07637
-0.0253688
0.057339
-0.0843123
0.275848
0.205103
-0.0283411
0.0836902
0.172985
-0.0231074
-1.14508
-0.622968
1.00978
0.0269713
0.108525
-0.0935786
0.19716
0.194769
-0.0151537
0.0681295
0.148435
-0.0201783
-1.46257
-0.688548
1.10059
0.184968
0.234047
-0.0551021
0.200596
0.203231
-0.0106961
0.0774736
0.134942
0.00809014
-1.04702
-0.646218
0.932744
0.0732621
0.128119
-0.082357
0.244614
0.21656
-0.102248
0.116497
0.174154
-0.0310911
-1.05179
-0.665619
0.940084
0.0186715
0.103604
-0.116702
0.191584
0.228137
-0.0848433
0.123609
0.19131
-0.0525438
-1.29195
-0.713495
1.02918
0.154158
0.129957
-0.0846035
0.219188
0.241183
-0.0944814
0.0910171
0.205321
-0.0267899
-1.29362
-0.715019
0.993339
0.170769
0.111414
-0.0470549
0.272397
0.206165
-0.0939698
0.0540526
0.257183
-0.0459681
-1.05234
-0.772698
0.939166
0.144189
0.0597123
-0.132109
0.231746
0.227469
-0.070213
0.00186548
0.222819
-0.0254207
-0.915319
-0.711054
0.747822
0.136953
0.113914
-0.14892
0.249694
0.22008
-0.144984
0.0177177
0.185007
-0.0239669
-0.979354
-0.708917
0.802689
0.340246
0.185549
-0.193993
0.31533
0.203959
-0.151627
-0.0103318
0.210239
-0.0361542
-0.959893
-0.726332
0.897442
0.382645
0.228408
-0.190045
0.302704
0.197888
-0.126234
0.0353205
0.143564
-0.00109833
-1.02043
-0.710377
1.05921
0.431623
0.283655
-0.225855
0.322807
0.222182
-0.150008
0.0647535
0.106243
-0.00101644
-0.843161
-0.716341
0.925401
0.422913
0.24023
-0.23163
0.285947
0.259633
-0.113965
0.0748058
0.118767
-0.00489931
-0.847951
-0.676559
0.982142
0.421742
0.208157
-0.265045
0.276988
0.260388
-0.159399
0.0855051
0.120207
-0.0101158
-0.838805
-0.693156
0.836226
0.483346
0.253669
-0.249016
0.335689
0.2831
-0.164248
0.0681428
0.176269
0.0297786
-1.03447
-0.683828
0.989994
0.610637
0.347177
-0.241612
0.343192
0.322116
-0.120827
0.0458579
0.194029
0.0465044
-0.898337
-0.669665
0.901826
0.455259
0.332112
-0.249306
0.370307
0.308096
-0.156827
0.0443258
0.210969
0.0606824
-0.733469
-0.709613
0.869885
0.410803
0.274828
-0.310937
0.358116
0.346372
-0.12526
0.000958537
0.199618
0.0970282
-0.680332
-0.767538
0.786061
0.38446
0.223002
-0.259595
0.340786
0.323932
-0.0778874
0.00756414
0.157494
0.0895117
-0.786811
-0.718175
0.821825
0.550771
0.255043
-0.214214
0.35467
0.276968
-0.0569474
0.00449028
0.190032
0.0762042
-0.830064
-0.740611
0.901308
0.664381
0.267272
-0.282776
0.368648
0.289172
-0.00220828
-0.0396558
0.187309
0.126392
-0.712014
-0.695392
0.986858
0.719753
0.312071
-0.204841
0.343082
0.30674
0.0394545
-0.0582441
0.202921
0.130917
-0.493729
-0.654995
0.743752
0.654197
0.29263
-0.0829457
0.35117
0.256629
0.0971116
-0.0754611
0.191947
0.0675994
-0.411092
-0.443663
0.851034
0.568731
0.377068
-0.106055
0.237181
0.273966
0.195178
-0.0642258
0.0862633
0.0837121
-0.404928
-0.390447
0.805019
0.537829
0.328757
-0.0411836
0.246104
0.211355
0.20183
-0.049905
0.111398
0.0411939
-0.504073
-0.278202
0.927363
0.524797
0.202919
-0.00734747
0.335064
0.1354
0.236073
-0.0732864
0.172038
0.0609485
-0.510783
-0.170211
0.990541
0.518249
0.220592
-0.0224215
0.30004
0.103365
0.256356
-0.0448977
0.123272
0.0809237
-0.493049
-0.0784158
0.941664
0.456866
0.0849169
-0.0184685
0.323892
0.102738
0.201534
-0.0167298
0.161702
0.0333117
-0.253992
-0.0419551
0.924855
0.413094
0.0692398
-0.0800992
0.295235
0.141814
0.126935
0.0556899
0.105292
0.0611026
-0.188786
-0.183585
1.03666
0.360368
0.162217
-0.17584
0.296525
0.107898
0.0880785
0.0979372
0.0479769
0.085882
-0.234202
-0.0751426
0.94923
0.346913
0.100382
-0.178909
0.254363
0.104017
0.155354
0.044754
0.0881531
0.0697544
-0.230516
-0.0830789
0.945345
0.379165
0.0305131
-0.134168
0.265149
0.0889881
0.249137
-0.00953041
0.128961
0.0702353
-0.245898
0.0294621
0.958842
0.304806
0.0433536
-0.0531666
0.221702
0.0691394
0.266933
-0.0204336
0.108268
0.092355
-0.178629
0.026872
0.922911
0.271574
-0.00662837
-0.00497404
0.226625
0.0153442
0.271534
-0.0135197
0.128511
0.0523936
-0.0321468
-0.0517336
0.95453
0.234026
0.000505844
-0.0294009
0.259974
0.101206
0.25745
0.0515615
0.122261
0.0474578
