0.906312
0.195134
0.604528
0.0356188
0.263402
-0.0315364
0.236451
0.0288384
0.0954559
0.0301827
0.0751376
0.14579
0.884417
0.204633
0.555089
0.0747234
0.279751
-0.0911552
0.104894
0.035537
0.103486
-0.0241935
0.0657018
0.151716
0.924637
0.110886
0.533888
0.0563245
0.376189
-0.0611161
0.0314312
0.0564119
0.0909229
-0.00151738
0.146902
0.133526
0.856804
-0.191247
0.491477
0.240897
0.394583
-0.0755573
0.0171182
0.102293
0.0601313
0.0367013
0.208734
0.0718735
0.658853
-0.427767
0.694948
0.266326
0.421098
-0.133945
-0.150145
0.196461
0.184789
-0.121956
0.166877
0.149587
0.284919
-0.702892
0.808033
0.176276
0.458034
-0.129614
-0.131536
0.213835
0.10348
0.00034636
0.120339
0.0986491
-0.0799592
-0.67106
0.599458
0.417254
0.332073
-0.0800511
-0.158529
0.196421
0.257823
-0.0691075
0.135949
0.021141
-0.385983
-0.756499
0.624823
0.16159
0.418399
-0.13286
-0.156121
0.267327
0.216614
0.0370658
-0.00123402
0.0690225
-0.536358
-0.988132
0.712975
0.281263
0.417043
-0.162513
-0.105377
0.352996
0.173915
-0.0805287
0.104888
0.110839
-0.987146
-0.985874
0.727425
0.41626
0.293295
-0.114861
-0.0356511
0.354538
0.142129
-0.0819864
0.110434
0.0950848
-0.926867
-1.10413
0.762959
0.290738
0.343016
-0.14703
0.0334194
0.339167
0.137747
-0.109005
0.0935571
0.136284
-0.902365
-1.02843
0.747486
0.210061
0.31808
-0.200088
0.0820826
0.342169
0.0891144
-0.0796515
0.0727558
0.124875
-1.13181
-1.08355
0.845915
0.311967
0.366913
-0.210595
0.0630836
0.34641
0.0685361
-0.0685652
0.085044
0.10634
-1.03952
-0.992784
0.827959
0.251283
0.30119
-0.275426
0.0129726
0.357199
-0.0100241
-0.0726434
0.0559598
0.0955741
-1.02139
-0.945432
0.741396
0.207755
0.22888
-0.285746
0.0130852
0.350428
0.00337713
-0.096223
0.0831113
0.0820989
-1.16038
-0.901604
0.735573
0.305897
0.214197
-0.238781
0.0421286
0.34702
0.0634168
-0.114214
0.108318
0.098715
-0.892812
-0.936708
0.636361
0.238498
0.138805
-0.233989
0.052651
0.325729
0.0565375
-0.126442
0.0802126
0.0976044
-1.14139
-1.0608
0.729362
0.388431
0.126537
-0.158051
0.147334
0.32707
0.106133
-0.123185
0.14297
0.113616
-0.826412
-1.02983
0.670996
0.263366
0.0490003
-0.196849
0.130047
0.26478
0.0730621
-0.101289
0.0920734
0.0673808
-0.968326
-1.16085
0.752461
0.346221
0.125914
-0.109496
0.210601
0.289314
0.0803089
-0.0747436
0.119366
0.124897
-0.729156
-0.97203
0.707426
0.213205
0.0700476
-0.14318
0.190998
0.240092
0.109649
-0.0826833
0.0997636
0.0740482
-0.919995
-1.05453
0.723979
0.239194
0.129708
-0.125457
0.228839
0.300291
0.0947061
-0.0993068
0.125075
0.102438
-0.642966
-0.990778
0.608323
0.1635
0.161119
-0.108002
0.192716
0.321207
0.0866213
-0.112081
0.101923
0.0593626
-0.645338
-0.992376
0.59878
0.0784165
0.126134
-0.158838
0.223797
0.400548
0.11835
-0.0814206
0.0714023
0.0448359
-0.459061
-0.96435
0.615075
0.0226568
0.123968
-0.150186
0.20878
0.383406
0.116371
-0.0313984
0.0581351
0.018924
-0.00242205
-0.48281
0.820031
0.1804
0.320655
0.020883
0.318195
0.409519
0.174047
-0.0707566
-0.0371267
0.049772
0.445199
-0.214146
0.448592
0.240695
0.184634
0.0673438
0.340993
0.344749
0.060998
-0.0936175
-0.085048
0.0329651
0.853187
-0.281624
0.341988
0.263004
0.272433
0.0702641
0.329327
0.338947
0.196402
-0.139296
-0.0428179
0.0582939
1.22296
-0.384594
0.187051
0.357747
0.269565
0.0192595
0.368555
0.336022
0.186594
-0.146341
-0.0602432
0.0859606
1.35987
-0.464797
0.120195
0.408647
0.333847
-0.060934
0.435984
0.360521
0.131582
-0.131584
-0.0820509
0.0980308
1.11275
-0.259139
0.094686
0.406838
0.27735
0.00939299
0.350556
0.399765
0.105395
-0.163963
-0.0691909
0.0682113
1.32876
-0.418579
0.0488487
0.416359
0.341951
-0.0156847
0.438181
0.370187
0.161337
-0.171557
-0.0814092
0.0870892
1.44608
-0.381116
0.0793043
0.406682
0.35366
-0.0737038
0.471134
0.404847
0.121858
-0.147488
-0.0907016
0.103998
1.32264
-0.299018
0.051444
0.40421
0.314276
-0.00692682
0.448907
0.423617
0.165072
-0.150717
-0.0583665
0.0698301
1.27202
-0.230044
-0.0386979
0.504697
0.283746
-0.00152836
0.461344
0.4083
0.153221
-0.169594
-0.0602341
0.0603621
1.49062
-0.411316
0.143359
0.398756
0.345645
-0.0952253
0.563961
0.446846
0.133154
-0.0977548
-0.0874297
0.0992002
1.4431
-0.172301
0.190283
0.310503
0.2593
-0.00856288
0.511532
0.399465
0.154188
-0.128542
-0.0599378
0.0880668
1.17909
-0.0702095
0.15304
0.388664
0.258746
0.0407238
0.52826
0.421187
0.114989
-0.162236
-0.0388901
0.102879
1.0765
0.0488845
0.345827
0.404846
0.116107
0.132774
0.494687
0.388583
0.0864549
-0.166616
-0.0482557
0.0842668
1.14938
0.0999524
0.391824
0.35279
0.201779
0.0915296
0.47243
0.372648
0.101639
-0.159384
-0.0246114
0.105518
1.13653
0.0209721
0.305541
0.29638
0.218255
0.0598425
0.477922
0.387063
0.183611
-0.153614
0.018684
0.11044
1.1284
0.160343
0.279135
0.285606
0.181067
0.0203526
0.428087
0.347774
0.26655
-0.152402
0.0669652
0.0732827
1.08151
0.267864
0.304159
0.257149
0.234048
0.0566056
0.317752
0.342021
0.201428
-0.111795
-0.0242926
0.0501822
1.08654
0.306152
0.245141
0.280907
0.274753
0.0768193
0.366033
0.243777
0.214891
-0.18281
-0.00103518
0.0462603
1.06978
0.233752
0.262216
0.404963
0.273165
0.0581881
0.497997
0.225298
0.248147
-0.269207
-0.0265666
0.105855
0.995978
0.166898
0.27591
0.397219
0.30349
0.084001
0.481006
0.203411
0.208794
-0.26153
-0.0925192
0.119998
0.987209
0.282357
0.27063
0.332843
0.216831
0.101323
0.341449
0.200022
0.129953
-0.154224
-0.0750732
0.0264044
1.07241
0.149551
0.2498
0.342085
0.226911
0.0784492
0.385563
0.267333
0.166105
-0.155172
-0.0997204
0.0415034
1.21027
0.0211012
0.259868
0.32784
0.204772
0.086371
0.452886
0.241481
0.168248
-0.0685194
-0.0763366
0.0222259
1.22586
0.0969257
0.178005
0.297129
0.141093
0.0735177
0.439506
0.199747
0.241573
-0.0579194
0.00965128
-0.00311756
1.33554
-0.00936007
0.230803
0.298549
0.139214
0.029911
0.563138
0.213679
0.282603
-0.0606667
-0.0121514
0.0156346
1.11605
0.139266
0.196975
0.318259
0.0971223
0.0959958
0.467305
0.229295
0.244593
-0.0186163
0.0860184
-0.035321
1.20809
0.189395
0.217905
0.223781
0.117971
0.0808976
0.390186
0.232972
0.319078
-0.0771093
0.106285
0.00217403
1.09915
0.249145
0.279744
0.200012
0.145018
0.175433
0.300957
0.280683
0.170121
-0.0803656
0.0714882
0.00471018
1.10377
0.120414
0.243544
0.0913672
0.149993
0.178055
0.383269
0.325686
0.252913
-0.139703
0.1356
0.002346
1.04274
0.0305202
0.369859
0.0299298
0.139339
0.23714
0.322487
0.323473
0.138696
-0.146849
0.138677
0.0174332
0.806499
-0.0321126
0.456976
-0.0230577
0.184567
0.243702
0.355029
0.362419
0.140376
-0.153508
0.178117
-0.0321066
0.305741
-0.431705
0.913782
0.124063
-0.086466
0.237123
0.333893
0.287616
0.0943429
-0.100536
0.0737126
0.00617678
0.135579
-0.48183
1.11747
0.0590561
-0.053787
0.0595172
0.340813
0.323852
0.0294176
-0.0123439
0.108462
0.0171698
-0.0258247
-0.446641
1.10136
-0.0294945
-0.0477434
-0.0412744
0.402876
0.33382
-0.0322235
0.0722308
0.0599949
-0.0217702
-0.0556799
-0.48774
1.16219
-0.0600565
-0.0511124
-0.0922259
0.373221
0.353306
-0.0270112
0.0716196
0.0807337
-0.0175183
-0.097581
-0.571614
1.01189
-0.0300437
-0.0333654
-0.105142
0.236334
0.28616
0.0111981
-0.0104385
0.105693
0.0294961
-0.334476
-0.555358
0.984191
-0.106513
-0.0824152
-0.0358347
0.242807
0.248134
0.0405247
-0.0424613
0.0964291
0.0521043
-0.392786
-0.75257
1.02661
-0.123626
-0.113521
-0.101263
0.239602
0.231195
0.0759658
-0.0240196
0.094339
0.072847
-0.46906
-0.769025
1.04886
-0.149694
-0.0662041
-0.100458
0.197871
0.238776
0.0711972
0.0201645
0.0889466
0.0913191
-0.489061
-0.804223
1.05007
-0.129987
0.0160982
-0.0453745
0.212525
0.226676
-0.0208183
-0.00129939
0.100965
0.0572937
-0.658055
-0.692874
0.966819
-0.0234364
-0.0812476
-0.106636
0.228303
0.276857
0.00743584
0.00834616
0.19952
0.0118403
-0.667455
-0.654804
1.05468
0.0226285
-0.0447778
-0.117005
0.203196
0.263274
-0.0377309
0.015626
0.241303
-0.00119764
-0.713685
-0.660306
1.01231
0.0126607
-0.166472
-0.156555
0.225642
0.287202
0.00794649
0.0150258
0.297923
-0.0127718
-0.773063
-0.652368
0.981925
-0.0180208
-0.181108
-0.175045
0.222875
0.289334
0.0411668
0.0707524
0.288728
-0.00800306
-0.778657
-0.631659
0.975155
-0.0543826
-0.134531
-0.0562832
0.244941
0.24619
0.00993125
0.0746347
0.219739
0.0136669
-0.659443
-0.722741
0.959844
-0.0851199
-0.0252737
-0.0523317
0.250217
0.20992
-0.0435054
0.0760972
0.145146
0.0268651
-0.607057
-0.648951
1.08686
0.0219828
0.066162
-0.0167523
0.305468
0.215918
-0.0804203
0.0206797
0.147703
0.0334808
-0.595803
-0.670005
1.03137
0.0938703
0.117013
0.0332916
0.258712
0.220345
-0.0488831
-0.0424898
0.166459
0.0177497
-0.649386
-0.649568
1.10047
0.147256
0.131483
-0.0228571
0.249028
0.227558
-0.00241529
-0.0275703
0.15536
0.0308308
-0.668163
-0.67745
1.11659
0.242148
0.16175
-0.0386077
0.156234
0.262042
0.0138322
-0.0486516
0.163915
0.0279236
-0.742512
-0.693208
0.985909
0.221587
0.0901381
-0.0691294
0.111969
0.258309
0.0407627
-0.0299427
0.188052
0.00296454
-0.709644
-0.640977
0.883389
0.239201
0.0893108
-0.0643458
0.170348
0.22011
0.0346907
-0.0793794
0.164955
0.0138879
-0.855848
-0.669665
1.10878
0.215649
0.18812
-0.0892716
0.146404
0.256646
0.0131197
-0.036255
0.12112
0.0811176
-0.791288
-0.667086
1.0291
0.147007
0.158591
-0.0405759
0.203167
0.24042
-0.000311264
0.00225168
0.127386
0.0749495
-0.838788
-0.635179
1.06371
0.257258
0.208994
-0.0276263
0.137388
0.235394
0.0102226
-0.00245061
0.117622
0.0558038
-0.818659
-0.708551
0.935855
0.125522
0.223989
-0.0419262
0.13336
0.277807
-0.00341013
0.0574768
0.123939
0.0566704
-0.563936
-0.852473
0.887423
0.156055
0.231808
0.0514645
0.237345
0.157779
0.0358807
0.00848154
0.111722
0.103897
-0.603703
-0.841701
0.814572
0.151419
0.214956
0.0462489
0.244226
0.197165
0.0184791
-0.0101691
0.133313
0.107156
-0.646858
-0.812665
0.829727
0.123989
0.210709
0.0159863
0.261601
0.202385
0.0266148
0.00503195
0.0782677
0.110124
-0.508846
-0.82492
0.897967
0.152073
0.184282
0.00562896
0.225144
0.201374
0.0336236
-0.0101801
0.0731873
0.0817452
-0.541986
-0.753201
0.945307
0.225265
0.249905
-0.137565
0.184804
0.241239
0.0445905
0.0298323
0.0567179
0.0612959
-0.630965
-0.772826
0.874441
0.252641
0.202861
-0.158711
0.218204
0.190917
0.0241591
0.115327
0.0628912
0.033114
-0.60173
-0.797474
0.94457
0.298768
0.283762
-0.137987
0.220672
0.187996
0.0136775
0.101679
0.0722882
0.0330611
-0.53591
-0.804738
0.9541
0.319455
0.280731
-0.180144
0.279851
0.184073
-0.0175891
0.0957024
0.0960564
0.0571868
-0.614109
-0.771793
0.883676
0.311282
0.160825
-0.147182
0.302452
0.205025
-0.0292086
0.0657248
0.172747
0.0369835
-0.600002
-0.832091
1.08642
0.375442
0.199116
-0.205927
0.272287
0.303
-0.0747468
0.0178679
0.195674
0.0741331
-0.479485
-0.917163
0.90344
0.354972
0.174967
-0.204078
0.253724
0.321515
-0.037763
-0.00478377
0.205541
0.0707219
-0.518213
-0.984843
0.914773
0.366792
0.171277
-0.227069
0.200709
0.355089
-0.0338632
-0.000235532
0.200309
0.0848533
-0.646872
-0.971193
0.71428
0.429119
0.143296
-0.164453
0.152319
0.359177
0.000885078
-0.0174311
0.193321
0.0674106
-0.602659
-0.935576
0.872775
0.534947
0.232806
-0.247231
0.142798
0.400012
0.0335524
-0.116272
0.21938
0.117544
-0.440367
-0.903536
0.708081
0.407456
0.09982
-0.207415
0.14808
0.40788
0.056735
-0.106855
0.223921
0.0924597
-0.344703
-0.844663
0.645145
0.389136
0.169149
-0.215719
0.238518
0.372474
0.0768033
-0.165434
0.210718
0.0745022
-0.287544
-0.838306
0.646535
0.337618
0.152363
-0.217627
0.238237
0.346902
0.0701609
-0.104984
0.21188
0.0850467
-0.570522
-0.752913
0.766586
0.50148
0.10476
-0.330201
0.258991
0.323796
0.0465483
-0.109568
0.23894
0.123213
-0.507905
-0.697417
0.707826
0.574968
0.0918457
-0.339466
0.216158
0.336143
0.0591995
-0.128071
0.246586
0.0975057
-0.297714
-0.658355
0.754859
0.537041
0.13788
-0.388905
0.229992
0.308894
0.0311392
-0.0865113
0.179693
0.115511
-0.180249
-0.678517
0.600335
0.445651
0.101002
-0.186648
0.166343
0.255991
0.0558034
-7.07959e-005
0.101614
-0.000875134
-0.311737
-0.514592
0.817894
0.484946
0.146412
-0.274834
0.132267
0.20908
0.0347867
0.0139294
0.110947
0.0482069
-0.201844
-0.426401
0.758746
0.441198
0.129701
-0.236519
0.16947
0.178418
0.0783819
-0.00389818
0.105898
0.0767567
-0.152509
-0.411434
0.836157
0.387788
0.182575
-0.266009
0.154229
0.171652
0.0586314
0.035684
0.0462538
0.0476
-0.182079
-0.353039
0.864027
0.391074
0.167098
-0.368412
0.123096
0.138118
0.0411573
0.0198451
0.0224367
0.0556324
-0.111209
-0.310555
0.905349
0.429688
0.12027
-0.267126
0.144391
0.11622
0.0691936
0.0213126
0.039197
0.0639726
-0.011226
-0.351725
0.886553
0.432082
0.165434
-0.275246
0.217233
0.121105
0.0622872
0.0551383
0.0123416
0.0933457
0.133652
-0.31652
0.951091
0.434478
0.14979
-0.217615
0.191584
0.0727954
0.0812235
0.0380087
0.0209195
0.0752693
0.188386
-0.169072
0.977506
0.40495
0.107304
-0.194474
0.240922
0.0267582
0.0321593
0.0525647
0.0369064
0.0677182
