1.42943
0.570403
0.454025
0.182417
0.173252
0.152681
0.238396
0.133489
0.0736259
0.0309699
0.140083
0.0978256
1.17354
0.622064
0.401225
0.217828
0.201052
0.155305
0.203707
0.0975762
0.100234
0.108809
0.0674926
0.0722539
1.3455
0.606535
0.506185
0.21775
0.22255
0.0791984
0.254536
0.062374
0.0854926
0.11155
0.0827288
0.0849832
1.28087
0.568643
0.408676
0.216752
0.228498
0.147324
0.198299
0.153525
0.0766596
0.0596512
0.0868424
0.0652512
1.31269
0.576732
0.54229
0.16245
0.207822
0.210896
0.217894
0.0921528
0.0984194
0.0480975
0.150575
0.0915455
1.22073
0.524931
0.464635
0.168428
0.187305
0.192971
0.213049
0.153893
0.129546
0.0233061
0.0711128
0.054969
1.11275
0.453822
0.440197
0.226299
0.205078
0.136621
0.14416
0.142
0.112441
-0.0126668
0.0393224
0.0480747
1.13747
0.2019
0.35758
0.322475
0.275965
0.0645182
0.0224222
0.145181
0.189629
0.0573725
-0.00333547
0.0441314
1.05635
0.0286449
0.415263
0.570815
0.330133
-0.185177
-0.0864454
0.281671
0.170026
0.048544
0.152702
0.0785897
1.29494
-0.331929
0.675095
0.5093
0.42443
-0.325654
-0.185099
0.346611
0.113885
-0.00523651
0.121259
0.0889619
0.91439
-0.466318
0.720777
0.53977
0.39212
-0.291628
-0.180569
0.334866
0.251956
-0.141012
0.0821896
0.150949
0.73998
-0.722758
0.654573
0.258834
0.52658
-0.175664
-0.191562
0.294348
0.133035
-0.0237176
0.0179324
0.0418286
0.372388
-0.701609
0.840045
0.348585
0.571485
-0.211149
-0.318575
0.339785
0.124477
-0.114041
0.0133865
0.0317803
-0.032617
-0.601603
0.622446
0.40456
0.522381
-0.201256
-0.258015
0.318105
0.0914835
-0.0387626
0.00181622
0.0444803
-0.218805
-0.681078
0.822849
0.357012
0.516265
-0.22668
-0.165236
0.32103
0.068467
-0.06795
-0.0193784
0.0447373
-0.380054
-0.751449
0.819822
0.394278
0.328189
-0.211075
-0.00156309
0.275706
0.0514165
-0.0889271
0.0684326
0.0694995
-0.702077
-0.908817
0.989077
0.399516
0.360413
-0.142425
-0.0137725
0.288017
0.0952465
-0.0885879
0.0625743
0.119793
-0.827192
-0.867146
1.09071
0.460271
0.303353
-0.0862358
0.003818
0.311251
0.0567107
-0.0968903
0.100022
0.0970443
-0.633888
-0.936041
0.898505
0.228142
0.183874
-0.14354
0.0249629
0.309762
0.0376209
-0.0556267
0.142543
0.118202
-0.96529
-0.883884
0.947284
0.369587
0.217675
-0.141314
0.00215976
0.308733
0.00251603
-0.0327784
0.065554
0.107306
-0.86499
-0.873285
1.00042
0.312104
0.181741
-0.203072
0.00616196
0.332807
-0.00627586
-0.0488745
0.0803129
0.136441
-1.02867
-0.829776
1.03266
0.330305
0.192802
-0.206267
0.0393398
0.344893
-0.0257348
-0.0321042
0.0713294
0.132621
-0.801926
-0.864925
0.870137
0.124189
0.154174
-0.20474
0.0611208
0.315097
0.00606119
-0.0290602
0.0832974
0.105499
-1.01317
-0.835045
0.919145
0.243068
0.130189
-0.202301
0.0766611
0.297123
-0.0179389
-0.0432707
0.100125
0.0856443
-1.00063
-0.814803
0.852157
0.179628
0.119104
-0.170127
0.0523299
0.300248
0.00242328
-0.00766404
0.0760206
0.0689949
-1.00679
-0.923091
0.907806
0.125135
0.0913461
-0.142459
0.046495
0.265741
0.0430289
-0.0706348
0.0711458
0.0832778
-0.85255
-0.861832
0.806178
0.0797737
0.126915
-0.0395299
0.0391796
0.198767
0.0643488
-0.0454896
0.0859951
0.0667641
-0.897054
-0.78683
0.894517
0.0766401
0.0861276
-0.0248203
0.0451976
0.232305
0.0572647
-0.0769275
0.131707
0.0870029
-0.868982
-0.800782
0.808687
0.0802175
0.0725196
0.0355704
0.0699872
0.222913
0.0553045
-0.0988498
0.163616
0.0634893
-0.83691
-0.766069
0.86246
0.0729955
0.0979792
-0.00304782
0.0810805
0.230648
0.0613443
-0.139676
0.122831
0.105686
-0.75338
-0.689933
0.827083
0.0574441
0.0822015
0.00112565
0.0679315
0.2456
0.018369
-0.146157
0.0981675
0.0793747
-0.232713
-0.318196
0.995222
0.221626
0.279327
0.0735028
0.224109
0.322677
0.124045
-0.0738914
0.0627584
0.113278
0.264527
-0.280228
1.00821
0.143041
0.261162
-0.0127204
0.22815
0.392744
0.202062
-0.00785446
0.0460578
0.105461
0.519254
-0.075208
0.853197
0.137723
0.245007
0.00581341
0.171325
0.35079
0.199223
-0.0245799
0.0665082
0.0798472
0.918332
-0.28129
0.533447
0.187492
0.425165
-0.00192009
0.169335
0.399802
0.201135
-0.154023
0.052398
0.122713
1.15146
-0.287356
0.263711
0.300523
0.432176
-0.00281564
0.196048
0.390703
0.114922
-0.130571
0.0182641
0.0919564
1.33874
-0.337128
0.169094
0.325945
0.411258
0.0110897
0.207197
0.365649
0.126271
-0.099192
0.0218718
0.085207
1.41944
-0.35854
0.118873
0.344461
0.438959
-0.00892882
0.225719
0.407349
0.107802
-0.103193
-0.00985065
0.0806954
1.44433
-0.331373
0.0825614
0.32916
0.430537
0.0318067
0.219406
0.437984
0.109386
-0.112479
-0.00867766
0.0758458
1.32035
-0.1544
0.0715053
0.370212
0.232724
0.0737262
0.209287
0.326714
0.190423
-0.147642
0.0132046
0.0784487
1.49676
-0.356278
0.0921457
0.333579
0.382896
0.111195
0.191573
0.454208
0.137627
-0.125219
0.00614129
0.083694
1.4204
-0.264797
-0.0452145
0.334765
0.418212
0.101445
0.277245
0.424171
0.155017
-0.146116
-0.00513398
0.109182
1.19541
-0.173337
-0.0494878
0.338958
0.366277
0.122449
0.281089
0.445213
0.140648
-0.160737
-0.00675784
0.0761609
1.28738
-0.137725
0.0704561
0.349159
0.252176
0.0827291
0.286417
0.376839
0.172709
-0.162317
-0.0107573
0.0820703
1.37343
-0.135993
-0.0664195
0.337188
0.384393
0.0381938
0.369936
0.405821
0.180621
-0.146579
-0.00454715
0.106825
1.3486
-0.126541
-0.0119219
0.309827
0.359187
0.0461564
0.368789
0.421375
0.187209
-0.128806
-0.00792571
0.0722621
1.11492
-0.0102918
0.0410192
0.419527
0.267828
0.0846232
0.372138
0.41364
0.135565
-0.107244
-0.0303118
0.043435
1.31266
-0.000217775
-0.00855085
0.424911
0.25728
0.10181
0.364186
0.382644
0.146642
-0.15547
-0.00232443
0.0817901
1.26497
0.245716
0.200987
0.237341
0.182637
0.0580155
0.334822
0.355739
0.177952
-0.130409
-0.0419391
0.00338105
1.55835
0.0747596
0.254077
0.303694
0.153209
-0.122548
0.448109
0.31362
0.286516
-0.00379621
-0.018907
0.0342462
1.39434
0.217264
0.200263
0.327693
0.178438
-0.0280121
0.326783
0.329442
0.265839
-0.0604466
-0.0129447
0.0300126
1.27631
0.379798
0.21281
0.329011
0.211744
-0.0102805
0.23361
0.307489
0.22334
-0.0604589
0.00791573
0.0256471
1.45908
0.279889
0.233618
0.405353
0.233376
-0.0687793
0.349048
0.266094
0.275348
-0.090634
-0.0764802
0.0261177
1.5466
0.248838
0.166134
0.398461
0.291154
-0.0205979
0.377442
0.193198
0.328383
-0.2082
-0.0468512
0.0756744
1.23989
0.28516
0.163385
0.284217
0.215008
0.048793
0.277493
0.250847
0.294106
-0.161274
-0.0177552
-0.0164046
1.25262
0.280064
0.107038
0.294182
0.206215
0.0371024
0.263886
0.253371
0.220291
-0.142383
-0.00784475
-0.0172436
1.33636
0.237545
0.14
0.207394
0.200216
0.0275785
0.31565
0.267378
0.256604
-0.19476
0.0115298
0.0230597
1.60711
0.0169462
0.112031
0.214604
0.222315
-0.0308047
0.427956
0.207262
0.289779
-0.154279
-0.0323225
0.104736
1.6212
0.0572636
0.131961
0.230019
0.228397
-0.0189012
0.385719
0.213318
0.259746
-0.138748
-0.0057302
0.138467
1.43798
-0.0370504
0.235146
0.220203
0.270326
0.0196926
0.334908
0.284637
0.35871
-0.108242
0.0160292
0.160765
1.33414
0.103909
0.169429
0.280847
0.269322
0.0593809
0.271124
0.317803
0.281931
-0.110612
0.00735845
0.0576153
1.45273
0.0716176
0.240455
0.230527
0.300684
0.0586123
0.287038
0.261912
0.278479
-0.116906
0.0126308
0.106531
1.02397
0.0959448
0.552214
0.105119
0.143479
0.0296516
0.187126
0.292948
0.186912
-0.0173154
0.217734
0.0101324
0.991424
0.230319
0.553955
0.0757346
0.0559629
0.0101895
0.190311
0.236719
0.157099
-0.0455363
0.288836
-0.00403409
0.936238
0.236505
0.539046
0.0736387
0.0323068
-0.00642412
0.160768
0.218637
0.155098
-0.0358656
0.300524
-0.00733214
0.729525
0.151838
0.626527
0.103029
-0.0575635
-0.118002
0.128927
0.232387
0.108168
0.0135958
0.233588
0.0162296
0.43006
-0.127999
0.977707
0.0308799
-0.15235
0.0440301
0.18311
0.152394
0.120818
0.020093
0.118236
0.0449797
0.183382
-0.232099
1.12837
-0.143384
0.0148385
0.170736
0.26518
0.310598
0.0472364
0.00503032
0.097937
-0.0213176
0.0149785
-0.38928
1.18923
-0.139396
0.0263017
0.024905
0.198465
0.338519
0.0522997
0.0170988
0.104673
0.0022976
-0.0938477
-0.519978
1.19094
-0.166076
-0.0309867
0.0318831
0.234755
0.286728
0.0700608
0.0441948
0.0398401
-0.015006
-0.201694
-0.53238
1.10125
-0.152687
-0.0782243
0.0263056
0.191763
0.248401
0.117694
0.0342535
0.0357577
0.0207273
-0.445448
-0.650842
1.06334
-0.203363
-0.152788
-0.00774744
0.193933
0.272321
0.103198
0.0744894
0.119719
0.0439757
-0.538155
-0.69897
1.0281
-0.178697
-0.073685
-0.0573233
0.229645
0.216327
0.0829785
0.135067
0.0674631
0.0902946
-0.514048
-0.724955
1.00019
-0.153834
-0.0219961
-0.0753979
0.227852
0.251405
0.0437162
0.109964
0.0982875
0.0693942
-0.572092
-0.752949
1.10244
-0.15133
0.0284058
-0.108077
0.180502
0.274668
-0.00170292
0.10045
0.111805
0.0564404
-0.65328
-0.750882
0.945108
-0.106301
0.0630994
-0.148908
0.176234
0.260929
0.0461753
0.12542
0.100897
0.0580516
-0.601604
-0.833195
0.974856
-0.127386
0.0722906
-0.136554
0.112262
0.305764
0.0485931
0.0815116
0.11271
0.0286866
-0.684639
-0.809165
1.01044
-0.0767191
0.140647
-0.0509801
0.0823492
0.233167
0.0423934
0.05314
0.0870538
0.0234388
-0.744595
-0.768671
0.929783
-0.0565366
-0.0166326
-0.064188
0.100513
0.230266
0.112113
0.0441104
0.110771
0.0382655
-0.866782
-0.693596
0.874364
0.0704671
-0.104825
-0.0200072
0.149049
0.218775
0.120687
-0.0138962
0.176504
0.0440998
-0.691704
-0.744146
0.965868
0.0396699
-0.126653
-0.0150645
0.188179
0.210059
0.0536456
-0.0315515
0.206152
0.0697634
-0.697623
-0.790417
0.926787
0.0418472
-0.111481
-0.0353489
0.182887
0.243209
0.029756
-0.00306572
0.218914
0.0738405
-0.685359
-0.754403
0.950803
0.100167
-0.0516161
-0.00247629
0.0997198
0.215702
-0.0248006
-0.0347643
0.232045
0.0642424
-0.800347
-0.781544
1.15099
0.136954
-0.0794227
0.00681866
0.1285
0.229573
-0.0540257
-0.0429609
0.230579
0.0600962
-0.722119
-0.811525
1.11471
0.144314
-0.0544733
0.0419736
0.132281
0.243573
-0.0782387
-0.0312855
0.23035
0.0310062
-0.71001
-0.786726
1.03289
0.0996726
-0.10217
0.00907921
0.149783
0.240765
-0.027741
-0.0401773
0.211455
0.0681657
-0.638626
-0.829739
0.946302
0.12211
-0.0441958
-0.0182186
0.1826
0.233139
-0.0443583
-0.046671
0.181314
0.0592287
-0.720881
-0.733194
0.920571
0.140152
-0.067982
-0.103109
0.217875
0.267334
-0.0425393
-0.0659912
0.18086
0.0697426
-0.906628
-0.789233
0.747411
0.136576
-0.0807444
-0.0926374
0.178533
0.293635
0.00707888
-0.135088
0.183937
0.086019
-1.01516
-0.727569
0.855637
0.112028
-0.116386
-0.0935206
0.129458
0.315863
0.0337789
-0.114745
0.175345
0.126658
-0.857737
-0.795594
0.918291
0.0518396
-0.014052
-0.0186329
0.160846
0.324724
-0.000673506
-0.126737
0.165993
0.117043
-0.761624
-0.748981
0.959756
0.113168
0.00830347
0.00897382
0.135501
0.272911
-0.0155236
-0.13227
0.141858
0.108282
-0.692208
-0.669517
0.938109
0.120448
0.0183792
0.0383228
0.204588
0.255488
0.0114518
-0.138677
0.136048
0.0933302
-0.663028
-0.773314
0.949292
0.187612
0.132107
0.00781285
0.182856
0.22962
0.0176159
-0.11515
0.136009
0.0842457
-0.666825
-0.791169
0.96674
0.242584
0.102956
-0.111431
0.119277
0.248287
0.0904855
-0.132642
0.0951484
0.119111
-0.69458
-0.785586
0.901631
0.283947
0.0377261
-0.110601
0.112358
0.239036
0.134792
-0.158533
0.103192
0.105857
-0.748647
-0.818524
0.820472
0.251907
0.0513119
-0.123107
0.0664589
0.217835
0.104692
-0.169447
0.0526684
0.0802329
-0.5714
-0.87506
0.657755
0.164867
0.0754712
-0.113383
0.107538
0.184129
0.0859976
-0.170115
-0.0257198
0.0751749
-0.749976
-0.836684
0.720607
0.321765
0.130757
-0.197862
0.0997385
0.213273
0.0590374
-0.142388
0.0914865
0.0299573
-0.776475
-0.810132
0.763238
0.35998
0.163941
-0.223067
0.128533
0.275858
0.0429021
-0.0936864
0.168805
-0.000125415
-0.872073
-0.732342
0.800945
0.436386
0.132023
-0.259885
0.109574
0.300739
0.080203
-0.108528
0.22173
0.0177788
-0.624089
-0.821625
0.639855
0.280834
0.110593
-0.229049
0.147685
0.297621
0.106354
-0.0621524
0.212618
-0.012601
-0.721209
-0.777797
0.799836
0.377056
0.161859
-0.234364
0.109398
0.243629
0.0894759
-0.1024
0.215502
0.0331975
-0.718211
-0.760238
0.785105
0.35761
0.0761161
-0.20263
0.0591956
0.246606
0.108
-0.0879057
0.177126
0.0755794
-0.706092
-0.7289
0.761959
0.263546
0.0508447
-0.186638
0.0630239
0.252694
0.0752401
-0.0949981
0.217684
0.0531101
-0.672321
-0.739585
0.77661
0.237169
0.0732887
-0.179496
0.0685745
0.273672
0.0896129
-0.115287
0.202777
0.0666557
-0.582756
-0.815091
0.906274
0.232231
0.103463
-0.221608
0.0556831
0.29044
0.0831567
-0.109887
0.133438
0.093809
-0.528692
-0.791946
0.886316
0.247713
0.114185
-0.262908
0.0690157
0.335266
0.127323
-0.132934
0.168263
0.140606
-0.590409
-0.821199
0.970622
0.436017
0.188324
-0.264655
0.0404237
0.35571
0.0678268
-0.17875
0.175718
0.132028
-0.431145
-0.881598
0.853341
0.356187
0.244448
-0.248635
0.0839518
0.37567
0.0500615
-0.140849
0.170357
0.106901
-0.528314
-0.873029
0.795118
0.445338
0.253247
-0.259955
0.0872227
0.359502
0.0564154
-0.125108
0.173732
0.103552
-0.502608
-0.902872
0.867602
0.493613
0.174676
-0.335173
0.0453996
0.369798
0.07236
-0.149252
0.138644
0.141821
-0.488843
-0.926828
0.957263
0.476674
0.17626
-0.322551
0.0458853
0.317682
0.0805411
-0.114168
0.0639492
0.163627
-0.241645
-1.03287
0.687875
0.386603
0.166232
-0.286187
0.102516
0.342414
0.180032
-0.129145
0.0733578
0.155727
-0.423045
-0.918993
0.664853
0.452857
0.180233
-0.225073
0.0856119
0.282111
0.191153
-0.0493655
0.0321894
0.120843
-0.48005
-0.872488
0.632606
0.531499
0.191469
-0.272222
0.0798485
0.283782
0.153782
-0.0444286
0.0747382
0.111863
-0.282451
-0.869785
0.610155
0.519992
0.262879
-0.316603
0.142409
0.281118
0.155173
-0.118662
0.0832695
0.12779
-0.312786
-0.827706
0.654159
0.444247
0.255861
-0.265578
0.202758
0.290774
0.0433867
-0.0704277
0.123282
0.11501
-0.286614
-0.884336
0.623797
0.465225
0.298871
-0.217682
0.130388
0.365493
0.0402017
-0.118733
0.169764
0.0812741
-0.377809
-0.699207
0.594637
0.491528
0.246083
-0.145378
0.107293
0.305956
0.0608317
-0.0744467
0.159063
0.0089333
-0.202017
-0.745906
0.700747
0.394315
0.293117
-0.182748
0.0672592
0.271052
0.105004
-0.0838739
0.0853843
0.0454871
-0.248379
-0.764869
0.693561
0.475381
0.282198
-0.218038
0.0697676
0.274151
0.131947
-0.119147
0.113657
0.0755106
-0.26041
-0.704066
0.644324
0.444258
0.247042
-0.268326
0.0253754
0.239526
0.123435
-0.0591315
0.101682
0.0673632
-0.195034
-0.729507
0.616416
0.421711
0.255099
-0.221061
0.00978712
0.265404
0.120785
-0.0412741
0.127942
0.0420991
-0.132988
-0.718424
0.69404
0.417626
0.232984
-0.209388
0.00260565
0.292028
0.062071
-0.0603276
0.1308
0.058807
-0.0828406
-0.736797
0.723434
0.382398
0.272026
-0.258178
0.0319023
0.316958
0.0752547
-0.0833697
0.150511
0.120844
-0.0550806
-0.598026
0.791112
0.478966
0.254907
-0.32363
0.0924064
0.287162
0.0562873
-0.132892
0.125797
0.13447
0.0311914
-0.578452
0.768765
0.478721
0.299522
-0.340947
0.0917506
0.27252
0.0664167
-0.148414
0.102693
0.146365
-0.00204427
-0.529099
0.783874
0.581933
0.297077
-0.290523
0.151371
0.219205
0.0750555
-0.0922019
0.0606147
0.138767
0.165585
-0.496269
0.656165
0.42496
0.377021
-0.269569
0.192869
0.255265
0.129934
-0.0643691
0.0359768
0.0948026
0.220509
-0.534584
0.723465
0.467796
0.23873
-0.295971
0.137153
0.198656
0.104084
-0.046199
0.0432972
0.129909
0.220592
-0.497161
0.638542
0.535877
0.121142
-0.279492
0.189071
0.122278
0.155332
-0.0192521
0.0345455
0.0981695
0.228914
-0.444792
0.570101
0.447044
0.0762301
-0.195168
0.230623
0.0842291
0.158823
-0.00840754
0.0739934
0.137372
0.293935
-0.445904
0.63051
0.40965
0.0369629
-0.183532
0.22415
0.0830218
0.184525
-0.00493952
0.0558192
0.156729
0.293332
-0.359037
0.615892
0.334749
0.107426
-0.180299
0.234088
0.195546
0.283193
-0.026661
0.0331813
0.0975169
0.301373
-0.308412
0.635827
0.349693
0.0994632
-0.187556
0.234206
0.184955
0.296809
-0.0329716
0.0596559
0.108893
0.459866
-0.241934
0.677989
0.297052
0.0800682
-0.175788
0.18894
0.22873
0.166641
-0.0108829
0.102296
0.0594833
