-27
-32
-20
-29
-26
-24
-17
-3
7
18
29
36
30
35
28
28
45
56
59
63
51
38
27
10
20
10
0
-3
-2
8
5
7
6
7
2
0
2
6
23
25
24
19
18
20
16
19
28
31
36
42
53
61
58
63
61
63
48
42
32
7
1
0
0
8
20
20
31
41
52
65
69
73
64
42
27
8
-8
-11
-2
-3
0
10
3
-5
-9
-13
-9
-4
-16
-15
-9
-10
-10
-18
-19
-18
-10
8
10
6
15
16
17
26
27
15
8
4
3
-4
-4
0
2
11
6
6
-1
-18
-19
-16
-15
-12
-17
-24
-32
-45
-48
-53
-58
-59
-70
-76
-78
-85
-89
-92
-95
-91
-92
-86
-84
-80
-77
-96
-91
-83
-72
-67
-58
-41
-41
-34
-38
-40
-38
-31
-25
-13
3
5
15
16
20
9
-2
0
1
2
18
27
30
29
14
9
-8
-19
-20
-35
-40
-33
-27
-31
-27
-19
-27
-33
-27
-34
-30
-31
-32
-32
-36
-33
-31
-18
-9
-1
17
21
21
32
35
30
18
3
-9
-12
-13
-22
-19
-19
-28
-35
-31
-30
-46
-54
-64
-64
-48
-53
-47
-39
-46
-27
-12
1
16
37
47
49
58
71
83
80
87
83
74
64
48
51
48
42
38
32
28
25
22
20
28
29
30
32
37
38
39
46
45
46
51
69
69
70
79
77
83
85
90
86
83
74
61
51
40
36
21
15
10
5
3
5
15
15
18
16
15
18
22
33
34
27
21
14
3
8
15
24
25
24
35
29
25
22
8
0
2
-10
-7
3
4
10
9
2
-2
-7
-15
-17
-12
-5
-8
-5
-4
-16
-15
-7
-3
-2
8
8
6
17
30
40
39
40
40
38
33
30
22
13
2
-12
-15
-13
-25
-30
-29
-36
-33
-30
-25
-25
-25
-27
-22
-21
-28
-28
-33
-35
-35
-31
-37
-31
-31
-41
-37
-33
-25
-34
-40
-52
-66
-72
-87
-94
-97
-94
-90
-88
-77
-66
-47
-31
-26
-12
-4
-5
-1
9
17
24
38
42
45
42
39
46
59
61
53
44
37
36
37
39
36
29
27
22
10
7
19
36
54
63
57
56
43
29
30
34
29
28
34
30
22
22
26
14
5
7
10
10
11
6
-2
-1
-12
-15
-19
-22
-23
-28
-18
-8
-21
-30
-28
-25
-14
-5
-1
16
21
21
37
46
48
52
57
39
36
32
30
48
47
56
45
40
41
49
59
52
52
42
27
24
35
35
36
32
10
-2
-20
-25
-15
-9
0
-6
-12
-4
2
3
9
21
23
23
16
17
9
7
10
-4
-3
11
23
41
61
66
72
63
54
55
48
45
37
23
11
0
-13
-19
-28
-37
-34
-36
-31
-19
-14
-28
-35
-25
-28
-33
-27
-20
-30
-35
-35
-38
-34
-30
-20
-4
-1
4
22
22
24
19
5
-10
-23
-40
-51
-52
-63
-69
-85
-90
-86
-81
-80
-74
-68
-65
-53
-47
-44
-51
-61
-56
-49
-45
-37
-22
-9
-8
-6
0
2
14
27
23
17
19
12
7
6
-4
-11
-10
-3
11
23
33
37
33
26
4
-2
-8
-19
-25
-30
-25
-30
-28
-34
-35
-31
-47
-50
-44
-42
-32
-23
-25
-29
-42
-58
-62
-70
-63
-40
-34
-29
-20
-20
-29
-40
-49
-51
-36
-41
-39
-36
-30
-8
0
20
36
38
24
21
20
20
25
28
24
11
-1
-6
-5
0
9
19
24
32
27
6
-4
-21
-41
-45
-49
-49
-43
-34
-18
-4
1
2
2
0
-7
-1
5
10
21
22
23
18
1
2
14
11
0
-12
-13
-9
-19
-32
-38
-55
-58
-63
-66
-61
-62
-56
-67
-68
-64
-56
-43
-42
-32
-39
-45
-42
-51
-41
-47
-54
-48
-47
-38
-33
-41
-46
-44
-43
-21
-19
-31
-33
-35
-30
-30
-21
-8
-7
-11
-8
-9
4
16
27
27
29
46
54
62
75
85
85
91
88
79
73
78
89
99
96
78
57
43
40
27
23
21
14
20
27
20
20
33
37
38
42
38
35
40
37
38
55
56
59
61
60
66
67
76
86
97
105
105
108
125
129
143
148
134
144
158
171
196
215
221
221
217
216
217
224
227
223
221
220
223
214
205
206
209
209
209
208
208
211
204
192
178
174
158
144
141
130
138
151
160
163
158
150
138
132
129
126
133
143
146
140
138
131
126
133
134
123
119
117
113
113
109
105
98
82
69
53
41
28
21
26
21
20
26
31
26
21
20
7
-15
-40
-49
-61
-78
-88
-95
-98
-102
-109
-110
-113
-122
-114
-112
-107
-101
-97
-97
-94
-87
-97
-107
-130
-135
-135
-133
-131
-136
-135
-140
-136
-139
-149
-146
-143
-146
-140
-140
-154
-146
-145
-159
-160
-174
-183
-186
-191
-199
-202
-190
-195
-206
-199
-213
-231
-244
-262
-266
-275
-277
-289
-303
-313
-323
-319
-312
-312
-304
-293
-288
-283
-283
-288
-287
-281
-287
-288
-279
-264
-243
-234
-232
-231
-230
-233
-229
-219
-209
-207
-203
-196
-197
-202
-217
-213
-205
-197
-194
-192
-179
-184
-169
-166
-182
-181
-193
-195
-198
-196
-186
-177
-175
-170
-175
-190
-188
-188
-176
-156
-147
-134
-121
-125
-127
-132
-143
-145
-144
-138
-124
-107
-89
-86
-105
-102
-93
-92
-79
-74
-67
-57
-47
-28
-5
11
19
27
35
46
44
63
73
72
80
86
98
115
126
129
135
126
120
121
126
132
123
113
112
104
96
104
108
109
113
115
124
129
127
145
158
164
164
159
171
184
190
197
195
183
180
183
204
220
240
264
265
274
266
247
238
224
210
207
220
232
241
254
270
283
296
290
284
288
285
285
285
290
281
271
263
261
277
290
295
299
312
322
322
327
327
308
313
310
288
275
274
285
292
310
311
313
309
294
301
304
310
319
311
311
316
307
307
309
318
329
320
322
322
305
300
297
282
274
273
258
236
224
213
212
201
200
203
189
182
164
151
140
130
130
123
111
102
113
112
94
85
81
70
47
33
30
8
-20
-24
-13
-8
-18
-33
-36
-48
-77
-90
-93
-102
-117
-124
-127
-138
-146
-145
-142
-153
-156
-141
-133
-137
-138
-137
-150
-164
-158
-146
-144
-147
-143
-134
-139
-150
-160
-182
-204
-215
-207
-198
-210
-207
-203
-214
-230
-237
-239
-266
-287
-275
-284
-304
-309
-312
-320
-331
-317
-314
-311
-311
-312
-325
-336
-317
-337
-363
-342
-318
-372
-401
-333
-304
-370
-373
-274
-283
-357
-310
-236
-276
-322
-263
-228
-285
-284
-223
-220
-260
-234
-190
-223
-245
-224
-226
-260
-265
-249
-243
-238
-207
-186
-201
-190
-181
-193
-192
-174
-179
-191
-179
-175
-198
-203
-174
-167
-179
-163
-141
-130
-122
-101
-85
-90
-94
-90
-71
-70
-68
-45
-20
-1
3
2
7
13
17
5
21
28
32
49
57
68
53
55
69
76
70
68
68
47
40
42
27
-1
3
5
-3
12
23
35
39
37
28
29
39
32
33
44
61
74
80
94
102
90
86
101
94
83
113
150
151
163
197
194
193
212
229
224
210
219
211
194
202
205
196
187
193
190
180
181
188
183
169
167
186
189
192
210
217
221
217
202
201
196
191
207
223
218
214
217
216
207
221
231
214
198
214
228
218
213
222
217
219
241
243
229
227
237
234
217
203
197
181
189
188
172
176
175
180
183
191
191
179
175
173
165
162
177
174
135
130
131
108
96
108
108
93
121
142
137
142
170
168
148
172
185
186
178
171
143
118
99
88
87
87
104
90
102
128
126
119
119
123
106
104
92
65
49
43
15
-6
-17
-34
-41
-47
-36
-38
-55
-61
-67
-98
-120
-118
-126
-147
-139
-130
-168
-174
-166
-177
-192
-204
-221
-227
-212
-207
-215
-210
-199
-230
-231
-212
-240
-294
-277
-268
-319
-295
-270
-285
-286
-250
-250
-277
-277
-283
-308
-332
-336
-355
-370
-385
-376
-379
-395
-402
-395
-370
-391
-397
-368
-362
-388
-409
-409
-427
-462
-465
-434
-427
-432
-399
-360
-355
-364
-362
-365
-388
-407
-390
-382
-409
-398
-397
-413
-392
-378
-382
-364
-350
-364
-379
-352
-341
-377
-352
-326
-368
-367
-301
-299
-311
-252
-237
-251
-225
-187
-188
-209
-187
-155
-166
-174
-150
-138
-153
-123
-80
-75
-89
-91
-78
-66
-66
-55
-12
-38
-60
-5
14
2
17
51
41
21
64
107
71
51
107
115
79
115
152
132
109
133
166
142
127
189
210
142
185
265
202
193
268
230
181
246
261
207
219
273
265
214
258
315
285
291
357
368
315
356
413
344
346
405
355
334
390
368
352
389
371
372
393
374
372
392
388
361
380
403
343
323
367
325
278
342
369
326
323
348
342
309
332
351
334
329
349
367
347
358
394
369
364
405
377
374
413
392
403
412
376
386
406
373
367
363
334
336
323
284
292
293
247
258
249
208
236
247
200
211
238
185
169
198
186
170
152
177
209
151
164
226
194
152
183
215
171
155
191
165
106
141
129
66
111
95
40
67
46
35
73
22
10
77
-1
-86
10
-12
-124
-71
-31
-78
-90
-41
-39
-92
-94
-69
-108
-163
-111
-84
-179
-154
-33
-88
-141
-65
-64
-139
-173
-149
-184
-265
-259
-213
-239
-274
-259
-232
-229
-312
-312
-210
-249
-342
-272
-243
-335
-280
-261
-328
-289
-284
-374
-347
-265
-335
-360
-314
-287
-294
-363
-320
-279
-432
-410
-358
-487
-411
-356
-483
-438
-356
-456
-497
-423
-372
-421
-488
-373
-312
-455
-430
-283
-402
-453
-301
-388
-471
-287
-312
-454
-318
-254
-376
-344
-295
-346
-360
-395
-325
-334
-463
-316
-267
-482
-353
-179
-393
-383
-246
-338
-363
-275
-312
-328
-230
-219
-275
-286
-178
-150
-297
-295
-50
-151
-327
-74
-29
-207
-179
-27
-56
-221
-118
43
-191
-216
61
-90
-239
14
43
-184
-80
18
-97
-158
-103
34
-78
-175
12
58
-130
-87
96
-33
-92
30
-34
-8
38
-68
133
138
-99
122
217
1
31
168
95
101
80
50
217
128
102
162
98
240
203
16
174
325
201
5
215
532
114
35
476
328
183
244
250
401
309
177
358
321
311
397
187
276
549
301
82
422
566
171
118
516
453
143
279
485
338
209
409
371
237
413
353
243
308
423
353
182
436
486
230
405
514
334
440
465
377
527
443
364
601
467
315
553
510
507
443
361
730
504
167
656
649
228
462
558
358
458
440
372
480
382
338
409
290
329
405
250
236
372
365
211
269
342
162
279
242
23
309
342
22
166
311
194
214
83
86
345
176
-79
158
354
138
-88
122
357
68
-101
89
223
21
-87
54
55
-7
-62
-39
-97
-66
-25
-209
-252
-56
-65
-312
-280
-69
0
-338
-383
104
-104
-563
-191
78
-332
-412
-96
37
-385
-390
146
-296
-538
16
-175
-499
-146
-164
-371
-282
-245
-368
-373
-407
-427
-257
-639
-398
-80
-714
-444
-174
-580
-412
-423
-527
-247
-494
-622
-364
-374
-533
-496
-296
-435
-366
-280
-581
-329
-162
-554
-586
-243
-239
-699
-573
-52
-535
-745
-80
-493
-625
-77
-546
-616
-76
-345
-735
-284
-50
-631
-566
43
-339
-559
-155
-202
-314
-294
-207
-303
-261
-91
-396
-376
-36
-200
-422
-308
-53
-190
-520
-228
-58
-307
-301
-251
-106
-188
-431
-158
-98
-299
-308
-91
-52
-336
-231
82
-149
-295
62
16
-143
-113
75
61
-101
-58
41
70
-107
-52
40
92
45
-66
-41
368
122
-398
405
322
-421
95
322
-140
51
176
16
160
189
86
101
246
192
196
94
129
421
130
42
279
202
358
160
-113
518
474
-80
108
548
434
-168
247
660
13
-70
528
408
-342
343
744
-272
234
691
-25
372
498
-62
454
569
82
117
552
588
-25
238
673
275
50
288
599
263
-89
583
487
-72
288
368
414
121
-123
701
397
-435
433
687
-174
-41
593
413
-298
242
695
-172
2
533
251
-87
130
607
-57
-123
636
82
-101
454
149
92
356
27
94
419
136
-166
290
439
-177
-85
546
316
-387
212
854
-442
-237
1153
-257
-503
856
129
-307
172
188
213
-23
-195
473
254
-396
318
335
-334
160
250
-310
108
225
-319
129
86
-404
459
-65
-698
744
171
-870
347
493
-422
-399
319
280
-765
59
531
-648
-113
339
7
-375
-170
679
-374
-592
583
-183
-434
21
-136
-226
-288
-79
-155
-248
-243
-44
-12
-451
-279
166
-305
-529
83
-53
-431
-219
117
-242
-549
-1
161
-615
-324
244
-352
-325
-344
-155
104
-799
-391
583
-842
-613
690
-702
-784
601
-369
-1122
465
-13
-1143
-60
23
-541
-431
-449
11
-326
-612
-214
-184
-228
-693
-55
-195
-660
74
-204
-981
176
346
-1407
-235
605
-768
-692
-14
-190
6
-947
-354
788
-1174
-394
523
-861
-253
368
-742
-345
436
-372
-482
61
122
-284
-455
-6
603
-943
-531
1333
-878
-751
1012
-94
-643
241
345
-154
-208
325
284
-447
152
677
-374
-502
1094
118
-813
450
768
-78
-660
609
919
-546
-233
1137
93
-326
413
704
70
-204
969
323
-203
491
880
-51
-181
974
558
-486
321
1124
-167
-266
794
584
-333
353
620
54
263
280
581
-53
305
873
-257
191
807
165
-17
416
334
293
358
-97
449
765
-180
102
858
108
211
484
208
462
128
395
538
-70
287
1031
-398
-335
1672
-264
-894
1367
335
-755
696
403
-228
294
248
134
79
243
332
-115
0
667
-156
-314
777
10
-447
585
172
-385
229
414
-272
-39
643
-287
-255
607
288
-558
68
827
-174
-445
434
425
-286
-70
158
219
-55
0
-54
-175
614
-445
-376
554
-149
-95
-289
32
496
-543
-312
606
-318
-251
73
-355
126
-84
-550
23
531
-884
-195
777
-916
-341
479
-266
-530
59
197
-414
-540
567
-336
-926
785
-343
-547
-161
3
239
-1145
-230
570
-279
-858
-286
836
-236
-1415
520
677
-979
-420
182
364
-751
-554
664
-180
-983
324
310
-1042
164
261
-606
-293
321
-406
-493
255
-155
-557
-120
130
-447
-290
-403
221
-193
-951
504
-54
-1013
482
-188
-854
631
-312
-935
699
152
-1288
581
527
-1205
90
799
-735
-530
826
-309
-525
253
-261
10
-257
-460
491
-364
-431
175
-78
-214
-463
195
34
-684
-91
298
-464
-654
253
107
-1036
54
524
-785
-439
314
105
-415
-287
144
518
-541
-552
961
-39
-1056
641
577
-1209
420
917
-1258
-24
1281
-975
-648
1013
-107
-886
331
382
-598
44
170
-315
8
157
-484
226
-121
-232
405
-652
236
345
-683
279
239
-604
785
-291
-705
1365
-326
-923
1184
341
-887
538
782
-362
-258
988
141
-416
378
665
126
-424
628
593
-418
-36
673
3
-60
177
335
65
333
-87
-50
1009
-413
-206
826
39
-250
720
-274
-153
853
63
-636
346
1248
-720
-188
865
486
-127
-73
676
505
-73
-46
916
257
-149
522
461
301
250
-163
839
760
-740
125
1407
49
-1087
1050
748
-665
322
217
-47
736
-407
-375
1039
-243
-295
496
98
-201
353
366
-519
228
962
-593
-460
1193
230
-598
0
919
566
-905
9
1724
-235
-1079
1211
647
-604
-77
736
167
-516
507
3
-424
643
-265
-620
563
356
-1203
-19
938
-984
-527
-67
309
-523
-806
355
-141
-273
-553
-322
454
-472
-925
735
-734
-196
535
-1644
653
669
-1865
437
466
-695
203
-1100
873
383
-1705
535
397
-381
-294
-618
812
106
-1331
413
369
-345
-807
126
691
-902
-454
266
1
-238
-885
29
704
-1355
-215
397
-1012
471
-712
-735
721
-696
-807
248
69
-1069
-129
725
-787
-1046
964
-40
-1148
184
147
67
-811
53
680
-941
88
861
-1101
194
896
-1074
405
171
-689
794
-197
-1153
1293
-128
-1385
1240
-170
-904
422
411
-576
-450
654
-160
-907
493
65
-915
337
86
-602
-174
-69
267
-538
-597
975
-1112
229
367
-1175
660
-133
-104
-458
167
393
-599
-123
600
-379
-142
576
-350
28
419
46
-606
970
152
-1055
1137
510
-1083
506
697
-277
-396
207
1146
-1053
-408
1877
-1216
-317
1916
-1609
13
1708
-978
-658
1158
484
-935
-476
1640
196
-1914
1593
744
-1102
211
1052
-69
-456
1016
-99
-150
698
-86
330
772
-1171
1341
1043
-1563
1456
687
-573
606
613
258
-179
779
385
-193
812
-224
427
1115
-1021
503
1536
-1174
629
957
-665
426
682
75
-292
542
123
415
-493
372
780
-1161
628
786
-803
-419
1415
-162
-1150
1230
795
-934
197
847
151
-3
40
832
-115
694
-9
49
1727
-1321
750
1614
-1259
385
1530
-297
-549
887
535
-38
-243
233
368
132
-430
195
468
-454
0
48
-72
-139
-46
-50
-120
30
-376
111
467
-1094
317
981
-1323
302
1000
-833
384
-63
485
346
-734
1274
-145
-195
348
858
-326
8
363
403
396
-1422
1948
-367
-749
910
-496
486
215
-1279
1130
535
-1978
1645
-699
-384
726
-1326
639
56
-1159
424
87
-1180
457
-159
-1204
255
407
-1240
-705
964
-581
-1109
100
10
-66
-1322
168
-54
-1054
536
-1417
-253
595
-1309
-604
581
-771
-774
-51
-597
246
-1067
-824
871
-830
-1342
577
-539
-693
210
-1252
-32
362
-1401
-453
217
-931
-11
-981
-632
965
-1967
-413
1396
-1935
-736
1415
-1030
-1142
675
129
-902
-569
573
255
-1918
699
974
-1882
398
52
-328
68
-447
-183
520
-768
-146
480
-1015
778
-518
-683
887
-448
-952
1216
-677
-893
1280
-1193
210
435
-1222
295
613
-1453
513
512
-1621
932
-36
-1029
469
224
-783
374
-385
-230
894
-1407
146
795
-770
-539
373
201
-712
115
181
-711
388
510
-1317
228
1201
-834
-589
879
463
-836
52
918
-225
-348
559
234
-487
750
178
-1077
1329
821
-2125
1122
1756
-2040
225
1916
-1180
-125
1388
-797
342
593
-347
259
496
256
-55
-275
1535
-59
-1348
2043
-66
-340
740
-208
757
798
-744
534
1222
-337
554
77
50
1732
-539
-1347
2919
226
-2602
2415
1099
-2065
1867
163
-1055
2094
-605
-356
980
203
530
-861
523
1359
-474
-700
689
1761
-1513
-469
2613
-1042
-754
1890
-449
-47
698
-657
1186
86
-1117
1497
203
-478
558
-403
1350
118
-1448
1810
345
-935
844
244
-100
414
98
-320
1041
-65
-558
968
234
-171
118
471
-159
424
95
-522
852
224
-857
477
750
-886
618
33
-753
1375
-706
-683
1082
125
-366
-487
715
730
-974
35
819
-295
530
-493
139
1127
-637
-373
825
963
-1697
780
1205
-1445
693
533
-1158
1137
532
-2641
2371
157
-2421
2076
-709
-1167
1409
-999
-887
1090
-461
-1426
135
1709
-2271
-883
2457
-1733
-1142
1004
-155
-554
-873
434
766
-2006
637
1116
-2118
923
636
-1920
1090
843
-2154
679
1431
-1698
-181
1084
-698
-309
468
-999
469
543
-1590
608
259
-800
224
-586
-607
990
-1172
-1092
1730
-1504
-1051
1395
-927
-1277
974
-157
-1323
377
135
-683
-911
789
657
-2886
989
2548
-4054
361
2942
-3000
-180
1624
-1029
-550
424
-330
-314
623
-981
-373
1125
-723
-1029
1001
-111
-1588
1440
-541
-1202
1240
-1010
-17
294
-1330
715
651
-2606
1202
1746
-3407
523
2821
-2453
-1498
3410
-1477
-1419
2467
-1792
227
1672
-1991
879
1388
-1991
1348
469
-1514
2060
-833
-468
2210
-1755
215
2483
-2284
230
2767
-2155
-195
2411
-896
-1045
1792
15
-1099
996
608
-865
-586
2151
-1052
-1346
2493
-930
-989
1451
-721
-210
784
-847
501
-175
-214
880
-1006
-77
1368
-873
-524
1109
-176
-113
-178
521
-147
-240
1207
-1200
-275
2000
-826
-1149
1418
1087
-1545
-50
2143
-1282
-236
1498
-1143
173
1595
-1686
297
1345
-1144
1090
-1334
708
1835
-2991
1759
974
-2350
2046
-722
-558
1746
-2166
632
1706
-2181
-203
2414
-1764
-1055
2704
-1373
-1049
1931
-832
-883
1627
-750
-989
1798
-709
-1044
1779
-909
-51
1121
-1647
1563
156
-1700
1778
-254
-618
410
-213
1404
-1421
-779
2773
-1602
-653
1490
-458
111
-374
262
1034
-1001
-806
2464
-984
-2050
2992
-332
-2324
2343
-285
-1656
2696
-1787
-511
2527
-2009
143
1480
-1433
490
1115
-1826
1263
794
-1535
654
863
-718
-474
1371
-701
-791
1446
-709
-817
1642
-1068
-549
1892
-1504
-667
2018
-1220
-885
1527
-753
-346
413
-243
106
-701
570
792
-2387
1122
1676
-2566
28
1934
-901
-1626
1899
-517
-1212
1461
-909
-786
1325
-771
-909
1285
-1102
66
535
-1040
494
2
-774
500
1
-740
294
215
-34
-1213
1040
851
-2420
1411
1333
-2862
1438
1757
-3324
1400
2230
-3253
605
2232
-1810
-115
603
9
-262
166
-427
-210
1485
-1502
-311
1817
-898
-1306
2240
-632
-1470
2100
-673
-691
1160
-623
-242
1522
-1763
540
1576
-2007
1147
696
-1455
1448
239
-1811
2123
366
-2357
1815
946
-2070
1102
639
-913
748
-413
504
-214
-193
1055
-1428
1189
196
-1668
2449
-1327
-1127
2849
-1938
-778
2692
-1536
-1008
2176
-815
-810
964
139
-258
-299
500
216
-544
126
535
-200
-571
991
26
-1375
1605
-202
-1021
1215
-319
-627
879
-31
-901
938
-85
-448
272
-216
-82
666
-1048
-136
1372
-1266
-217
483
129
-169
-938
518
1078
-1902
443
981
-1617
794
-44
-604
158
363
-840
374
378
-1299
1226
-480
-607
834
-299
-291
-80
739
-1027
-122
1435
-1514
-315
1267
-146
-1253
473
1212
-1234
-104
657
-436
298
88
-1133
1053
748
-2049
756
1460
-1955
204
1234
-1671
1093
-156
-1345
1240
-61
-658
-445
873
-440
-609
143
-98
234
-795
262
-258
134
-158
-626
809
-466
-330
454
-6
-867
1003
79
-1464
945
562
-1198
-258
1976
-1915
-377
2869
-3224
178
3464
-4359
673
3576
-4856
1487
2433
-4401
2144
1364
-4150
2363
1141
-3484
1054
1771
-2133
-720
1735
-781
-914
565
48
-990
1060
-630
-1192
1811
-452
-1242
423
1179
-1065
-587
1340
-594
-432
974
-642
-295
835
-34
-1237
690
1129
-1946
718
559
-1164
1105
-356
-1901
2938
-748
-3208
3936
-935
-2230
2485
-1001
-868
1910
-1448
-253
1635
-1207
-279
1144
-341
-964
1631
-600
-866
1705
-1025
-67
877
-682
24
920
-430
-684
1569
-1111
95
1248
-1537
884
82
-307
159
-285
225
-27
205
-449
-386
1460
-932
-1434
2887
-1205
-1828
2655
-636
-1573
1988
-671
-779
1745
-1396
436
873
-878
462
346
-93
-568
1262
-194
-1002
1919
-1086
-146
1760
-1260
61
1119
-57
-421
-159
1455
-302
-1323
2203
-1120
277
961
-1748
2374
-942
-1104
2619
-1124
-1423
3172
-1347
-1307
2423
-781
-86
206
29
540
-38
-475
1011
-376
53
929
-1068
136
1789
-961
-1645
2934
101
-2625
1561
2363
-2959
657
1901
-1505
999
-301
-45
1140
-447
-864
2208
-1255
-155
1586
-1335
988
-214
107
483
-286
-85
801
-682
280
624
-1024
1079
-172
-792
1067
73
-1050
1314
-546
-147
770
-811
751
-389
212
464
-1274
1470
189
-2338
2830
-718
-2311
3347
-1248
-1860
2543
-905
-808
1480
-1523
880
830
-2241
1071
1290
-2147
574
964
-1731
1378
-318
-1362
1717
-395
-1006
792
-105
-196
265
-338
-120
195
261
-465
-1010
1390
419
-2296
1209
922
-1490
436
174
-608
561
-31
-1307
1058
678
-2220
1160
1112
-2314
1329
826
-2386
1853
700
-2390
1338
1376
-1852
-336
2412
-2032
-291
2625
-2673
-202
3068
-2232
-1745
4068
-1810
-2459
3634
-969
-2301
2472
-610
-1275
1533
-1054
-335
1091
-733
-1321
1909
-337
-1713
1210
430
-1386
856
124
-1882
3173
-2027
-1850
3898
-1336
-2585
2289
1040
-2755
993
1028
-1730
993
294
-1917
1897
-30
-1535
533
228
98
-893
85
283
43
-516
-103
183
13
39
-845
90
1744
-2054
-645
2800
-1940
-509
1451
-788
-296
994
-1376
471
713
-922
146
-7
320
-529
377
-1044
1163
18
-2085
1851
721
-2791
1875
599
-2825
3371
-1903
-1100
2888
-1557
-1455
2694
-905
-1528
2635
-1830
308
688
-196
-602
557
671
-1603
1080
637
-956
-803
1685
141
-2352
1394
1629
-3166
1738
1065
-3538
3413
27
-4061
3875
521
-3880
2718
568
-1744
457
929
-966
-122
1294
-1044
-502
1494
292
-2589
1948
1146
-2425
637
1354
-1069
-106
662
-535
601
-562
333
-137
61
447
-935
449
592
-463
-838
1227
-57
-1088
943
86
-612
225
472
-537
-99
544
-404
479
-287
-420
957
-736
82
351
-764
232
852
-877
-535
1222
-780
-46
159
-905
1076
-225
-1017
971
-427
-335
734
-904
-527
1434
-726
-858
1210
-601
-204
88
-43
-86
-4
100
-329
-33
74
140
-648
630
124
-1553
1624
-176
-2043
2349
-684
-1744
2332
-851
-1687
2205
-744
-1351
2062
-990
-981
1855
-901
-1070
1845
-541
-664
546
116
57
-620
644
63
-148
212
-135
326
302
-631
91
1099
-1176
389
578
-963
981
-311
-482
753
153
-589
63
936
-392
-323
767
109
-646
960
22
-961
1862
-651
-869
1658
51
-671
-65
1314
-647
-134
1219
-795
255
741
-416
-454
820
277
-961
488
417
-530
90
-228
660
-477
-890
1695
-784
-654
944
-171
-340
233
481
-676
365
-10
203
26
-832
1641
-559
-1214
2054
-117
-1657
1505
650
-1812
864
475
-840
1088
-656
-508
873
-743
-138
420
-432
673
-40
-940
475
315
-370
15
781
-296
-215
614
-205
-229
885
-363
-184
698
-553
526
-151
-341
703
-387
-648
953
-417
-1062
1333
-435
-1112
852
-276
-789
178
195
-473
-127
687
-913
-500
808
52
-468
752
381
-707
760
-239
-208
871
-446
372
685
-548
297
263
-644
480
-109
-916
1311
-345
-1024
1296
-403
-656
246
-317
-191
133
166
-299
90
559
-1077
-91
1039
-895
161
674
-422
-70
277
-98
-246
228
-78
-57
228
-176
-355
159
-377
-488
576
-127
-638
657
-142
-948
333
-130
-518
24
369
-120
-317
353
-63
-636
-138
254
-260
-178
304
0
-407
-183
-9
-621
-476
-8
-540
-118
-76
-332
-418
-657
-506
-492
-582
-330
-61
-753
-87
-290
-576
-73
-393
88
-235
263
420
240
245
289
804
-106
571
996
333
490
839
624
503
921
208
410
1075
364
386
1231
369
5
1039
367
21
981
562
6
691
817
-366
614
1058
14
1025
829
870
1127
925
1182
1358
1210
1374
1575
1122
1497
2180
1522
818
689
-1294
-318
452
-1166
-1390
-838
-727
-3082
-3140
-1800
-2347
-3985
-4008
-2218
-1808
-2724
-2509
-1433
-1525
-2449
-2190
-318
-572
-1209
-386
915
671
866
969
68
1113
961
730
1412
2073
1277
1467
1242
871
2109
289
112
1246
351
81
552
-44
-317
-718
-1718
-1511
-789
-1689
-2416
-874
-1317
-1972
-1851
-1706
-1486
-1677
-1150
-1113
-274
276
-378
-294
839
651
-466
554
1051
941
1352
1125
1214
1577
696
-36
1266
1358
343
809
1545
1002
1027
1340
366
940
818
60
1243
1452
1177
1340
1016
1239
1610
1076
1399
2269
1927
1951
2629
2770
1981
2097
2843
2259
2957
3376
3042
2201
-1440
-2826
400
1299
-2517
-2839
84
-1777
-5591
-5579
-3160
-3011
-7081
-7680
-2105
-460
-3819
-3726
-855
-2098
-3876
-1937
271
718
282
500
1806
2764
2602
979
525
1929
2171
2374
1729
2445
2756
1228
1133
1200
1942
759
-681
379
1047
500
-559
-974
-827
-1348
-2329
-1805
-805
-1673
-1809
-1423
-795
-490
-1371
-867
-1117
-746
-242
-302
-42
-434
-763
-666
-334
-680
-923
-1227
-794
-1466
-1087
-664
-1683
-1179
-1501
-1729
-648
-222
-1439
-561
-48
-570
207
76
-17
424
99
499
1444
729
883
1239
1017
1323
1406
1089
1601
1609
1720
1702
1489
1486
482
1002
1180
986
855
1072
759
1118
1562
476
1234
1291
539
1339
2158
1670
1872
2600
2576
2993
2914
-1699
-4470
-1472
440
-1686
-2571
-116
-951
-3981
-6375
-3658
-1324
-4980
-7026
-2532
1367
-396
-1080
-72
687
-1273
-1733
486
2447
2678
1310
2022
3469
3922
2225
533
1000
1806
1711
1846
2181
2543
1329
569
1359
1112
1121
260
-1102
64
1499
457
-223
-133
-865
-1188
-429
-1169
-892
-199
-711
-48
476
746
-385
-486
-665
-372
149
-383
195
-115
-277
-833
-953
-1345
-2377
-2363
-2504
-2822
-1986
-1207
-2337
-2404
-1473
-2095
-1974
-1082
-1365
-309
696
353
828
1509
763
53
1228
1330
677
1727
1604
1288
1744
999
939
906
542
737
914
1287
1924
1143
356
697
84
-266
529
556
247
995
750
275
721
373
343
1638
2022
1842
2341
2949
2373
2867
3639
2338
506
-3820
-5408
-1529
1284
-2438
-4366
-863
-2799
-7290
-7848
-4284
-3473
-7033
-6366
-498
2517
156
-1056
-193
-513
-1245
409
3329
4562
4228
4015
4784
5782
4763
2245
1572
2107
2576
3147
2622
2520
3188
1638
-401
95
570
-1349
-1938
-562
298
203
-504
-1132
-1486
-1471
-2669
-2539
-956
-670
-890
-882
468
352
-850
-1019
-900
-107
-171
-140
1006
1537
1130
620
627
794
348
-564
-246
533
430
-69
-498
-555
-588
-1192
-1927
-1622
-1183
-1504
-2111
-1238
-829
-2267
-2799
-2837
-2652
-2352
-2047
-2442
-1837
-1274
-1769
-1257
-1317
-730
-937
-735
383
674
927
806
795
959
1463
1127
1030
984
1268
1765
1422
662
1111
1224
117
1044
1106
775
1140
843
935
1875
1060
420
1415
1355
1516
1973
842
-2949
-4587
-2761
-234
-876
-3153
-2334
-2011
-3774
-5758
-3713
-205
-1475
-3318
-18
3792
2656
668
813
1863
2209
2060
3875
5723
4579
2794
2400
2545
2190
1256
-196
-1094
578
2040
1075
-60
149
-336
-2052
-1403
452
1408
1259
1066
2344
3383
2189
-176
-471
324
581
787
1541
1769
1238
874
-927
-1341
-692
-2684
-3363
-1700
-1189
-1701
-1763
-2234
-3112
-3430
-4076
-3590
-2496
-1754
-1587
-755
808
452
2
-722
-1423
-2383
-1409
732
1182
1534
1001
624
-415
-1635
-1856
-1307
-1194
-547
9
569
1227
-433
-1316
-2052
-1880
-1573
-701
385
-17
256
258
184
-470
-966
-1581
-622
640
748
1737
2120
1700
1326
1310
502
725
1741
1821
2032
2648
2373
1560
1077
1008
1186
1264
1877
1987
2407
2868
2526
1133
-660
-3604
-5493
-2105
545
-1507
-2760
-1217
-2034
-4804
-5591
-2686
-892
-2085
-1752
1354
4847
3519
1500
1808
2558
2376
3026
4847
4864
4975
3650
2470
2607
1696
-34
-1153
-896
428
1384
531
-301
-511
-683
-1712
-2360
-1724
-654
-292
-129
1041
1282
403
-549
-829
-310
285
-165
-251
540
272
-140
-321
-896
-1567
-1925
-2383
-2408
-1604
-1332
-1764
-2117
-1715
-1568
-1841
-1527
-1564
-881
-406
-445
626
992
-58
-1956
-2224
-1260
-780
-1195
-818
177
-1392
-1882
-1711
-2086
-1876
-2193
-2270
-1296
71
-90
-558
-581
-842
-1105
-1021
-418
300
552
1015
1400
1157
957
305
173
419
860
1680
2065
2113
2075
1302
344
332
685
729
555
1236
1508
1282
774
263
289
103
189
464
1498
1841
1809
2434
2593
2014
1029
-451
-3240
-3890
-1411
757
-992
-2731
-212
-697
-4042
-4763
-1568
369
-2019
-1852
2086
4657
2917
1394
1937
2920
2797
1691
2910
4034
3634
2851
2366
1893
1529
177
-1656
-1684
-645
-317
-1212
-1257
-1093
-1227
-1789
-1924
-1285
-763
-774
-1304
-287
229
-401
-660
-1393
-1273
-249
-808
-1375
-593
-335
-900
-1363
-1300
-1465
-1481
-1358
-1349
-931
-592
-782
-799
124
552
604
975
1109
950
1288
1839
1524
1798
2082
1358
-376
-1437
-433
180
-796
-1374
-671
-1157
-2584
-3264
-2487
-1626
-2185
-2231
-1298
-453
-259
-1013
-1019
10
557
686
948
2255
2853
2064
1633
2208
2100
1077
1013
1727
2398
2000
1221
205
38
-168
-759
-555
-95
209
-622
-954
-892
-719
-951
-987
-149
1001
2185
2435
2724
2649
3395
3848
3812
4473
4534
4214
1268
-899
654
3071
2354
-713
489
1159
-1593
-3848
-2704
-315
-2298
-4019
-2407
700
844
-539
52
633
916
369
629
1104
1412
1037
441
704
1804
1922
-122
-614
-232
-46
-589
-905
-553
-566
-806
-1048
-474
-423
-553
-921
-1192
-459
-673
-1663
-1605
-1591
-1423
-1072
-1457
-1201
-716
-992
-1462
-345
226
-288
426
579
579
884
856
633
938
1041
594
880
242
-33
-93
-722
-685
-609
-848
-1829
-2934
-3683
-2866
-2376
-2834
-2553
-2079
-2151
-2574
-2206
-1775
-1128
-1500
-1041
353
531
989
889
824
420
893
1407
908
1731
1535
660
908
1023
34
-332
-577
-855
91
-271
-757
-160
103
-631
-912
-216
-271
-109
148
288
927
1793
1621
990
1918
2523
2141
2536
3046
2843
3155
3790
3831
4092
4381
3490
1653
-965
-3068
-2265
185
729
-1113
-1038
-129
-2516
-5032
-4338
-2442
-2492
-2712
-966
1803
3025
2123
1765
2143
2263
2012
2417
2968
3352
3814
3205
2569
2569
1748
40
-1173
-1701
-768
-442
-1024
-996
-1974
-2376
-2551
-2681
-2673
-2907
-2350
-1732
-817
-306
-346
-589
-856
-569
0
682
1206
1392
1479
2137
2372
1739
1394
987
121
-634
-642
-646
-892
-1152
-1664
-1996
-2185
-2532
-3217
-3187
-2694
-2603
-2668
-2694
-2221
-1880
-1986
-2247
-1812
-1230
-1297
-1062
-339
341
505
324
396
596
261
-42
216
227
191
216
-283
-380
-270
-623
-965
-1091
-794
-558
-404
-112
21
349
745
672
446
838
1353
1348
1559
1705
1732
1777
1569
1773
2161
1986
1834
1675
1296
1425
1241
1253
1563
1280
1431
1929
2623
2994
2892
3266
3199
2374
925
-1190
-1512
759
1661
428
630
1117
-968
-3816
-3677
-1651
-1123
-1944
-1397
686
1546
1999
1961
1305
963
560
690
1271
2350
2728
2437
2416
2105
2015
1092
-457
-1194
-1309
-1007
-1080
-978
-1104
-1694
-1919
-2107
-2496
-2621
-2189
-1621
-807
-225
322
502
164
-205
-215
125
-9
-91
322
644
793
765
-144
-767
-1475
-2484
-2880
-2545
-2149
-2372
-2514
-2865
-2935
-2957
-2910
-2934
-2928
-2871
-2448
-1398
-560
-261
-917
-635
-192
-280
-20
875
1338
1044
1297
1252
1151
262
-516
-683
-687
-491
-785
-1226
-1754
-1601
-1635
-1475
-1338
-1807
-1892
-1561
-814
-551
-225
-190
-89
109
166
960
1074
1268
1017
636
1077
1022
978
956
1082
1169
1641
1947
1734
1833
1787
1661
1407
1377
1644
2128
2592
3114
3902
4287
3496
2267
548
-1994
-2457
-295
1487
778
388
654
-801
-2537
-3239
-2308
-1526
-1466
-856
1035
2753
2968
2794
2252
1378
936
1015
932
1956
3347
3439
2668
2236
1804
755
-199
-1225
-1522
-1685
-1346
-1493
-1645
-1320
-1966
-2162
-2874
-2918
-2273
-1778
-1112
-651
-137
-112
216
249
103
220
62
295
631
637
387
391
-147
-1458
-2294
-2794
-2989
-2893
-2620
-2740
-2409
-1841
-2121
-1850
-1164
-669
-934
-998
-417
439
877
177
699
1344
1043
847
848
929
1036
983
370
567
680
-227
-911
-1046
-1157
-1278
-1531
-1978
-1785
-1417
-1025
-1212
-1435
-1260
-1229
-833
-555
-120
303
747
762
877
1439
1391
1275
1163
1425
1541
1388
1135
1031
1117
851
788
889
889
542
180
146
429
653
269
1
597
1071
1541
2431
3150
3379
3085
2630
974
-281
957
2648
2873
2524
3196
3497
1862
160
-182
175
271
-89
79
448
985
1614
1365
414
-436
-550
-824
-951
-170
556
791
553
230
52
-305
-719
-1003
-1336
-1551
-1165
-510
-449
-707
-617
-525
-968
-1431
-880
317
921
823
327
14
7
-628
-1294
-1257
-785
-381
-443
-478
-701
-1545
-2554
-3358
-3603
-2951
-2340
-2024
-1389
-653
-131
-370
-572
-264
102
526
751
1058
1397
1578
1351
995
735
306
-34
-388
-366
4
394
136
-557
-830
-1330
-1851
-2025
-1935
-1979
-1697
-1367
-1268
-818
-761
-1062
-1422
-1581
-1560
-948
-649
-709
-495
-689
-708
-697
-765
-1010
-739
-237
-220
-40
302
354
97
65
46
152
574
632
122
431
863
625
341
-79
-26
257
733
1373
1935
1991
1789
1958
2076
2554
3012
3429
3360
2801
3180
3778
3954
3463
2877
2657
1991
996
932
1783
1777
1030
537
309
-204
-448
-437
-752
-659
-808
-1426
-1873
-1956
-1704
-1680
-2302
-2891
-3214
-3385
-3043
-2552
-1809
-1514
-1963
-2091
-1587
-1103
-982
-456
72
620
1413
1783
1851
1955
1867
1063
841
1020
735
903
967
883
693
176
-500
-1094
-1568
-2001
-1908
-1660
-1521
-1579
-1480
-967
-759
-893
-840
-762
-808
-934
-699
-50
429
519
307
664
819
733
810
845
1015
883
600
141
-97
-311
-570
-709
-938
-1219
-1341
-1150
-1449
-1769
-1735
-2262
-2652
-2625
-2587
-2195
-1765
-1468
-1504
-1383
-1256
-1145
-880
-589
47
146
482
863
1046
1423
1509
1585
1414
1511
1767
2057
2031
1715
1554
876
855
997
888
1195
973
621
605
776
459
160
231
572
1181
1869
2740
3395
4070
3619
2973
2778
3045
3516
3239
3725
4049
3821
3128
2785
2725
2262
1862
949
438
83
48
-40
-118
-202
-967
-1621
-2540
-2954
-3150
-3413
-3437
-3279
-3311
-3423
-2921
-2772
-2910
-3315
-3385
-3255
-2755
-1816
-1520
-941
-442
-167
-85
235
918
998
1053
1114
1247
1437
1233
966
914
791
792
854
587
329
200
126
150
26
-281
-564
-776
-730
-824
-944
-773
-737
-920
-913
-334
69
17
-87
-206
-67
135
120
5
-347
-452
-478
-573
-587
-1033
-1229
-1502
-1734
-1617
-1878
-2288
-2617
-2733
-2757
-2530
-2552
-2874
-3236
-3621
-3454
-3138
-2685
-2270
-2095
-1779
-1258
-876
-612
-247
48
478
822
1316
1837
2138
2283
2113
1845
1506
1405
1195
1230
1481
1364
1373
1275
891
552
243
-133
78
675
1198
1654
2107
2593
2641
2650
2587
2609
2909
3116
3513
3763
3956
4058
4159
3999
3402
3556
3357
2694
2441
2457
2493
2207
1723
647
-216
-714
-882
-958
-1369
-1700
-2176
-2605
-3089
-3329
-3599
-4102
-4330
-4377
-4075
-3323
-2691
-2430
-2332
-2525
-2307
-1646
-1202
-847
-405
303
905
1009
999
1006
938
609
235
395
1038
1288
754
550
752
755
347
23
70
164
201
-22
-55
65
36
-200
-5
373
532
663
665
701
395
276
39
-289
-473
-585
-412
-582
-608
-729
-1107
-1335
-1573
-1888
-2155
-2234
-2658
-2852
-2658
-2837
-3013
-3027
-3016
-3066
-3005
-2836
-2572
-2306
-2059
-1547
-993
-494
-194
117
249
386
656
808
1013
1258
1546
1363
1344
1486
1584
1793
1781
1807
1713
1817
1606
1225
1430
1524
1486
1619
1987
2101
2180
2325
2283
2398
2247
2158
2266
2534
2845
2913
2999
3091
3142
3181
3217
3040
2966
2701
2636
2765
2643
2398
1764
1447
1121
708
430
492
621
264
-127
-741
-1090
-1285
-1538
-1550
-1549
-1359
-1302
-1653
-1994
-1775
-1732
-2172
-2383
-2539
-2406
-2238
-2062
-1779
-1542
-1522
-1892
-2078
-2068
-1684
-1619
-1482
-876
-348
200
432
724
859
902
869
893
1252
1705
1944
1845
1919
2038
2090
2009
1972
1779
1474
1309
971
901
889
545
291
42
-428
-1135
-1677
-2031
-2355
-2483
-2594
-2654
-2877
-2881
-2933
-3159
-3111
-3197
-3341
-3487
-3188
-2787
-2657
-2608
-2643
-2580
-2412
-2286
-2183
-1889
-1699
-1587
-1382
-1113
-1042
-1060
-1024
-960
-730
-319
31
0
97
240
238
417
463
445
554
412
441
755
930
1057
1212
1439
1534
1685
1864
1913
2077
2264
2294
2415
2666
2641
2459
2204
1781
1556
1534
1398
1243
1301
1514
1795
2174
2222
2045
1726
1148
916
1012
1180
1226
1170
1291
1325
1354
1318
944
670
541
266
7
162
471
576
470
277
33
-563
-1083
-1581
-1954
-1721
-1573
-1867
-1940
-1733
-1985
-2306
-2182
-2092
-2203
-2155
-1990
-1547
-908
-588
-412
-260
-34
178
568
1101
1364
1556
1633
1578
1720
2070
2168
2256
2312
2138
2042
1873
1620
1282
924
392
-4
-289
-715
-1048
-1388
-1614
-1946
-2165
-2407
-2656
-2589
-2578
-2516
-2571
-2739
-2704
-2575
-2562
-2401
-1966
-1896
-2023
-1742
-1543
-1501
-1389
-1434
-1349
-1269
-1423
-1467
-1238
-1009
-1036
-1324
-1545
-1404
-1177
-1181
-1425
-1346
-946
-934
-938
-681
-561
-395
-264
-91
381
1003
1547
1723
2083
2631
2810
2995
3145
3180
3464
3591
3586
3827
3932
3792
3594
3293
3043
2810
2348
2088
1946
1865
1804
1528
1360
1313
1272
1008
1066
1182
589
75
248
761
1016
1125
1159
1015
627
326
506
912
1030
626
253
30
-6
86
69
30
-324
-834
-1094
-1200
-1230
-1135
-1165
-1585
-1903
-1686
-1397
-1147
-781
-590
-717
-827
-769
-573
-76
311
636
1056
1269
1351
1466
1735
1925
1891
1621
1429
1593
1650
1476
1346
1095
697
217
-205
-380
-448
-644
-1195
-1603
-1831
-2157
-2381
-2474
-2542
-2561
-2481
-2430
-2265
-2019
-2005
-2220
-2377
-2442
-2343
-2017
-1590
-1238
-1150
-1200
-1325
-1539
-1842
-2052
-2127
-2123
-2097
-2031
-1759
-1514
-1478
-1629
-1788
-1877
-1937
-1756
-1571
-1453
-1133
-890
-885
-984
-789
-538
-707
-774
-395
115
424
676
856
1102
1370
1412
1606
1908
2092
2166
2233
2279
2387
2552
2586
2748
2814
2779
2744
2555
2611
2637
2583
2570
2410
2340
2391
2372
2420
2316
1413
259
-324
-33
106
-329
-327
-73
-526
-1484
-1685
-1546
-1299
-1273
-1738
-1893
-1494
-583
-138
-49
-63
-129
-108
-297
-214
253
1040
1363
944
654
938
1166
820
566
405
388
205
17
130
229
441
258
-59
-108
253
547
651
785
719
689
487
467
587
718
698
592
590
410
389
270
-1
-399
-834
-989
-883
-853
-948
-916
-1119
-1579
-1951
-2081
-2228
-2314
-2362
-2699
-2889
-2661
-2424
-2429
-2449
-2373
-2323
-2261
-2136
-1756
-1201
-974
-942
-781
-585
-482
-370
-279
-330
-450
-603
-615
-514
-390
-475
-791
-1133
-1387
-1355
-1232
-1020
-821
-629
-447
-305
167
683
978
1176
1429
1705
2017
2460
2936
3430
3697
3834
3915
3872
3904
3841
3677
3511
3505
3367
3172
3045
2753
2603
2372
2166
2008
2141
1599
-196
-1615
-1375
-322
-513
-762
-387
-499
-1797
-3047
-2647
-1601
-936
-1217
-1636
-1286
-153
737
1011
1191
1011
933
854
1035
1561
2238
2382
1480
800
767
1209
971
272
-192
-692
-1013
-1193
-1113
-1072
-797
-833
-1121
-874
-284
260
185
-80
-345
-152
469
850
1235
1554
1419
780
353
327
426
489
184
-52
-180
-296
-354
-470
-678
-1020
-1365
-1868
-1971
-1775
-1688
-1792
-2079
-2230
-2251
-2087
-2151
-2114
-2096
-2184
-2124
-1931
-1604
-1480
-1406
-1544
-1520
-1270
-1006
-942
-1058
-1072
-1300
-1353
-1506
-1632
-1478
-1489
-1467
-1520
-1494
-1484
-1495
-1468
-1471
-1311
-1225
-950
-539
-64
358
784
1196
1246
1406
1723
2020
2042
2270
2710
2966
3051
3229
3392
3268
3237
3049
2928
2646
2478
2196
2092
2318
2516
2610
2699
2535
-108
-3043
-3377
-1295
-745
-1851
-1448
-833
-1791
-4376
-4566
-2519
-1162
-1883
-2747
-1338
575
1814
1731
1587
1488
1422
1450
1364
2368
3763
4021
2391
1003
1351
2135
1689
204
-406
-328
-474
-1091
-1120
-613
-813
-1781
-2639
-2021
-802
9
-70
-440
-420
-343
-261
-403
56
658
687
171
143
805
993
590
-172
-307
-229
-283
-423
-253
8
-44
-312
-918
-866
-636
-738
-1372
-1566
-1024
-703
-790
-1267
-1474
-1605
-1906
-2452
-2349
-1630
-1435
-1862
-2286
-2093
-1757
-1651
-1778
-1736
-1473
-1200
-1141
-1302
-928
-544
-739
-961
-775
-398
-343
-480
-613
-424
-178
-175
-227
-90
520
888
787
601
888
1288
1468
1500
1320
1569
1890
2039
1923
2357
2841
2786
2644
2519
2637
2689
2999
2638
2629
3011
3526
3854
4193
3212
-660
-2921
-1882
481
-29
-810
396
599
-1439
-3734
-2431
-132
-37
-2250
-2563
-60
1829
1806
984
1068
994
732
348
479
1661
2594
1934
-52
-374
868
1309
354
-451
200
459
-227
-1047
-597
237
-247
-1326
-1702
-466
610
540
-143
-344
-105
-372
-1061
-1246
-256
304
-187
-797
-416
183
-160
-978
-1414
-1028
-847
-1073
-1222
-682
-51
-256
-784
-963
-582
-640
-1278
-1637
-1176
-473
-676
-1103
-1274
-1311
-1638
-2399
-2698
-2280
-1661
-1846
-2203
-2071
-1558
-1438
-1813
-1804
-1539
-1065
-1037
-889
-388
42
-126
-807
-817
-307
302
401
161
78
79
69
-93
-108
179
434
453
247
484
996
1117
969
829
890
1071
1388
1442
1592
1983
2468
2625
2747
2866
2845
2843
2582
2645
2728
3376
3780
4323
2756
-773
-2181
-854
716
-738
-944
254
83
-2446
-3928
-1738
515
442
-1666
-1376
751
1957
1378
862
1396
1501
1169
424
837
2209
2590
1326
-111
-95
343
0
-481
-305
520
636
-291
-899
-323
547
-79
-1305
-1423
-565
197
116
-219
-268
-492
-1249
-1986
-1534
-484
-350
-1014
-1408
-888
-459
-604
-944
-955
-573
-456
-520
-222
629
867
393
-82
168
730
450
-234
-619
-225
-76
-475
-856
-947
-1102
-1983
-2618
-2390
-1663
-1542
-1872
-1728
-1338
-1046
-1161
-1067
-683
-394
-367
-527
-81
382
369
121
-221
-321
-136
186
271
325
504
194
-374
-615
-445
-354
-501
-455
-314
-214
-113
24
119
248
165
185
349
711
1219
1702
2303
2755
3008
3068
3050
2921
3251
3324
3542
3727
4612
3171
-849
-2051
-177
1984
-73
-830
720
866
-1679
-3991
-1712
721
961
-944
-721
1403
2178
1264
285
813
1443
1673
916
880
2185
2837
1560
-59
-85
-17
-613
-979
-141
1090
1087
142
-625
-387
-148
-458
-1109
-1275
-939
-499
-280
-655
-1012
-1712
-2668
-3518
-3256
-2379
-1895
-1924
-2153
-1858
-1685
-1883
-2217
-1908
-1224
-965
-724
-23
989
1352
1023
495
389
725
712
171
-7
430
599
-24
-625
-315
-445
-1556
-2621
-2561
-2017
-1899
-1962
-2020
-1720
-1610
-1804
-1915
-1404
-699
-717
-734
-368
163
307
-72
-514
-836
-652
-486
-333
131
276
29
-458
-670
-683
-834
-806
-781
-460
-196
-184
63
275
327
233
312
491
634
1085
1496
1875
2395
2949
3093
2991
3037
2939
3072
3200
3837
4296
4834
3010
-662
-1587
166
1924
-34
-460
1194
1173
-1448
-3492
-1440
738
473
-1613
-963
1461
2335
1022
140
1148
1692
1248
321
967
2665
3082
1947
836
931
943
-67
-345
428
1579
1498
64
-247
629
1171
103
-1196
-1192
-767
-570
-871
-889
-680
-1324
-2677
-3620
-3086
-2364
-2509
-3046
-2791
-1999
-1890
-2263
-2328
-1717
-1177
-1173
-1255
-590
620
1051
495
263
605
666
113
-390
-136
415
346
-563
-876
-113
-102
-1376
-2387
-2030
-1041
-717
-846
-806
-537
-531
-1081
-883
-1
423
279
230
724
1080
1080
739
146
-394
-507
-427
-314
-246
-147
-17
-372
-531
-682
-910
-989
-956
-728
-871
-809
-378
-11
298
363
501
689
724
979
1385
2039
2408
2574
2641
2558
2738
2731
2749
2710
3370
3877
4285
2995
-229
-1446
-433
947
-160
-231
1714
1647
-681
-2184
-1022
390
-19
-994
-182
1118
1498
677
1143
2155
1919
1226
557
987
1695
2069
1868
1723
1517
698
-357
-67
1002
1057
710
30
17
373
740
909
48
-505
-938
-547
144
-59
-419
-1163
-1480
-1875
-2080
-1791
-1769
-1783
-2104
-2045
-1776
-1664
-1699
-1707
-1327
-1169
-1117
-1019
-539
-66
-208
-568
-767
-804
-1237
-1848
-1672
-1057
-1054
-1687
-1862
-1171
-1260
-2193
-2661
-2128
-1300
-883
-782
-641
-451
-582
-920
-884
-93
385
360
429
978
1362
1052
627
-1
-436
-556
-551
-278
-265
-216
-467
-796
-628
-818
-1075
-1158
-655
-345
-517
-197
218
509
400
273
390
240
124
198
719
1329
1685
1752
1621
1557
1456
1593
1709
2013
2590
3027
3299
3084
1553
-178
-897
-361
533
536
639
1156
1219
-131
-2015
-1426
547
481
-810
-710
1499
2121
1143
1296
2472
2618
881
339
1378
1951
1632
2025
2122
1113
144
691
1536
884
286
472
583
-197
-468
341
483
-739
-1414
-923
-402
-1159
-2102
-2119
-1816
-1855
-2387
-2144
-1718
-1701
-2025
-1879
-1609
-1920
-2068
-1620
-898
-646
-527
-466
-398
-364
-524
-584
-640
-936
-1365
-1299
-589
-412
-914
-1293
-1079
-864
-1097
-1214
-1146
-723
-343
108
267
67
-133
-435
-312
-55
499
784
758
872
900
906
460
163
-81
-407
-421
-316
95
150
63
-76
-319
-339
-705
-862
-604
26
344
-93
-89
36
-212
-485
-452
-254
-666
-853
-464
3
370
675
946
656
478
450
758
1037
1248
1617
1887
2064
2006
2386
2192
1522
397
-12
880
1483
1555
1320
1866
1666
264
-237
919
1594
443
-323
749
1771
1246
1142
2516
3611
2395
912
1423
2235
1954
1347
1508
1762
1127
826
1512
2050
1680
206
-645
-638
-603
-686
-932
-646
-682
-969
-1427
-1874
-2003
-2180
-2062
-2047
-1819
-1587
-1362
-1065
-949
-1053
-1527
-1703
-1694
-1494
-1172
-667
-348
-808
-1282
-1262
-1082
-1380
-1912
-2049
-1629
-1084
-943
-1099
-976
-574
-629
-924
-813
-350
-41
-49
-32
265
434
197
-208
-292
-96
-112
-26
57
190
118
-47
-82
-103
23
-186
-473
-669
-561
-321
-208
-236
-406
-432
-566
-782
-863
-723
-555
-743
-940
-908
-917
-1016
-1281
-1593
-1917
-1942
-1604
-1363
-1183
-784
-261
-58
-306
-413
-114
269
574
828
1313
1443
1526
1821
2199
2711
2721
2740
2407
1903
1803
2329
3120
2947
2743
2692
2252
1441
1246
1912
1863
1073
773
1418
1762
1578
1790
2455
2044
486
216
1138
1189
64
-291
518
845
234
-85
156
-194
-1085
-1659
-1401
-1373
-1617
-1451
-1375
-1594
-2160
-2313
-2316
-2087
-1610
-1425
-1333
-1270
-850
-636
-576
-628
-768
-859
-914
-476
-195
-237
-464
-735
-863
-1067
-1384
-1687
-1616
-1213
-956
-828
-868
-818
-549
-294
-237
-410
-136
152
407
514
366
57
-306
-302
-612
-710
-453
-212
-231
-378
-141
49
-95
-400
-354
-91
-214
-477
-284
211
394
70
29
180
70
-394
-850
-816
-781
-805
-821
-762
-760
-1013
-1295
-1599
-1788
-1881
-1860
-1600
-1332
-995
-666
-404
-227
-128
-94
25
421
1063
1502
1598
1749
1975
2309
2525
2788
2919
2843
2439
1930
2168
2644
2717
2366
2254
2083
1415
1228
1690
1914
1097
399
934
1616
1608
1396
1873
2133
1375
771
1063
1282
619
239
702
1180
978
716
891
708
145
-490
-630
-566
-466
-273
-418
-487
-778
-965
-1144
-1156
-1102
-1383
-1322
-1089
-594
-565
-677
-626
-846
-983
-1285
-1177
-936
-889
-851
-984
-935
-1258
-1785
-2114
-2008
-1546
-1405
-1279
-1096
-875
-641
-253
19
-44
-196
-134
218
321
158
-110
-169
-258
-562
-785
-731
-652
-766
-650
-363
-115
-77
20
25
-71
-106
-225
-279
-283
-167
-58
31
115
-61
-475
-712
-762
-867
-1125
-1081
-802
-807
-1031
-1304
-1365
-1547
-1823
-1853
-1646
-1361
-1089
-845
-664
-468
-250
-124
-129
140
774
1200
1260
1354
1705
1822
1598
1601
1979
2375
2291
1813
1306
1271
1621
1945
1992
1812
1677
1327
978
949
1250
1283
912
854
1328
1724
1502
1480
1937
2020
1327
832
1076
1259
1085
1194
1674
1619
1012
722
1012
961
366
39
266
267
-264
-573
-574
-638
-878
-1001
-977
-1082
-1401
-1641
-1589
-1436
-1453
-1625
-1703
-1575
-1478
-1600
-1772
-1709
-1570
-1639
-1779
-1695
-1570
-1765
-1840
-1579
-1030
-819
-943
-888
-698
-285
1
267
404
469
698
873
831
528
342
274
299
367
415
452
376
381
468
590
577
691
770
467
224
222
474
244
-175
-174
-95
-115
-464
-641
-793
-1157
-1445
-1579
-1371
-1263
-1302
-1386
-1471
-1527
-1687
-1799
-1720
-1503
-1432
-1292
-1002
-683
-619
-663
-463
-256
-46
133
535
1002
1184
1209
1230
1369
1302
1212
1468
1891
2242
2313
2348
2000
1175
920
1633
2366
2096
1677
1715
1748
1391
1100
1593
1944
1682
1197
1248
1520
1305
1412
1833
1804
976
622
1216
1628
1572
1252
1188
966
657
684
824
943
630
289
-212
-734
-796
-494
-177
-418
-592
-697
-927
-1261
-1439
-1277
-1439
-1791
-2033
-1926
-1666
-1584
-1609
-1815
-1855
-1886
-1964
-1917
-1873
-1716
-1712
-1547
-1270
-1031
-820
-692
-392
-356
-564
-770
-399
276
475
360
158
140
7
-96
26
143
50
-65
113
317
566
750
861
630
299
247
184
178
164
250
111
-254
-391
-416
-479
-812
-1130
-1323
-1561
-1684
-1728
-1591
-1544
-1472
-1455
-1650
-1767
-1798
-1617
-1608
-1486
-1205
-1083
-1150
-1264
-1000
-683
-546
-526
-389
-20
269
387
492
608
502
204
255
745
1264
1415
1426
1623
1927
2230
2332
2228
1761
1402
1526
2157
2625
2594
2508
2204
1885
1579
1739
1829
1432
1168
1248
1482
1243
1278
1734
1828
1263
707
764
802
730
863
1230
1347
862
411
287
257
2
-391
-599
-686
-636
-699
-754
-834
-1008
-1256
-1579
-1648
-1583
-1572
-1726
-1703
-1543
-1584
-1718
-1654
-1410
-1435
-1611
-1592
-1427
-1271
-1100
-850
-607
-547
-533
-392
-278
-256
-126
158
370
316
395
726
937
869
597
583
562
479
490
619
916
1006
929
717
556
419
214
31
27
191
183
110
106
209
50
-483
-869
-1012
-1112
-1354
-1432
-1257
-1270
-1435
-1647
-1702
-1779
-1964
-1997
-1877
-1596
-1386
-1236
-1261
-1397
-1471
-1547
-1507
-1245
-709
-337
-299
-169
27
154
135
146
352
550
858
1267
1805
2174
2271
2365
2360
2420
2603
2902
3131
3307
3540
3459
3052
2858
3212
3517
3086
2415
2098
2021
1922
1811
1968
1878
1425
1136
1140
1169
881
784
759
439
212
429
716
417
-33
-190
-392
-889
-1329
-1252
-1012
-1136
-1397
-1527
-1616
-1876
-2059
-1981
-1886
-1933
-2019
-1880
-1701
-1632
-1667
-1680
-1513
-1470
-1643
-1729
-1436
-1003
-815
-736
-604
-371
-328
-366
-213
60
210
123
304
655
851
818
824
865
714
624
619
626
662
817
1029
1072
941
820
675
454
180
57
47
-68
-78
-85
-221
-554
-860
-1056
-1358
-1563
-1649
-1669
-1772
-1884
-1848
-1758
-1795
-2069
-2305
-2417
-2391
-2289
-2122
-1929
-1879
-1799
-1797
-1836
-1841
-1706
-1330
-1001
-791
-711
-528
-307
-169
-42
88
224
236
284
487
923
1334
1420
1391
1467
1632
1598
1494
1591
1818
1992
2069
2330
2688
2970
3085
2947
2489
1915
1789
2198
2706
2785
2611
2404
2201
1994
1781
1817
1714
1494
1323
1329
1512
1481
1517
1390
965
351
-94
-113
-308
-457
-540
-710
-1183
-1746
-1813
-1853
-2105
-2570
-2770
-2717
-2731
-2596
-2400
-2151
-2050
-1921
-1722
-1661
-1719
-1721
-1407
-920
-561
-580
-636
-473
-365
-358
-289
-88
10
-21
97
520
985
1023
816
785
854
777
672
868
1160
1223
1144
1067
1005
818
617
563
587
521
464
514
467
267
109
147
24
-231
-498
-678
-783
-869
-790
-878
-1116
-1348
-1483
-1606
-1777
-1836
-1836
-1985
-2264
-2348
-2265
-2224
-2299
-2335
-2252
-2115
-1931
-1666
-1389
-1174
-1054
-1063
-1036
-833
-528
-225
12
193
459
720
891
1040
1210
1405
1512
1556
1574
1667
1930
2164
2214
2251
2418
2541
2547
2582
2780
2957
2951
3035
3207
3210
2873
2569
2808
3181
3086
2703
2534
2527
2309
1944
1879
1950
1649
1160
997
1017
820
506
401
255
-344
-957
-1167
-1123
-1311
-1689
-1831
-1998
-2480
-2772
-2567
-2441
-2697
-2940
-2699
-2360
-2363
-2439
-2285
-2010
-1871
-1765
-1565
-1356
-1273
-1183
-1085
-1011
-922
-732
-323
86
414
566
503
464
602
779
763
727
757
749
682
756
1050
1195
1269
1134
1078
1315
935
663
985
1060
968
823
595
452
283
-19
-134
-183
-455
-619
-553
-693
-1057
-1353
-1434
-1443
-1561
-1562
-1514
-1632
-1999
-2386
-2630
-2802
-2949
-3027
-2977
-2934
-2810
-2604
-2452
-2316
-2027
-1853
-1834
-1725
-1535
-1128
-780
-543
-331
-290
-316
-129
189
347
455
566
772
1043
1338
1532
1607
1515
1380
1378
1290
1408
1676
1908
1952
1973
2109
2258
2366
2548
2680
2499
2498
2328
2327
2546
2806
2959
2562
2257
2027
1955
1628
1350
1448
1195
657
195
158
121
-206
-396
-430
-733
-1217
-1468
-1299
-1237
-1490
-1654
-1806
-2061
-2248
-2041
-1896
-2007
-1960
-1784
-1634
-1590
-1463
-1220
-1066
-1001
-926
-869
-773
-493
-151
143
236
221
245
261
405
508
490
439
554
739
767
887
971
1041
1000
888
1050
1233
1248
1062
882
846
791
657
477
413
447
362
145
-8
-103
-286
-555
-748
-843
-948
-1067
-1116
-1134
-1255
-1432
-1613
-1771
-2056
-2239
-2269
-2355
-2404
-2436
-2316
-2309
-2436
-2444
-2319
-2137
-2043
-1977
-1777
-1470
-1144
-728
-477
-313
-175
-103
95
401
623
648
703
859
1188
1408
1408
1461
1477
1467
1469
1627
1845
1950
1884
1870
2127
2302
2344
2381
2550
2649
2676
2815
2983
3204
3200
3151
3072
2839
2536
2267
2387
2568
2404
1977
1689
1494
1085
831
773
606
257
-13
-6
-91
-363
-535
-518
-610
-1042
-1398
-1343
-1291
-1522
-1698
-1620
-1700
-2105
-2274
-1992
-1775
-1917
-2055
-1921
-1831
-1897
-1706
-1279
-993
-944
-1016
-995
-774
-428
-299
-369
-257
-37
-4
-7
236
563
800
729
585
783
932
957
1049
1128
1176
1228
1297
1248
830
426
417
409
146
-184
-146
-14
-282
-628
-698
-737
-911
-1089
-1164
-1067
-1105
-1310
-1538
-1726
-1821
-1975
-2098
-2069
-1995
-2042
-2231
-2370
-2412
-2465
-2501
-2405
-2195
-1995
-1944
-1908
-1661
-1388
-1302
-1352
-1314
-1054
-835
-773
-641
-383
-163
-27
78
163
239
339
574
925
1268
1482
1594
1702
1788
1944
2078
2207
2331
2435
2615
2764
2847
2798
2747
2779
2733
2622
2636
2787
2946
2891
2617
2252
1820
1623
1690
1829
1638
1149
832
626
425
245
199
43
-317
-546
-526
-469
-634
-670
-582
-708
-997
-1116
-861
-663
-734
-878
-988
-1141
-1360
-1385
-1181
-1062
-1167
-1210
-1012
-733
-564
-531
-514
-514
-460
-321
-141
139
358
373
336
336
355
337
351
515
606
530
419
411
421
398
379
322
303
255
278
340
271
8
-278
-336
-310
-343
-436
-460
-538
-706
-843
-865
-990
-1268
-1438
-1572
-1706
-1935
-2043
-2061
-2109
-2118
-2135
-2252
-2529
-2624
-2616
-2631
-2653
-2629
-2475
-2329
-2176
-2034
-1948
-1933
-1937
-1740
-1446
-1233
-1038
-804
-520
-340
-223
-95
60
279
466
758
1028
1131
1192
1425
1783
1910
1919
1915
2001
2211
2462
2723
2825
2842
2832
2891
2943
2931
2943
2931
3005
3035
3016
2895
2736
2771
2814
2660
2415
2226
1977
1800
1830
1873
1662
1194
864
758
641
495
415
334
94
-254
-346
-259
-364
-594
-726
-816
-1072
-1226
-1097
-1013
-1164
-1364
-1413
-1461
-1540
-1483
-1319
-1239
-1370
-1415
-1187
-982
-891
-806
-739
-729
-759
-699
-522
-338
-302
-256
-100
-80
-148
-83
156
331
301
193
170
245
409
576
590
534
509
576
576
448
353
243
121
70
103
1
-266
-368
-342
-439
-666
-930
-1120
-1298
-1438
-1445
-1453
-1588
-1802
-1857
-1831
-1822
-1866
-1891
-1849
-1833
-1812
-1856
-1831
-1802
-1825
-1810
-1789
-1712
-1593
-1457
-1373
-1287
-1217
-1228
-1238
-1141
-975
-835
-695
-518
-390
-296
-146
7
115
224
471
807
1106
1278
1397
1552
1709
1830
1894
1976
2093
2202
2285
2409
2483
2418
2320
2309
2322
2256
2175
2130
2140
2143
2072
2016
1892
1682
1555
1414
1260
1217
1332
1304
1013
840
814
657
304
191
266
149
-41
-64
-2
-213
-516
-567
-639
-938
-973
-700
-635
-841
-951
-868
-919
-1059
-1080
-1009
-1023
-1091
-987
-853
-870
-917
-893
-852
-787
-663
-513
-289
-39
148
205
143
217
368
464
485
514
590
581
623
686
607
428
351
389
399
337
197
115
-2
-168
-292
-443
-586
-735
-882
-970
-1006
-1102
-1306
-1505
-1615
-1614
-1617
-1687
-1724
-1677
-1708
-1814
-1794
-1680
-1652
-1791
-1853
-1719
-1648
-1691
-1712
-1648
-1606
-1695
-1741
-1584
-1332
-1174
-1029
-869
-753
-651
-537
-356
-186
-44
75
316
636
872
1048
1108
1189
1357
1535
1643
1761
1903
2028
2197
2350
2379
2280
2193
2136
2146
2180
2220
2247
2260
2311
2322
2285
2214
2182
2174
2170
2153
2166
2194
2120
2002
1943
1887
1666
1460
1490
1615
1498
1225
1127
1020
716
433
411
410
251
149
169
38
-250
-365
-324
-418
-705
-787
-743
-822
-888
-871
-863
-1026
-1176
-1248
-1272
-1184
-1065
-1029
-996
-873
-789
-832
-837
-577
-395
-482
-420
-117
43
0
75
212
164
40
122
317
300
157
131
98
-1
-141
-258
-251
-228
-229
-277
-294
-293
-436
-663
-782
-776
-812
-973
-1083
-1031
-1079
-1293
-1449
-1495
-1584
-1732
-1792
-1752
-1682
-1629
-1650
-1687
-1689
-1726
-1778
-1788
-1710
-1596
-1609
-1640
-1515
-1408
-1385
-1331
-1240
-1123
-990
-831
-611
-420
-341
-266
-151
1
205
370
464
528
634
791
910
996
1055
1107
1153
1225
1338
1440
1522
1564
1629
1660
1631
1647
1716
1761
1726
1699
1659
1584
1534
1519
1521
1454
1404
1435
1493
1525
1494
1493
1428
1284
1173
1095
1022
957
933
875
782
716
661
549
415
309
184
66
-18
-59
-166
-307
-439
-631
-789
-885
-976
-1075
-1068
-1039
-1037
-1053
-1063
-1017
-1045
-1050
-967
-834
-785
-767
-648
-579
-577
-555
-512
-502
-479
-371
-224
-160
-169
-161
-140
-105
-87
-97
-124
-130
-95
-49
-52
-105
-201
-326
-355
-345
-396
-476
-519
-557
-643
-741
-892
-1115
-1287
-1284
-1276
-1332
-1372
-1395
-1418
-1490
-1535
-1543
-1567
-1575
-1528
-1460
-1468
-1432
-1304
-1244
-1269
-1253
-1170
-1157
-1140
-1008
-824
-681
-616
-556
-494
-386
-262
-185
-108
-11
157
338
488
618
703
775
830
929
1070
1212
1355
1459
1621
1769
1784
1811
1933
2025
2019
2046
2106
2145
2134
2129
2136
2048
1929
1819
1797
1805
1806
1749
1641
1617
1578
1513
1413
1346
1270
1158
1122
1131
1149
1104
1050
1014
972
868
809
821
766
694
631
593
492
349
286
255
167
22
-76
-151
-224
-291
-335
-354
-407
-517
-571
-539
-568
-638
-679
-683
-723
-746
-685
-579
-519
-557
-553
-504
-448
-408
-377
-335
-281
-177
-97
-43
13
34
-19
-79
-77
-110
-165
-202
-214
-246
-347
-460
-595
-696
-789
-913
-1014
-1107
-1218
-1323
-1340
-1351
-1450
-1610
-1694
-1725
-1764
-1797
-1824
-1810
-1795
-1731
-1691
-1715
-1704
-1652
-1582
-1493
-1379
-1248
-1176
-1158
-1088
-1017
-1020
-1042
-942
-814
-745
-656
-570
-482
-390
-275
-158
-58
34
197
402
574
691
769
868
992
1150
1240
1271
1331
1406
1476
1533
1564
1597
1611
1569
1534
1510
1517
1515
1438
1335
1288
1306
1248
1133
1043
992
984
948
883
804
767
732
668
638
661
705
671
614
608
638
634
573
543
487
403
352
329
293
249
224
139
12
-46
-47
-62
-124
-190
-227
-278
-333
-356
-354
-391
-415
-408
-437
-488
-514
-479
-440
-440
-437
-426
-375
-280
-217
-198
-198
-189
-190
-183
-155
-113
-69
-128
-181
-176
-196
-290
-406
-459
-498
-523
-571
-685
-807
-887
-909
-917
-997
-1081
-1108
-1146
-1220
-1248
-1220
-1240
-1299
-1339
-1346
-1340
-1339
-1324
-1270
-1232
-1215
-1162
-1121
-1128
-1082
-991
-989
-1010
-926
-803
-755
-738
-637
-519
-440
-342
-212
-113
-51
88
274
419
512
651
830
943
1011
1088
1159
1202
1256
1325
1422
1522
1566
1587
1604
1584
1561
1518
1481
1485
1444
1387
1376
1392
1358
1294
1248
1228
1164
1089
1088
1094
1088
1031
957
952
955
877
781
727
697
667
651
653
626
568
508
505
518
469
418
374
322
303
309
289
234
199
161
79
22
6
3
-39
-61
-46
-39
-46
-67
-58
-36
-9
-21
0
55
96
140
147
174
229
251
279
323
349
354
325
296
257
246
251
193
85
16
-41
-185
-291
-356
-414
-484
-544
-568
-649
-737
-815
-889
-995
-1072
-1077
-1145
-1243
-1319
-1360
-1409
-1462
-1496
-1527
-1526
-1525
-1522
-1499
-1449
-1428
-1418
-1379
-1334
-1271
-1221
-1162
-1122
-1096
-1034
-960
-913
-889
-823
-749
-713
-654
-583
-516
-434
-358
-308
-256
-147
-41
-15
23
158
293
344
407
526
610
654
716
794
841
861
884
905
927
952
992
1019
1013
977
933
912
878
831
771
725
704
613
507
446
383
286
184
147
127
58
-16
-25
-19
-46
-88
-128
-153
-181
-175
-150
-149
-170
-191
-216
-217
-185
-221
-243
-210
-187
-156
-120
-75
-45
-36
-6
12
24
49
73
115
159
191
191
167
204
283
305
297
334
373
386
401
415
399
343
257
207
159
102
29
-62
-138
-219
-283
-336
-406
-507
-597
-663
-696
-731
-797
-846
-889
-966
-1041
-1051
-1074
-1131
-1162
-1165
-1148
-1140
-1127
-1100
-1049
-995
-980
-969
-912
-834
-770
-739
-681
-589
-523
-465
-387
-319
-289
-224
-135
-41
66
137
213
275
354
451
549
632
698
804
915
986
1028
1082
1124
1168
1209
1238
1248
1249
1279
1302
1304
1291
1290
1256
1200
1149
1124
1064
990
940
887
841
750
675
626
570
502
464
450
436
405
390
401
368
320
286
261
212
202
180
144
150
126
88
55
28
12
3
8
7
0
16
29
60
73
60
61
95
139
171
230
266
306
308
300
330
349
369
377
413
432
450
485
493
478
457
420
383
383
390
386
333
263
239
231
168
120
84
14
-74
-152
-192
-264
-342
-449
-530
-597
-666
-732
-800
-853
-939
-1011
-1094
-1155
-1177
-1219
-1234
-1212
-1204
-1206
-1187
-1150
-1140
-1100
-1072
-1043
-982
-918
-846
-801
-747
-720
-676
-649
-614
-539
-473
-429
-417
-344
-276
-229
-206
-196
-139
-110
-51
81
172
244
321
365
417
444
459
471
464
445
440
413
304
229
192
163
89
8
-3
5
-3
-37
-41
-39
-1
48
109
160
196
196
153
142
124
98
28
-18
-47
-95
-154
-208
-237
-306
-341
-330
-358
-396
-353
-315
-293
-279
-285
-256
-281
-331
-307
-234
-193
-111
-30
11
37
24
9
32
68
79
126
147
166
218
270
289
337
385
403
476
555
616
650
692
679
682
681
651
605
546
536
494
422
329
236
128
49
-50
-131
-206
-300
-368
-447
-465
-528
-605
-661
-703
-742
-782
-804
-804
-823
-854
-849
-901
-922
-962
-950
-906
-876
-827
-779
-701
-636
-541
-435
-324
-263
-176
-41
81
172
287
401
435
432
473
546
596
668
692
728
763
790
793
786
810
839
859
859
918
942
916
897
914
888
861
867
844
781
736
701
626
558
450
407
364
279
252
201
103
28
-26
-69
-103
-147
-181
-194
-146
-134
-118
-121
-172
-178
-238
-250
-221
-186
-158
-160
-146
-118
-100
-128
-117
-84
-63
-33
18
47
108
152
178
224
256
313
360
419
457
498
559
645
680
703
709
708
720
709
726
692
680
669
639
586
544
490
398
333
279
243
163
90
36
11
-42
-94
-122
-192
-253
-308
-395
-482
-552
-643
-684
-727
-788
-817
-855
-899
-915
-951
-1003
-988
-977
-950
-929
-899
-861
-825
-775
-728
-648
-638
-624
-570
-531
-489
-411
-345
-311
-260
-229
-206
-141
-86
-62
-18
-9
65
102
120
164
162
167
183
224
252
296
324
354
351
400
433
399
391
409
407
355
348
336
306
265
267
233
204
146
125
93
15
-5
-56
-69
-117
-156
-224
-260
-302
-368
-424
-490
-531
-561
-566
-583
-561
-603
-615
-631
-647
-648
-661
-647
-631
-577
-538
-460
-422
-389
-341
-289
-265
-226
-155
-102
-11
60
108
153
184
188
210
222
267
313
301
284
302
338
344
359
362
378
379
392
408
405
403
387
366
335
322
287
231
190
140
105
56
-15
-69
-184
-242
-247
-304
-361
-368
-336
-340
-375
-436
-423
-405
-431
-444
-419
-374
-357
-317
-315
-287
-252
-258
-220
-175
-132
-82
-49
-13
16
51
57
57
64
99
158
186
233
279
348
417
478
516
570
626
639
692
721
722
744
766
793
796
766
754
739
705
689
703
688
672
659
626
587
575
520
435
406
333
277
210
172
147
117
51
-2
-44
-136
-162
-223
-256
-267
-292
-291
-289
-311
-330
-327
-340
-334
-323
-320
-297
-293
-280
-238
-242
-228
-239
-223
-212
-207
-160
-145
-98
-53
-13
9
24
24
58
88
88
111
112
160
175
202
249
242
257
272
265
256
266
276
280
264
288
291
249
231
181
137
113
89
47
-12
-52
-91
-139
-185
-237
-293
-366
-422
-463
-510
-544
-564
-592
-602
-573
-590
-588
-590
-596
-587
-589
-577
-602
-578
-567
-574
-528
-542
-544
-521
-545
-512
-492
-494
-449
-403
-359
-322
-276
-221
-167
-115
-53
9
59
97
182
253
287
330
331
352
375
404
388
361
389
381
373
379
388
389
392
377
385
384
373
376
356
400
369
339
342
287
263
219
148
99
64
30
4
-30
-40
-61
-91
-112
-139
-159
-196
-219
-232
-268
-254
-250
-295
-289
-276
-263
-269
-263
-254
-231
-214
-219
-198
-205
-184
-176
-162
-166
-199
-165
-158
-160
-122
-98
-49
-3
2
26
58
58
71
93
104
147
160
184
217
236
218
199
207
175
175
183
167
152
146
119
108
101
60
40
32
-5
-20
-21
-52
-66
-84
-119
-150
-185
-225
-199
-211
-263
-268
-284
-311
-325
-314
-296
-283
-285
-271
-232
-232
-222
-193
-168
-124
-87
-23
-1
35
85
89
138
162
204
256
299
355
386
385
408
417
417
438
440
449
436
455
473
470
495
518
533
560
580
569
579
574
545
527
503
476
444
394
367
344
311
302
285
263
247
228
195
172
138
112
97
73
36
-10
-16
-32
-37
-73
-110
-103
-129
-155
-155
-168
-191
-189
-220
-210
-185
-213
-206
-186
-186
-156
-128
-124
-114
-85
-59
-28
8
10
47
58
36
35
26
23
42
78
77
95
127
91
70
71
43
52
68
54
70
78
27
-5
-50
-84
-96
-127
-156
-157
-159
-190
-206
-242
-274
-290
-326
-360
-374
-407
-431
-441
-459
-495
-529
-558
-584
-611
-628
-618
-621
-620
-626
-601
-621
-620
-589
-590
-566
-556
-521
-470
-422
-408
-373
-329
-297
-272
-255
-213
-170
-134
-110
-83
-30
32
53
104
152
199
276
336
367
421
466
473
493
497
524
508
479
444
424
423
379
361
329
318
327
311
279
267
240
213
206
166
157
125
80
63
35
3
-20
-47
-69
-90
-106
-104
-116
-125
-129
-134
-137
-151
-163
-177
-186
-153
-135
-114
-72
-66
-35
-21
-27
1
18
21
34
50
52
69
73
61
57
58
76
104
114
94
119
135
114
119
106
75
62
38
32
25
-26
-33
-24
-40
-57
-85
-124
-150
-166
-166
-173
-216
-243
-275
-293
-292
-299
-295
-304
-309
-310
-331
-326
-316
-326
-312
-318
-307
-309
-330
-315
-321
-304
-280
-270
-257
-263
-237
-214
-207
-186
-151
-121
-106
-71
-51
-23
-1
19
80
124
150
189
231
264
295
306
326
359
375
418
460
474
496
526
539
537
557
574
581
603
607
634
664
659
658
679
677
666
678
665
669
655
624
593
586
572
534
513
476
466
426
377
334
273
209
176
155
114
110
94
65
55
44
14
-1
-18
-55
-87
-127
-154
-156
-183
-193
-193
-197
-184
-188
-189
-201
-183
-167
-160
-141
-129
-119
-105
-92
-103
-95
-112
-130
-124
-112
-120
-110
-70
-78
-75
-82
-107
-106
-133
-149
-159
-198
-219
-245
-277
-296
-348
-401
-426
-462
-503
-535
-567
-593
-628
-644
-659
-684
-706
-746
-767
-778
-800
-813
-826
-820
-783
-767
-762
-749
-749
-735
-716
-695
-675
-662
-631
-592
-540
-484
-439
-370
-300
-219
-136
-66
4
67
148
202
247
296
338
400
442
478
520
574
599
623
648
674
723
759
798
805
819
826
794
763
731
711
683
664
642
610
573
547
528
486
443
398
360
319
266
227
175
125
90
59
52
46
8
-34
-54
-72
-89
-76
-68
-66
-55
-65
-76
-70
-94
-118
-130
-151
-148
-146
-152
-148
-136
-131
-133
-121
-129
-124
-110
-105
-74
-57
-37
-16
-24
-50
-40
-29
-51
-51
-53
-72
-68
-55
-61
-73
-84
-86
-91
-103
-111
-129
-134
-120
-110
-109
-132
-155
-183
-210
-215
-234
-228
-237
-257
-287
-316
-337
-361
-361
-379
-386
-396
-397
-396
-415
-423
-426
-425
-416
-413
-397
-375
-365
-332
-300
-283
-268
-247
-224
-210
-202
-181
-145
-102
-52
-23
5
46
90
134
193
260
316
363
409
460
490
533
573
597
612
638
679
708
739
751
756
754
753
758
751
738
738
726
709
680
636
609
559
536
512
481
454
425
390
351
312
276
263
235
215
186
160
137
114
112
116
88
70
58
41
39
28
35
37
42
41
44
49
34
27
48
58
73
97
102
108
108
104
90
97
88
88
84
77
104
99
80
59
47
26
14
-1
-22
-40
-59
-71
-107
-135
-156
-191
-211
-230
-275
-312
-339
-382
-419
-453
-497
-531
-568
-600
-640
-662
-678
-715
-734
-755
-768
-770
-785
-789
-798
-814
-827
-832
-845
-860
-877
-891
-880
-884
-888
-870
-837
-823
-797
-738
-718
-681
-635
-609
-560
-520
-495
-448
-388
-337
-275
-226
-199
-161
-129
-68
0
50
122
167
214
266
318
376
399
419
445
477
496
543
568
593
628
646
671
679
701
692
689
697
678
672
676
654
646
653
643
641
618
597
584
565
553
547
533
514
486
459
432
403
388
371
373
381
372
348
339
325
304
290
268
266
239
214
202
160
145
132
123
110
81
78
56
49
62
60
32
15
12
-5
-12
-37
-49
-51
-73
-78
-91
-118
-110
-102
-117
-135
-150
-165
-184
-212
-251
-267
-284
-304
-321
-334
-341
-344
-350
-359
-366
-394
-415
-409
-428
-443
-440
-445
-450
-451
-448
-453
-452
-454
-447
-435
-432
-414
-402
-379
-362
-360
-350
-333
-295
-277
-238
-209
-214
-174
-140
-110
-90
-56
-19
4
48
66
93
107
114
115
117
144
163
197
229
253
262
294
329
340
363
373
381
399
411
401
410
424
432
447
448
442
454
450
428
422
413
424
434
425
432
431
422
418
422
414
403
414
419
412
412
416
400
403
416
429
441
437
449
452
457
462
465
487
514
533
546
551
541
519
489
487
488
473
469
461
464
448
422
397
354
314
287
251
211
181
145
111
69
21
-22
-65
-108
-153
-201
-250
-289
-324
-357
-400
-437
-472
-510
-550
-600
-639
-677
-708
-730
-770
-798
-813
-842
-866
-879
-904
-926
-924
-931
-948
-963
-982
-984
-981
-964
-936
-907
-891
-886
-852
-824
-790
-749
-707
-647
-608
-577
-534
-492
-461
-413
-361
-314
-248
-196
-161
-112
-75
-49
-20
14
62
83
111
150
169
191
214
249
279
282
296
314
317
339
345
366
373
364
375
359
355
359
366
359
349
340
326
340
335
320
322
323
312
316
313
300
292
282
278
266
237
220
231
248
262
281
293
284
301
313
319
345
367
383
407
439
451
456
466
472
479
486
487
496
484
495
512
494
472
436
413
385
354
324
286
254
215
183
167
158
137
104
72
43
23
0
-33
-65
-101
-139
-168
-186
-204
-238
-284
-330
-365
-378
-385
-414
-437
-475
-509
-524
-546
-562
-567
-577
-589
-587
-580
-579
-579
-569
-565
-544
-514
-491
-463
-460
-459
-452
-440
-419
-385
-356
-328
-308
-299
-271
-240
-226
-216
-196
-187
-157
-108
-86
-60
-39
-16
14
45
70
75
98
116
124
139
158
187
215
235
237
251
256
270
286
277
271
274
272
277
309
309
308
326
342
361
380
373
364
365
352
347
333
315
315
327
329
334
351
365
360
372
384
397
427
418
418
414
431
446
447
468
481
505
514
536
566
563
548
549
542
517
498
480
458
438
431
397
365
345
336
338
313
294
285
253
222
203
172
163
125
77
53
12
-22
-62
-96
-128
-156
-163
-183
-208
-220
-244
-284
-324
-356
-387
-426
-468
-492
-503
-513
-541
-581
-618
-655
-660
-673
-669
-652
-660
-650
-639
-623
-605
-602
-608
-619
-629
-620
-599
-569
-549
-548
-525
-527
-513
-493
-494
-482
-482
-466
-455
-447
-441
-443
-436
-435
-427
-416
-412
-387
-388
-397
-358
-344
-334
-291
-258
-224
-191
-148
-118
-102
-59
-30
-4
44
66
92
123
140
166
169
178
203
216
233
254
260
280
297
302
314
322
340
340
354
376
387
408
405
409
428
441
448
459
468
472
472
457
450
444
424
396
389
390
400
397
380
373
363
368
359
343
328
319
306
286
270
245
221
217
209
198
188
175
168
150
153
163
147
145
157
157
152
143
124
117
94
70
58
45
33
10
-23
-71
-99
-115
-134
-140
-142
-140
-150
-155
-160
-174
-181
-199
-210
-215
-229
-225
-225
-237
-232
-227
-217
-218
-218
-210
-205
-193
-201
-213
-219
-219
-219
-215
-235
-245
-244
-244
-232
-226
-222
-232
-232
-223
-219
-216
-222
-227
-234
-230
-218
-224
-226
-226
-219
-195
-177
-144
-100
-74
-56
-41
-35
-14
6
5
11
22
21
19
29
17
12
18
19
23
42
56
61
91
120
147
171
194
226
250
256
260
274
280
297
307
318
343
355
350
361
378
392
391
394
420
415
422
431
421
420
409
415
430
420
405
393
374
355
337
330
325
315
293
266
245
225
188
157
146
121
107
78
54
28
0
-27
-64
-76
-110
-130
-156
-192
-212
-248
-273
-282
-303
-324
-339
-358
-358
-361
-370
-360
-343
-334
-329
-326
-319
-301
-300
-315
-327
-323
-318
-305
-292
-271
-254
-250
-222
-203
-185
-184
-198
-183
-194
-198
-184
-184
-187
-185
-197
-201
-180
-181
-191
-194
-192
-191
-179
-165
-172
-168
-169
-171
-171
-187
-191
-180
-168
-147
-142
-152
-143
-135
-128
-141
-160
-152
-152
-146
-135
-129
-125
-111
-94
-78
-45
-23
-6
19
46
48
56
66
71
83
81
86
91
103
116
124
137
158
189
209
214
233
252
250
252
262
271
272
277
290
295
282
277
266
260
270
275
285
283
296
297
284
297
294
290
291
294
306
300
294
287
272
251
221
213
211
190
179
168
153
161
149
142
128
109
105
96
77
57
52
39
23
11
-14
-41
-48
-69
-106
-108
-104
-111
-87
-77
-74
-57
-62
-69
-67
-64
-68
-57
-38
-44
-65
-80
-85
-83
-93
-102
-86
-71
-69
-70
-87
-107
-105
-97
-103
-111
-121
-134
-139
-137
-139
-123
-108
-103
-94
-113
-116
-113
-112
-107
-116
-117
-111
-122
-136
-147
-161
-148
-141
-133
-123
-126
-114
-93
-92
-87
-66
-57
-39
-30
-31
-26
-26
-19
-20
-18
-27
-30
-24
-21
-3
16
33
48
79
90
93
106
107
117
119
117
122
124
123
118
124
129
126
130
130
111
97
96
92
82
90
88
76
65
60
61
73
78
85
80
52
50
46
49
47
39
43
38
39
30
14
-2
-21
-25
-30
-36
-37
-37
-36
-26
-20
-29
-33
-48
-68
-77
-98
-101
-103
-127
-129
-136
-141
-145
-156
-163
-173
-168
-173
-183
-172
-161
-156
-139
-118
-121
-134
-147
-173
-186
-197
-195
-191
-190
-188
-185
-191
-193
-186
-181
-169
-164
-152
-165
-172
-164
-168
-175
-177
-168
-159
-145
-143
-135
-123
-126
-135
-130
-129
-127
-108
-107
-101
-96
-93
-82
-63
-57
-54
-48
-38
-22
-21
1
15
23
42
45
34
24
23
14
20
24
41
56
78
103
108
113
132
158
159
162
152
134
126
114
106
117
125
128
148
145
150
158
143
142
151
145
136
135
123
118
122
112
109
103
95
101
107
113
111
115
111
110
115
117
125
120
120
123
131
128
136
156
160
165
168
162
152
144
137
140
141
130
120
115
105
98
96
98
98
76
60
43
38
37
37
44
33
37
29
1
-3
-16
-27
-30
-18
-6
7
11
3
1
-14
-34
-62
-81
-103
-107
-97
-104
-92
-85
-82
-84
-86
-95
-93
-77
-89
-84
-100
-102
-97
-103
-105
-117
-113
-124
-129
-134
-124
-113
-103
-93
-91
-82
-74
-71
-84
-93
-83
-65
-45
-47
-45
-30
-19
-4
18
33
40
68
90
89
98
93
92
90
87
103
99
113
132
139
167
176
185
187
178
166
156
158
149
137
138
142
146
154
150
155
158
131
106
86
64
26
-17
-34
-52
-73
-79
-92
-112
-110
-108
-127
-123
-123
-122
-108
-103
-104
-126
-147
-161
-178
-169
-174
-178
-181
-190
-171
-152
-135
-122
-110
-110
-107
-103
-106
-104
-98
-94
-105
-97
-98
-85
-59
-46
-36
-31
-22
-20
-12
-20
-26
-31
-33
-21
-15
-5
-4
-1
-6
-11
-9
10
15
8
-3
-25
-32
-30
-49
-71
-67
-90
-95
-84
-89
-87
-83
-75
-72
-74
-89
-99
-90
-106
-119
-109
-112
-114
-103
-94
-82
-83
-66
-36
-10
11
7
10
15
28
36
40
47
41
32
35
38
42
53
71
87
80
72
65
62
66
70
75
56
34
42
51
43
50
44
38
29
23
27
7
-5
-13
-14
-9
-14
-13
-23
-41
-45
-54
-50
-48
-55
-47
-52
-45
-20
-15
-15
-18
-26
-27
-24
-20
-6
-3
4
21
21
30
35
39
46
49
48
51
60
54
50
51
59
59
68
79
65
77
89
106
116
113
127
127
108
100
80
67
63
56
71
67
53
50
50
56
45
27
35
40
30
25
31
35
30
43
47
54
51
46
35
22
19
12
15
16
8
0
-6
-14
-15
-12
4
7
10
30
27
31
35
20
16
11
11
11
-2
0
-2
0
10
1
7
15
19
12
4
11
11
16
24
25
23
11
8
3
12
34
39
35
26
21
9
3
0
0
3
0
-5
-15
-26
-48
-51
-42
-35
-23
-7
-5
-4
11
27
23
14
19
12
5
10
8
12
19
4
6
14
14
32
50
62
63
63
65
62
46
31
24
8
-8
-19
-18
-37
-43
-49
-57
-61
-76
-83
-83
-76
-84
-82
-77
-82
-95
-100
-109
-111
-97
-85
-71
-59
-47
-48
-39
-45
-54
-57
-74
-82
-71
-58
-42
-33
-36
-41
-49
-40
-29
-17
-10
-18
-23
-33
-54
-60
-62
-80
-83
-77
-68
-67
-53
-51
-65
-62
-52
-57
-55
-47
-43
-27
-18
-1
15
30
50
68
73
84
88
64
65
58
39
24
6
5
4
8
11
19
23
19
38
41
34
41
56
55
37
25
31
28
25
33
29
32
33
28
32
41
41
45
51
45
34
24
10
-4
-13
3
23
23
31
19
14
16
9
7
-6
-21
-25
-28
-33
-44
-42
-33
-47
-28
-17
-18
7
10
16
29
43
50
70
85
92
97
78
64
52
39
36
47
50
38
27
27
12
-16
-15
-8
-8
-11
-26
-36
-37
-44
-56
-59
-62
-67
-71
-72
-73
-73
-72
-69
-62
-80
-103
-90
-85
-78
-66
-55
-42
-44
-55
-67
-76
-84
-81
-83
-86
-91
-88
-67
-57
-53
-53
-40
-33
-38
-42
-29
-26
-43
-30
-24
-29
-35
-37
-40
-33
-18
-13
-13
-11
2
35
60
80
110
117
126
126
118
118
128
129
121
114
92
81
81
79
80
91
106
117
119
125
123
123
126
125
112
95
92
73
73
47
39
58
54
61
61
52
41
37
33
33
38
40
50
52
52
57
60
61
50
44
36
31
31
34
35
27
23
11
5
10
27
26
11
9
6
2
11
18
13
21
15
3
-13
-30
-32
-35
-27
-14
-13
-32
-38
-34
-42
-47
-44
-52
-62
-65
-88
-98
-108
-120
-119
-121
-118
-127
-123
-117
-121
-124
-137
-142
-139
-146
-157
-148
-143
-164
-163
-169
-164
-142
-135
-110
-93
-80
-78
-86
-97
-111
-108
-103
-87
-73
-59
-49
-44
-42
-46
-38
-37
-37
-34
-36
-28
-22
0
