-56
-57
-64
-75
-80
-90
-96
-95
-117
-130
-122
-128
-119
-120
-129
-122
-129
-137
-132
-135
-140
-145
-151
-141
-147
-154
-144
-144
-142
-142
-148
-148
-149
-156
-158
-168
-183
-180
-184
-190
-198
-210
-210
-219
-222
-218
-208
-206
-207
-196
-207
-210
-205
-199
-198
-200
-199
-205
-186
-175
-178
-174
-164
-161
-170
-183
-187
-198
-211
-216
-223
-218
-208
-218
-218
-227
-231
-215
-206
-202
-191
-175
-185
-183
-169
-166
-157
-146
-135
-123
-108
-97
-85
-66
-72
-77
-67
-62
-54
-51
-42
-44
-54
-55
-65
-62
-64
-66
-54
-57
-67
-59
-56
-63
-50
-49
-49
-38
-35
-38
-25
-9
-2
10
21
56
80
89
115
131
130
126
121
95
89
85
71
78
74
70
75
83
90
96
89
94
98
96
111
107
116
126
131
136
139
150
156
163
169
172
167
170
185
195
187
192
199
211
222
224
228
226
223
210
195
178
176
179
193
212
225
238
238
241
248
246
258
280
287
304
313
319
331
343
361
372
388
399
399
405
405
394
379
358
341
331
315
309
299
285
287
284
267
251
234
215
208
201
195
194
199
210
232
246
245
250
253
256
258
245
235
219
202
180
164
163
153
146
139
133
129
129
138
135
130
132
118
105
96
86
89
85
83
82
70
53
47
44
31
37
37
40
42
38
39
25
11
-7
-26
-34
-41
-52
-66
-82
-109
-133
-153
-178
-201
-210
-226
-247
-253
-257
-264
-256
-253
-251
-246
-253
-247
-240
-232
-221
-214
-221
-245
-241
-225
-225
-248
-259
-269
-323
-336
-316
-305
-303
-307
-314
-308
-294
-313
-316
-293
-297
-317
-302
-283
-263
-243
-252
-274
-275
-278
-283
-243
-218
-233
-234
-226
-216
-155
-142
-170
-152
-149
-178
-169
-133
-142
-142
-148
-166
-156
-154
-176
-182
-174
-200
-211
-202
-185
-170
-145
-144
-162
-136
-138
-156
-129
-124
-134
-124
-100
-80
-69
-62
-86
-70
-37
-35
-30
-12
-6
-33
-37
-47
-58
-71
-92
-106
-99
-82
-97
-95
-78
-92
-84
-56
-26
11
23
26
30
33
12
-9
-13
-17
-19
-26
-17
1
18
44
50
54
61
52
48
50
51
32
19
32
23
21
33
26
29
44
47
52
77
81
86
102
97
105
102
83
78
72
58
51
64
79
75
82
84
66
61
54
39
35
42
26
7
6
-5
-15
-27
-22
-16
-22
-16
-4
18
39
38
31
37
44
40
41
43
50
59
69
106
114
112
114
119
123
137
155
148
161
176
187
202
201
192
178
160
162
167
175
193
193
199
207
196
208
220
213
237
261
268
270
272
255
247
237
226
222
209
197
187
202
223
232
240
254
249
248
237
220
227
228
218
200
199
181
180
176
172
208
227
218
238
265
246
249
256
240
249
257
245
239
247
239
243
266
265
241
211
181
164
161
132
106
90
55
34
5
0
-7
-35
-56
-69
-59
-69
-70
-70
-77
-85
-103
-112
-120
-124
-126
-120
-112
-132
-160
-163
-164
-162
-157
-169
-164
-158
-175
-190
-207
-211
-226
-248
-240
-242
-264
-280
-273
-283
-277
-281
-301
-289
-293
-297
-293
-309
-326
-310
-334
-360
-342
-359
-389
-381
-361
-357
-361
-392
-406
-384
-391
-401
-384
-376
-406
-422
-413
-393
-373
-370
-359
-328
-310
-316
-288
-249
-235
-219
-200
-177
-141
-107
-113
-101
-59
-61
-79
-64
-48
-50
-49
-54
-54
-43
-53
-69
-67
-62
-64
-57
-47
-37
-24
-49
-63
-48
-48
-49
-38
-3
21
23
48
67
71
67
62
79
90
62
41
47
43
41
52
80
99
111
117
117
137
140
138
141
138
131
120
98
109
122
115
99
85
103
89
89
97
113
124
136
153
162
160
139
146
144
151
145
129
118
95
101
90
85
107
88
58
65
60
49
56
52
69
75
68
101
125
120
110
131
159
152
163
171
124
107
130
113
99
88
100
96
54
69
109
95
69
83
121
98
70
121
145
120
83
90
120
75
36
43
38
4
-6
23
28
-8
-29
-10
-2
-11
-15
7
37
22
14
41
63
55
27
19
61
66
10
4
49
37
-41
-40
23
3
-88
-70
-7
-55
-77
-36
2
-34
-60
37
-15
-81
103
91
-52
15
100
121
-34
-78
198
107
-146
29
123
7
-45
-53
92
53
-148
9
93
-63
-3
55
-6
-6
27
97
16
-6
201
118
-30
87
180
158
-3
41
255
116
-44
23
128
58
-111
18
84
-74
-18
-43
-77
50
-5
-53
-8
94
75
-67
40
103
1
-28
-35
56
-29
-140
138
-8
-237
114
49
-222
73
160
-118
-29
116
-45
-73
25
-70
-56
-38
-198
-106
1
-153
-232
-122
-55
-220
-339
-70
4
-312
-312
-5
-55
-314
-244
-75
6
-310
-427
196
-51
-604
131
83
-585
-13
49
-348
-275
-188
140
-310
-648
328
114
-702
-179
232
-62
-592
-225
441
-434
-490
338
-260
-381
37
-168
-253
-319
45
10
-681
-177
180
-427
-458
-31
37
-375
-307
-25
-131
-100
-263
-36
-6
-459
184
-68
-592
289
-23
-521
-73
-24
-35
-374
-300
299
-251
-464
258
150
-378
-79
328
-165
-280
334
129
-314
86
263
-224
-79
403
-136
-269
302
55
-251
-7
287
-33
-301
253
161
-252
164
199
-165
2
256
-33
-201
222
141
-211
103
69
-87
292
-33
-166
302
79
9
65
-93
431
239
-515
186
645
-139
-390
271
382
-67
-224
-54
467
179
-519
126
569
-77
-202
40
338
184
-284
77
309
170
-74
-168
546
287
-430
377
455
-125
105
280
379
-77
-57
830
-62
-430
905
171
-425
421
401
33
0
323
291
102
265
82
229
503
-145
67
488
14
117
246
-3
414
330
-424
459
617
-478
150
495
-75
216
-128
38
674
-378
-281
679
115
-472
231
495
-127
-223
286
427
-131
-176
439
324
-259
-36
388
314
-303
66
484
43
-25
25
404
183
-336
394
511
-569
315
531
-368
278
104
-45
597
-470
-371
1309
-338
-1054
1041
751
-1133
-150
1194
-69
-643
145
637
222
-704
-249
1305
-208
-1272
908
817
-1105
-128
926
-248
-499
50
633
-156
-833
609
724
-958
-271
1077
22
-822
113
904
-68
-983
363
1259
-907
-776
1300
175
-1089
191
793
-279
-554
197
587
-312
-596
789
254
-968
675
443
-729
326
258
-90
-25
-67
393
113
-468
198
708
-333
-548
796
294
-533
-40
493
497
-698
-170
1224
-411
-747
834
38
-455
28
294
-159
-352
434
150
-597
37
838
-446
-659
698
289
-846
10
404
-46
-300
-588
1016
-258
-1460
1458
58
-1944
1272
431
-1779
353
723
-531
-997
270
890
-916
-1048
932
621
-1623
-443
1657
-602
-1752
1298
811
-2024
240
1334
-1092
-625
471
375
-507
-1138
1099
563
-2166
918
1019
-2107
470
1062
-1327
-602
942
198
-1322
-519
1529
-424
-1828
988
743
-1399
-246
855
-623
-594
449
-93
-825
108
751
-972
-692
1319
-163
-1595
946
873
-1541
-29
1135
-660
-677
719
262
-720
-97
903
-174
-975
850
692
-1294
196
1177
-968
-402
1155
-361
-813
572
472
-512
-634
750
533
-1253
238
1059
-1199
46
1219
-1164
-307
1357
-409
-937
720
373
-581
-174
266
28
-415
215
96
-654
57
591
-650
-669
649
268
-971
-153
696
-546
-266
177
-328
-154
257
-300
-571
343
377
-866
-294
980
-838
-72
608
-1007
673
287
-1094
869
-49
-746
1141
-835
-589
1664
-1156
-884
1573
-786
-575
447
-313
300
-747
-106
918
-1035
-313
976
-377
-829
457
625
-1110
111
829
-790
134
361
-508
206
133
-383
44
-114
85
-156
-326
-209
241
81
-1212
219
897
-1301
-524
1001
-822
-559
164
-384
-137
-488
-404
-9
-299
-619
-386
44
-204
-889
29
221
-1060
-97
582
-1223
-106
810
-1198
161
374
-980
672
-173
-833
964
-447
-516
623
-414
119
-60
-636
951
-245
-1158
969
245
-821
32
406
-17
-285
-180
284
290
-477
-31
668
-81
-470
551
232
-461
513
157
-635
901
100
-740
755
201
-279
-100
634
42
-401
580
84
201
-132
-52
787
-375
-261
634
-104
150
-37
-181
831
-311
-440
852
123
-482
566
520
-744
666
760
-853
502
1055
-563
-26
1061
-57
-147
581
488
-137
401
544
-98
614
351
-24
479
492
126
290
305
403
374
-21
586
231
-8
616
173
3
254
547
116
-294
681
470
-478
446
577
-62
79
8
754
-59
-266
564
278
413
-537
447
1175
-899
158
1216
-775
426
533
-747
1032
123
-749
956
562
-894
531
827
-502
20
530
111
-198
440
29
89
163
-154
939
-558
-477
1804
-664
-577
1113
-247
536
-109
-393
1240
-195
-348
831
-287
119
846
-811
-41
1307
-837
-218
872
-363
197
-209
118
555
-623
168
271
-213
68
-402
514
14
-812
667
154
-520
-125
313
369
-771
-197
947
-576
-416
595
-314
190
-125
-363
835
-496
-395
999
-785
80
789
-1244
694
685
-1568
448
1082
-1265
-294
891
-456
-332
61
-91
-180
82
-175
-294
52
-213
447
-297
-1194
1328
418
-2298
902
921
-1406
-8
17
-96
48
-622
-168
231
-217
-321
-188
-195
-118
273
-870
-594
1101
-600
-1413
597
461
-1517
-299
952
-1177
-775
976
-814
-900
658
-620
-433
328
-924
1
426
-875
-554
616
-84
-1280
296
515
-1011
-280
552
-772
-77
289
-684
61
77
-266
-211
245
-272
-316
354
-149
-480
440
-336
-291
881
-803
-334
1042
-187
-1123
1075
230
-1354
1299
-185
-1018
1255
-77
-1033
937
388
-774
516
-10
179
192
-522
678
21
-324
158
260
-19
-326
498
135
-631
756
181
-995
1157
-11
-861
1103
182
-995
1019
351
-1133
1229
-374
-264
1004
-874
522
603
-1041
889
645
-1364
1312
429
-1309
1486
114
-1012
1410
19
-888
1358
-371
-420
1238
-802
306
693
-498
333
50
244
55
-145
369
128
-165
322
-87
185
309
-500
692
74
-126
314
142
91
285
96
-232
1046
-314
-452
1271
71
-926
1096
330
-549
586
49
68
76
606
-601
530
383
-810
1219
-429
-443
1063
-401
-124
538
-374
378
-4
-7
284
-222
-85
530
-6
-897
813
-24
-335
173
-333
515
-23
-424
240
-134
390
-283
-529
1052
-760
-316
577
-620
177
-158
-422
623
-507
-500
518
-126
-470
-95
332
-299
-233
95
-86
-359
114
-18
-389
-264
369
-109
-950
560
126
-543
-76
206
-30
-224
-222
344
-244
-250
367
-519
280
-437
-156
541
-759
-333
751
-262
-1039
624
190
-1106
411
98
-979
530
-85
-746
339
-459
-13
362
-1236
226
874
-1161
-522
1103
-770
-599
897
-813
-179
458
-363
-202
15
-169
158
-115
-377
65
0
35
-154
-459
111
602
-1071
-286
846
-825
-439
637
-749
-543
764
-350
-804
101
500
-330
-780
-192
1236
-1257
-946
1629
-1436
-330
1070
-1570
-71
1392
-1800
-100
844
-938
60
-232
-185
85
-194
-453
296
-201
-348
103
-136
-88
-249
4
-267
-40
-110
-376
86
-50
-390
312
-138
-426
726
-468
-156
815
-731
-97
945
-577
-666
1332
-526
-933
1799
-937
-901
1627
-469
-768
732
17
-429
538
-319
-369
744
-400
-298
692
-625
-119
917
-732
-554
1040
-248
-576
562
-534
567
123
-1085
1171
-76
-749
1159
-493
-373
1303
-508
-432
983
32
-501
754
-185
-86
866
-704
278
592
-489
95
740
-504
59
568
-358
648
-360
-223
1268
-557
-453
1383
-894
365
628
-708
932
-605
357
682
-940
875
565
-1043
1298
397
-859
832
462
-207
22
743
-236
-90
1083
-224
-861
1410
673
-1670
979
1324
-1516
525
1329
-984
114
1172
-351
-118
613
81
359
-115
324
515
-453
461
497
-148
47
44
922
-198
-784
1306
126
-585
195
430
356
-746
310
649
-442
-30
244
307
-76
-400
664
453
-901
473
611
-162
88
-73
470
361
-52
-280
613
345
-265
141
410
86
-291
940
-101
-672
1206
18
-767
978
-211
-277
816
-444
-128
418
-323
-40
362
-582
-101
637
-481
-487
644
-374
-621
830
-582
-528
538
-535
238
-79
-658
600
-164
-413
183
-329
62
74
-212
180
-344
212
59
-258
437
-483
169
938
-893
-298
1365
-989
-49
763
-900
533
-82
-456
719
-791
19
974
-1904
1027
594
-2234
1334
218
-1059
76
-115
336
-564
-343
568
-583
-25
76
-567
155
-128
-485
505
-113
-884
744
202
-996
623
-157
-103
572
-1024
499
342
-596
415
-132
-390
1032
-327
-1009
1016
75
-535
269
-328
125
614
-892
35
370
-404
367
-168
-717
580
448
-1175
99
797
-971
398
144
-868
961
-684
-259
734
-708
-170
513
-457
-152
589
-728
-54
381
-15
-339
-676
895
275
-1487
559
681
-835
120
325
-489
127
773
-971
-121
1029
-246
-736
264
665
-653
61
259
-682
836
-28
-1365
1459
-459
-989
1403
-920
-668
1040
-375
-772
213
-81
178
-588
-43
1
154
-20
-1158
1373
-400
-1335
1723
-399
-1422
1788
-611
-953
1307
-539
-267
199
278
-45
-80
-219
479
433
-855
263
611
52
-577
437
536
-800
263
681
-771
46
789
-725
118
385
-287
150
-21
187
-27
-61
418
37
-99
81
183
197
-492
298
491
-1119
967
222
-1693
1649
-86
-1381
1671
-606
-679
1635
-1211
-213
1543
-1143
-285
1036
-120
-417
-139
406
635
-669
-567
997
493
-1100
22
987
-430
-24
29
-281
674
216
-1208
678
911
-1451
681
60
-472
748
-966
482
519
-814
373
-152
-12
555
-952
427
258
-486
852
-859
-140
862
259
-876
94
1382
-739
76
518
-417
1095
-644
-238
1574
-1668
915
574
-1623
1694
-176
-1520
1645
257
-1804
1160
190
-644
691
-957
190
1278
-1049
-770
1118
-286
-436
469
-971
732
680
-2111
757
1064
-2354
1031
505
-1895
1437
-553
-1233
1173
-442
-803
349
-98
15
-549
4
308
-934
266
-88
-833
887
-761
-872
1919
-1861
-79
1529
-2111
1321
-80
-992
1333
-768
-67
670
-271
-473
438
454
-755
329
14
-33
-13
-495
848
-675
164
331
-658
977
-711
-367
1210
-207
-763
538
607
-416
-222
479
104
-83
133
2
168
-191
211
263
-374
248
135
-88
353
-564
289
484
-1226
850
619
-1990
1186
992
-2692
1261
580
-2152
1769
-589
-1130
1573
-1100
-450
1272
-758
-344
830
-300
-34
-312
192
154
-249
316
-612
490
664
-1259
110
1303
-1261
-84
645
-533
519
-770
109
888
-1332
688
361
-1129
1913
-1296
-585
3123
-2669
-655
3621
-1981
-1042
2271
-525
-157
367
-628
1173
284
-984
613
725
476
-1370
414
1985
-1508
-386
1554
-569
-331
830
-1237
579
1039
-1678
186
755
-311
-38
-913
391
811
-1182
-236
355
582
-505
-651
845
-422
-3
75
-871
1218
-9
-1579
1129
369
-1411
755
429
-1295
1447
-359
-1900
2491
-273
-2190
2005
-177
-952
859
-670
687
-20
-316
297
-165
383
-617
493
683
-636
413
305
-310
523
-578
61
892
-279
-55
-94
203
174
-76
-425
286
843
-532
-576
774
-21
-668
152
-257
501
162
-824
218
551
-527
-181
575
-162
52
-256
199
939
-815
110
1127
-1227
480
804
-1165
985
419
-1015
640
93
-1064
770
113
-854
767
-18
-1142
966
119
-1536
1412
382
-1311
589
332
-713
620
250
-597
893
-89
-791
563
292
-325
143
142
80
197
-281
-207
424
-370
-80
281
63
488
-865
-103
565
-679
-402
542
-98
-355
434
-360
-149
-4
-440
-98
59
527
-3
-389
668
-625
-590
513
-559
244
505
-790
387
212
-1328
519
-69
-654
759
-456
-422
846
-1066
-717
1191
-279
-609
314
351
-650
165
203
-34
252
-255
15
181
118
-212
333
-120
328
133
-657
338
432
-386
-331
765
-109
-65
69
-426
404
-107
-235
309
-27
-89
218
-190
-239
326
-260
-485
592
421
-595
-183
656
-182
-797
600
315
-528
345
71
-215
304
-203
-416
270
67
-172
95
-154
148
186
-394
278
128
-645
-267
135
206
-101
-99
491
136
-793
-336
527
371
-530
64
924
-274
-396
327
-57
246
-33
-354
810
502
-445
-157
265
197
-129
-271
704
352
-57
154
-293
701
-117
-699
794
588
-155
-13
-85
598
236
-824
668
387
-535
120
61
391
139
-375
172
212
28
-275
145
402
-211
-92
-87
341
-143
-583
436
-174
-211
367
-494
104
-2
-469
-23
157
245
-553
-314
305
109
-625
91
545
-292
-289
-235
183
-10
-599
166
298
-245
39
-451
-95
140
-515
-178
274
136
-207
-186
13
142
-278
-436
241
302
-156
-85
8
211
-186
-267
117
51
-57
-242
13
158
-228
-156
-28
-405
-83
-358
-284
180
9
-229
-518
157
-181
-397
-31
41
261
56
97
432
238
-41
473
379
600
507
606
952
741
646
387
968
855
542
851
781
807
628
109
818
575
233
345
291
673
272
166
76
495
139
-190
247
296
100
101
116
198
347
-100
90
151
-91
-61
26
-269
-233
-446
-984
-473
-565
-1387
-1032
-1000
-1699
-1375
-1515
-1692
-1666
-1648
-1801
-1910
-1336
-1632
-1650
-1224
-1380
-1399
-1145
-824
-803
-884
-390
-421
-160
-48
-355
145
324
330
86
843
692
301
1002
686
661
925
882
584
1107
1247
519
686
981
555
376
898
888
412
658
914
426
632
804
205
845
915
392
1130
1156
1050
844
1049
1296
986
1436
1275
1390
1663
1369
1346
1598
1499
1335
1575
1501
1796
1546
818
897
-12
-1113
-544
-483
-917
-1365
-1739
-1690
-2834
-3524
-3429
-3252
-3604
-4153
-3193
-2650
-2874
-2686
-2336
-2364
-2252
-2219
-1687
-502
-498
-419
403
551
466
305
304
675
415
871
1245
1073
1593
1260
696
935
1073
796
705
927
1055
909
803
1070
401
-19
149
-139
-235
-364
57
-176
-507
-411
-299
-893
-1558
-898
-1073
-1123
-745
-723
-735
-869
-869
-832
-806
-506
-494
-442
142
194
177
504
395
255
284
278
689
876
661
667
1024
924
664
939
1009
819
1051
1295
1017
1254
1514
807
1154
1573
1033
1134
1222
1354
1292
1295
1518
1651
1635
1617
1634
1912
2394
1854
1855
2388
2464
2420
2336
2845
3041
2005
381
-1287
-1198
-451
-1384
-1645
-1473
-2323
-3689
-4902
-5129
-5007
-5048
-5382
-5037
-3818
-3558
-3248
-2657
-2780
-2844
-3000
-2025
-410
234
791
766
869
1457
996
722
1019
1034
1026
1266
2279
2381
1374
969
595
547
635
759
886
1251
1357
1267
1684
928
517
65
-421
233
698
739
506
570
301
-167
-278
-482
-1093
-1371
-1233
-1131
-636
-615
-1455
-1506
-1378
-1735
-1456
-1444
-1343
-1011
-999
-648
-477
-474
-567
-935
-649
-27
16
237
541
376
370
504
492
361
380
359
520
1060
1127
1088
1076
856
642
792
817
596
879
905
999
1390
1667
1446
1125
1417
1403
1455
1642
1864
2027
2100
2245
2324
2730
2887
2952
3214
1652
-1315
-2038
-1129
-529
-872
-1148
-592
-1913
-4262
-5203
-4506
-4218
-4639
-4378
-3633
-2195
-1652
-1893
-1958
-1856
-2525
-2656
-632
1078
1791
1286
838
1260
1081
59
-176
296
237
592
1300
1861
1561
285
-503
-425
-49
600
414
757
2051
1678
1604
1950
1088
330
43
309
1127
1746
1588
1044
939
611
-145
-359
-808
-1311
-1182
-1011
-318
-25
-555
-1690
-2735
-2811
-2526
-2004
-1675
-1295
-967
-765
-1033
-1326
-1167
-1435
-1267
-223
577
979
1458
1244
900
738
476
470
644
964
1300
1457
1384
1418
699
334
244
64
856
1163
1486
1874
1931
1515
1430
1524
1377
1736
1647
1993
2173
2023
1986
1644
1456
1513
1243
1264
1915
1745
1837
2360
3067
1316
-3164
-4553
-2698
-1441
-2470
-2822
-1241
-2023
-5785
-7798
-6047
-4803
-5967
-6280
-4108
-2129
-2190
-2595
-2360
-2062
-2726
-2893
-706
2180
3002
1663
1041
1871
1772
654
330
1038
1530
1241
1710
2608
2532
1067
-308
156
1412
1805
1607
2341
3096
3089
2971
2452
2059
1693
732
1074
2289
2871
2331
1274
1072
735
33
-424
-674
-598
-388
-278
352
611
15
-1046
-1375
-909
-623
-601
-1434
-1414
-1030
-1063
-1113
-1138
-802
-1240
-1628
-1211
-389
101
-147
-224
-281
-198
-435
-765
-673
-933
-1295
-1144
-631
-363
-782
-1529
-1333
-1132
-803
-522
-520
14
302
519
701
1048
827
367
589
1351
1816
1916
1839
1354
1301
1300
1236
1130
1199
1195
1618
2340
2858
3365
3669
3091
-1270
-5289
-4178
-1002
-643
-2471
-1426
-168
-3194
-7600
-7799
-5497
-5258
-5907
-4929
-2177
-491
-1203
-2039
-1693
-1680
-2247
-1332
1814
4514
4481
2855
2422
3175
2367
706
86
766
1432
1371
1841
2695
1945
-187
-968
-184
833
962
979
2038
3024
3176
2722
2402
1949
1279
629
1055
2325
2512
2060
1609
1425
1063
424
-270
-574
-459
-297
303
545
582
8
-1162
-1317
-1303
-1355
-1179
-1165
-1148
-1979
-2209
-1639
-1924
-2027
-2118
-1906
-1202
-1312
-1653
-1437
-1443
-1456
-1263
-1140
-732
-738
-1017
-997
-966
-1178
-956
-733
-521
274
217
328
755
457
576
839
636
796
972
917
1429
1549
1372
1549
1666
1620
1181
1283
1346
1195
1562
1800
1994
1993
2407
3077
3299
3553
3843
816
-4424
-4953
-1430
-14
-1837
-2166
-849
-2690
-7406
-8450
-5295
-3707
-4316
-4648
-2603
-357
-361
-1147
-1394
-868
-853
-476
1995
5084
5526
3173
1504
2099
2620
1043
-191
288
1075
1134
1104
1491
1072
-562
-1842
-1208
484
1884
1857
1808
2823
3775
3863
2983
2714
2462
1674
1673
3063
3996
3096
1744
851
832
498
-348
-1186
-1501
-1044
-1048
-831
-468
-1030
-2115
-2825
-2720
-2100
-1855
-1865
-1554
-1126
-1077
-1861
-2570
-2521
-2155
-2119
-1457
-314
-168
-863
-1894
-1866
-1636
-1690
-1503
-1701
-1237
-1004
-1475
-1645
-1567
-1592
-1889
-1482
-540
189
452
312
152
436
611
298
788
1796
2279
2511
2804
2855
2918
2384
1789
2230
2754
2986
3144
3424
3722
3664
3562
3788
3694
3951
4585
3853
-666
-5088
-3919
-763
-268
-2213
-1721
-550
-3920
-8354
-7882
-4058
-3045
-4434
-4493
-1863
389
52
-779
-1193
-1128
-1131
-689
2073
5115
4466
1140
3
1130
946
-516
-1544
-1159
-466
-253
220
579
410
-800
-2162
-1535
865
2084
1693
1958
3300
4600
4506
3613
2800
1902
1228
1113
2085
2947
2138
497
-559
-586
-872
-2019
-3241
-3571
-2690
-1959
-1543
-1127
-1241
-2119
-3209
-2941
-1688
-1010
-755
-371
269
1080
1057
-385
-1767
-1766
-1416
-1269
-332
575
484
-448
-1990
-2317
-1825
-2112
-2307
-2264
-1794
-1140
-769
-652
-655
-715
-1274
-973
514
1693
1947
1497
1434
1452
1011
1280
1721
1714
1704
1866
2420
2842
2769
2116
1364
1457
2096
2279
2339
2485
2520
2813
3012
3032
3136
3256
3684
2016
-3119
-5365
-2341
525
-502
-2081
-302
-351
-5156
-8714
-6380
-2794
-2670
-4006
-3542
-992
108
-869
-2158
-2334
-1725
-1670
-762
2360
4747
3117
291
-395
672
852
-251
-752
11
1303
1452
1693
2417
2033
312
-1020
-57
2283
3587
2992
2762
3931
4494
3554
2026
930
392
-265
-404
415
1328
817
-1199
-2519
-2145
-1779
-2944
-3709
-2960
-1693
-1129
-986
-400
-577
-1507
-2377
-2278
-650
360
-551
-1092
-26
692
182
-524
-905
-1100
-1939
-2505
-1318
-116
-356
-1628
-2269
-1828
-1411
-1462
-1981
-1882
-1221
-601
217
1097
1239
472
-122
331
1481
1947
1872
1691
1722
2121
2426
2836
2545
2001
1693
1796
2541
2693
2327
1589
1237
1566
1746
1891
1953
1843
1834
2144
2558
2838
3309
3948
2613
-1751
-4562
-2550
-208
-1007
-2345
-1401
-916
-4590
-8172
-7130
-4556
-4207
-5240
-5255
-3449
-1510
-1425
-2331
-2478
-1800
-1554
-1365
754
3624
3688
1667
1062
1991
2561
1985
1067
1116
1632
1653
1812
2231
2636
1836
173
-337
744
1960
1560
930
1181
2157
2252
1314
750
420
-134
-1213
-1007
13
508
-5
-1269
-1197
-382
-519
-1310
-1445
-1034
-572
-2
545
1136
987
-45
-878
-822
-75
-332
-1549
-1734
-1213
-827
-938
-1556
-1885
-2141
-2917
-3055
-1949
-1147
-764
-1026
-1502
-1046
-545
-666
-1171
-1216
-639
61
356
722
1284
929
334
137
285
1032
1172
617
474
959
1731
1590
1120
1110
1293
1181
603
898
1482
1398
1393
1678
2071
2636
2796
2409
2503
2548
2611
3128
4271
4397
566
-3335
-3053
-733
-554
-1969
-1937
-1720
-3598
-6690
-6814
-4746
-3953
-4801
-6187
-5375
-2660
-776
-1069
-1939
-1804
-1107
-763
-242
1805
3268
2716
1817
2051
3499
4388
3331
1819
1524
2066
2467
2463
2734
3148
2748
1457
820
1416
1797
1021
172
714
1744
1950
1275
502
95
-446
-1110
-1171
-547
79
50
-460
-293
40
-356
-769
-1019
-999
-424
29
110
216
356
9
-822
-1478
-2202
-2398
-2200
-2152
-1833
-1692
-1366
-1326
-1790
-2089
-2071
-1670
-1140
-378
110
394
565
676
686
304
14
-109
-76
140
676
1177
1229
986
704
265
-86
-186
-713
-1142
-847
34
738
850
1067
1008
327
-34
20
374
963
1558
2057
2478
3123
2940
2283
1843
1619
1774
1965
3046
4046
3749
1333
-1790
-2384
-1312
-947
-2035
-2023
-816
-1418
-3490
-4560
-3832
-3162
-3619
-4703
-4709
-3223
-1752
-1560
-2062
-1615
-1053
-1434
-1938
-909
845
1698
1682
1289
1402
2120
2689
2285
1989
2238
2241
1960
2121
3123
3588
3032
2027
1464
1888
2662
2676
2164
1605
1040
727
500
490
439
136
-610
-937
-803
-824
-882
-1610
-2300
-2396
-1812
-1058
-699
-459
-558
-998
-1406
-1436
-1205
-897
-753
-844
-1073
-1026
-713
-819
-1065
-1080
-865
-821
-747
-344
27
428
281
-384
-917
-819
-217
68
-252
-524
-236
-297
-564
-707
-960
-1134
-1284
-1325
-1150
-597
-564
-1302
-1593
-1195
-633
-368
-248
50
554
775
548
432
865
1545
1578
1495
2008
2546
2367
1718
1292
1077
1135
1212
1245
1565
1666
1519
1354
991
27
-1086
-1250
-1029
-505
-67
-92
-247
-812
-1228
-1323
-918
-861
-1702
-2651
-2991
-2074
-1207
-953
-970
-1120
-1113
-1070
-689
-230
9
17
0
110
489
1298
1513
943
593
1011
1565
1768
1895
2016
2297
2304
1847
1430
1530
1776
1601
1435
1545
1614
1386
919
477
282
-70
-590
-1017
-947
-356
5
55
-162
-311
-612
-1191
-1436
-1287
-966
-869
-834
-832
-886
-896
-1110
-1476
-1766
-1852
-1741
-1182
-576
-151
-6
-243
-353
-393
-353
-342
-187
-184
-438
-394
-165
-58
-513
-939
-1073
-852
-423
-587
-873
-1012
-1238
-1482
-1480
-1183
-932
-756
-669
-492
-142
-35
-363
-583
-395
55
666
1265
1729
1970
2199
2260
2054
1874
1925
2095
2313
2565
2539
2307
2182
2295
2307
2224
2239
1859
1061
653
663
566
551
413
221
410
133
-574
-679
-639
-790
-886
-1212
-1463
-1105
-638
-404
-117
-13
-77
-145
-254
-274
-47
337
460
271
-76
52
392
550
589
214
220
422
379
342
292
59
-299
-523
-315
373
605
485
229
32
-30
-279
-405
-378
-95
-33
11
284
484
513
136
-200
-150
85
60
-69
-235
-602
-899
-1056
-1084
-1058
-955
-681
-413
-400
-485
-496
-584
-616
-385
-99
46
132
255
315
265
162
-233
-814
-1158
-1200
-894
-689
-828
-1036
-1413
-1770
-2090
-2271
-2101
-1944
-1826
-1605
-1329
-1101
-1056
-1144
-1053
-819
-515
239
845
1202
1762
2143
2218
2075
2109
2304
2604
2890
2846
2403
1978
1950
1727
1545
1379
946
697
817
874
704
652
71
-577
-662
-346
31
3
-63
-75
-109
-425
-522
-505
-517
-298
-245
9
232
257
53
-329
-762
-870
-695
-637
-464
-613
-622
-504
-707
-989
-1388
-1497
-1280
-991
-699
-511
-521
-574
-453
-197
-65
-64
-43
-89
123
570
996
1272
1228
1156
1129
1157
1132
925
818
839
865
855
937
987
581
-152
-820
-1211
-1414
-1447
-1393
-1336
-1266
-1552
-1803
-1683
-1504
-1488
-1659
-1455
-815
-342
-370
-483
-391
-468
-582
-531
-361
-236
-151
-81
-67
-107
-349
-758
-1133
-1112
-1087
-1175
-1225
-1271
-1231
-1327
-1363
-1515
-1602
-1530
-1458
-1250
-935
-353
124
468
799
1051
1238
1337
1520
1925
2456
2752
2585
2299
2290
2297
2230
1958
1740
1812
1743
1653
1556
1402
910
210
-59
122
511
637
526
503
525
364
176
121
42
-26
128
641
1070
1203
1138
847
416
191
225
238
220
138
209
218
29
-176
-445
-637
-734
-766
-814
-940
-1141
-1122
-938
-791
-700
-761
-753
-648
-498
-258
71
251
368
502
634
807
862
988
991
1062
1219
1338
1546
1470
1223
764
354
228
211
270
243
118
-173
-707
-1146
-1264
-1244
-1159
-1274
-1367
-1175
-934
-918
-1195
-1334
-1396
-1377
-1188
-991
-812
-724
-737
-957
-1074
-971
-887
-843
-981
-1018
-916
-845
-859
-1074
-1227
-1370
-1431
-1381
-1281
-1122
-1114
-1033
-946
-806
-450
-172
-119
-26
238
449
839
1205
1259
1189
1111
1147
1229
1183
1008
986
994
1083
1127
1001
782
430
263
258
384
515
565
622
735
753
758
906
751
458
400
704
1154
1262
1074
836
765
792
878
932
924
870
600
342
109
-59
-315
-600
-740
-822
-664
-653
-855
-1102
-1126
-1085
-1183
-1325
-1391
-1134
-1041
-888
-688
-579
-477
-610
-662
-511
-160
-7
40
173
333
523
580
719
700
636
686
589
614
773
799
696
422
65
-141
-263
-262
-186
-191
-159
-178
-390
-561
-661
-772
-938
-1088
-924
-608
-475
-629
-814
-810
-770
-729
-677
-624
-521
-585
-832
-731
-647
-850
-1090
-1402
-1534
-1567
-1476
-1347
-1352
-1510
-1668
-1706
-1706
-1469
-1178
-820
-605
-509
-135
254
523
564
351
337
649
889
1177
1522
1664
1558
1424
1409
1373
1311
1132
1050
1165
1333
1363
1287
1243
1123
864
590
479
443
449
486
714
1056
1331
1217
698
431
432
727
1106
1327
1385
1451
1586
1388
1173
928
708
572
399
430
459
467
178
-361
-591
-652
-706
-620
-530
-520
-428
-419
-518
-633
-739
-718
-600
-379
1
355
402
367
360
387
529
518
620
950
1226
1433
1698
1988
2029
1798
1391
1049
877
738
711
796
804
460
-45
-195
-273
-541
-887
-1114
-1056
-1019
-1014
-910
-855
-1013
-1275
-1299
-935
-667
-673
-613
-460
-145
-25
-117
-236
-448
-632
-738
-551
-329
-361
-651
-922
-985
-1160
-1293
-1408
-1516
-1406
-1160
-857
-614
-493
-486
-691
-904
-605
-177
99
362
599
907
1216
1366
1118
912
941
1037
1275
1602
1932
2079
2003
1707
1461
1247
899
529
340
524
720
830
805
593
297
-26
-128
45
357
661
861
918
1039
1082
821
339
-62
-176
-197
-91
-7
92
0
-514
-1114
-1639
-1801
-1818
-1828
-1662
-1345
-1097
-1154
-1345
-1549
-1653
-1757
-1874
-1813
-1589
-1222
-805
-497
-429
-389
-353
-313
-50
254
531
772
926
1103
1172
1161
1063
737
461
354
426
587
625
441
228
93
-287
-764
-1035
-1056
-977
-886
-668
-464
-587
-983
-1338
-1520
-1545
-1516
-1409
-1183
-931
-750
-687
-924
-1415
-1823
-2049
-2112
-2026
-1806
-1787
-1888
-1925
-2056
-2089
-2174
-2336
-2257
-1867
-1430
-1038
-607
-350
-301
-438
-485
-256
37
180
295
612
963
1141
1210
1347
1221
1045
1158
1339
1639
1819
1924
1916
1801
1722
1325
893
831
879
866
995
1220
1301
1153
957
769
762
1039
1280
1628
1997
2206
2337
2211
1635
1014
816
668
578
649
814
909
587
58
-363
-481
-595
-803
-1007
-1030
-833
-752
-673
-630
-684
-780
-864
-931
-620
-126
-22
-93
-306
-411
-186
281
713
1008
1203
1227
1238
1275
1319
1109
756
604
592
820
1249
1478
1531
1477
1219
1028
905
765
706
641
639
810
1082
1245
1085
699
299
-1
-211
-355
-427
-392
-321
-385
-528
-775
-1131
-1386
-1470
-1586
-1736
-1742
-1705
-1676
-1582
-1502
-1630
-1707
-1644
-1554
-1363
-1135
-777
-556
-500
-412
-292
-222
-264
-537
-828
-415
42
302
664
620
464
216
-350
-186
518
837
1235
1434
1357
1430
1284
896
776
765
687
865
1110
1410
1546
1312
1081
959
871
878
872
869
1095
1320
1435
1510
1454
1330
1075
419
-383
-655
-489
-357
-379
-591
-674
-733
-1191
-1624
-1592
-1346
-1497
-2086
-2553
-2454
-1951
-1651
-1658
-1719
-1669
-1639
-1822
-1896
-1631
-1412
-1349
-1340
-1112
-390
308
437
206
203
419
591
641
697
926
1079
999
932
1312
1833
1862
1538
1298
1320
1329
1164
1029
971
1006
803
232
-138
-93
-42
-353
-770
-912
-774
-821
-1121
-1287
-1302
-1388
-1715
-1905
-1673
-1286
-1159
-1383
-1618
-1595
-1433
-1403
-1448
-1467
-1397
-1314
-1285
-1114
-876
-768
-854
-1008
-1060
-977
-839
-876
-863
-669
-438
-235
-194
-69
91
97
192
523
978
1347
1527
1582
1821
2040
1984
1847
1609
1479
1539
1596
1727
1919
1901
1750
1663
1543
1465
1498
1488
1506
1674
1854
1993
2100
2364
2440
1843
904
126
-135
111
463
492
413
145
-514
-1191
-1599
-1573
-1529
-1949
-2562
-2720
-2328
-1837
-1722
-2011
-2305
-2479
-2504
-2314
-1809
-1153
-803
-861
-889
-386
373
779
819
894
1171
1525
1834
2047
2349
2641
2541
2355
2588
3035
3156
2938
2635
2475
2444
2196
1872
1634
1409
1061
480
4
-123
-138
-425
-794
-972
-1047
-1136
-1430
-1649
-1617
-1684
-1781
-1710
-1529
-1218
-984
-1044
-1083
-915
-756
-668
-632
-675
-460
-252
-380
-439
-371
-364
-593
-832
-830
-783
-867
-960
-899
-892
-932
-1046
-1181
-947
-632
-475
-334
-51
258
442
628
847
1161
1305
1381
1541
1736
2008
2118
2086
2099
2182
2070
2014
2138
2229
2314
2422
2685
2845
2946
2950
3005
2855
1355
-505
-1033
-566
-439
-897
-1135
-894
-1394
-3284
-4494
-4142
-3590
-3701
-4303
-4217
-2922
-1886
-2037
-2333
-2278
-2295
-2515
-2575
-1759
-437
-9
-517
-875
-720
-369
-366
-828
-931
-459
-159
46
573
1152
1257
734
320
722
1408
1708
1872
2245
2609
2680
2466
2279
2243
1935
1516
1246
1164
1306
1252
815
277
-107
-483
-784
-978
-1168
-1359
-1527
-1542
-1640
-1749
-1696
-1676
-1781
-1886
-1872
-1677
-1335
-1121
-913
-674
-666
-679
-642
-634
-608
-570
-532
-450
-432
-565
-625
-747
-992
-1203
-1310
-1265
-1179
-1147
-1068
-767
-611
-595
-428
-198
-32
118
418
717
937
1059
1141
1305
1626
1859
2033
2310
2494
2492
2231
2089
2196
2504
2645
2711
3117
3739
3531
1210
-1195
-1577
-701
-457
-1185
-1349
-942
-1770
-4063
-5078
-3996
-2907
-3277
-4251
-3714
-1911
-978
-1387
-1614
-1109
-805
-1066
-909
346
1413
984
-35
-279
183
479
64
-545
-468
79
234
240
639
982
788
216
209
1095
1896
2084
2145
2623
3109
2998
2403
2048
2225
2340
2167
1918
2027
2096
1570
871
410
320
21
-399
-446
-183
68
-266
-942
-1321
-1270
-1282
-1305
-944
-538
-543
-872
-982
-732
-493
-616
-824
-740
-354
25
27
-117
-259
-611
-1040
-1043
-723
-596
-672
-685
-463
-162
-119
-293
-274
25
392
687
979
1351
1490
1372
1306
1523
1838
1835
1724
1813
2113
2417
2584
2521
2470
2468
2253
2103
2254
2621
2826
2855
3115
3805
2985
75
-2008
-1783
-411
-195
-912
-928
-722
-2171
-4504
-4783
-3537
-2933
-3619
-4229
-3185
-1475
-1160
-1949
-2095
-1753
-1675
-1464
-596
759
1399
678
5
273
567
323
-238
-438
-2
296
132
148
550
664
364
116
490
1282
1547
1512
1852
2357
2169
1488
976
1064
1501
1409
1120
916
900
560
-9
-144
-216
-468
-1072
-1040
-486
-239
-429
-1019
-1416
-1760
-1723
-1535
-1321
-1002
-1117
-1428
-1642
-1521
-1473
-1615
-1774
-1689
-1186
-905
-949
-1079
-1284
-1612
-1833
-1754
-1377
-1027
-1108
-1276
-1175
-955
-957
-1123
-1119
-788
-288
23
306
740
990
956
921
934
1122
1247
992
1054
1564
1957
2077
2094
2180
2319
2272
2017
1997
2322
2715
3031
3175
3624
3627
1199
-1868
-2570
-1248
-461
-1311
-1907
-1556
-2216
-4629
-6009
-4888
-3598
-3876
-4811
-4371
-2506
-1628
-2317
-2441
-1523
-1093
-1351
-853
703
1782
1220
311
623
1237
1110
764
900
1343
1342
681
277
751
1134
715
401
916
1659
1900
1795
2131
2835
2711
1685
1051
1266
1750
1840
1647
1671
1617
1219
740
889
1156
765
210
118
856
1182
753
241
272
13
-1297
-1554
-720
-173
-863
-1764
-1563
-1325
-1793
-2541
-2496
-1817
-1397
-1524
-1542
-1197
-1050
-1553
-1952
-1466
-952
-882
-861
-364
-4
-33
-233
-278
49
138
316
677
1155
1363
1251
1215
1208
1357
1257
1261
1389
1332
1431
1691
2044
2153
2115
2196
2390
2609
2496
2421
2660
2917
3105
3288
4006
3329
297
-2062
-2122
-545
-100
-997
-1065
-1384
-3008
-4978
-5295
-3992
-3382
-3782
-4064
-3374
-2524
-2567
-2670
-2380
-2335
-2473
-1726
-133
1018
955
504
662
695
379
446
1101
1710
1648
1418
1279
1291
1212
1103
1413
1725
1971
2233
2779
3275
3506
3473
2775
1968
1422
1600
2279
2496
2088
1383
923
628
359
216
32
-236
-485
-183
417
554
68
-834
-1436
-1790
-1548
-1039
-874
-1019
-1701
-2017
-2236
-2493
-2540
-2556
-2342
-2227
-2087
-1956
-1768
-1723
-2055
-2285
-2194
-1927
-1733
-1563
-1420
-1281
-1310
-1394
-1316
-1147
-789
-426
-92
141
246
341
602
994
1281
1467
1463
1367
1190
1221
1581
1781
1733
1677
1870
2167
2337
2289
2030
2052
2234
2316
2607
2881
3513
3267
873
-1554
-2360
-755
815
-233
-1186
-1164
-1587
-3363
-5348
-4599
-2847
-2727
-3719
-3778
-2396
-1907
-2558
-3143
-3119
-2847
-2656
-1838
-667
18
-85
-361
-775
-1402
-1345
-778
-157
12
98
598
626
431
415
729
974
990
1677
2696
3676
4205
4227
3731
2793
2256
2310
2802
2973
2851
2548
1851
1147
588
372
-122
-1015
-1234
-541
197
319
-30
-550
-1190
-1875
-1874
-1483
-1199
-817
-802
-851
-1078
-1335
-1409
-1652
-1656
-1627
-1382
-1082
-882
-806
-1006
-1331
-1782
-1967
-1834
-1446
-1328
-1267
-1073
-1154
-1308
-1446
-1213
-688
-265
-17
223
623
1209
1612
1716
1668
1495
1515
1595
2025
2582
2705
2675
2499
2518
2633
2488
2140
1896
2093
2307
2506
2772
2936
3072
2635
1276
-480
-1546
-585
941
713
-104
-453
-424
-1429
-3486
-3520
-2140
-1416
-2029
-2576
-1664
-1221
-1613
-2137
-2195
-2046
-2105
-1382
-517
-154
-281
-282
-282
-1018
-1415
-939
81
372
14
151
466
521
310
583
1001
1176
1454
2229
3336
3900
4119
3873
3292
2735
2579
3155
3391
3093
2770
2438
2065
1467
933
524
-125
-491
-315
193
314
-245
-743
-1145
-1445
-1689
-1661
-1364
-1240
-1307
-1351
-1263
-1328
-1479
-1593
-1546
-1509
-1658
-1459
-1067
-924
-1092
-1563
-1844
-2104
-2267
-2139
-2055
-1917
-1873
-1758
-1686
-1625
-1505
-1366
-1256
-1222
-897
-370
371
774
984
1074
916
835
627
908
1194
1314
1442
1439
1656
1662
1637
1322
954
998
1203
1659
1812
1671
1577
1576
1764
1619
914
-20
-463
116
485
217
-249
-701
-926
-1706
-2366
-2131
-1593
-1590
-2064
-2224
-2297
-2421
-2541
-2334
-2011
-2102
-2087
-1709
-1514
-1676
-1612
-1201
-969
-1142
-1112
-466
181
203
-68
-59
141
296
516
1019
1453
1562
1726
2237
2759
2694
2305
2117
2134
2365
2506
2441
2240
1821
1389
1011
780
472
76
32
137
240
152
-141
-469
-872
-1076
-1012
-817
-799
-949
-920
-752
-654
-829
-1006
-1102
-1194
-1099
-1036
-945
-1001
-1196
-1236
-1344
-1571
-1975
-2104
-2043
-1983
-1937
-1910
-1706
-1760
-1656
-1435
-1207
-1044
-1043
-754
-387
146
442
615
763
800
835
775
944
929
1048
1252
1387
1612
1647
1774
1665
1440
1496
1753
2032
2034
1993
2113
2191
2293
2332
2500
2431
1746
1223
1121
1509
1618
1435
1190
615
-3
-601
-551
-412
-646
-1014
-1458
-1789
-1998
-1847
-1571
-1625
-2008
-2241
-2229
-2080
-1778
-1313
-971
-1191
-1494
-1299
-736
-416
-640
-798
-627
-488
-182
408
982
1126
983
1220
1734
2071
2127
2253
2454
2573
2688
2861
3007
2689
2233
1953
1807
1654
1445
1475
1522
1492
1168
824
660
415
307
224
203
77
-231
-410
-376
-200
-362
-739
-968
-997
-899
-968
-966
-1027
-1279
-1597
-1715
-1523
-1663
-1879
-1925
-1766
-1650
-1797
-1678
-1456
-1099
-889
-967
-985
-952
-588
-175
191
328
298
475
572
624
509
364
225
82
209
480
836
872
676
626
660
762
755
862
1098
1232
1343
1442
1717
1916
1879
1605
1185
1032
1027
1164
1144
899
586
146
-110
-283
-381
-568
-864
-1251
-1836
-2220
-2231
-1921
-1717
-1908
-2188
-2288
-2456
-2585
-2412
-2094
-1964
-2109
-2017
-1601
-1183
-1231
-1612
-1796
-1721
-1498
-1092
-464
62
278
392
701
1126
1381
1369
1503
1764
2019
2348
2593
2793
2650
2329
1986
1670
1537
1542
1719
1784
1685
1391
1096
857
550
236
-70
-310
-620
-707
-649
-748
-934
-1319
-1646
-1823
-1909
-1821
-1732
-1662
-1766
-1889
-1987
-2059
-1957
-2015
-2018
-2042
-2054
-1911
-1759
-1476
-1298
-1118
-1020
-975
-759
-599
-315
-79
21
49
97
327
419
434
318
170
110
4
13
68
246
392
446
432
361
476
558
724
966
1215
1418
1430
1630
1866
1959
1746
1385
1296
1376
1577
1544
1358
1110
725
382
43
-78
-119
-158
-387
-902
-1362
-1615
-1516
-1464
-1593
-1844
-2066
-2129
-2109
-1879
-1685
-1622
-1786
-1838
-1431
-1011
-905
-1157
-1314
-1151
-931
-742
-513
-180
96
328
723
1140
1377
1407
1567
1938
2201
2346
2561
2861
3018
3019
2964
2886
2653
2457
2492
2590
2548
2244
2056
1962
1805
1541
1237
942
588
408
299
248
19
-350
-566
-756
-834
-963
-1040
-1030
-1091
-1141
-1237
-1280
-1334
-1363
-1294
-1138
-1065
-1144
-1125
-974
-723
-613
-565
-445
-359
-246
-44
282
454
439
365
412
578
623
562
485
473
440
419
420
420
386
302
204
176
306
388
432
502
603
713
706
658
746
978
1073
908
648
441
471
635
705
580
253
-159
-570
-744
-701
-627
-754
-1065
-1314
-1465
-1434
-1356
-1266
-1255
-1319
-1437
-1541
-1444
-1362
-1306
-1320
-1231
-1034
-997
-1025
-1080
-1084
-1196
-1357
-1342
-1128
-771
-435
-63
262
460
538
618
792
931
1120
1271
1465
1714
1970
2176
2143
2007
1775
1627
1453
1408
1528
1543
1567
1453
1394
1255
896
437
53
-70
-123
-136
-237
-374
-539
-786
-999
-1130
-1199
-1295
-1394
-1471
-1435
-1452
-1635
-1736
-1715
-1651
-1639
-1675
-1648
-1579
-1458
-1353
-1159
-934
-831
-695
-494
-214
20
103
90
149
311
379
359
279
334
468
467
442
480
529
421
321
350
448
451
271
161
226
381
399
342
379
510
591
557
452
287
147
33
132
383
460
253
-59
-229
-287
-327
-395
-471
-611
-779
-814
-728
-620
-614
-714
-900
-1096
-1188
-1168
-1038
-917
-813
-866
-1081
-1234
-1173
-989
-1000
-1109
-1100
-886
-654
-520
-269
96
463
658
802
1013
1207
1409
1566
1787
1995
2095
2185
2268
2272
2107
1967
1846
1792
1860
1938
1945
1781
1695
1615
1422
1131
846
760
645
478
388
359
227
-95
-374
-517
-679
-871
-968
-857
-744
-830
-977
-1101
-1135
-1174
-1147
-1046
-953
-898
-882
-774
-665
-566
-478
-424
-363
-269
-135
-35
72
239
378
443
381
326
429
556
566
579
669
748
734
637
663
798
845
788
732
752
820
848
889
935
1006
1119
1162
1064
803
570
510
598
644
605
474
247
21
-179
-232
-213
-303
-507
-732
-918
-985
-906
-789
-728
-817
-1066
-1305
-1350
-1225
-1106
-1037
-1054
-1166
-1309
-1330
-1174
-1117
-1256
-1396
-1325
-1082
-900
-704
-447
-228
-105
-16
243
541
736
880
1053
1273
1423
1503
1613
1682
1651
1511
1392
1388
1411
1461
1444
1359
1173
971
814
639
489
332
230
76
-61
-147
-251
-410
-666
-881
-1053
-1159
-1222
-1202
-1191
-1378
-1597
-1667
-1623
-1599
-1633
-1671
-1612
-1514
-1449
-1368
-1351
-1395
-1392
-1244
-1009
-846
-769
-708
-551
-318
-135
-46
-80
-141
1
294
488
416
277
375
539
568
522
496
414
408
570
777
872
780
750
795
904
1041
1135
1105
881
655
496
409
375
381
349
213
-30
-280
-438
-572
-630
-616
-692
-919
-1043
-993
-883
-766
-780
-908
-1106
-1247
-1186
-951
-744
-649
-673
-784
-791
-736
-691
-679
-705
-726
-658
-483
-288
2
286
434
434
394
524
743
1034
1245
1389
1511
1540
1639
1699
1712
1560
1314
1177
1190
1302
1286
1286
1200
991
783
563
432
256
70
-8
0
-1
-138
-343
-542
-745
-1016
-1269
-1312
-1200
-1119
-1117
-1160
-1183
-1231
-1311
-1343
-1322
-1198
-1084
-992
-821
-676
-625
-616
-584
-532
-501
-454
-292
-10
281
488
549
489
456
498
604
696
720
726
796
925
1065
1146
1072
943
832
869
1046
1166
1244
1306
1400
1520
1610
1549
1317
1144
1048
1023
1024
1031
1093
1022
805
595
439
298
135
-30
-168
-307
-476
-604
-672
-782
-910
-1006
-1118
-1272
-1364
-1324
-1270
-1262
-1286
-1264
-1193
-1122
-1048
-953
-933
-958
-925
-783
-502
-184
106
310
496
614
756
953
1087
1222
1368
1564
1738
1938
2096
2100
1980
1752
1636
1626
1605
1471
1276
1192
1127
954
671
474
342
68
-254
-381
-296
-247
-353
-484
-583
-728
-892
-948
-888
-931
-1069
-1158
-1150
-1096
-1099
-1082
-1169
-1311
-1390
-1446
-1439
-1444
-1398
-1328
-1217
-1128
-1103
-1094
-1107
-1019
-914
-766
-656
-568
-431
-280
-79
25
95
119
93
165
340
596
744
733
718
757
855
862
802
762
840
1023
1170
1214
1019
781
671
616
517
423
413
356
199
46
0
-49
-250
-519
-737
-914
-1046
-1127
-1105
-1089
-1167
-1262
-1372
-1487
-1632
-1672
-1608
-1492
-1412
-1380
-1242
-1145
-1092
-1062
-999
-935
-945
-829
-548
-208
-12
110
339
587
820
1010
1217
1389
1443
1514
1635
1782
1825
1810
1817
1779
1690
1580
1557
1538
1386
1167
990
882
760
646
593
446
200
-7
-51
-78
-212
-350
-462
-542
-644
-609
-513
-533
-702
-919
-948
-936
-948
-897
-826
-894
-1044
-1071
-1019
-1046
-1212
-1272
-1131
-995
-922
-875
-762
-637
-636
-616
-458
-266
-147
-14
202
369
449
451
451
506
617
769
894
1007
1145
1274
1303
1222
1074
996
1023
1100
1221
1272
1162
960
738
610
653
652
556
357
127
9
14
11
-78
-238
-575
-843
-969
-1013
-1047
-1159
-1204
-1248
-1349
-1454
-1478
-1475
-1557
-1572
-1451
-1284
-1191
-1123
-941
-740
-641
-661
-642
-536
-352
-99
154
365
445
533
734
984
1140
1234
1330
1419
1549
1682
1848
1956
1930
1849
1748
1628
1558
1552
1534
1493
1363
1241
1200
1182
1121
961
758
643
657
621
485
322
234
156
-30
-150
-186
-240
-364
-556
-682
-758
-850
-905
-891
-858
-898
-977
-991
-943
-914
-954
-958
-910
-832
-731
-625
-470
-337
-295
-280
-220
-155
-87
21
123
209
291
331
333
368
409
389
415
503
606
682
687
678
653
652
699
715
681
697
778
755
631
572
606
594
432
235
131
58
-57
-143
-226
-461
-775
-968
-1071
-1208
-1420
-1573
-1597
-1641
-1718
-1727
-1717
-1779
-1834
-1834
-1777
-1649
-1498
-1295
-1088
-949
-863
-769
-594
-377
-169
-16
113
251
415
612
831
999
1038
1050
1040
1055
1123
1239
1350
1367
1298
1176
1084
975
892
917
910
775
605
503
482
484
398
253
121
4
-69
-122
-150
-177
-225
-283
-327
-363
-425
-508
-622
-733
-818
-855
-852
-856
-879
-868
-805
-825
-887
-888
-834
-773
-704
-636
-586
-550
-518
-444
-402
-414
-385
-323
-234
-100
56
177
241
255
247
336
464
536
575
589
629
690
768
843
909
972
995
944
844
851
914
883
742
642
653
566
321
128
51
-117
-342
-416
-466
-650
-850
-953
-991
-1137
-1333
-1447
-1568
-1718
-1808
-1701
-1591
-1589
-1586
-1530
-1457
-1465
-1414
-1243
-1066
-915
-678
-360
-123
16
169
307
408
532
697
886
1056
1247
1375
1461
1523
1478
1386
1314
1308
1327
1360
1346
1299
1241
1169
1123
1024
935
837
728
675
650
674
648
539
375
226
128
68
41
-56
-162
-206
-197
-171
-157
-219
-358
-447
-507
-522
-520
-527
-523
-538
-572
-589
-574
-607
-694
-749
-710
-616
-551
-523
-466
-435
-495
-576
-597
-500
-350
-196
-55
68
135
154
140
147
304
470
616
754
853
958
1114
1255
1288
1295
1252
1206
1241
1337
1383
1232
1059
1050
1024
825
639
583
527
379
194
69
-97
-329
-408
-401
-493
-667
-749
-738
-831
-978
-1061
-1059
-1106
-1158
-1032
-869
-798
-845
-838
-763
-756
-670
-498
-326
-248
-222
-124
11
87
67
93
194
303
445
606
764
857
845
870
922
943
966
1042
1137
1155
1131
1097
1115
1111
995
838
700
596
503
483
481
368
188
34
-96
-256
-449
-597
-687
-758
-814
-818
-837
-933
-1031
-1068
-1054
-1088
-1096
-1029
-978
-990
-990
-930
-874
-868
-973
-1031
-933
-804
-703
-635
-572
-552
-587
-625
-588
-495
-427
-349
-248
-129
-59
-71
-59
-24
22
130
233
304
386
483
578
674
719
709
683
641
649
712
811
842
734
606
518
437
314
225
190
81
-58
-175
-288
-418
-536
-601
-659
-742
-877
-1005
-1037
-979
-941
-971
-1044
-1107
-1065
-944
-818
-743
-701
-609
-427
-215
-101
-54
1
105
214
314
462
581
651
719
793
925
1046
1121
1158
1146
1112
1044
1021
1029
1030
1020
989
932
854
788
668
609
579
513
451
352
285
248
237
195
110
10
-107
-152
-184
-237
-285
-293
-247
-253
-327
-434
-476
-469
-505
-520
-545
-617
-669
-633
-557
-568
-648
-711
-730
-717
-684
-631
-608
-602
-581
-582
-568
-564
-553
-496
-436
-362
-264
-144
-83
-86
-96
-45
56
100
111
154
202
259
363
473
535
537
564
645
660
635
654
719
757
707
660
663
668
608
491
403
317
218
117
53
52
37
-15
-120
-239
-297
-316
-293
-266
-338
-456
-497
-423
-326
-309
-307
-260
-201
-124
-9
85
104
102
147
229
298
323
352
407
454
495
523
556
642
705
729
751
739
692
662
641
596
558
542
558
518
416
389
401
369
337
281
169
81
49
42
23
-63
-170
-206
-215
-256
-322
-330
-319
-408
-526
-582
-600
-638
-705
-754
-761
-812
-906
-955
-978
-1045
-1120
-1139
-1088
-1009
-946
-884
-861
-872
-874
-873
-855
-773
-682
-630
-592
-569
-530
-466
-409
-389
-355
-299
-247
-190
-127
-83
-72
-56
-47
-20
27
92
163
220
281
336
409
471
511
555
590
601
594
608
619
661
721
736
712
703
693
676
631
541
538
545
486
439
388
294
194
182
172
83
-34
-66
-21
-13
-34
-95
-154
-155
-156
-182
-212
-254
-276
-214
-116
-51
-9
59
130
157
224
321
420
490
518
551
589
616
620
646
669
693
665
590
564
545
473
388
361
314
250
127
-17
-117
-184
-193
-225
-261
-288
-307
-373
-454
-484
-484
-476
-492
-483
-512
-541
-543
-550
-565
-598
-655
-700
-669
-651
-621
-595
-604
-594
-581
-568
-547
-538
-547
-541
-516
-481
-437
-354
-284
-250
-183
-132
-125
-108
-57
3
36
70
122
148
127
140
185
227
302
360
423
457
430
431
418
399
433
509
561
592
628
630
637
681
755
763
754
761
754
760
749
730
728
783
784
725
662
620
612
602
594
523
440
354
274
209
135
86
30
2
-42
-93
-97
-84
-72
-129
-206
-224
-207
-164
-109
-73
-71
-65
-38
-7
15
14
32
93
112
79
70
92
88
64
32
-5
-29
-54
-117
-182
-194
-183
-181
-185
-181
-232
-306
-336
-348
-354
-361
-371
-403
-472
-583
-644
-620
-597
-600
-642
-720
-789
-841
-851
-869
-913
-887
-833
-781
-749
-767
-807
-797
-718
-669
-637
-596
-544
-514
-474
-387
-355
-337
-269
-220
-211
-175
-112
-89
-71
-39
8
44
42
60
59
30
33
57
87
115
98
118
197
223
244
315
406
462
490
502
536
607
664
723
766
790
799
821
867
886
872
877
902
926
928
885
826
772
706
624
509
423
406
380
334
267
206
162
95
-1
-66
-98
-163
-242
-292
-291
-306
-333
-335
-353
-387
-393
-372
-325
-290
-323
-334
-252
-193
-179
-128
-122
-136
-92
-72
-53
-14
-21
-50
-96
-96
-48
-24
-7
-38
-120
-199
-230
-259
-297
-342
-417
-471
-526
-554
-564
-586
-638
-678
-668
-659
-662
-658
-630
-619
-619
-606
-567
-532
-546
-548
-492
-440
-434
-390
-340
-318
-328
-358
-322
-283
-286
-276
-250
-255
-266
-251
-230
-217
-198
-135
-96
-118
-108
-50
6
49
78
102
166
225
282
395
529
609
640
704
744
767
817
903
991
1009
1041
1106
1186
1225
1206
1179
1170
1140
1074
1037
1036
1037
1015
976
898
816
765
710
657
588
520
495
470
424
367
276
221
217
187
166
141
75
38
37
46
42
21
11
23
11
0
37
35
24
38
33
61
92
89
89
90
78
78
80
49
55
72
67
75
68
24
-17
-78
-167
-240
-303
-329
-340
-354
-412
-509
-584
-639
-678
-694
-684
-717
-740
-742
-765
-744
-728
-704
-695
-717
-687
-644
-598
-541
-498
-444
-411
-394
-346
-269
-232
-230
-226
-241
-247
-230
-220
-224
-194
-170
-196
-234
-275
-292
-302
-309
-308
-289
-251
-252
-279
-279
-256
-215
-176
-117
-39
10
56
122
206
265
321
392
443
491
537
595
667
728
755
747
748
759
760
732
682
659
632
596
569
495
424
377
310
235
175
111
20
-71
-134
-174
-220
-262
-283
-296
-331
-373
-373
-367
-383
-392
-357
-299
-232
-200
-183
-150
-146
-126
-90
-46
-6
20
53
70
88
104
122
122
85
85
56
17
23
25
0
-42
-85
-156
-218
-287
-357
-417
-475
-491
-493
-484
-501
-555
-632
-702
-704
-650
-597
-554
-526
-516
-472
-429
-402
-349
-289
-255
-203
-135
-66
-18
-30
-14
13
26
35
47
53
46
31
-33
-79
-83
-87
-96
-119
-155
-167
-160
-173
-162
-137
-146
-179
-156
-89
-36
21
87
144
197
217
248
313
356
420
484
553
601
613
627
646
674
695
716
711
701
703
688
630
568
526
487
462
438
393
315
221
129
86
86
58
22
13
-24
-77
-130
-178
-182
-170
-174
-169
-133
-116
-114
-78
-52
-40
-11
49
123
150
180
223
244
292
326
304
287
290
276
285
324
346
351
348
336
311
275
257
244
214
181
145
107
67
21
-19
-26
-41
-55
-42
-60
-99
-134
-129
-118
-122
-118
-114
-102
-119
-147
-178
-188
-164
-175
-173
-184
-224
-218
-197
-180
-174
-181
-193
-194
-197
-233
-240
-228
-232
-210
-173
-160
-164
-157
-145
-109
-60
-20
-3
21
57
87
142
170
192
213
225
236
241
253
271
300
331
356
341
304
294
256
212
216
220
242
260
249
218
175
131
90
83
76
63
36
-4
-41
-56
-59
-87
-110
-130
-159
-177
-204
-236
-261
-284
-279
-252
-207
-196
-195
-197
-218
-226
-208
-156
-132
-104
-79
-57
-35
-10
22
46
68
57
42
29
38
47
45
71
86
61
48
55
51
37
17
32
40
10
-24
-76
-156
-199
-213
-212
-192
-203
-241
-255
-261
-276
-254
-247
-250
-241
-244
-228
-218
-227
-235
-245
-261
-236
-202
-186
-176
-163
-163
-170
-178
-179
-156
-162
-165
-175
-184
-177
-173
-144
-111
-80
-98
-89
-59
-36
15
49
82
111
127
155
183
199
204
192
200
211
209
217
224
225
223
223
209
189
147
96
47
19
-3
-20
-42
-110
-177
-217
-226
-244
-270
-300
-336
-378
-407
-405
-410
-420
-408
-399
-415
-406
-378
-348
-289
-239
-187
-132
-117
-104
-89
-74
-54
-27
17
69
99
102
116
124
137
151
153
161
183
185
166
180
194
196
178
135
125
115
106
117
95
51
13
-1
-14
-21
-21
-12
2
18
26
4
-24
-28
-19
-7
1
5
14
33
68
93
94
90
80
59
56
62
54
53
39
5
-9
-11
-28
-10
2
0
43
81
78
64
58
66
92
131
190
228
246
267
309
348
358
382
415
448
464
478
459
449
458
444
443
428
423
407
394
347
311
296
246
216
185
169
130
86
61
14
-50
-93
-128
-175
-187
-203
-227
-246
-267
-267
-269
-269
-263
-254
-254
-255
-237
-223
-206
-180
-145
-98
-84
-83
-55
-32
-35
-5
38
40
36
58
75
71
78
96
112
109
91
80
94
108
109
138
124
76
62
49
27
16
2
-7
-22
-49
-65
-68
-84
-93
-87
-115
-133
-126
-138
-148
-139
-124
-122
-125
-139
-155
-154
-112
-96
-105
-115
-135
-154
-166
-126
-117
-114
-99
-109
-100
-106
-136
-115
-78
-53
-16
20
59
59
57
94
146
180
211
249
265
266
286
316
335
329
298
287
284
293
299
290
263
236
224
196
167
153
150
142
105
74
74
58
19
-24
-73
-123
-175
-214
-247
-286
-307
-320
-304
-267
-271
-301
-314
-318
-328
-315
-305
-304
-306
-321
-347
-345
-310
-290
-277
-265
-246
-210
-171
-140
-112
-77
-40
-3
31
51
66
90
109
129
150
154
144
133
149
176
192
210
208
189
156
134
130
123
99
65
44
28
11
14
19
-9
-28
-24
-24
-33
-68
-108
-118
-99
-91
-95
-70
-55
-77
-66
-70
-77
-63
-54
-40
-15
-2
2
36
32
20
23
41
70
100
117
106
127
142
165
179
183
213
243
284
319
331
331
339
353
385
437
446
433
422
391
366
352
319
266
209
153
107
83
68
37
1
-47
-88
-99
-109
-123
-157
-194
-238
-275
-283
-289
-289
-303
-304
-297
-298
-295
-305
-319
-314
-289
-244
-183
-143
-154
-189
-204
-192
-158
-125
-92
-77
-64
-36
-11
38
65
56
51
21
5
10
25
47
65
63
41
31
18
28
68
79
70
73
66
60
41
17
40
40
14
-18
-57
-99
-147
-140
-106
-56
-1
13
14
10
1
-11
-44
-57
-57
-62
-51
-56
-46
-11
-7
-4
16
3
-33
-72
-110
-128
-130
-152
-164
-172
-180
-149
-108
-74
-57
-52
-66
-81
-63
-33
9
37
44
54
39
32
38
37
61
81
107
150
166
190
217
219
238
256
261
245
221
196
164
155
149
148
109
57
43
17
-5
-22
-78
-131
-175
-218
-220
-219
-229
-236
-266
-311
-348
-346
-321
-307
-299
-296
-286
-262
-256
-231
-204
-192
-188
-190
-183
-180
-162
-126
-91
-59
-24
-1
11
27
30
28
44
73
75
79
91
83
82
105
132
152
141
115
119
104
79
94
123
155
160
131
115
114
128
154
167
165
152
136
111
93
83
56
32
32
33
27
29
13
-15
-36
-53
-63
-60
-64
-76
-87
-109
-112
-93
-91
-99
-85
-72
-70
-52
-17
27
70
101
135
152
151
151
172
192
212
237
227
202
191
184
177
200
218
229
236
224
210
194
177
153
130
108
97
99
84
55
24
-12
-51
-91
-120
-127
-161
-189
-196
-215
-225
-220
-226
-241
-248
-246
-209
-181
-183
-178
-180
-161
-130
-120
-87
-69
-76
-83
-83
-69
-45
0
36
64
101
133
155
168
178
196
202
216
227
223
240
251
256
249
220
189
163
147
135
117
109
126
125
125
141
142
126
101
73
53
27
-9
-23
-29
-32
-19
-9
-30
-62
-94
-132
-158
-183
-192
-196
-208
-211
-210
-221
-222
-198
-174
-150
-127
-129
-134
-120
-96
-72
-53
-34
-5
9
15
45
49
46
55
71
83
70
90
117
130
137
158
157
131
121
97
83
74
59
61
43
-11
-42
-65
-105
-109
-106
-138
-160
-183
-209
-218
-206
-186
-152
-128
-126
-133
-142
-136
-148
-127
-96
-64
-33
-10
5
0
11
7
-3
-4
6
13
17
21
29
35
47
46
36
43
40
44
41
40
13
-10
-16
-48
-45
-24
-18
-16
-26
-57
-75
-86
-91
-64
-45
-42
-39
-26
-5
24
40
27
4
-12
5
26
37
45
42
48
55
60
42
55
79
66
58
40
15
-2
-3
0
13
27
24
11
0
-21
-36
-40
-65
-79
-90
-103
-99
-90
-83
-61
-51
-53
-29
-20
-5
10
16
42
63
67
72
82
87
87
94
122
146
152
161
152
158
175
201
223
212
199
182
170
156
142
130
127
109
70
62
69
65
51
40
7
-39
-70
-88
-99
-96
-87
-83
-74
-82
-92
-100
-118
-128
-132
-125
-104
-91
-80
-77
-81
-81
-73
-67
-71
-58
-59
-56
-30
-33
-39
-41
-43
-24
-21
-15
-16
-27
-16
-9
5
24
41
58
59
42
42
54
45
56
65
58
51
42
47
61
65
78
99
102
113
105
81
65
62
39
16
26
20
17
14
-2
-7
0
-1
-10
-14
-33
-57
-57
-57
-39
-27
-39
-40
-59
-79
-82
-64
-54
-47
-29
-25
-23
-12
-14
-28
-43
-33
-4
16
30
49
67
70
100
134
149
153
152
133
112
108
92
57
29
10
-13
7
37
29
18
3
-38
-80
-92
-107
-126
-145
-173
-185
-202
-225
-239
-240
-236
-243
-241
-250
-261
-258
-262
-242
-237
-248
-220
-202
-178
-129
-109
-84
-53
-29
14
42
54
62
80
111
123
121
125
130
125
108
105
112
108
109
116
117
124
126
121
112
107
101
91
90
73
45
39
31
23
25
54
74
68
56
34
24
10
12
9
18
11
-10
-12
-28
-39
-41
-42
-45
-39
-50
-58
-58
-72
-98
-103
-88
-89
-83
-84
-74
-56
-31
-8
-25
-38
-45
-32
-2
19
43
57
67
82
94
100
116
118
114
128
126
124
135
127
115
111
93
76
62
45
15
3
21
32
43
26
-8
-39
-79
-94
-93
-101
-98
-99
-105
-102
-69
-52
-57
-63
-89
-101
-94
-81
-62
-49
-32
-16
-18
-32
-33
-36
-30
-14
-4
6
13
33
54
81
80
64
75
90
108
123
139
146
161
163
158
127
93
93
82
87
89
81
67
50
35
31
23
11
3
-8
-8
-22
-21
-29
-51
-49
-43
-38
-47
-31
6
30
53
55
37
30
37
38
40
58
87
116
134
141
136
114
93
97
82
53
54
60
63
71
58
35
24
-3
-17
-24
-40
-42
-37
-43
-59
-54
-43
-39
-39
-49
-50
-53
-34
-12
-1
8
16
14
-8
-1
7
10
23
25
32
29
24
12
-8
-18
-40
-70
-96
-130
-143
-157
-172
-176
-194
-192
-179
-177
-181
-193
-190
-172
-162
-163
-167
-176
-180
-182
-168
-146
-130
-111
-103
-93
-82
-71
-52
-32
-3
21
52
84
105
112
103
101
105
113
111
112
121
137
141
128
125
100
83
74
67
69
68
71
45
36
36
30
45
34
8
1
-6
-18
-4
-1
-14
-8
-9
-10
-16
-22
-29
-25
-23
-26
-5
15
29
40
65
95
107
135
150
151
154
143
129
127
116
115
117
100
96
94
91
82
56
32
19
6
-7
-23
-40
-40
-51
-65
-75
-78
-74
-85
-100
-125
-143
-143
-144
-141
-138
-144
-145
-149
-156
-154
-154
-154
-164
-167
-160
-153
-151
-148
-141
-140
-141
-133
-114
-117
-126
-134
-145
-157
-160
-156
-160
-175
-182
-157
-137
-114
-96
-96
-85
-81
-88
-88
-81
-88
-92
-73
-63
-51
-36
-32
-19
-3
-3
9
26
33
38
44
66
101
128
141
151
156
169
183
208
217
219
230
234
239
230
222
222
235
241
248
248
250
236
213
194
162
154
140
142
141
154
160
156
152
137
131
120
122
118
110
87
72
57
51
44
36
45
39
40
33
29
21
16
17
-6
-18
-31
-39
-39
-43
-44
-36
-33
-45
-65
-88
-97
-107
-111
-107
-109
-104
-98
-89
-88
-94
-96
-105
-117
-128
-136
-140
-138
-153
-161
-164
-175
-186
-199
-213
-228
-239
-256
-263
-272
-278
-280
-273
-274
-278
-276
-277
-298
-307
-290
-292
-279
-265
-241
-217
-202
-170
-143
-122
-100
-82
-63
-24
11
52
62
77
98
110
141
150
170
193
212
227
225
220
219
216
219
223
218
226
230
226
219
193
170
162
152
159
165
174
176
167
180
176
190
197
201
209
207
205
211
215
216
234
244
268
281
283
280
281
292
296
292
280
270
254
235
218
212
188
157
147
132
113
105
107
90
64
55
42
20
-3
-31
-44
-47
-61
-72
-77
-92
-127
-158
-187
-210
-219
-223
-225
-239
-240
-245
-254
-268
-288
-292
-300
-301
-312
-324
-331
-333
-342
-362
-371
-385
-392
-400
-410
-411
-419
-411
-409
-414
-398
-390
-385
-363
-334
-320
-298
-270
-253
-235
-227
-208
-192
-182
-167
-159
-143
-119
-87
-77
-61
-45
-41
-12
12
35
74
87
106
126
130
134
135
151
160
171
178
172
169
178
171
166
165
153
165
177
182
184
180
201
220
238
263
266
246
238
241
246
254
238
221
213
200
209
214
205
199
186
176
175
175
170
167
169
156
142
141
143
132
111
99
86
82
76
70
73
85
107
119
118
107
98
87
86
74
60
63
56
48
36
23
8
-10
-14
-25
-42
-42
-50
-54
-47
-55
-80
-106
-133
-166
-183
-202
-218
-222
-215
-203
-189
-172
-156
-158
-174
-175
-182
-204
-214
-208
-208
-199
-183
-166
-139
-130
-135
-130
-118
-109
-94
-87
-93
-90
-79
-85
-93
-91
-94
-103
-102
-116
-128
-124
-136
-139
-141
-135
-129
-114
-90
-78
-60
-37
-20
-13
-1
5
7
13
15
31
60
77
68
60
55
42
33
23
21
36
43
57
61
55
44
28
27
15
20
34
42
55
55
46
57
61
64
65
51
53
53
54
56
64
61
56
63
61
73
78
79
88
103
116
115
128
130
119
118
105
99
98
96
97
85
75
68
51
32
23
23
24
27
22
1
-8
-8
-11
-25
-35
-39
-30
-29
-25
-22
-36
-45
-60
-71
-66
-53
-43
-27
-32
-34
-30
-33
-24
-18
-19
-27
-30
-27
-35
-36
-43
-52
-42
-30
-32
-38
-52
-61
-62
-61
-57
-52
-54
-53
-54
-52
-49
-62
-69
-76
-90
-97
-84
-60
-36
-13
9
28
28
27
27
26
17
6
6
10
5
0
7
13
23
22
20
14
4
7
-14
-26
-21
-27
-20
-15
-15
-12
-17
-28
-31
-29
-31
-21
-16
-18
-24
-31
-27
-32
-50
-59
-57
-54
-44
-40
-37
-28
-28
-39
-42
-39
-44
-53
-58
-57
-60
-68
-68
-50
-58
-60
-55
-65
-67
-57
-41
-38
-26
-17
-13
-15
-3
1
-2
12
9
-3
-2
17
33
40
49
58
51
52
60
67
78
81
87
93
99
94
89
75
84
96
88
94
91
93
89
79
73
64
54
59
62
71
100
105
116
114
116
114
107
117
108
111
118
120
119
120
109
105
106
104
92
69
61
57
71
75
82
85
79
86
78
77
76
68
60
61
49
27
1
-12
-25
-41
-42
-48
-57
-66
-66
-75
-87
-86
-99
-111
-127
-155
-171
-187
-194
-196
-188
-185
-179
-160
-158
-148
-137
-129
-133
-138
-139
-142
-128
-123
-125
-127
-111
-98
-96
-80
-90
-109
-118
-137
-155
-157
-150
-147
-128
-119
-105
-104
-127
-117
-113
-114
-111
-102
-98
-90
-72
-62
-40
-24
1
15
6
13
10
8
31
47
48
37
31
42
44
52
76
