-248
-249
-241
-243
-246
-231
-222
-202
-195
-198
-187
-171
-186
-207
-185
-205
-200
-177
-201
-197
-212
-216
-212
-201
-186
-184
-165
-169
-131
-126
-121
-89
-124
-90
-90
-113
-60
-51
-48
-20
3
-10
26
68
45
98
81
73
92
50
76
60
72
79
84
109
58
100
105
96
148
110
124
147
111
102
111
118
112
143
146
151
187
169
179
180
162
186
177
185
195
190
218
221
220
244
238
211
225
202
196
225
213
230
251
248
240
238
235
240
243
243
256
246
262
246
244
256
214
236
230
222
258
240
268
289
266
264
232
232
236
233
251
258
271
254
241
260
240
239
258
222
251
250
205
242
210
204
235
185
196
199
178
202
187
173
170
177
176
174
176
160
160
138
131
141
126
142
165
155
153
167
141
132
158
136
137
137
138
175
152
176
193
182
189
165
171
146
142
143
120
150
146
153
181
155
172
162
135
156
138
131
124
122
129
124
137
119
111
116
90
84
66
52
42
26
49
46
44
42
25
34
27
16
-2
-21
-52
-61
-52
-75
-60
-60
-89
-77
-95
-90
-92
-128
-120
-149
-152
-147
-166
-154
-164
-142
-142
-155
-135
-163
-159
-156
-169
-145
-131
-138
-143
-143
-156
-155
-164
-167
-144
-157
-153
-145
-173
-171
-181
-186
-173
-184
-177
-183
-199
-228
-214
-221
-237
-198
-203
-190
-172
-174
-172
-169
-164
-175
-162
-185
-194
-192
-207
-186
-189
-189
-204
-184
-179
-210
-181
-213
-235
-231
-255
-252
-270
-257
-257
-275
-249
-262
-258
-242
-235
-224
-241
-230
-234
-249
-243
-249
-236
-234
-227
-204
-200
-192
-178
-179
-165
-159
-170
-171
-165
-152
-158
-154
-165
-199
-222
-254
-249
-234
-243
-210
-184
-181
-158
-148
-135
-118
-103
-90
-85
-98
-109
-105
-118
-108
-83
-82
-69
-64
-70
-53
-58
-47
-25
-26
-1
20
27
27
38
12
7
23
-1
15
13
32
57
55
99
94
79
93
93
100
118
137
133
121
123
117
124
133
114
135
135
132
172
164
173
174
150
129
103
110
104
110
132
119
122
140
148
151
158
174
163
182
190
187
212
199
204
225
214
214
210
200
192
202
214
206
215
190
178
175
162
168
159
154
136
135
136
129
146
131
115
119
97
103
89
72
83
72
96
101
105
124
107
115
127
131
141
136
146
154
133
134
143
132
136
130
101
91
60
41
50
40
41
40
24
31
35
37
48
48
42
40
28
25
29
31
44
52
63
54
65
70
48
68
53
39
61
57
68
88
73
73
79
62
57
55
29
23
22
2
1
-5
-35
-35
-35
-54
-36
-34
-41
-11
-13
-18
-16
-38
-38
-46
-59
-56
-56
-66
-60
-37
-37
-27
-34
-46
-42
-57
-62
-46
-50
-42
-34
-55
-60
-66
-85
-72
-63
-70
-50
-58
-67
-64
-74
-57
-66
-84
-78
-92
-100
-87
-81
-62
-51
-46
-36
-43
-44
-49
-34
-32
-15
-6
-10
18
9
-1
10
-4
-14
-16
-18
-10
-8
-8
-13
-19
-36
-61
-58
-76
-87
-72
-69
-67
-64
-83
-96
-91
-118
-119
-106
-122
-94
-79
-80
-51
-58
-35
-11
-20
0
9
10
12
6
8
10
7
-3
-4
-1
-28
-30
-39
-47
-24
-34
-23
-9
-27
-37
-53
-56
-61
-58
-34
-20
-8
-26
-26
-32
-30
-12
-26
-20
-30
-24
-6
12
41
41
57
34
29
26
-1
16
3
4
17
25
41
58
68
59
55
45
41
31
42
37
27
43
28
25
12
-17
-7
-9
0
12
18
39
33
57
65
54
59
33
21
36
26
34
50
20
27
12
-14
-6
-15
-7
-16
-17
-23
-30
-11
-6
1
20
12
1
8
15
23
27
32
37
43
46
54
55
36
28
28
14
17
21
19
35
42
47
51
39
39
42
34
52
53
30
8
-15
-27
-42
-40
-31
-36
-29
-28
-18
-15
-22
-3
8
10
11
6
-1
-2
0
-13
-14
-14
-25
-26
-34
-17
-2
-4
5
8
16
22
23
16
18
4
-28
-47
-68
-72
-73
-94
-84
-81
-76
-63
-77
-71
-72
-81
-84
-73
-67
-70
-66
-62
-42
-47
-48
-52
-67
-65
-68
-52
-38
-38
-21
-6
-2
10
1
3
15
5
-2
-11
-25
-35
-24
-23
-2
5
9
15
0
10
5
-3
0
9
17
9
23
24
29
30
25
36
44
56
67
75
85
86
69
64
57
49
35
31
39
38
55
58
60
63
46
34
34
24
20
27
18
17
6
-3
5
4
18
24
27
15
16
17
11
24
21
42
30
45
67
55
83
81
85
92
100
103
82
80
64
59
59
47
35
17
16
29
31
24
26
13
-6
-7
0
11
13
5
9
-5
-12
-15
-30
-21
-13
-13
4
23
26
26
31
35
36
38
35
31
18
17
41
48
49
49
43
28
28
16
-1
13
20
25
34
24
19
18
-3
2
-4
-17
0
3
4
13
14
16
16
21
20
4
0
7
5
6
16
11
11
12
3
6
-3
-7
-4
0
14
22
39
40
48
47
50
54
48
58
47
51
32
1
-6
-10
-1
-9
-5
0
-6
-20
-31
-35
-44
-39
-38
-29
-36
-56
-58
-72
-64
-59
-67
-67
-66
-61
-58
-45
-51
-46
-48
-59
-44
-40
-31
-29
-19
-5
-17
-14
-21
-16
-7
-31
-45
-48
-56
-55
-44
-47
-47
-42
-52
-56
-70
-77
-64
-55
-41
-39
-43
-44
-43
-48
-43
-38
-30
-34
-50
-48
-45
-37
-34
-28
-25
-21
-22
-27
-10
8
9
-2
-13
-38
-63
-76
-86
-87
-75
-68
-53
-48
-49
-43
-35
-29
-28
-24
-24
-17
-19
-14
-22
-25
-22
-34
-24
-38
-40
-35
-34
-19
-9
8
4
-20
-41
-44
-50
-53
-55
-58
-57
-59
-59
-68
-76
-90
-86
-80
-70
-54
-46
-14
3
22
33
35
40
26
26
22
17
19
0
3
6
-4
10
2
-1
7
12
16
24
40
47
55
58
44
20
7
-11
-17
-7
3
15
14
13
0
0
6
8
6
9
20
22
37
31
38
43
25
36
21
3
11
22
27
31
33
30
33
32
34
35
38
42
51
55
62
57
48
50
31
20
9
-2
2
10
21
37
47
39
34
22
0
-9
-19
-23
-19
-19
-6
2
5
9
2
10
15
13
14
11
13
10
12
17
20
28
35
38
34
41
46
45
37
31
32
39
40
42
61
69
71
71
61
57
58
53
45
44
45
41
38
38
32
37
34
35
41
36
41
22
15
10
6
25
24
11
2
0
-18
-38
-45
-63
-77
-75
-73
-83
-80
-75
-75
-61
-53
-46
-46
-48
-42
-38
-25
-28
-31
-38
-61
-75
-79
-76
-60
-28
-14
0
15
13
21
18
15
18
6
5
5
1
-2
4
2
3
8
0
12
16
5
1
9
1
-3
-2
-1
12
24
34
33
32
31
20
3
-15
-12
-5
-8
11
30
32
36
28
16
13
19
25
23
8
0
-10
-33
-44
-52
-64
-65
-61
-55
-54
-55
-41
-39
-46
-38
-39
-39
-28
-19
-12
-23
-29
-27
-36
-30
-7
7
27
42
39
33
19
3
5
3
0
15
21
8
4
-3
-10
-16
-15
-20
-30
-22
-11
0
5
18
24
36
47
28
12
6
10
19
27
16
3
5
10
7
1
-10
-7
-1
-11
-10
-16
-22
-29
-27
-25
-23
-25
-31
-22
-22
-20
-15
-15
-2
3
7
30
28
32
53
56
52
46
49
49
61
61
55
62
47
36
25
3
-2
0
-6
-15
-24
-30
-47
-46
-37
-35
-18
-11
-1
12
19
29
38
40
47
50
53
59
61
66
65
64
54
57
61
53
53
50
46
38
15
-10
-40
-61
-68
-80
-89
-96
-103
-113
-120
-117
-102
-93
-72
-45
-11
14
29
54
72
87
107
111
98
98
99
115
112
93
99
75
27
-1
-15
-28
-40
-54
-80
-99
-98
-107
-102
-93
-87
-54
-56
-51
-17
-2
7
22
41
45
68
83
96
121
126
143
122
104
87
50
30
27
37
27
17
-1
-31
-64
-80
-93
-102
-84
-70
-76
-83
-73
-65
-60
-48
-21
4
13
50
76
87
100
107
120
107
96
98
85
68
50
40
26
-9
-44
-68
-106
-119
-101
-126
-131
-120
-142
-144
-162
-177
-156
-148
-146
-88
-57
-59
-11
6
17
35
49
97
104
110
151
147
125
141
132
92
78
69
43
5
-9
-3
-42
-65
-66
-91
-109
-122
-124
-141
-144
-95
-68
-77
-50
-23
-7
6
6
38
47
45
76
70
76
110
95
111
132
103
119
84
28
42
5
-47
-56
-76
-96
-104
-110
-136
-144
-129
-149
-162
-140
-105
-78
-62
-18
31
20
49
100
82
105
149
144
164
199
183
182
173
160
154
94
81
86
-4
14
8
-99
-40
-72
-145
-76
-96
-127
-96
-115
-75
-50
-90
-7
7
-30
49
65
53
94
119
121
83
111
160
85
103
160
86
66
73
12
-11
-14
-35
-50
-75
-82
-77
-143
-160
-89
-141
-177
-55
-92
-138
-36
-49
-72
-9
2
-19
13
34
71
65
48
142
112
32
81
89
8
12
48
-29
-67
-36
-87
-156
-138
-127
-172
-166
-121
-122
-160
-129
-118
-106
-46
-103
-21
27
-55
55
60
-13
115
48
33
176
41
87
174
25
32
79
9
-53
-55
19
-81
-108
-29
-94
-95
-180
-125
-25
-175
-114
127
-100
-114
136
-18
-21
67
77
186
127
57
264
188
59
247
220
17
229
193
-61
119
117
40
-96
-23
144
-135
-200
59
-9
-204
-176
32
-116
-346
64
48
-290
-47
248
-144
-272
251
192
-164
19
398
97
-186
239
270
-169
9
321
34
-174
180
254
-364
-74
305
-308
-310
97
-55
-309
-157
-4
-111
-305
-74
33
-119
-168
82
206
-182
174
223
-32
284
154
0
321
60
81
126
-37
209
-255
29
142
-339
104
9
-432
132
-127
-490
62
-245
-220
-51
-358
-91
153
-395
-183
327
-117
-145
241
74
118
194
-179
363
292
-301
216
323
-93
16
189
29
79
-59
-140
193
-186
-173
345
-311
-294
493
-210
-468
346
226
-314
-153
422
177
-241
130
476
148
3
305
393
162
101
445
176
42
444
216
-71
281
295
101
-26
118
279
83
1
-114
410
86
-399
327
225
-213
169
155
-17
284
-34
221
519
-280
300
759
-496
211
764
-251
156
310
216
341
-285
91
682
-440
-185
664
-342
-133
398
-318
-85
206
-153
-39
-26
-12
209
-30
-215
386
121
-333
391
53
-100
442
51
-94
323
317
-116
149
465
-126
75
372
-23
-50
0
361
-161
-275
335
-129
3
-176
-282
353
-323
-368
347
-256
-207
294
-301
-120
511
-391
-449
548
29
-509
38
358
-185
-99
-48
-270
382
-285
-390
336
-436
134
76
-1029
314
357
-1115
-301
508
-496
-537
144
-428
-163
40
-699
-79
281
-566
-237
240
-457
26
3
-724
494
-19
-810
668
-326
-404
712
-801
-138
551
-734
-204
92
-239
-38
-567
-150
412
-877
-623
820
-389
-1061
421
54
-713
-158
-121
-60
-347
-347
130
-297
-184
-54
-117
-181
-142
51
-46
-288
0
215
-485
-285
363
-321
-713
436
-187
-613
20
-217
-95
-37
-660
-208
758
-737
-815
799
-9
-886
83
234
-99
-542
236
259
-468
484
-390
62
610
-628
28
563
-398
296
-9
-357
787
-337
-292
426
-253
60
261
-691
599
8
-608
615
-669
392
286
-1079
975
443
-1346
933
574
-842
525
171
80
357
-253
205
469
-294
258
96
-342
827
-192
-757
955
247
-853
22
656
-73
-800
267
549
-518
-133
109
125
-102
-110
432
-461
212
607
-460
-127
623
209
-421
81
863
-112
-427
885
242
-177
218
534
-110
218
386
-169
331
395
-46
-332
921
39
-412
650
378
-45
193
322
166
458
-124
208
601
-228
425
674
-615
812
646
-560
841
130
179
502
-245
654
33
-138
883
-142
-166
685
278
-133
111
493
273
-50
254
613
68
-302
1023
-34
-495
986
-92
103
342
-32
622
-88
-206
1069
-630
-24
1116
-681
238
529
-141
-19
398
-68
-161
515
93
-151
420
-317
378
459
-1163
937
583
-1400
751
1077
-1541
439
1005
-764
71
-144
658
375
-1250
706
1127
-1674
127
1353
-1371
-422
1324
-514
-891
518
528
-538
-1161
1148
608
-1876
483
1528
-1319
-768
1530
-480
-1133
409
577
-250
-973
348
1259
-1143
-1135
1749
-471
-1043
769
32
-544
68
433
-671
-340
281
90
-1039
70
981
-1316
-509
1051
-590
-1140
444
158
-527
-649
423
0
-1241
810
-256
-1524
870
474
-1631
-71
879
-365
-1295
-272
1359
-1384
-1168
1700
-994
-1410
1891
-1199
-1546
1337
-608
-997
-239
325
-145
-1113
-348
1190
-1163
-1539
1625
-341
-1863
640
681
-1350
-99
360
-660
-616
540
-507
-839
765
-313
-544
-229
409
-168
-1056
223
661
-965
-286
847
-574
-757
775
-50
-1494
870
305
-981
11
289
11
-639
-384
483
-71
-1188
436
975
-1329
-698
1933
-1131
-1092
1416
-859
109
-129
-433
953
-798
-530
1287
-765
-1111
1690
-546
-1109
1410
-170
-708
554
75
-165
108
-66
299
3
-249
706
-23
-828
954
541
-1293
237
1322
-616
-558
1082
95
-768
632
576
-1033
518
868
-406
-199
328
699
-521
-348
736
474
-478
-80
1071
-275
-288
871
-352
183
656
-250
110
250
574
-113
-453
650
554
-516
-123
1320
-510
-139
1209
-596
366
478
-71
129
175
671
-238
-188
1191
-73
-556
1081
386
-283
354
629
135
136
192
758
-90
-260
1444
-413
-334
1396
-355
-398
1149
398
-578
158
1138
-281
-373
691
89
244
-238
90
737
-389
10
769
-571
234
1014
-1042
667
660
-854
974
-98
-394
936
-113
-659
799
404
-594
327
556
-223
-58
395
130
-320
-132
882
-568
-393
418
506
-251
-1244
1407
16
-1102
915
136
-467
403
65
-351
104
418
-317
-122
456
-358
300
-153
52
252
-233
102
87
123
12
391
-663
190
794
-1023
-301
946
-213
-996
559
259
-484
-159
160
-11
-395
371
-396
-184
700
-854
-455
885
-634
-290
-269
266
513
-1828
900
371
-1062
239
-479
549
-278
-1069
843
-376
-696
747
-1049
-22
446
-794
-406
364
-147
-842
513
-319
-231
21
-678
205
167
-1142
89
674
-1142
35
-129
-542
944
-1251
-852
1919
-1477
-753
1514
-1491
-185
622
-1186
-248
705
-718
-554
286
-486
119
-657
-468
875
-433
-1234
793
455
-1678
703
175
-1461
821
185
-950
65
-57
150
-381
-696
519
-25
-840
311
273
-1259
661
141
-1082
-195
180
304
-1235
-291
1212
-195
-1828
1135
911
-1863
551
725
-1024
337
-12
-639
475
-421
-113
209
-372
-289
1134
-1085
-486
1735
-1382
-378
1338
-336
-953
808
-21
-182
-46
-426
906
-85
-1007
1026
-155
-567
883
-984
517
227
-581
615
104
-593
739
356
-1193
1030
1004
-1214
-230
1699
-215
-1028
787
713
-547
224
126
130
874
-762
277
749
-508
66
820
87
-522
979
97
-183
659
-189
360
289
70
190
280
115
417
404
-356
382
601
25
-182
268
806
86
-883
944
638
-984
722
307
-312
909
-470
33
1292
-1283
297
959
-1029
497
503
-459
436
246
-446
545
-83
107
674
-522
506
868
-869
340
978
-693
10
561
136
441
20
-376
1028
261
-1157
804
1147
-507
0
817
170
61
-168
140
923
-540
-228
992
-35
-214
324
107
81
254
-345
392
520
-383
405
343
-491
654
152
-513
297
517
131
-1016
1028
732
-1034
229
290
272
-241
-690
1292
-135
-1096
1341
-154
-725
282
176
-223
-358
304
545
-945
111
1011
-1628
584
456
-758
579
-893
918
118
-1548
1118
30
-1037
570
19
-783
778
-54
-981
865
-59
-609
299
-128
-41
-36
-83
-64
197
-643
-402
1001
-1056
-560
1182
-643
-695
903
-615
-668
1296
-1670
-437
2218
-2120
-272
1600
-1681
211
241
-1167
600
294
-1104
-61
939
-937
-517
515
-478
-338
-59
65
-622
-156
364
-786
-298
468
-857
-296
651
-1189
-465
1468
-1086
-1642
1613
-857
-1264
845
-1132
-265
401
-696
-244
-48
48
-152
-636
-197
381
212
-861
-237
1012
-571
-1206
680
-125
-654
431
-565
295
779
-1242
-495
817
89
-695
-503
816
252
-1152
-162
1078
-411
-810
331
15
187
103
-580
206
325
-669
223
-34
104
399
-349
-27
173
543
-518
-287
957
-608
20
795
-757
633
448
-1094
730
647
-1334
368
426
-112
172
-982
1344
-235
-1578
1430
-105
-576
721
-77
160
-498
236
1018
-1293
3
1017
-566
134
773
-562
94
504
-496
111
359
467
18
-40
353
127
-69
-42
150
224
392
26
50
307
-237
14
228
-360
607
410
-859
331
445
-436
132
235
-81
89
-285
414
879
-896
152
1143
-590
-585
797
46
-638
1020
-208
-574
1344
-130
-1093
354
629
161
-746
18
1080
-413
-597
41
742
-175
-520
592
-235
363
513
-633
16
365
-138
-297
3
530
112
-385
351
-5
-375
408
-308
48
457
-20
249
-214
127
222
-554
222
306
-476
164
572
-284
-273
389
-300
61
-243
93
897
-565
144
456
-432
20
87
-115
319
166
88
116
-168
539
-39
-678
951
257
-617
794
39
-38
527
-297
126
480
-445
88
903
-405
190
736
-716
127
322
-711
246
619
-230
-389
398
355
-472
-117
402
93
30
-13
-41
516
-85
-530
282
281
-466
230
-20
-265
634
-444
-275
509
163
-568
6
624
-79
-430
170
378
-364
173
-149
-140
434
-199
-116
392
60
116
-117
-260
569
-167
-343
219
110
121
-409
-206
449
-255
-412
-61
77
-36
-89
63
-178
56
-333
-333
-224
-226
178
-576
-80
540
-706
-496
228
-438
-340
-10
-278
24
23
-512
-215
-220
-373
-202
-457
139
-21
-469
-117
-194
-175
-345
-136
-284
-251
259
-397
-306
179
-354
-400
-179
62
-319
-493
250
-194
-438
1
-134
-372
-259
-271
-362
-240
89
-232
-514
144
-212
-524
-132
-47
-170
-39
-49
-227
48
-171
-366
-17
0
-129
-59
-45
92
73
-155
10
90
-44
-11
169
325
205
107
93
152
222
-45
7
149
316
204
-294
284
220
-446
-139
157
99
-108
138
47
-12
177
-192
-61
195
131
-40
30
323
325
-78
140
369
-45
374
508
239
490
359
3
389
352
225
214
366
648
88
180
482
152
-27
298
162
288
300
-39
144
114
39
-39
59
202
104
-109
183
176
31
140
108
-70
242
451
-122
492
434
-78
173
186
220
159
311
223
263
160
-57
95
24
-169
81
286
-83
226
417
-274
-20
225
-456
78
230
20
313
148
120
55
195
15
264
373
237
822
606
414
779
535
258
646
613
485
891
659
537
813
593
464
569
605
502
592
853
432
613
675
282
694
525
707
817
820
885
840
1124
979
893
1040
1073
800
1190
1242
403
-333
-1006
-1064
-1002
-1188
-1007
-1142
-1726
-2618
-2938
-2797
-3128
-2953
-2884
-2876
-2453
-2229
-1951
-2113
-2221
-1927
-2161
-1512
-555
-279
-240
-124
-178
-207
9
-285
-109
33
146
349
413
403
34
-380
-767
-469
-237
-645
-450
48
-322
-461
-118
-391
-483
-480
-695
-269
116
-50
-10
65
-85
-71
-63
-54
320
351
188
501
749
654
418
575
664
651
809
917
944
949
932
763
1091
1062
751
920
957
1261
1138
923
1422
1370
1069
1316
1630
1623
1650
1868
2112
1985
1817
1864
1779
2129
2595
2410
3142
3504
532
-2908
-2691
-463
-306
-1311
-1789
-1199
-2576
-6768
-7082
-3704
-3613
-6130
-5979
-3804
-3037
-4023
-4093
-3788
-3837
-4231
-3892
-1262
836
556
-384
-485
49
521
72
-96
488
1242
1338
1179
2035
2079
351
-799
-250
509
809
926
892
883
1125
934
640
473
201
-80
-151
663
1706
1722
780
367
273
191
244
-165
-275
279
721
175
15
401
-574
-1550
-1363
-729
-303
-289
-257
-433
-451
-394
-709
-671
-521
-432
-345
211
683
634
382
-262
-66
240
306
527
614
701
406
473
692
369
137
211
236
694
1227
1148
1150
1163
1089
1069
1242
1502
1658
1612
1600
1892
1983
1735
1869
1937
1749
2278
2366
2233
2288
2097
2023
2023
2246
2655
2852
3013
4137
3329
-1424
-4231
-2136
608
195
-1879
-732
204
-3772
-7713
-5607
-1645
-2679
-5450
-4818
-1113
-554
-2710
-2413
-1598
-1924
-2450
-1077
1767
3493
2478
307
314
1610
1614
429
120
1020
1802
1293
1128
2158
1259
-950
-1587
-569
814
1165
686
774
1361
1427
898
751
864
684
279
407
1660
2111
1235
22
-478
-330
-287
-310
-451
-217
-252
-759
-1289
-1403
-1342
-2019
-2478
-1696
-1172
-1187
-838
-1122
-1619
-1305
-1103
-1544
-807
-66
-334
216
538
325
425
40
-343
261
612
392
289
287
-167
-402
-358
-454
-169
-73
11
269
771
633
9
101
101
391
1162
1519
1550
1758
1804
1416
1652
1926
1718
1712
2075
2262
2411
2653
2175
2089
2302
2184
2321
2608
2866
3222
3831
4500
1427
-4077
-5055
-1766
681
-1389
-1901
155
-2453
-7702
-8715
-4576
-2799
-4841
-5875
-3919
-1481
-1762
-2596
-2501
-2373
-2620
-2085
451
3087
3662
1773
-174
395
1879
2052
1042
1015
1818
2024
1960
2079
2123
612
-1228
-916
887
2123
2222
1598
1166
1236
1236
958
708
626
646
443
634
1781
1411
-208
-1446
-2040
-1570
-1046
-943
-887
-991
-1167
-1166
-1767
-2417
-2356
-2199
-2067
-1410
-284
132
-201
-1184
-1589
-1100
-937
-361
103
146
453
530
47
-406
-947
-1497
-1591
-985
-284
-233
-871
-1804
-2090
-2380
-2375
-1995
-1857
-1550
-953
-675
-645
-502
-874
-1177
-425
769
1632
2127
1994
1835
1826
1693
1455
1705
1996
2132
2415
2427
2936
2596
1963
1460
841
1652
2233
2193
2663
3550
3616
3608
2930
-1996
-6365
-4829
-615
174
-2126
-1246
-727
-5281
-9455
-7331
-2816
-2927
-4392
-3663
-1418
-200
-999
-1488
-1847
-1595
-857
473
2820
4829
4577
1451
-2
1510
2191
1429
885
1453
2231
2432
2129
1793
1462
240
-374
620
2399
3952
3499
2680
2583
2692
3075
2546
2205
2641
2581
2109
2329
2521
1596
-41
-1715
-1978
-769
-339
-1045
-1397
-1567
-1800
-2470
-3009
-3025
-3369
-3780
-3588
-2507
-1445
-1263
-2123
-2922
-2999
-2514
-1669
-1330
-674
-190
-357
-481
-632
-672
-1356
-1748
-1361
-726
-278
-605
-1264
-1862
-2162
-2177
-2007
-1776
-1170
-824
-994
-834
-754
-1190
-1211
-723
146
1267
1634
1937
2034
1559
1406
1306
1423
1773
2059
2435
2633
2735
2593
2294
1697
1338
1557
1815
2353
3099
3946
3823
3666
3981
4473
3705
-1086
-4995
-3366
814
1633
-830
-732
-91
-4115
-8999
-7544
-2322
-1225
-3244
-3602
-1579
-190
-886
-1607
-1849
-1404
-780
425
2894
5312
5266
2343
171
690
2068
1792
1255
1992
2609
2441
1812
1544
1281
-73
-1313
-949
1098
2984
2976
2060
1232
1426
1737
1393
1142
1434
1511
828
995
1255
659
-667
-1904
-1916
-1073
-236
-604
-1226
-1124
-1126
-1517
-1894
-1738
-1254
-1331
-1736
-1071
100
130
-1237
-2760
-3098
-2085
-1203
-1081
-474
-194
-899
-1883
-2097
-1527
-1092
-802
-979
-1042
-785
-1037
-1935
-2386
-2206
-2192
-1625
-798
-147
32
-589
-1207
-1575
-1067
112
943
1453
2034
2440
2339
2116
1642
1419
1531
2008
3022
3664
4152
3687
2673
2133
1621
1916
2132
1858
2125
2805
3148
2795
2290
2020
2247
2702
3324
3249
-217
-4649
-4311
-486
802
-1283
-1983
-2067
-5428
-8796
-7637
-3714
-2244
-3559
-4778
-4190
-1940
-967
-1814
-2696
-2183
-854
630
2778
4560
4808
2516
90
234
1647
2715
2359
1607
1724
2037
1789
1175
588
-393
-983
-730
602
2549
2975
2199
1211
950
1580
1725
1104
496
406
395
591
1137
1010
-177
-1471
-2119
-1904
-1293
-951
-1017
-1489
-1523
-1256
-1405
-1811
-1824
-1811
-1930
-1145
-1108
-1184
-482
-458
-833
-963
-375
-320
-680
-611
57
744
577
453
-18
-614
-886
-1273
-1223
-982
-808
-687
-875
-1047
-1143
-1331
-1688
-1700
-1624
-1537
-577
265
607
626
517
580
811
1440
1896
2319
2680
2880
3409
3617
3519
3123
2291
1893
1900
2097
2232
1994
1614
1191
905
893
1130
1327
1037
1205
2087
2861
2229
-1674
-5674
-5100
-1572
-724
-2018
-1692
-1918
-4774
-8084
-7136
-3315
-1788
-2519
-3558
-2513
-553
167
-535
-1656
-1168
-329
650
2500
4689
5117
2775
277
-364
1180
2267
1696
806
910
1579
1334
883
207
-582
-1155
-1508
-420
1994
3320
2358
970
1049
1738
1743
1277
949
1299
1498
1372
1608
1471
452
-892
-1668
-1609
-902
-625
-1116
-1464
-1492
-1462
-1949
-2424
-2332
-2174
-2157
-2108
-1675
-1158
-839
-1010
-1468
-1098
-684
-905
-661
111
609
334
-151
-472
-729
-852
-1273
-1520
-1244
-939
-1044
-1439
-1782
-1988
-2136
-2437
-2271
-1616
-1211
-1056
-721
14
770
1031
1114
1425
1959
2564
3026
3150
3255
3807
3940
3471
3379
3465
3203
2912
2741
2581
2225
1658
1232
1100
1305
1231
948
1008
1004
1161
1974
2612
652
-3509
-5153
-2879
-389
-706
-1842
-1477
-2237
-5564
-7314
-4929
-2131
-1931
-3384
-4173
-3079
-1200
-614
-1819
-2299
-1407
-641
229
1846
3435
3208
1285
-349
-253
1240
2417
1851
782
992
1305
1373
1514
1351
1133
707
326
846
2206
2901
2133
1303
1617
2466
2697
2049
1231
665
-40
-543
-219
83
34
-474
-1174
-1162
-1164
-1414
-1696
-1848
-1741
-1402
-867
-297
77
-379
-1116
-1522
-1402
-917
-389
145
466
487
6
-309
-196
-416
-916
-1079
-1013
-1055
-914
-763
-951
-1621
-2292
-2598
-2589
-2180
-2113
-2256
-2222
-1886
-1353
-1349
-1228
-1206
-1222
-300
737
1655
2153
2335
2398
2258
2398
2277
2386
2774
3204
3339
3351
3416
2767
2273
1847
1572
1288
1128
1232
1004
1089
1106
1177
1282
1118
1465
2623
2538
-123
-2366
-2127
-351
177
-721
-592
-325
-1878
-4052
-4008
-2498
-1485
-2029
-3677
-4380
-3158
-1096
-729
-1433
-1656
-1218
-850
-714
316
1616
1809
831
304
1052
2607
3307
2062
648
451
1254
1981
2467
2920
2761
1945
927
859
1592
2158
1809
1200
1512
1926
2065
1410
429
-401
-1237
-1588
-1632
-1184
-749
-601
-729
-1303
-1786
-2060
-1800
-1241
-1014
-869
-679
-313
-168
-393
-605
-681
-890
-1377
-1099
-367
-134
-440
-1125
-1446
-1335
-1181
-1544
-2229
-2294
-2320
-2604
-2681
-2309
-1956
-2248
-2471
-2404
-2032
-1483
-1423
-1568
-1075
-139
359
441
686
1239
1671
1804
1808
2110
2647
2756
2685
2883
3059
2990
2980
2614
2030
2153
2232
1831
1548
1608
1273
479
-94
-550
-504
-271
-146
63
228
455
780
1079
1339
1170
46
-925
-743
204
661
473
515
242
-951
-2343
-2469
-1741
-1299
-1696
-2922
-3580
-3336
-2719
-2435
-2560
-2268
-1669
-1264
-961
-298
283
355
-21
-463
66
1401
2300
2449
2531
2525
2384
2339
2172
2126
2348
2684
2783
2687
2708
2744
2675
2100
1481
1108
756
527
135
-67
-268
-844
-1489
-1835
-1790
-1590
-1405
-1751
-2066
-1942
-1818
-1540
-1274
-1176
-932
-400
-3
40
132
178
-205
-654
-733
-624
-485
-424
-565
-609
-726
-1488
-2624
-3166
-3020
-2932
-2826
-2483
-2233
-2050
-2001
-2148
-2142
-1950
-1646
-1303
-560
373
839
785
585
921
1266
1300
1327
1534
2019
2485
2548
2171
2015
1841
1453
1258
1465
2091
2506
2257
1636
1234
704
-182
-773
-761
-326
201
744
942
683
402
-18
-278
209
1428
2703
3009
2365
1552
1201
933
311
-32
15
247
310
155
51
-176
-657
-1800
-3141
-3854
-3645
-2871
-2095
-1254
-685
-609
-1170
-1843
-1839
-1348
-664
-152
148
512
1084
1624
1551
1238
1178
1248
1365
1791
2684
3161
3000
2423
1612
1398
1662
1886
1806
1619
1600
1331
843
222
-395
-905
-1243
-1227
-1114
-863
-759
-883
-1027
-1136
-1250
-1507
-1293
-724
-171
131
-96
-331
-516
-781
-905
-803
-570
-554
-753
-845
-805
-1018
-1671
-2421
-2980
-2993
-2643
-2232
-1915
-1947
-2034
-2288
-2337
-1820
-1397
-1075
-695
-51
662
1029
984
716
724
829
986
1186
1538
1907
1888
1756
1584
1580
1541
1434
1310
1028
1057
1216
1246
1106
742
266
-199
-268
-2
168
139
187
331
193
265
614
833
1096
1458
1965
2271
2394
2410
2066
1368
719
660
766
768
662
526
288
-528
-1301
-1730
-1933
-1933
-1950
-2038
-2351
-2459
-2458
-2341
-2067
-1970
-1599
-1211
-848
-489
-209
35
118
160
63
427
1258
1744
1809
1928
2115
2031
1695
1500
1636
1669
1579
1392
1302
1423
1401
990
335
-48
-285
-725
-1043
-1066
-1341
-1743
-1942
-1958
-1663
-1272
-1067
-1053
-884
-534
-198
-71
-216
-369
-529
-390
-121
52
250
115
-151
-493
-859
-1246
-1673
-2040
-2454
-2372
-2036
-1805
-1644
-1673
-1696
-1700
-1451
-1049
-827
-700
-463
-108
256
639
779
905
1041
990
1053
1142
1095
872
802
937
1255
1603
1413
1070
735
461
301
182
235
177
116
113
55
-52
-103
-243
-509
-410
-125
282
769
1006
929
869
1184
1402
1522
1776
1996
2200
2481
2834
3020
2833
2103
1459
1170
958
834
588
432
177
-294
-773
-1020
-1048
-1281
-1578
-1934
-2201
-2181
-1908
-1577
-1407
-1177
-1082
-997
-690
-531
-322
99
424
425
324
403
535
667
900
1231
1625
1862
1734
1449
1227
1166
1045
879
753
749
995
945
739
519
194
-192
-538
-415
-156
26
-80
-325
-172
48
105
4
-120
-268
-368
-167
-52
-257
-568
-810
-1004
-1185
-1170
-1124
-1272
-1649
-2060
-2204
-2194
-2100
-2048
-2101
-2049
-1772
-1455
-1318
-1117
-921
-896
-815
-591
-261
95
332
303
273
370
368
200
35
155
421
581
463
154
-31
-175
-251
-227
-183
-2
162
177
120
148
143
-35
-189
-129
325
734
964
1089
1014
1008
1014
1137
1335
1464
1539
1576
1769
1893
1835
1641
1461
1449
1459
1388
928
255
-174
-411
-603
-663
-590
-661
-978
-1390
-1465
-1230
-1127
-1198
-1445
-1623
-1507
-1265
-1018
-854
-636
-353
-195
-106
-2
87
46
46
167
256
339
469
648
798
978
1172
1131
959
890
829
711
609
468
359
428
553
588
579
529
480
396
159
-26
-12
230
373
156
-19
-102
-276
-540
-725
-741
-787
-916
-1123
-1232
-1265
-1443
-1682
-1828
-1878
-1801
-1652
-1569
-1397
-1309
-1320
-1202
-1007
-867
-889
-716
-302
123
270
126
61
73
143
121
66
-45
-137
-178
-352
-317
-197
-207
-531
-910
-884
-761
-527
-389
-386
-277
-184
-221
-399
-381
-224
-121
-58
179
597
876
904
836
1006
1256
1425
1553
1732
1905
1934
1780
1520
1347
1258
1205
1093
1109
1121
1042
966
710
309
-70
-285
-510
-528
-397
-386
-293
-368
-490
-587
-607
-405
-234
-242
-492
-668
-760
-733
-506
-290
-33
221
416
497
504
480
354
215
151
192
480
989
1366
1502
1505
1246
917
722
633
683
741
823
825
849
924
916
878
737
551
294
244
455
427
229
52
-45
-195
-529
-695
-658
-643
-721
-730
-694
-845
-1145
-1566
-1776
-1682
-1557
-1512
-1444
-1210
-1087
-1060
-1004
-1016
-1035
-990
-788
-532
-277
-109
-139
-214
-297
-359
-365
-282
-129
-30
-2
-100
-187
-229
-291
-287
-302
-316
-292
-333
-328
-273
-285
-303
-309
-236
-104
-65
-60
0
0
-17
89
211
388
677
909
1022
1077
1071
1084
1044
1034
1079
1023
996
925
858
817
687
614
497
305
393
585
507
135
-158
-237
-351
-377
-326
-143
-53
-223
-302
-132
193
147
-437
-1111
-1501
-1397
-1039
-574
-123
32
-4
-132
-223
-270
-264
-228
-220
-66
284
679
880
893
710
590
636
716
851
901
937
815
637
531
456
601
693
624
513
478
492
287
-67
-344
-399
-462
-550
-505
-449
-417
-487
-594
-706
-810
-915
-1089
-1250
-1273
-1162
-1117
-960
-838
-848
-766
-704
-644
-666
-646
-511
-393
-423
-548
-477
-319
-269
-297
-260
-187
-173
-324
-555
-538
-315
-196
-196
-146
-32
31
-135
-399
-483
-469
-430
-305
-60
317
524
449
309
149
103
117
139
282
524
805
913
814
697
630
578
545
601
714
814
843
806
751
616
448
281
204
295
629
1198
1478
1036
140
-553
-718
-538
-328
-109
89
-27
-411
-713
-713
-598
-797
-1483
-2176
-2259
-1712
-1051
-768
-760
-732
-659
-737
-811
-597
-194
146
216
228
464
944
1287
1344
1412
1492
1524
1476
1461
1524
1665
1722
1465
1215
1163
1319
1483
1426
1245
924
539
146
-131
-260
-326
-306
-379
-504
-592
-577
-606
-810
-942
-989
-902
-776
-761
-878
-965
-898
-823
-755
-624
-399
-288
-450
-618
-655
-687
-732
-759
-681
-578
-476
-391
-434
-493
-587
-773
-957
-963
-810
-562
-234
-29
-75
-255
-372
-361
-299
-138
167
495
719
838
954
1051
1132
1169
1136
1080
1095
1211
1357
1403
1298
1135
889
687
543
447
512
541
466
369
338
347
278
129
63
220
536
968
1529
1794
1013
-346
-988
-635
-123
29
192
413
140
-713
-1368
-1335
-978
-1038
-1833
-2649
-2679
-1943
-1283
-1117
-1103
-1023
-1022
-1165
-1147
-772
-60
360
104
-234
8
745
1163
1096
882
778
830
881
996
1260
1580
1595
1235
980
1136
1441
1368
1010
760
603
438
216
64
11
-74
-244
-501
-623
-564
-593
-737
-838
-826
-772
-669
-570
-628
-708
-711
-664
-713
-729
-502
-214
-125
-248
-348
-513
-763
-928
-983
-953
-811
-669
-662
-609
-596
-619
-734
-924
-970
-1012
-937
-705
-472
-355
-332
-304
-266
-124
-8
41
165
403
717
995
1247
1369
1374
1392
1308
1245
1338
1560
1727
1690
1617
1490
1304
1106
978
869
725
713
734
828
982
1004
962
972
1130
1375
1963
2230
746
-1565
-2470
-1422
-414
-505
-530
-275
-916
-2790
-3929
-3294
-2001
-1585
-2551
-3485
-3072
-1645
-848
-1084
-1314
-1281
-1110
-953
-500
322
1044
1242
492
-195
172
1046
1245
699
493
656
881
991
1055
1324
1537
1410
907
824
1471
2097
2195
1954
1898
1788
1479
1057
603
389
287
125
-184
-200
117
65
-414
-958
-1272
-1306
-1177
-1058
-1113
-1144
-1030
-887
-835
-914
-940
-952
-965
-954
-846
-560
-445
-530
-713
-840
-843
-916
-998
-1064
-1025
-954
-903
-897
-1015
-1069
-1164
-1156
-922
-612
-336
-187
90
350
472
587
615
639
712
1002
1392
1700
1978
2082
2009
1764
1557
1550
1717
2014
2152
2145
2083
2041
1971
1765
1602
1409
1262
1286
1369
1648
1963
2184
2264
2558
2692
877
-2217
-3697
-2162
-243
-366
-970
-847
-1295
-3674
-5712
-5082
-3072
-2026
-2816
-3564
-2839
-1407
-886
-1656
-2184
-1962
-1438
-983
-291
906
1594
1324
174
-620
-274
270
329
-11
346
992
1231
1104
783
893
1007
963
753
1017
1804
2135
2123
2058
2238
2031
1432
943
653
579
308
55
-310
-585
-698
-825
-824
-904
-971
-1023
-868
-694
-610
-617
-864
-1013
-979
-689
-423
-329
-290
-387
-565
-809
-913
-969
-1106
-1214
-1290
-1201
-1063
-1112
-1461
-1852
-1942
-1991
-2039
-1962
-1718
-1375
-1136
-882
-619
-428
-345
-270
-112
128
442
606
796
1193
1657
1957
2011
1948
1794
1766
1774
1742
1773
1917
2186
2279
2359
2386
2358
2265
2090
2054
2080
2320
2364
2372
2616
2964
3191
3514
3506
988
-2719
-3954
-1829
110
-417
-1045
-963
-1949
-4786
-6553
-5268
-3122
-2397
-3312
-3721
-2489
-1125
-1165
-2323
-2715
-2110
-1474
-1033
-356
914
1481
836
-211
-574
-75
28
-330
-452
331
1195
1099
703
541
820
951
859
1061
1740
2459
2339
1952
1904
2064
1807
1114
736
798
874
505
67
-228
-485
-872
-1219
-1159
-817
-435
-352
-261
-103
-61
-325
-847
-872
-444
-60
14
141
447
352
-261
-1026
-1322
-1209
-1090
-1126
-1309
-1293
-1251
-1609
-2193
-2466
-2269
-2227
-2379
-2296
-1961
-1471
-1213
-1139
-1044
-840
-574
-392
-36
529
951
850
693
1105
1720
2059
2062
2022
2070
2074
1872
1578
1579
1815
1968
2021
2272
2677
2823
2588
2330
2245
2366
2417
2339
2605
3163
3647
3840
4067
2744
-839
-3564
-2836
-285
157
-705
-609
-601
-2685
-5663
-5886
-3763
-2221
-2574
-3316
-2553
-1186
-1021
-2200
-2898
-2390
-1852
-1567
-1000
171
1040
676
-341
-969
-572
-85
-280
-416
374
1531
1612
920
583
974
1448
1404
1366
1960
3012
3341
2742
2271
2368
2195
1366
830
970
1209
786
44
-448
-688
-953
-1455
-1692
-1417
-911
-613
-482
-217
-40
-197
-499
-695
-455
94
406
325
280
564
368
-445
-1100
-1141
-891
-958
-1118
-1299
-1439
-1545
-1889
-2215
-2257
-1974
-1936
-2263
-2336
-2188
-1956
-1791
-1664
-1448
-1191
-824
-478
-101
223
235
13
14
578
1192
1522
1733
2000
2235
2306
2250
2051
2035
2302
2561
2743
3017
3329
3259
2824
2549
2596
2786
2742
2712
2896
3206
3515
3588
3484
1518
-1974
-3831
-2342
-8
-250
-1099
-737
-1095
-3714
-6063
-5104
-2832
-2118
-2699
-2758
-1668
-958
-1613
-2725
-2830
-1960
-1499
-1368
-702
377
672
-277
-1251
-1322
-865
-736
-860
-260
959
1666
1323
700
736
1036
1191
1276
1705
2616
3442
3568
3048
2619
2426
1899
1185
963
1263
1346
705
54
-344
-736
-1344
-1842
-1842
-1671
-1407
-1184
-881
-681
-776
-1222
-1558
-1224
-620
-329
-390
-78
248
53
-399
-580
-420
-474
-583
-635
-641
-736
-955
-1275
-1602
-1503
-1339
-1416
-1647
-1761
-1826
-2043
-2042
-1787
-1454
-1246
-1149
-1088
-948
-656
-633
-937
-1026
-485
305
833
1012
1141
1315
1476
1579
1652
1999
2385
2628
2768
3074
3438
3491
3165
2743
2547
2628
2822
2922
3158
3390
3637
3670
3741
2535
-812
-3348
-2749
-264
-15
-1197
-724
-252
-2225
-5224
-5163
-2785
-1844
-2292
-2315
-1225
-396
-953
-1898
-2268
-1722
-1272
-1291
-791
341
878
-15
-1032
-1293
-1169
-1148
-1098
-584
181
842
840
445
355
560
768
844
1279
2013
2734
3240
3369
3074
2518
2101
1749
1552
1555
1519
1099
596
239
-260
-837
-1251
-1280
-1303
-1314
-1082
-695
-442
-794
-1383
-1681
-1460
-1087
-1080
-1012
-659
-318
-404
-615
-458
-274
-225
-257
-144
-23
-111
-306
-544
-683
-771
-766
-721
-728
-900
-1222
-1518
-1692
-1662
-1453
-1150
-1025
-1033
-1061
-1075
-1044
-1107
-1258
-1287
-840
-79
552
840
955
1079
1114
1203
1453
1887
2384
2819
3205
3456
3679
3776
3523
3199
3041
3124
3261
3293
3554
3752
3948
3286
757
-2060
-2998
-1464
-364
-1190
-1804
-1439
-1581
-3342
-4855
-4161
-2660
-2145
-2473
-2383
-1303
-706
-1197
-2038
-2290
-1896
-1577
-1062
-512
-229
-256
-313
-574
-1212
-1393
-862
-244
-231
-144
488
1071
1097
753
840
1195
1408
1499
1929
2730
3255
3098
2635
2403
2210
1998
1688
1466
1219
904
914
878
507
-170
-667
-566
-491
-558
-495
-283
-278
-821
-1160
-1095
-915
-1071
-1458
-1469
-1321
-1166
-1268
-1295
-1044
-953
-934
-968
-955
-956
-953
-862
-890
-850
-731
-521
-300
-249
-334
-578
-809
-971
-1045
-792
-312
-82
-223
-413
-419
-581
-747
-821
-777
-396
73
592
721
691
744
780
979
1147
1462
1864
2363
2710
2660
2743
2901
2909
2594
2408
2761
2950
2984
3072
3390
3122
1100
-1357
-2546
-1587
-389
-1054
-1967
-2009
-1645
-2679
-4459
-4197
-2885
-2440
-3196
-3283
-1941
-1269
-1734
-2324
-2279
-2044
-1947
-1390
-746
-572
-713
-654
-379
-471
-681
-529
-41
184
62
258
747
1109
1023
1068
1443
1546
1388
1487
2149
2685
2543
2137
2029
2073
1871
1502
1358
1224
849
634
789
1028
701
149
55
201
192
3
-48
-31
-193
-299
-166
4
-224
-811
-1199
-1336
-1389
-1629
-1732
-1482
-1276
-1125
-1139
-1228
-1411
-1538
-1403
-1224
-1119
-1136
-945
-528
-193
-105
-352
-634
-746
-732
-532
-212
78
205
62
-91
-263
-448
-672
-895
-770
-469
55
404
476
462
317
330
307
442
805
1276
1776
2002
2051
1982
1922
1963
1866
1812
1973
2260
2506
2606
2845
2906
2479
1482
470
231
507
700
303
-17
-49
-404
-1124
-1659
-1507
-1447
-1724
-1877
-1759
-1617
-1693
-1641
-1462
-1546
-1849
-1941
-1622
-1269
-1178
-1069
-925
-823
-874
-891
-597
-240
0
22
-7
41
208
528
770
812
654
579
788
1012
1013
861
887
1110
1180
1022
788
614
439
289
269
272
334
503
706
759
667
483
85
-213
-291
-181
-78
-142
-305
-614
-866
-1054
-1286
-1599
-1821
-1744
-1384
-987
-862
-1004
-1255
-1282
-1193
-1204
-1221
-1104
-775
-515
-379
-349
-428
-571
-675
-569
-323
-75
106
321
526
483
150
-198
-322
-204
48
381
746
986
1129
1197
1228
1098
802
716
1011
1513
1846
1887
1815
1755
1651
1383
1235
1409
1790
2082
2114
2167
2349
2568
2304
1490
925
1004
1292
1028
568
435
306
-142
-641
-624
-468
-713
-1107
-1293
-1373
-1706
-1961
-1753
-1556
-1767
-2071
-1946
-1633
-1612
-1706
-1584
-1449
-1542
-1540
-1161
-692
-502
-570
-590
-464
-392
-347
-261
-30
238
359
379
432
685
815
701
618
785
1085
1198
1144
1072
997
827
555
372
448
742
1004
1052
980
773
395
79
91
249
242
146
211
344
212
-106
-477
-847
-1187
-1316
-1121
-902
-868
-1067
-1250
-1392
-1617
-1861
-2012
-1839
-1580
-1383
-1238
-1219
-1283
-1504
-1679
-1747
-1669
-1430
-1204
-988
-788
-663
-663
-664
-603
-485
-368
-145
307
789
1137
1285
1380
1454
1465
1514
1630
1895
2147
2284
2370
2311
2164
1899
1701
1701
1852
2053
2093
2223
2397
2334
1880
1334
1327
1571
1525
1186
968
917
465
-184
-320
-60
-175
-722
-1046
-1118
-1391
-1762
-1691
-1436
-1621
-2065
-2118
-1677
-1402
-1492
-1611
-1629
-1648
-1650
-1337
-810
-602
-827
-992
-829
-601
-535
-480
-309
-61
226
484
770
974
1013
1005
1052
1239
1415
1537
1680
1765
1687
1451
1218
1020
844
838
986
1106
1023
783
467
-6
-480
-738
-764
-756
-818
-758
-667
-742
-1023
-1311
-1489
-1711
-1857
-1666
-1286
-1082
-1144
-1254
-1382
-1603
-1740
-1655
-1338
-1108
-1021
-968
-886
-804
-984
-1219
-1381
-1420
-1295
-1076
-789
-689
-767
-844
-819
-678
-586
-486
-239
120
478
686
885
1171
1481
1655
1686
1828
2076
2347
2497
2583
2706
2659
2427
2211
2257
2479
2614
2665
2714
2578
1998
1353
1327
1763
1889
1491
995
689
288
-202
-340
-241
-376
-709
-890
-975
-1197
-1429
-1400
-1353
-1637
-1896
-1630
-1036
-741
-875
-1037
-1117
-1333
-1546
-1399
-941
-663
-745
-866
-781
-658
-771
-969
-974
-736
-392
-87
223
568
733
633
532
677
901
972
1095
1447
1742
1675
1400
1176
1071
994
986
1102
1241
1286
1083
736
319
-147
-473
-512
-294
-129
-152
-216
-323
-418
-544
-760
-1030
-1253
-1115
-788
-626
-726
-951
-1089
-1180
-1208
-1149
-1040
-868
-695
-601
-547
-609
-772
-990
-1212
-1327
-1338
-1141
-896
-886
-1095
-1206
-1134
-1187
-1348
-1325
-949
-502
-195
-27
111
382
665
823
880
1056
1397
1789
2150
2428
2594
2504
2297
2217
2330
2589
2822
2894
2582
1878
1265
1229
1518
1525
1214
871
507
-59
-533
-481
-425
-846
-1279
-1225
-993
-1199
-1432
-1212
-1056
-1481
-2004
-1812
-1117
-700
-675
-615
-596
-876
-1196
-1159
-852
-675
-676
-550
-209
67
136
14
-139
-213
-152
46
258
506
719
735
600
468
436
472
581
852
1179
1348
1356
1304
1177
1010
860
787
807
900
1006
994
784
343
-133
-460
-547
-476
-486
-519
-468
-366
-379
-597
-894
-1128
-1260
-1291
-1154
-954
-903
-998
-1065
-943
-798
-816
-839
-701
-450
-346
-427
-510
-492
-466
-550
-667
-693
-592
-528
-603
-789
-1004
-1186
-1281
-1237
-1069
-836
-583
-334
-214
-128
47
303
519
637
851
1168
1507
1762
1953
2141
2185
2116
2085
2261
2579
2790
2786
2366
1710
1410
1574
1748
1614
1397
1195
720
24
-379
-386
-585
-1099
-1460
-1410
-1367
-1613
-1684
-1480
-1495
-2004
-2453
-2233
-1582
-1036
-842
-924
-1151
-1350
-1321
-1062
-839
-802
-802
-635
-348
-142
-35
-4
10
13
26
224
515
722
735
672
665
574
425
354
534
816
934
973
974
927
794
682
724
791
771
694
755
893
841
550
215
22
-119
-265
-336
-256
-146
-163
-285
-476
-706
-969
-1187
-1300
-1270
-1167
-1157
-1251
-1325
-1283
-1236
-1216
-1140
-1000
-862
-806
-758
-761
-835
-861
-846
-781
-745
-744
-703
-725
-845
-960
-913
-732
-630
-670
-696
-576
-377
-235
-158
-54
164
444
670
860
1101
1346
1497
1586
1710
1849
1931
2107
2415
2749
2984
2976
2628
2003
1586
1642
1892
1888
1751
1690
1404
724
52
-183
-346
-761
-1156
-1232
-1223
-1420
-1566
-1458
-1464
-1928
-2456
-2471
-2011
-1503
-1159
-1001
-1064
-1267
-1308
-1052
-701
-486
-392
-258
-19
255
479
578
574
568
640
803
993
1149
1211
1194
1154
1052
842
658
676
843
931
824
665
586
541
451
331
268
295
320
300
302
302
205
16
-155
-275
-420
-530
-500
-353
-295
-469
-730
-896
-938
-956
-942
-887
-837
-871
-983
-1036
-1089
-1183
-1255
-1191
-997
-824
-703
-606
-584
-591
-583
-561
-554
-590
-588
-543
-505
-469
-441
-415
-389
-414
-447
-425
-306
-118
9
57
149
315
498
671
819
941
1063
1141
1176
1260
1335
1383
1490
1784
2183
2398
2418
2360
2249
1956
1502
1246
1382
1683
1799
1605
1266
858
358
-85
-326
-405
-482
-564
-635
-790
-987
-1065
-1048
-1169
-1438
-1536
-1273
-892
-683
-582
-515
-596
-832
-959
-684
-206
63
41
16
135
197
109
19
85
162
198
318
535
717
741
653
501
358
277
288
362
471
611
694
675
559
420
383
457
484
393
316
318
300
150
-119
-375
-538
-589
-515
-431
-409
-510
-740
-990
-1163
-1210
-1198
-1123
-983
-828
-719
-693
-733
-803
-882
-946
-929
-825
-636
-462
-326
-246
-284
-400
-521
-512
-476
-512
-535
-523
-456
-361
-261
-227
-306
-352
-244
-30
211
407
527
591
642
757
896
978
1018
1039
1065
1127
1209
1334
1483
1643
1829
1992
2100
2132
2115
2067
2005
1902
1718
1469
1212
1124
1168
1091
791
429
124
-172
-413
-439
-328
-480
-879
-1119
-1126
-1218
-1477
-1568
-1444
-1412
-1527
-1511
-1251
-1055
-1103
-1223
-1173
-944
-728
-530
-330
-157
-114
-228
-327
-289
-179
-102
16
170
266
266
271
407
554
556
448
425
526
598
613
625
567
407
250
260
373
409
333
221
179
71
-178
-451
-647
-716
-756
-793
-802
-777
-801
-916
-1039
-1095
-1098
-1138
-1157
-1057
-854
-728
-741
-812
-905
-939
-931
-886
-869
-859
-795
-687
-644
-748
-885
-1001
-1070
-1115
-1069
-954
-903
-915
-938
-930
-907
-867
-750
-569
-402
-276
-195
-114
-46
36
172
318
451
564
675
824
1016
1132
1127
1119
1246
1467
1623
1696
1757
1798
1759
1683
1610
1578
1525
1456
1356
1123
907
827
804
638
372
243
171
-80
-362
-354
-249
-382
-669
-810
-795
-871
-926
-798
-654
-700
-879
-920
-758
-567
-462
-451
-447
-356
-224
-197
-276
-356
-393
-399
-379
-303
-260
-266
-214
-66
-3
-64
-75
-1
123
249
430
582
596
584
609
651
624
542
508
529
564
559
420
165
-16
-75
-113
-205
-322
-403
-484
-574
-601
-612
-677
-744
-715
-573
-472
-499
-593
-641
-589
-461
-308
-222
-211
-192
-98
-18
-26
-109
-185
-193
-180
-185
-188
-162
-139
-159
-219
-273
-299
-288
-211
-36
148
214
210
264
391
514
598
718
837
952
1100
1248
1357
1376
1388
1450
1551
1656
1738
1818
1913
2007
2001
1892
1773
1712
1680
1632
1593
1548
1449
1330
1237
1098
825
560
520
572
462
237
76
-46
-296
-532
-514
-417
-498
-638
-614
-565
-682
-843
-848
-807
-869
-877
-756
-611
-552
-579
-657
-819
-954
-939
-852
-783
-721
-674
-624
-557
-517
-495
-497
-431
-287
-108
99
266
373
409
454
453
377
309
302
360
398
384
298
140
-45
-170
-228
-308
-471
-618
-666
-670
-738
-872
-997
-1106
-1189
-1183
-1092
-1030
-1025
-1025
-966
-854
-763
-729
-741
-739
-722
-710
-710
-707
-728
-760
-772
-799
-812
-782
-733
-721
-753
-796
-834
-823
-736
-616
-525
-457
-387
-291
-196
-142
-111
-54
41
147
290
475
640
742
805
852
882
914
1002
1124
1183
1182
1194
1215
1188
1157
1175
1188
1133
1048
1063
1165
1207
1138
1049
1032
1023
938
835
773
733
655
556
496
456
393
316
253
191
149
133
101
29
-74
-158
-211
-284
-342
-336
-337
-426
-605
-751
-790
-783
-832
-922
-954
-919
-878
-892
-927
-938
-930
-901
-797
-625
-453
-296
-165
-38
33
44
72
157
255
275
242
262
289
253
173
109
52
-83
-197
-157
-62
-62
-166
-296
-394
-439
-441
-460
-494
-504
-497
-504
-555
-593
-604
-634
-664
-687
-706
-712
-732
-764
-801
-859
-912
-925
-935
-926
-860
-798
-805
-855
-846
-724
-589
-533
-496
-449
-379
-309
-263
-188
-95
-41
23
140
308
495
629
716
757
793
887
1031
1157
1222
1295
1405
1475
1451
1407
1454
1561
1608
1604
1628
1660
1683
1665
1620
1567
1476
1390
1313
1287
1314
1301
1201
1030
935
935
934
849
677
548
522
539
497
402
310
222
108
29
36
40
-31
-160
-262
-336
-431
-492
-495
-512
-569
-593
-591
-632
-701
-699
-631
-601
-617
-576
-442
-302
-231
-234
-240
-201
-160
-141
-110
-57
17
42
4
-18
-34
-75
-162
-236
-284
-323
-337
-382
-418
-451
-514
-576
-644
-688
-698
-692
-674
-676
-741
-798
-786
-778
-790
-807
-798
-734
-711
-742
-760
-753
-745
-778
-814
-807
-761
-763
-793
-793
-754
-740
-793
-813
-754
-647
-553
-487
-425
-370
-367
-365
-292
-182
-78
25
140
211
216
194
228
278
310
364
419
463
477
484
489
504
525
506
468
478
573
664
664
614
562
529
554
638
729
767
743
703
702
710
697
662
581
535
567
611
586
512
412
295
208
154
125
110
107
109
70
-34
-142
-195
-241
-312
-353
-345
-345
-375
-415
-439
-476
-552
-575
-531
-442
-316
-216
-157
-137
-115
-87
-81
-90
-62
11
60
63
49
38
19
-17
-39
-30
10
63
95
91
88
76
-1
-94
-136
-136
-99
-77
-104
-145
-158
-150
-167
-261
-350
-354
-333
-320
-351
-379
-385
-428
-497
-564
-559
-538
-537
-526
-488
-428
-428
-481
-519
-525
-500
-441
-350
-284
-253
-233
-202
-167
-129
-72
-30
-6
34
115
202
250
278
342
417
453
438
429
449
467
486
494
497
521
569
610
654
687
669
625
635
716
813
877
895
925
949
945
951
964
963
910
859
853
861
848
791
711
647
587
540
523
499
469
424
360
309
238
144
53
-14
-78
-130
-148
-159
-183
-224
-245
-275
-299
-284
-218
-111
-47
-30
-41
-40
-9
11
-3
-26
-35
-46
-39
5
41
33
12
0
2
19
68
119
108
45
-28
-55
-72
-113
-122
-90
-72
-107
-141
-130
-122
-175
-254
-325
-389
-412
-392
-363
-372
-424
-496
-564
-599
-602
-606
-650
-699
-716
-713
-683
-646
-637
-667
-691
-673
-612
-546
-497
-450
-422
-419
-408
-357
-283
-211
-146
-92
-29
0
22
92
194
251
234
211
190
206
232
246
233
209
227
275
335
372
376
335
300
334
392
421
419
437
452
455
446
422
406
385
361
337
298
268
275
261
213
172
132
77
39
32
47
18
-60
-128
-175
-202
-224
-282
-362
-401
-382
-349
-326
-326
-353
-385
-370
-298
-219
-147
-115
-95
-48
-9
23
48
65
54
59
104
147
157
138
130
108
62
50
56
64
51
23
6
-12
-38
-68
-62
-59
-79
-102
-105
-79
-42
-11
-25
-63
-103
-127
-145
-157
-166
-192
-241
-317
-397
-419
-402
-407
-476
-544
-575
-626
-648
-660
-656
-635
-653
-662
-635
-552
-480
-467
-467
-448
-439
-429
-372
-283
-223
-212
-214
-215
-204
-172
-156
-161
-180
-199
-193
-167
-118
-77
-63
-69
-100
-118
-92
-20
32
51
62
93
140
180
245
298
301
287
304
358
427
477
492
503
489
452
421
391
391
393
325
243
198
173
160
125
88
70
32
-4
-33
-52
-63
-78
-98
-91
-48
-13
-11
-45
-62
-53
-39
-16
9
39
106
167
178
167
182
215
213
173
137
152
181
214
236
247
235
196
157
128
126
106
84
84
104
119
127
102
57
39
36
39
6
-25
-17
19
49
52
48
45
36
16
-4
-35
-68
-110
-139
-130
-129
-164
-219
-272
-286
-264
-259
-238
-202
-156
-104
-78
-57
-59
-71
-68
-53
-36
-7
38
91
145
171
179
170
163
197
272
333
371
406
449
490
479
439
413
409
413
422
431
429
422
425
463
501
494
460
445
446
464
484
474
428
382
345
330
331
316
308
296
273
264
250
215
158
117
84
57
22
-7
-40
-82
-89
-111
-159
-200
-196
-179
-178
-205
-237
-217
-185
-125
-64
-30
-7
10
25
34
57
68
69
83
129
209
260
269
261
238
198
157
110
53
12
-19
-42
-62
-87
-131
-174
-199
-204
-182
-172
-191
-215
-220
-202
-196
-214
-238
-257
-241
-208
-183
-162
-126
-79
-42
-18
0
13
32
40
15
-32
-89
-127
-137
-123
-104
-105
-142
-200
-253
-311
-373
-441
-485
-488
-485
-488
-494
-521
-544
-574
-599
-581
-548
-487
-417
-338
-261
-215
-188
-139
-49
56
139
190
260
333
420
495
536
584
619
660
696
727
765
773
760
732
714
711
693
660
603
524
446
354
263
171
89
57
46
16
-3
-10
-40
-123
-244
-318
-363
-390
-425
-451
-444
-439
-447
-469
-463
-457
-462
-459
-420
-342
-269
-225
-198
-168
-152
-145
-151
-155
-135
-103
-78
-62
-59
-83
-116
-147
-156
-153
-164
-163
-157
-145
-140
-143
-141
-159
-170
-175
-176
-171
-180
-178
-163
-138
-142
-142
-111
-100
-113
-128
-119
-113
-103
-72
-28
27
73
74
45
31
23
23
19
16
44
69
61
24
-12
-43
-88
-145
-182
-186
-172
-175
-196
-211
-221
-247
-287
-304
-286
-266
-261
-243
-198
-145
-99
-60
-25
13
51
92
138
208
290
333
378
415
448
502
539
576
596
610
608
597
576
541
536
524
494
452
405
374
342
303
257
202
147
102
68
60
46
-9
-71
-128
-202
-267
-294
-307
-317
-333
-373
-421
-432
-424
-423
-419
-441
-450
-440
-423
-413
-410
-404
-423
-415
-378
-343
-331
-325
-309
-288
-266
-249
-209
-181
-159
-137
-119
-102
-94
-80
-47
-6
17
37
68
82
85
90
103
128
144
167
196
217
228
209
183
150
140
164
196
237
282
309
321
341
352
359
364
373
394
397
393
387
380
349
289
228
169
126
105
113
99
49
-9
-61
-108
-147
-179
-213
-232
-244
-256
-295
-319
-319
-317
-303
-266
-201
-158
-116
-71
-4
61
112
188
251
325
381
417
441
476
512
527
557
586
602
577
567
574
573
568
541
496
447
387
309
231
157
75
-20
-108
-185
-241
-274
-316
-352
-386
-414
-432
-440
-450
-458
-451
-450
-435
-401
-369
-347
-349
-340
-307
-257
-192
-155
-125
-96
-52
-2
2
6
18
21
33
43
55
70
58
13
-18
-19
-19
-25
-27
-18
-13
-1
12
31
17
-24
-51
-77
-77
-73
-68
-59
-45
-34
-26
10
65
105
113
122
138
147
152
142
131
119
102
105
130
161
187
182
170
159
131
98
80
82
66
33
-13
-72
-127
-188
-228
-260
-289
-303
-305
-304
-292
-294
-321
-323
-305
-276
-258
-228
-173
-111
-59
-20
4
26
75
138
207
287
377
446
487
529
564
582
572
561
562
560
549
517
487
452
416
366
313
283
259
235
194
154
105
56
-1
-54
-86
-134
-175
-214
-240
-245
-236
-207
-195
-176
-157
-135
-97
-71
-50
-29
5
42
61
75
85
77
66
54
43
51
61
60
51
49
32
9
-11
-33
-52
-80
-98
-102
-96
-101
-108
-124
-152
-158
-152
-129
-94
-68
-62
-62
-60
-52
-35
-25
-17
-13
-16
-3
28
52
55
46
70
108
140
144
136
134
122
99
71
58
51
24
-18
-51
-67
-87
-112
-136
-155
-176
-209
-235
-253
-262
-277
-290
-314
-335
-332
-332
-317
-286
-264
-242
-206
-151
-99
-61
-22
23
85
144
200
244
259
299
347
384
431
437
434
431
411
391
367
340
313
299
271
222
166
114
42
-31
-108
-162
-205
-267
-296
-327
-361
-390
-401
-416
-434
-431
-441
-431
-402
-365
-327
-311
-296
-278
-263
-236
-190
-143
-119
-103
-61
-15
7
29
33
38
44
35
34
17
-9
-51
-86
-99
-97
-79
-86
-103
-116
-137
-170
-189
-186
-190
-192
-187
-178
-158
-132
-122
-127
-127
-114
-87
-59
-40
-30
-22
-16
-10
-7
-8
0
16
31
32
29
25
31
24
-3
-28
-51
-58
-53
-38
-20
-26
-36
-63
-82
-89
-103
-94
-95
-105
-123
-139
-151
-149
-132
-117
-96
-82
-55
-43
-18
20
40
56
76
118
161
210
259
283
302
305
319
354
380
383
377
371
356
337
312
287
276
256
215
184
152
117
70
29
-10
-59
-84
-111
-138
-153
-179
-208
-226
-227
-231
-238
-252
-264
-261
-260
-252
-242
-226
-202
-168
-120
-83
-57
-41
-12
38
80
90
72
62
78
100
114
111
112
98
88
107
125
131
111
80
59
39
30
18
-4
-18
-32
-65
-87
-100
-110
-115
-133
-145
-147
-140
-126
-106
-89
-85
-87
-78
-43
-10
8
32
54
81
113
132
156
165
183
201
217
248
276
296
313
330
338
349
344
341
340
324
308
303
308
312
304
299
295
270
262
257
240
231
239
241
231
229
230
223
211
216
226
248
270
291
315
314
292
272
245
220
227
233
214
196
177
150
121
95
53
28
8
-22
-50
-82
-113
-153
-183
-214
-239
-261
-283
-307
-322
-325
-343
-369
-405
-432
-446
-457
-455
-457
-468
-483
-487
-485
-461
-435
-430
-409
-396
-380
-355
-355
-339
-320
-291
-266
-252
-229
-219
-208
-200
-189
-161
-144
-136
-121
-102
-76
-71
-71
-77
-68
-41
-20
3
13
25
44
61
64
74
78
82
111
131
166
206
223
213
201
192
189
212
232
229
215
205
195
192
187
185
188
175
171
170
148
104
71
22
-12
-14
-27
-27
-28
-11
-6
-21
-18
-24
-34
-36
-10
22
55
78
88
105
127
171
221
273
308
335
353
362
378
396
405
399
391
382
377
380
374
364
333
297
273
245
222
181
135
99
71
43
20
3
-32
-55
-70
-86
-89
-92
-116
-130
-132
-139
-126
-105
-85
-86
-85
-92
-91
-88
-103
-102
-101
-98
-95
-81
-81
-88
-106
-125
-133
-144
-154
-166
-178
-183
-176
-181
-181
-176
-168
-175
-187
-213
-227
-228
-233
-213
-200
-171
-144
-124
-110
-89
-69
-45
-28
-23
-17
-16
3
18
32
52
58
62
90
112
129
137
135
120
106
103
94
96
79
72
69
50
28
5
-7
-40
-64
-85
-104
-121
-139
-154
-167
-162
-150
-138
-128
-116
-101
-87
-82
-74
-61
-36
-3
38
87
141
197
232
254
288
322
337
358
381
408
428
438
444
427
406
390
376
365
368
361
335
293
249
207
152
102
39
-10
-40
-69
-100
-131
-159
-192
-216
-234
-238
-249
-267
-276
-282
-281
-284
-291
-300
-303
-304
-304
-286
-259
-250
-248
-254
-251
-242
-248
-263
-272
-265
-254
-242
-246
-255
-281
-302
-312
-319
-322
-337
-351
-369
-385
-392
-389
-381
-380
-365
-358
-345
-326
-312
-294
-289
-280
-271
-253
-235
-205
-174
-150
-132
-120
-113
-120
-117
-107
-89
-91
-91
-90
-95
-109
-118
-119
-119
-110
-120
-126
-135
-133
-138
-140
-140
-145
-148
-148
-133
-130
-118
-112
-112
-108
-88
-72
-55
-25
3
34
65
106
146
204
250
283
326
361
397
439
474
497
522
563
600
615
627
622
618
609
601
598
597
576
541
529
503
463
424
388
363
331
306
276
252
239
216
193
150
115
91
87
81
81
88
79
67
60
71
93
107
101
109
108
104
94
81
65
44
48
48
41
28
30
35
16
4
-8
-26
-34
-44
-53
-43
-50
-80
-94
-115
-137
-138
-134
-127
-117
-105
-94
-84
-62
-53
-61
-76
-83
-83
-79
-69
-56
-43
-41
-46
-60
-47
-31
-20
-8
-12
-17
-37
-63
-87
-101
-109
-127
-151
-175
-208
-229
-248
-272
-282
-294
-312
-331
-336
-333
-328
-323
-310
-306
-293
-268
-233
-202
-191
-174
-147
-120
-84
-40
1
47
85
136
177
221
268
308
346
368
405
426
449
472
468
460
457
446
422
399
379
357
357
347
322
302
266
227
199
169
136
115
82
40
6
-26
-50
-68
-76
-77
-66
-59
-59
-53
-60
-65
-66
-82
-101
-106
-99
-93
-81
-76
-81
-70
-62
-62
-67
-79
-88
-98
-107
-118
-122
-137
-146
-152
-171
-173
-168
-167
-165
-169
-178
-183
-181
-183
-179
-170
-164
-163
-165
-155
-139
-129
-127
-125
-97
-81
-74
-60
-56
-43
-20
-7
-1
1
0
-4
-4
1
-1
-3
-4
-15
-8
-3
-5
0
-7
-11
-22
-31
-44
-66
-82
-97
-101
-99
-89
-87
-90
-106
-132
-142
-140
-137
-110
-93
-96
-82
-70
-51
-40
-16
0
9
34
50
77
110
135
135
145
173
189
197
215
231
226
238
229
213
213
211
212
203
207
218
211
203
195
175
157
144
133
131
129
126
126
110
91
85
79
81
85
76
65
52
51
59
71
71
66
62
55
36
17
7
2
1
0
4
9
5
-17
-32
-37
-51
-45
-48
-56
-56
-54
-41
-34
-32
-22
-24
-35
-29
-30
-43
-45
-38
-32
-18
-13
3
29
36
46
44
41
45
56
56
54
54
43
36
29
22
23
15
12
13
3
-6
-13
-20
-24
-26
-42
-49
-57
-61
-53
-57
-64
-74
-88
-104
-102
-114
-125
-118
-118
-106
-95
-88
-88
-89
-82
-73
-72
-63
-40
-28
-2
28
31
44
55
61
79
91
108
124
126
127
134
130
138
153
151
153
152
153
135
118
111
85
64
45
24
17
21
15
17
24
30
25
10
7
-8
-15
-14
-22
-14
-10
-9
-10
-18
-11
-8
-1
12
20
26
20
-9
-44
-48
-46
-38
-34
-33
-37
-50
-56
-74
-84
-100
-114
-128
-138
-141
-151
-163
-184
-187
-183
-190
-191
-195
-197
-199
-201
-184
-166
-162
-140
-112
-90
-73
-65
-62
-67
-71
-66
-53
-40
-37
-24
-8
-9
6
25
19
19
14
-5
-24
-17
-18
-37
-46
-71
-92
-92
-96
-103
-107
-96
-83
-69
-62
-57
-67
-82
-79
-88
-92
-80
-55
-38
-33
-27
-21
-24
-33
-28
-15
2
25
57
84
97
99
96
93
84
78
77
84
88
80
65
49
55
53
52
55
54
59
53
53
55
45
40
36
7
-13
-15
-29
-30
-12
-1
9
16
9
-2
-12
-13
-15
-13
-3
0
4
12
11
11
7
6
14
6
-1
-10
-15
-16
-14
-4
-7
-13
-27
-34
-35
-50
-50
-58
-68
-60
-77
-88
-103
-128
-143
-146
-139
-115
-83
-59
-42
-43
-60
-77
-75
-70
-63
-54
-35
-17
-21
-8
4
23
59
87
106
131
146
155
148
125
105
88
68
66
54
25
23
12
-3
-6
-9
-19
-20
-30
-47
-53
-69
-77
-95
-109
-120
-126
-130
-121
-100
-82
-51
-37
-12
-15
-30
-29
-25
-24
-24
-19
-11
0
10
22
21
18
11
19
25
25
27
33
47
62
69
69
80
64
62
58
55
59
69
89
102
138
170
199
207
213
215
206
216
222
234
241
234
235
231
223
210
192
181
171
174
188
185
173
165
141
120
99
63
27
-3
-16
-17
-21
-29
-44
-70
-97
-112
-119
-125
-127
-122
-119
-117
-109
-112
-126
-135
-138
-139
-137
-135
-128
-121
-99
-82
-80
-84
-83
-77
-67
-41
-20
-3
7
8
-4
-8
-13
-34
-36
-35
-33
-32
-11
-4
-6
10
-1
-4
-3
-5
11
21
35
52
58
51
38
29
26
37
55
71
95
117
127
121
111
87
63
50
38
36
28
4
-9
-2
-2
-12
-18
-34
-36
-26
-33
-50
-60
-64
-74
-80
-84
-89
-92
-110
-119
-115
-110
-104
-93
-68
-54
-42
-23
-11
-7
-14
-12
2
17
21
19
25
30
33
36
37
42
40
37
53
62
59
69
63
58
58
58
59
52
64
70
66
61
60
59
59
64
69
70
69
68
69
72
69
61
60
63
61
64
55
53
49
38
35
29
29
22
13
4
1
-3
-3
-2
5
20
24
35
40
33
31
28
16
15
13
6
7
7
4
6
19
16
6
7
16
22
25
23
17
13
-16
-34
-42
-63
-72
-76
-80
-78
-80
-85
-84
-81
-81
-95
-113
-126
-127
-122
-109
-102
-105
-100
-100
-94
-95
-80
-62
-46
-22
-10
7
14
18
14
6
11
4
8
26
40
60
54
52
42
27
20
16
9
9
16
9
0
-26
-30
-30
-39
-35
-34
-22
-21
-19
-17
-6
1
5
15
18
23
35
36
43
64
79
90
86
85
77
64
50
39
31
21
31
36
50
60
38
21
11
1
-5
-4
-1
-22
-27
-32
-31
-27
-23
-22
-21
-22
-35
-28
-24
-12
-1
7
22
21
28
32
27
19
2
-7
-5
1
4
5
7
13
18
5
0
-11
-15
-7
-24
-46
-63
-69
-79
-78
-70
-68
-62
-46
-33
-32
-21
-9
14
26
34
52
49
51
49
36
35
46
45
42
61
67
68
73
83
72
55
31
5
-6
-31
-53
-69
-71
-69
-64
-69
-70
-74
-88
-96
-105
-109
-115
-121
-119
-103
-101
-89
-80
-91
-79
-62
-56
-42
-22
-24
-24
-15
0
6
13
21
24
25
13
6
-3
-9
-4
11
29
43
45
50
54
52
40
27
19
3
-4
5
10
20
22
17
17
7
4
-1
-5
0
-6
0
11
13
26
22
20
19
12
9
9
7
1
1
-2
0
-2
-4
-4
-7
-6
-18
-19
-9
0
9
16
13
18
15
11
15
19
25
25
30
49
63
64
69
73
75
64
47
26
-2
-23
-45
-53
-62
-59
-56
-56
-41
-35
-30
-32
-25
-25
-18
-14
-24
-25
-37
-50
-67
-73
-83
-90
-91
-96
-93
-82
-70
-67
-72
-73
-82
-98
-111
-120
-124
-129
-120
-120
-115
-113
-113
-103
-93
-72
-56
-42
-35
-27
-28
-29
-39
-40
-19
-4
15
39
69
68
69
60
58
71
69
63
57
58
42
35
34
31
27
17
13
22
27
24
27
28
21
27
23
21
18
4
-3
-11
-17
-31
-27
-17
-13
-9
-3
0
7
7
13
26
31
27
10
0
-4
-1
2
10
17
21
39
37
38
49
47
43
47
49
49
51
47
62
73
70
70
53
54
48
53
65
62
63
56
47
30
28
35
40
44
58
77
89
104
113
122
122
135
134
134
155
148
168
183
177
184
170
166
162
148
141
142
131
112
92
76
76
66
45
31
23
14
3
-11
-31
-45
-56
-55
-48
-49
-60
-69
-73
-88
-97
-95
-93
-83
-65
-54
-45
-39
-41
-34
-27
-18
-21
-29
-26
-19
-23
-35
-41
-51
-65
-71
-67
-54
-45
-40
-25
-23
-22
-6
-2
7
17
15
23
34
44
42
48
54
55
57
50
50
48
46
49
35
26
19
1
-9
-11
-20
-17
-8
-17
-10
0
-4
0
-2
-4
3
12
22
27
38
51
60
68
73
86
94
105
111
111
122
124
122
122
110
106
98
77
64
47
43
47
46
55
61
63
55
52
48
36
26
24
45
50
44
53
56
61
72
91
105
121
125
126
121
101
80
51
34
25
8
-4
-6
-20
-28
-31
-34
-34
-39
-46
-56
-55
-60
-63
-57
-54
-53
-61
-55
-46
-37
-19
-13
-7
-3
5
6
11
6
-7
-15
-26
-26
-33
-36
-42
-55
-63
-67
-73
-78
-89
-108
-127
-139
-138
-142
-145
-144
-139
-144
-137
-123
-122
-106
-105
-108
-106
-122
-115
-112
-118
-118
-121
-134
-145
-137
-141
-126
-115
-117
-116
-125
-133
-146
-145
-141
-132
-117
-98
-83
-70
-53
-45
-32
-27
-16
-9
-10
-4
-2
5
21
43
60
79
100
118
127
125
119
116
111
96
85
78
74
80
72
66
65
56
52
51
53
62
66
65
83
123
158
184
202
203
206
208
209
206
200
202
204
212
215
220
213
204
190
168
153
126
87
56
32
9
-10
-42
-74
-96
-117
-122
-123
-128
-105
-86
-71
-61
-51
-37
-35
-12
1
8
33
59
74
75
78
81
89
93
90
78
49
14
-19
-58
-88
-116
-139
-143
-162
-160
-149
-142
-119
-98
-73
-51
-37
-30
-20
-4
16
40
52
63
74
73
71
73
73
76
76
70
52
33
20
-12
-53
-82
-100
-120
-140
-162
-182
-195
-193
