64
63
63
65
60
48
30
16
11
17
21
26
40
57
80
95
102
105
102
109
103
98
95
93
102
108
105
102
95
80
70
41
23
21
48
64
55
50
22
21
7
-5
-6
-24
-25
-20
-23
-16
-14
-16
-13
-11
-12
-30
-25
-5
5
19
34
41
43
41
38
36
23
32
36
36
51
64
64
58
53
37
28
15
0
-6
-12
-17
-12
-7
-7
-1
-13
-21
-30
-37
-25
-22
-17
-14
-8
-11
-17
-7
-6
-4
-4
-6
-4
-14
-9
-5
0
20
29
46
56
69
78
75
62
53
56
46
37
29
18
14
22
20
9
4
-6
-16
-9
-3
-2
12
18
10
10
16
18
33
42
41
45
42
38
42
39
30
32
37
41
57
51
54
64
55
57
61
60
51
53
59
60
54
54
52
51
52
39
44
50
45
49
56
42
34
38
48
52
52
51
34
26
25
39
57
63
61
58
44
18
6
0
-5
-4
-9
-11
-28
-28
-22
-35
-43
-56
-72
-76
-70
-70
-77
-78
-80
-80
-75
-87
-82
-73
-83
-73
-63
-46
-43
-50
-39
-52
-68
-69
-74
-69
-70
-80
-76
-89
-102
-110
-117
-141
-148
-138
-143
-159
-166
-159
-185
-205
-211
-214
-213
-210
-204
-208
-203
-203
-190
-177
-163
-150
-144
-140
-136
-124
-128
-122
-120
-123
-129
-131
-115
-111
-110
-103
-72
-63
-56
-40
-55
-62
-59
-62
-72
-80
-84
-78
-58
-45
-31
-28
-24
-14
-18
-16
-19
-28
-31
-32
-21
-4
5
7
18
36
56
77
90
99
99
108
125
122
124
134
131
129
115
111
120
133
148
149
150
147
151
155
156
165
162
158
138
121
124
122
123
124
129
134
138
151
154
149
135
122
116
110
95
99
106
103
111
112
110
97
79
66
58
49
49
46
35
36
21
5
-3
-10
-13
-11
-12
-7
-1
-4
2
3
-1
0
1
-4
-4
-10
-24
-17
-13
-4
1
-1
6
14
16
24
23
10
10
0
-6
4
3
-2
-2
-12
-15
-12
-19
-16
-9
7
17
20
21
18
9
3
6
7
17
35
48
54
61
68
82
96
104
108
98
99
103
97
95
99
95
92
87
75
81
79
70
66
60
55
35
26
8
-11
-15
-28
-45
-40
-33
-32
-15
-7
-7
-19
-33
-28
-32
-43
-45
-43
-47
-51
-52
-60
-63
-53
-50
-35
-21
-19
-20
-31
-26
-33
-35
-37
-43
-41
-58
-67
-57
-67
-74
-72
-78
-70
-58
-57
-55
-52
-49
-41
-41
-53
-59
-55
-49
-51
-60
-64
-48
-44
-42
-32
-28
-32
-33
-29
-27
-22
-28
-29
-31
-33
-25
-22
-19
-11
-14
-13
-5
-4
-6
-9
-13
-18
-27
-32
-36
-32
-23
-12
-1
0
-5
-12
-28
-44
-50
-65
-72
-90
-117
-132
-141
-139
-141
-128
-120
-109
-99
-98
-93
-89
-89
-90
-94
-109
-112
-115
-122
-108
-92
-90
-77
-67
-53
-43
-34
-6
11
30
45
48
43
45
42
46
46
46
43
26
27
20
23
8
-3
-5
-20
-12
-15
-18
-12
-8
-8
-8
7
21
37
39
38
41
35
33
22
20
24
25
26
13
7
3
9
35
54
64
65
50
41
36
31
34
47
56
53
56
59
57
43
30
24
34
43
43
52
56
58
55
71
83
83
74
61
59
61
75
81
90
84
65
60
52
49
54
44
25
17
6
2
7
0
3
5
14
24
23
24
27
30
26
19
16
25
34
43
54
60
63
61
54
50
62
73
86
90
94
93
101
107
95
92
80
68
61
56
39
34
40
50
59
55
58
64
65
50
31
33
39
51
68
65
65
67
52
41
35
31
25
10
11
-4
-22
-23
-32
-45
-47
-46
-54
-43
-25
-17
-20
-20
-16
-30
-36
-41
-46
-46
-39
-32
-29
-43
-47
-24
-27
-39
-34
-30
-20
-29
-45
-48
-57
-55
-48
-53
-45
-37
-31
-32
-52
-69
-67
-80
-98
-97
-94
-96
-98
-95
-89
-96
-104
-102
-90
-78
-76
-49
-36
-45
-67
-73
-58
-68
-60
-44
-41
-28
-32
-38
-9
5
9
22
29
35
36
32
24
25
17
-3
-21
-22
-24
-27
-14
-16
-22
-9
7
0
-6
14
10
-15
-35
-47
-42
-56
-67
-37
-32
-39
-23
-36
-62
-54
-47
-39
-44
-63
-44
-41
-34
-20
-41
-33
-10
5
-1
-52
-52
4
54
19
-50
9
90
51
-41
-54
53
83
-41
-115
-11
97
27
-53
8
86
85
-8
-81
19
54
-21
-45
-35
48
76
-2
-44
2
82
49
-63
-38
70
51
-41
-70
-5
50
3
-63
-41
44
40
-44
-48
-15
47
68
-26
-33
53
89
60
0
3
80
108
18
-71
2
128
67
-70
-28
124
134
-22
-89
59
167
13
-109
32
136
65
-27
-44
44
87
4
-75
-62
62
77
-74
-98
12
77
29
-97
-56
109
64
-89
-61
67
79
-34
-93
-23
82
42
-92
-10
121
51
-8
-1
33
117
66
-22
32
65
109
80
-66
-7
99
70
-39
-165
13
217
-22
-189
51
183
74
-33
-91
75
214
1
-60
116
159
128
-1
-11
162
124
86
44
6
183
100
-14
101
5
35
172
43
-82
27
181
-10
-87
31
4
102
-69
-217
108
20
-204
-81
-82
-56
-54
-142
-95
-55
12
-57
-183
-23
113
-44
-202
-4
104
-73
-145
-113
65
23
-223
-22
110
-123
-156
13
-34
-193
-49
3
-130
-61
-65
-90
55
28
-72
57
75
-15
60
-15
-14
159
23
-34
146
125
-14
-1
133
92
-97
-2
201
137
-141
-75
276
60
-157
-80
24
216
-101
-302
29
109
-104
-337
-115
90
-98
-205
-327
15
124
-491
-214
233
-178
-238
-2
1
84
-83
-255
78
113
-300
-204
99
-2
-35
-39
-131
54
138
-108
-227
-58
81
-55
-210
-197
14
114
-180
-299
-21
136
-86
-266
-134
103
81
-261
-225
186
155
-194
-166
149
153
-166
-298
83
304
-198
-272
219
193
-38
-269
-196
437
124
-594
-95
450
205
-282
-450
347
712
-404
-632
399
711
-212
-735
272
663
-139
-488
-99
653
320
-552
-18
524
290
-78
-230
253
580
93
-273
143
514
220
-250
52
531
38
-253
236
380
-26
-239
237
498
-129
-405
375
499
-324
-308
396
447
-239
-245
358
339
-80
-302
164
390
-179
-133
155
34
70
206
0
-190
191
443
-19
-474
220
624
-264
-170
131
131
418
-314
-98
440
-144
146
14
-416
301
280
-334
-287
214
592
-362
-541
606
316
-283
-300
48
633
-109
-598
303
313
-169
-19
-81
-61
307
-106
-199
184
-46
73
-80
0
168
-356
163
250
-260
-132
-120
359
-26
-432
135
156
309
-316
-380
527
87
-206
-3
-48
211
257
-161
-63
159
177
210
-259
-66
394
-1
82
-191
-70
552
-354
-209
323
-248
-38
42
-361
-13
246
-392
-289
106
-40
-53
-453
-258
574
-14
-850
-44
533
-146
-621
-152
310
-12
-503
-79
293
-331
-162
132
-96
-80
24
29
-85
125
110
-385
-112
334
72
-432
-357
903
164
-989
178
593
52
-526
-395
796
293
-1045
-30
703
-145
-411
-113
125
492
-505
-699
740
1
-415
-48
-60
455
-182
-685
213
377
-266
-715
71
531
-460
-303
-163
58
377
-494
-384
364
124
-170
-128
-296
114
254
-343
-202
171
-30
-101
162
-288
-367
432
32
-256
-195
-174
853
-229
-1091
672
502
-431
-556
-70
711
-284
-902
192
553
-433
-535
302
175
-66
-223
1
380
-156
180
-149
-98
684
-365
-82
213
252
332
-714
93
818
-99
-522
22
958
173
-647
374
671
236
-162
-263
350
798
-447
-372
817
56
178
-111
-30
747
-345
-107
680
-115
-368
359
471
-344
-307
498
381
-465
-387
909
335
-1121
175
1336
-580
-906
932
297
-411
-301
23
648
-599
-592
974
-123
-998
621
482
-680
18
466
255
-464
-148
1076
-495
-711
843
-17
27
-369
-422
1373
-384
-1272
959
395
-670
121
-29
121
251
-591
349
522
-733
28
702
-23
-631
100
710
-82
-368
11
538
-5
-280
-1
242
187
-103
204
-5
210
190
206
-54
-243
685
305
-497
37
444
279
-584
-271
796
-195
-278
21
181
75
-303
-54
-117
57
-215
-107
-168
-287
48
-72
-346
-299
223
-2
-579
79
269
-477
-63
-42
195
-240
-488
640
-249
-460
468
-75
-617
672
6
-560
320
-279
509
-234
-915
952
293
-890
229
145
1
-26
-351
310
-23
-520
302
370
-943
69
441
-270
-149
-517
351
849
-1025
-669
1599
-18
-1085
205
932
-114
-741
254
482
50
-617
32
914
-579
-888
1206
-277
-543
336
-242
537
-583
-60
384
-593
451
-5
-595
339
73
22
-92
-640
282
713
-601
-941
466
888
-201
-1670
212
1995
-1288
-1388
1120
491
-410
-686
186
837
-556
-643
1012
-258
-897
964
230
-930
-82
636
231
-559
-641
698
567
-575
-736
826
585
-1015
452
241
-217
387
-268
48
513
-723
321
819
-1197
-50
1093
-638
-708
661
8
-508
-107
251
-61
-436
90
351
-525
-169
512
-241
-528
181
747
-726
-293
627
6
209
-676
6
850
-446
-212
132
47
270
15
-315
213
242
159
114
-590
1004
124
-620
667
-198
687
-53
-910
1251
299
-1154
390
828
-327
-547
660
314
-620
194
648
-294
-282
572
59
296
-589
33
1255
-1146
-124
1150
-914
52
897
-860
144
373
-202
128
-597
622
420
-921
93
829
-318
-533
569
-105
28
148
-737
681
412
-1055
276
749
-257
-555
184
501
-50
-200
-331
382
804
-774
-481
785
326
-468
-398
520
167
245
-328
-319
789
132
-549
-326
1022
-200
-784
757
-113
-418
450
-256
-106
228
-262
251
-28
-190
33
362
-229
49
-35
-312
902
-235
-1085
575
1383
-1437
-480
1093
-294
326
-1086
-57
1674
-1466
-797
1363
-492
-620
254
-15
2
-457
132
470
-898
357
477
-1004
96
779
-742
-509
482
37
142
-1087
8
1481
-901
-1193
1479
142
-860
177
123
534
-589
-232
442
86
-395
-67
125
-45
261
-354
-239
399
332
-307
-639
333
1261
-998
-1036
1333
343
-751
-263
300
636
-390
-374
454
-239
319
85
-775
417
1025
-1368
-213
1614
-1060
-556
767
315
-520
-485
288
947
-417
-1313
1418
601
-1118
48
272
57
329
-546
-221
670
254
-376
-856
977
731
-1107
-406
837
604
-875
-641
952
502
-920
-379
518
667
-587
-929
875
483
-823
-85
43
644
152
-1737
1190
962
-1749
161
678
-120
-210
-774
320
1284
-1528
-737
1761
-53
-1142
-196
1173
-93
-1137
756
-181
-307
1149
-1384
186
1302
-1505
860
201
-1305
1598
-378
-1110
1120
-102
-500
1
286
207
-389
-538
928
256
-1356
459
847
-520
-577
86
561
135
-1495
570
1099
-1464
176
565
-673
491
-318
-327
891
-616
67
449
-462
303
261
-610
199
115
161
-228
-701
1001
201
-1215
294
1032
-992
37
-91
200
527
-1390
601
409
-600
124
-320
23
393
-450
-420
262
680
-489
-619
959
103
-642
203
395
268
-511
-441
1982
-769
-1633
2533
-442
-1031
1142
-317
497
166
-764
789
620
-828
250
434
71
394
-1036
878
769
-1816
1596
233
-1357
1295
-167
63
-225
-436
1263
370
-2091
638
2371
-2318
-473
1759
-521
-111
-254
214
687
-703
346
-356
99
461
-739
431
-650
458
491
-1454
485
1031
-1840
123
1688
-1761
-241
946
-625
410
-814
-563
1868
-1315
-611
1045
-741
340
-71
-320
-165
241
677
-965
-249
1507
-700
-1266
1651
73
-1460
981
9
-434
700
-1169
282
1279
-1551
-317
1884
-941
-1278
1764
-68
-1174
635
71
87
228
-1035
422
1413
-1263
-1129
2112
-475
-1338
1361
-541
19
597
-703
-487
1538
-202
-2026
1730
420
-1162
170
27
412
-139
-847
519
371
-313
-319
-274
761
47
-879
-367
1363
211
-2078
439
1863
-940
-1460
680
1514
-446
-1987
1140
1733
-1544
-554
985
52
321
-998
20
1370
-709
-651
626
321
-516
305
-267
-69
771
-242
-887
865
750
-1440
499
803
-1015
436
221
-667
995
-227
-1172
1032
810
-1704
342
1351
-1100
-122
602
-66
-482
40
668
-19
-966
-106
2102
-1113
-2209
2512
314
-1900
513
872
-448
-344
51
113
303
-333
-238
748
-596
-334
1890
-2450
345
2768
-2929
-59
1946
-765
-352
-89
-181
1397
-597
-1574
1516
1007
-1615
-236
1296
-155
-653
-145
276
796
-532
-1270
1352
441
-1043
-246
431
712
-984
162
513
-745
731
-372
-512
796
-561
-181
362
20
-332
-509
540
786
-1508
-418
2182
-1098
-1434
1309
514
-1027
-574
979
317
-1262
-148
1148
-493
-586
173
262
120
-673
680
-136
-678
906
150
-1140
99
1477
-672
-1270
1081
762
-1228
111
381
-2
661
-833
-512
2062
-521
-1870
2099
-378
-588
1201
-1535
799
1067
-1809
1173
259
-1365
1921
-783
-725
1550
-990
183
1101
-1207
156
1028
-1054
327
682
-799
-162
1305
-715
-1216
2159
-1115
-440
1527
-1680
894
902
-1892
1026
750
-1656
1420
-45
-1382
1668
-301
-694
1458
-1247
249
1440
-1955
827
939
-823
373
-114
-196
703
-681
-126
951
-749
6
538
-391
-243
618
-882
-142
1456
-1303
-387
1528
-1262
139
343
-1133
1711
-1036
-995
2229
-1714
-382
1969
-2489
1085
1454
-2684
1483
600
-1149
473
-524
1092
368
-2261
1455
1531
-2649
285
2222
-1932
-53
1356
-1241
720
-467
-385
1215
-1066
-114
927
-872
-340
1266
-769
-1012
1118
400
-1086
87
610
-239
21
-366
119
116
-416
461
-261
-564
733
-807
-124
710
-1169
241
789
-727
-481
417
402
-531
-910
1191
-55
-1481
880
573
-909
-741
872
667
-1423
-28
1666
-731
-924
884
370
-367
-165
222
710
-224
-940
1344
285
-1066
714
250
71
73
-296
138
515
131
-1053
640
867
-1238
244
282
57
17
-600
591
92
-260
70
-261
23
826
-783
-550
1137
167
-1085
-175
1558
-679
-523
578
7
480
-672
-760
1846
-445
-2086
2377
-518
-1212
1841
-2045
370
2132
-2647
295
1628
-1012
-405
63
155
217
-315
-865
1299
-77
-1364
1266
-158
-931
1267
-674
-1021
2073
-544
-1520
965
990
-839
-842
1047
650
-1025
-433
1147
-180
-625
133
201
118
129
-1024
118
1302
-981
-910
576
1001
-694
-1114
826
1092
-1229
-448
646
27
173
-1230
652
751
-1307
489
429
-533
196
-119
102
330
-617
-137
812
-83
-745
652
-32
-254
727
-1619
544
1450
-1915
334
1477
-850
-348
274
22
1247
-1649
-141
2497
-1874
171
763
-1340
1759
-532
-1785
2373
-554
-1017
1457
-1283
410
1159
-1384
615
979
-1217
625
217
-979
1065
-734
-311
1375
-1053
-874
1862
-205
-1929
1361
709
-910
-295
603
508
-487
-573
353
1087
-1129
-687
1515
-327
-700
776
-634
320
558
-813
238
445
396
-1189
166
1017
-941
-32
325
495
-89
-1197
1211
375
-1665
1250
-53
-686
1045
-445
-651
678
232
-513
72
-267
744
-44
-1056
1267
-64
-1108
1117
-37
-501
587
-464
259
529
-937
207
892
-851
40
645
-632
452
158
-750
414
298
-404
-349
810
185
-998
496
671
-557
-447
622
209
-435
-71
228
229
-304
-405
417
193
-707
240
491
-753
238
702
-831
2
468
-68
166
-441
-39
924
-404
-1165
951
867
-1521
-154
1368
-476
-290
102
77
616
-1056
-2
949
-447
-357
66
233
-599
84
352
-766
267
853
-925
-544
1175
220
-1197
-145
1308
-284
-1035
487
357
-345
241
-606
202
660
-756
68
453
167
-266
89
231
-96
40
-29
-94
597
-441
-715
1212
-91
-1050
98
1011
-235
-601
250
411
313
-1071
183
807
-434
-388
213
202
49
-137
-615
133
660
-542
-802
1006
360
-521
-424
-87
870
-197
-1303
510
1081
-947
-503
517
296
-449
-403
389
108
18
16
-318
394
32
-782
290
672
-147
-185
188
172
44
-595
113
332
-127
108
185
254
-200
-149
69
298
-210
130
190
-108
370
-439
34
358
-186
-249
257
367
122
-400
-122
876
-533
-369
364
366
127
-728
309
687
-629
-330
239
-56
180
-419
-236
543
196
-642
-231
611
-237
-948
117
588
-255
-185
16
-10
-238
-328
-377
213
346
-455
-183
293
368
-622
-572
604
-236
-326
499
142
115
-309
-149
77
-283
-15
-211
272
466
-429
-145
422
-610
-196
330
-449
581
230
-704
206
268
-316
-125
-10
572
-63
-575
930
66
-613
333
12
-62
190
-229
415
219
-51
-56
-98
429
-273
-121
-10
250
8
-65
-47
-118
173
-636
-292
146
0
-308
54
329
42
-71
-157
171
3
-71
7
68
370
-81
-234
207
121
-55
201
208
138
272
115
157
-3
26
133
9
-10
191
-102
-346
312
-143
-465
220
-5
-588
70
296
-158
9
-105
293
-181
-312
597
-247
-83
624
-57
172
559
-109
354
201
-92
495
163
-48
406
281
-417
448
55
-182
273
-99
119
79
-362
-135
180
-500
113
68
397
267
-850
-253
-25
-280
-582
-42
568
187
-404
-89
-124
-508
83
67
-471
21
223
-73
-280
146
381
-461
-121
29
-76
-125
-114
-201
-138
226
-200
83
252
-100
-291
39
134
-157
3
238
266
-31
-55
129
-127
-26
305
78
484
499
204
367
268
202
347
481
300
580
574
281
337
384
147
42
237
188
84
98
378
-67
-30
451
-173
-157
18
-785
-719
-492
-1132
-997
-858
-1154
-1160
-1237
-1170
-1232
-1314
-1139
-1181
-1073
-748
-819
-894
-527
-446
-685
-673
-204
-135
-172
30
231
408
324
473
365
720
689
430
956
867
922
911
730
1054
941
621
814
1063
966
742
925
1013
685
907
913
799
973
838
945
850
1110
1059
522
1126
1325
702
1012
1317
1027
1133
1447
1342
1282
1622
1345
1509
1809
1772
1897
1841
1910
2163
2503
2668
1655
-786
-2038
-1226
-9
-585
-1749
-1319
-1386
-3415
-4971
-3969
-2997
-4266
-5245
-4148
-2798
-2847
-3412
-3193
-2817
-3009
-3148
-1824
-106
437
-133
51
1038
874
513
110
262
934
872
909
1447
1562
1053
237
241
946
384
-51
161
495
658
318
415
166
-305
-687
-801
-887
-284
-223
-1301
-657
-243
-494
-876
-1113
-748
-628
-600
-689
-179
-4
-671
-933
-414
-129
-352
-170
147
355
423
430
293
454
316
-78
549
704
831
684
571
927
851
1042
897
891
1300
1538
1220
1617
1999
1349
1302
1855
1590
1293
1504
1240
1373
1438
1344
1245
1598
1764
1587
1628
2021
2283
1845
2495
2872
3081
3840
4145
1942
-2035
-2936
-784
396
-1320
-2550
-891
-876
-4865
-6292
-4067
-3331
-5329
-6337
-4067
-1828
-2216
-3540
-2779
-2397
-2980
-3221
-1676
598
623
-85
46
1438
1502
544
31
235
1212
1429
1144
2070
2670
1257
314
918
1374
661
270
633
1404
1674
1822
1523
1148
1139
7
87
850
854
401
186
448
430
546
-90
-1081
-1120
-610
-813
-1461
-1117
-798
-1563
-2345
-2121
-1348
-1397
-2068
-1981
-1337
-1278
-1444
-1256
-1220
-1115
-1112
-982
-354
64
72
69
219
693
1019
406
322
936
993
460
1044
1487
859
869
961
1042
1184
1105
771
968
1086
1272
1161
1150
1306
965
1148
1081
1174
1400
1463
1147
1209
1827
1829
1723
1729
2024
2528
2831
3271
3499
4087
2628
-1942
-3275
-422
1560
-546
-2453
-475
-411
-4385
-6822
-5032
-3016
-4520
-6300
-4336
-1466
-1825
-3510
-3230
-2581
-2612
-2687
-1647
983
2253
1355
491
1515
2299
1151
232
382
1639
2075
1627
1884
2441
1590
-338
-511
447
820
397
663
1873
2540
2120
1600
1155
866
876
620
1262
1870
2040
1211
215
666
165
-1003
-1668
-1374
-972
-1023
-934
-919
-1091
-1740
-2350
-2651
-2249
-2059
-1902
-1740
-1599
-903
-943
-1353
-1551
-1073
-596
-533
-4
904
1238
766
839
1168
1007
547
271
451
857
845
317
63
120
167
-322
-259
109
52
215
311
664
781
517
75
125
840
1370
1406
1396
1847
2065
1950
1967
1898
1719
1712
1982
2554
2686
2749
2857
3215
3598
3557
3221
-419
-4478
-3588
-273
386
-2569
-2804
-909
-3439
-8138
-8266
-4804
-4442
-6621
-6789
-3167
-914
-2474
-4026
-3296
-2074
-2687
-2397
511
3442
3204
1567
1940
3720
3065
1093
642
1803
2599
2352
2915
2995
2394
803
-452
178
1216
939
184
1078
2504
2330
1665
1514
985
643
177
593
1901
2053
1557
812
926
1543
713
-552
-572
472
612
157
-4
22
-21
-941
-1816
-1261
-608
-1303
-1792
-1418
-610
-759
-1512
-1650
-1399
-1167
-1447
-1210
-677
-376
-732
-1148
-732
-586
-922
-1491
-1334
-776
-871
-1239
-1447
-999
-1016
-1424
-1149
-651
-445
-438
-190
332
702
483
302
589
1241
1481
974
1202
1820
1528
1049
1262
1437
1208
1388
1478
1594
1902
1723
1536
1891
2694
2906
2890
3758
2749
-2056
-4933
-2716
-82
-1125
-3329
-2210
-1134
-4474
-8010
-6409
-3389
-4024
-6372
-5106
-928
405
-1087
-1921
-961
-442
-1235
-420
2761
4525
3425
1958
2297
3313
2500
550
-322
1001
1897
1577
1514
1896
1684
-2
-483
631
1830
1976
1419
2017
3380
4006
3339
2669
2477
2159
1876
2499
3122
2521
1791
1004
564
551
-295
-1423
-1711
-1259
-1245
-1925
-2144
-1924
-2398
-3379
-3946
-3405
-2695
-2892
-3251
-2733
-1491
-1264
-1812
-1609
-749
-538
-606
-270
390
1252
930
404
569
863
496
-309
-463
-629
-761
-1022
-1155
-742
-815
-1265
-1565
-1421
-882
-881
-886
-564
-287
172
604
1017
1007
917
813
960
1491
1661
1507
1259
1850
2159
1967
2141
2227
2130
1942
2180
2519
2552
2625
3229
4097
3437
-763
-4684
-3694
-535
-660
-3036
-2277
-834
-3063
-7083
-7083
-3512
-3097
-5332
-5042
-1143
1220
-83
-1309
-838
192
-287
-405
2182
4545
4017
2072
1619
2716
2573
504
-508
261
1353
1436
908
1287
1465
390
-807
-201
1816
2607
1845
1842
2889
3728
3493
2642
2233
2128
1964
1748
2051
2371
1894
416
-508
-303
-428
-1252
-2186
-2187
-1803
-1775
-1904
-1593
-1836
-2951
-3486
-3220
-2426
-2134
-2238
-2008
-1494
-976
-948
-1262
-1086
-1036
-1226
-812
-198
417
111
-592
-556
-597
-834
-1358
-1743
-1887
-1890
-1338
-1324
-1212
-1258
-1469
-1256
-1043
-531
-238
-25
-143
255
1072
1650
1831
1562
1789
2304
2636
2569
2426
2086
2027
2509
2554
2516
2823
2648
2279
2190
2221
2077
1765
2052
2950
3865
4566
4313
941
-3539
-3983
-1187
90
-1166
-1501
-273
-1529
-5467
-6641
-4067
-3145
-5106
-5802
-3200
-419
-637
-2083
-2393
-2230
-2387
-2259
-680
1626
2508
1633
808
1856
2352
1137
-75
-12
1320
2168
2467
2477
2663
2194
1080
800
1585
2258
1521
894
1679
3087
3484
2494
1371
741
302
-225
-367
103
152
-397
-1203
-1238
-789
-1504
-2477
-2737
-2112
-1527
-1202
-823
-993
-1509
-2265
-2547
-2012
-1456
-1110
-1046
-1122
-816
-576
-810
-1072
-1215
-1267
-948
-483
-154
-70
-322
-720
-717
-453
-760
-1003
-1050
-817
-463
-312
-276
-298
-95
-342
-320
87
324
72
-137
387
978
1662
1808
1591
1614
1746
1581
1334
1488
1706
1795
1818
2122
2373
2276
1869
1451
1147
1415
2132
2454
2698
3137
3802
3967
3941
3232
-301
-3981
-3694
-872
39
-1248
-1365
-969
-3412
-7318
-7377
-4679
-4247
-5668
-5624
-2947
-690
-812
-1899
-2253
-2186
-1904
-870
1228
3825
4302
3178
2381
2508
2644
1691
471
444
1747
2523
2611
2505
2089
1120
-218
-607
224
732
206
91
820
1786
2098
1312
162
-455
-504
-600
-389
12
347
-83
-663
-279
122
-179
-867
-1010
-783
-409
-188
-95
-188
-896
-1578
-1846
-1502
-1055
-1293
-1730
-1554
-957
-1049
-1484
-1378
-955
-797
-1102
-1018
-483
19
-167
-178
440
611
171
-558
-547
-209
-91
-109
-109
231
160
-320
-571
-679
-698
-1017
-1041
-180
656
758
382
413
716
728
342
476
1380
2108
2478
2632
2835
2915
2630
2258
2076
2449
2854
2604
2469
2945
3535
3552
3275
3456
3712
2765
-443
-3953
-3994
-1503
-751
-1940
-2163
-1629
-3685
-7313
-7744
-5325
-4073
-4862
-5115
-3233
-1227
-767
-1161
-1560
-1630
-1503
-661
1284
3687
4864
3904
2129
1507
2235
2318
1582
966
935
1831
2497
2274
1952
1284
-110
-939
-689
65
818
1054
986
1528
2335
2259
1276
15
-382
-202
-36
514
1016
1085
690
240
-390
-1101
-1523
-2102
-2143
-1503
-1027
-753
-770
-1437
-2211
-2527
-2609
-2497
-2105
-1448
-922
-569
-148
24
-312
-714
-899
-712
-46
270
549
1077
1212
622
-310
-906
-1232
-1152
-1062
-1062
-871
-910
-1304
-1530
-1806
-2260
-2497
-2637
-2086
-1179
-477
-202
-109
275
460
608
740
1150
1745
2353
3088
3578
3976
3846
3375
2913
2549
2437
2300
2312
2469
2795
2970
2909
2722
2588
2531
2292
2143
1136
-1486
-3491
-2548
-695
-970
-2225
-2210
-2474
-4696
-6505
-5614
-3439
-2829
-3662
-3662
-2220
-690
-420
-1055
-1248
-770
2
879
2022
3262
3649
2664
1501
1795
2679
2542
1551
916
1301
1812
1606
1381
1308
933
180
-522
-190
617
960
768
410
617
1124
1005
-103
-1106
-1180
-882
-794
-818
-408
-205
-467
-951
-1369
-1254
-981
-1070
-1475
-1194
-485
-205
-477
-941
-970
-791
-830
-856
-517
-148
-52
-266
-492
-511
-488
-532
-669
-646
-588
-658
-741
-990
-1206
-1662
-2073
-2049
-1985
-1620
-1410
-1731
-1971
-2024
-2143
-2026
-1856
-1708
-1388
-981
-188
619
1004
1237
1374
1458
1890
2254
2478
2806
3103
3538
3672
3574
3352
2756
2182
1983
1943
1780
1649
1739
1770
1543
1340
1222
1084
933
957
1304
1853
1142
-1421
-3174
-2277
-878
-1434
-2429
-1848
-1564
-3518
-5019
-3935
-2176
-2062
-3230
-3560
-2566
-1343
-1025
-1260
-1198
-654
-62
418
1265
2527
2981
1871
1082
1581
2538
2760
1981
1617
2077
2341
2012
1666
1477
1438
1046
536
1026
1964
2260
1564
784
567
606
541
70
-256
-239
-158
-499
-1083
-1258
-1344
-1444
-1721
-2031
-1746
-907
-571
-1218
-1570
-1320
-1244
-1558
-1670
-1011
-265
-382
-902
-758
-288
-353
-963
-1449
-1180
-575
-411
-405
-352
-678
-1360
-2058
-2335
-2001
-1789
-1972
-2040
-1909
-1856
-1977
-2228
-2609
-2590
-2317
-1948
-1199
-815
-942
-720
-121
305
684
1114
1646
2149
2483
2967
3459
3687
3501
3266
3202
3064
2867
2587
2435
2181
1805
1416
1094
1041
741
373
227
230
366
498
650
1048
1684
2018
1480
-132
-1315
-725
241
167
-308
120
463
-818
-2211
-1916
-898
-1054
-2196
-3126
-3110
-2357
-1785
-1570
-1317
-903
-595
-475
-358
44
355
174
-74
201
1118
2063
2307
2000
1840
1977
2134
2098
2084
2139
2076
1952
2020
2287
2410
2305
1826
1273
913
620
144
-653
-1076
-1100
-1198
-1316
-1379
-1426
-1497
-1819
-2291
-2388
-2129
-1817
-1489
-1144
-640
-128
-87
-352
-549
-338
-166
-259
-210
171
585
410
-22
-382
-452
-649
-1256
-1838
-1976
-1727
-1767
-1960
-2147
-2289
-2403
-2508
-2598
-2545
-2195
-1887
-1542
-1113
-516
70
44
-255
-116
703
1556
1867
2127
2613
2896
2716
2430
2336
2470
2533
2315
2178
2268
2529
2246
1664
1319
880
462
-63
-381
-308
-103
-78
-192
-251
-340
-326
-274
307
1352
2077
2384
2361
1797
863
496
756
950
637
364
645
534
-224
-928
-1150
-1304
-1910
-2628
-2971
-2658
-2131
-1871
-1838
-1757
-1535
-1363
-1299
-1255
-813
-197
1
24
196
703
1324
1612
1577
1597
1725
1783
1862
1966
2133
2076
1900
1815
1776
1850
1738
1447
993
577
198
-230
-574
-1017
-1286
-1289
-1300
-1625
-2008
-1983
-1614
-1355
-1620
-1654
-1191
-902
-920
-823
-630
-565
-552
-526
-154
244
282
-157
-611
-513
-406
-829
-1537
-1971
-2190
-2392
-2610
-2556
-2435
-2611
-2851
-2931
-2571
-2209
-2170
-2156
-1633
-562
196
398
481
609
620
717
1035
1280
1185
1189
1657
2083
2247
2074
1598
1089
887
1023
1085
1244
1527
1447
884
417
89
-644
-1328
-1588
-1343
-898
-596
-191
214
299
18
-158
46
613
1052
1297
1817
2569
3159
3071
2440
1532
877
844
1020
1065
1071
1064
646
60
-467
-854
-1138
-1593
-1833
-1620
-1240
-1112
-1089
-1238
-1489
-1355
-1097
-799
-503
-165
104
290
550
467
207
205
459
827
1142
1518
1751
1578
1334
1136
907
611
237
-34
89
549
756
482
85
-353
-893
-1372
-1599
-1529
-1338
-1112
-830
-410
74
257
54
-210
-285
-232
-153
105
426
574
596
450
136
-159
-508
-1002
-1411
-1714
-1904
-2068
-2330
-2478
-2697
-2979
-3008
-2939
-2807
-2443
-1988
-1595
-1202
-759
-339
-82
137
409
702
836
890
1018
1225
1549
1670
1693
1694
1862
2021
1868
1665
1512
1592
1566
1341
964
688
527
102
-276
-363
-241
-89
56
182
299
223
-17
-181
72
720
1311
1818
2076
2210
2297
2122
1924
1813
1743
1788
2021
2344
2476
2157
1452
747
81
-361
-514
-669
-604
-361
-348
-512
-552
-712
-1057
-1298
-1494
-1531
-1095
-474
-168
-54
51
146
118
164
434
732
1079
1236
1125
1032
954
708
474
473
425
475
712
873
876
522
-82
-677
-1183
-1428
-1309
-1116
-943
-832
-828
-666
-634
-816
-854
-606
-107
441
838
1092
1215
1063
739
493
499
526
321
221
305
196
-236
-909
-1614
-2217
-2656
-2840
-2608
-2157
-2012
-2021
-1867
-1745
-1929
-2179
-2212
-1940
-1393
-828
-192
379
561
453
289
233
284
325
373
571
922
1300
1310
952
701
469
163
42
202
243
-73
-494
-671
-602
-608
-687
-874
-884
-608
-327
-5
325
561
583
611
792
990
1198
1330
1266
1291
1588
1726
1578
1351
1309
1444
1500
1277
1013
907
680
381
183
143
33
-248
-508
-497
-350
-436
-601
-809
-833
-656
-612
-447
-73
200
186
151
168
225
430
591
577
480
467
431
430
451
426
428
412
519
613
514
239
-126
-524
-679
-580
-519
-490
-591
-655
-572
-487
-451
-456
-351
-142
123
441
729
866
689
386
258
237
143
-15
-182
-274
-257
-311
-596
-999
-1366
-1751
-2097
-2276
-2220
-2103
-2017
-1926
-1810
-1567
-1336
-1291
-1282
-1046
-677
-314
-38
231
504
555
424
340
387
434
322
163
248
497
625
424
-12
-398
-684
-1025
-1269
-1231
-1217
-1266
-1154
-948
-753
-668
-746
-808
-807
-739
-401
73
512
924
1126
1197
1346
1436
1399
1253
1123
1203
1441
1669
1811
1727
1413
1064
675
399
254
158
152
121
102
222
327
185
-48
-170
-93
290
687
904
1155
1250
1229
1261
1172
1090
999
989
1202
1601
1887
1807
1462
1030
800
709
574
383
238
182
312
553
612
381
-71
-426
-531
-467
-449
-492
-481
-394
-207
-33
-11
-140
-286
-359
-230
92
356
569
671
558
426
329
171
-111
-384
-400
-232
-162
-182
-252
-495
-874
-1303
-1580
-1608
-1554
-1458
-1164
-790
-591
-584
-622
-603
-524
-339
-176
-44
199
415
504
510
485
454
380
243
40
-10
127
226
118
-176
-342
-549
-882
-1088
-1213
-1293
-1289
-1259
-1272
-1173
-1196
-1513
-1702
-1667
-1527
-1306
-1142
-879
-534
-442
-239
52
94
113
174
256
504
710
771
904
909
853
807
590
398
266
-13
-184
-80
-20
49
51
-114
-142
-59
-1
101
201
348
582
790
1038
1152
999
954
1048
1112
1149
1142
1222
1314
1354
1456
1515
1331
1070
960
959
1047
1092
1021
800
501
301
131
-118
-407
-674
-766
-595
-416
-338
-335
-372
-438
-561
-675
-703
-646
-544
-328
-133
23
96
-147
-352
-236
-145
-154
-100
-77
-81
-60
-129
-304
-556
-818
-935
-875
-646
-478
-556
-660
-631
-587
-623
-565
-369
-243
-195
-121
-60
10
86
-44
-273
-268
-52
82
91
125
177
161
6
-161
-288
-447
-585
-656
-678
-711
-807
-985
-1177
-1310
-1365
-1363
-1320
-1266
-1201
-1108
-1001
-916
-792
-707
-717
-612
-360
-159
-51
-29
-167
-269
-315
-299
-215
-133
-62
-195
-364
-434
-511
-616
-735
-718
-589
-536
-392
-109
-2
34
181
272
442
786
1051
1276
1488
1673
1831
1804
1686
1625
1706
1794
1872
2005
1999
1864
1641
1457
1269
991
786
767
883
876
799
682
504
324
228
280
276
205
122
107
146
219
234
122
34
-1
58
148
135
30
-60
-115
-172
-238
-370
-461
-481
-459
-333
-287
-396
-564
-645
-610
-546
-414
-275
-128
-11
68
188
290
285
184
136
195
292
345
353
317
269
205
145
146
117
26
-47
-117
-208
-262
-342
-436
-575
-701
-694
-699
-721
-710
-671
-631
-608
-614
-612
-515
-344
-260
-334
-368
-358
-419
-444
-274
-42
-50
-229
-382
-488
-628
-837
-954
-1012
-1087
-1080
-1030
-1117
-1293
-1383
-1627
-1879
-1865
-1679
-1388
-1085
-800
-491
-252
-202
-64
220
491
751
973
1205
1542
1773
1755
1733
1722
1729
1649
1656
1779
1716
1564
1378
1241
1096
925
823
822
852
892
994
1031
1049
987
811
710
759
815
781
798
888
930
875
851
852
767
561
271
85
5
-96
-270
-389
-403
-474
-576
-674
-722
-737
-809
-900
-944
-889
-724
-462
-231
-75
27
107
235
326
390
515
639
728
821
972
1129
1108
916
716
545
368
215
120
64
-8
-159
-316
-463
-631
-773
-933
-1012
-983
-1010
-998
-927
-844
-790
-876
-984
-947
-789
-640
-482
-243
-8
65
-26
-85
-79
-69
-73
-39
64
182
218
134
-25
-272
-631
-991
-1206
-1379
-1502
-1530
-1555
-1587
-1670
-1743
-1799
-1860
-1871
-1737
-1456
-1094
-770
-553
-229
113
265
275
388
654
890
1031
1094
1217
1238
1084
919
805
765
710
644
605
636
611
473
409
373
376
453
519
600
733
862
985
1023
851
712
724
786
827
822
863
885
820
665
546
538
475
217
-137
-402
-581
-673
-737
-768
-820
-947
-960
-928
-909
-892
-958
-1055
-1073
-921
-598
-228
54
250
371
472
594
682
763
907
1073
1181
1179
1142
1132
1062
857
570
299
136
112
122
78
-20
-175
-399
-610
-720
-714
-718
-788
-851
-842
-757
-752
-823
-868
-869
-922
-925
-729
-522
-441
-411
-352
-279
-217
-164
-84
-66
-31
49
5
-78
-103
-170
-361
-551
-696
-822
-969
-1141
-1306
-1454
-1446
-1352
-1335
-1254
-1080
-1044
-1077
-984
-801
-606
-384
-166
-4
161
371
549
614
665
735
744
709
741
858
963
989
927
833
849
1005
1049
1032
1145
1244
1206
1131
1204
1365
1459
1452
1534
1710
1526
847
178
107
351
207
-193
-288
-157
-364
-814
-940
-748
-744
-1222
-1855
-2154
-1878
-1283
-932
-925
-867
-630
-428
-340
-289
-174
-108
-157
-174
95
705
1220
1281
1045
926
953
968
940
958
1020
983
908
879
867
807
643
384
131
9
-6
-38
-103
-173
-205
-249
-332
-356
-270
-166
-187
-304
-324
-102
84
6
-152
-178
-104
-167
-271
-192
-78
-134
-306
-419
-306
-134
-152
-270
-357
-395
-395
-372
-335
-223
-108
-115
-190
-290
-394
-415
-425
-518
-509
-329
-142
-101
-157
-177
-183
-246
-342
-326
-186
-6
88
80
106
237
325
236
214
333
452
512
604
785
954
1028
991
1018
1177
1366
1500
1561
1633
1721
1797
1959
2156
2352
2700
3039
2513
792
-659
-523
174
-150
-932
-954
-867
-1770
-3067
-3339
-2669
-2404
-3093
-3871
-3700
-2619
-1621
-1411
-1606
-1482
-993
-522
-96
518
1197
1461
1192
983
1434
2263
2573
2070
1486
1469
1724
1676
1398
1266
1230
991
524
301
579
870
585
-33
-279
-76
10
-332
-689
-729
-614
-632
-717
-583
-285
-117
-287
-483
-293
128
318
208
169
323
413
151
-184
-161
87
67
-343
-564
-411
-366
-676
-953
-894
-655
-571
-704
-706
-518
-460
-719
-982
-943
-754
-663
-730
-717
-529
-396
-445
-532
-496
-392
-371
-457
-449
-200
93
194
235
328
439
518
476
406
455
556
637
772
913
1032
1064
959
905
969
1083
1150
1232
1389
1555
1695
1859
2092
2297
2519
2831
2600
903
-1273
-1739
-534
-21
-988
-1686
-1521
-2095
-3845
-4822
-3979
-2944
-3302
-4257
-4086
-2593
-1241
-1111
-1636
-1588
-932
-487
-244
335
1252
1639
1182
677
917
1680
1825
1098
481
673
1118
1159
979
994
1229
1115
648
377
650
1178
1300
1014
871
1076
1087
627
102
-92
-227
-636
-1089
-1131
-697
-331
-397
-774
-920
-708
-563
-708
-832
-625
-436
-586
-783
-588
-197
-138
-490
-868
-886
-665
-684
-1000
-1181
-1059
-1012
-1166
-1233
-1200
-1230
-1420
-1613
-1580
-1348
-1131
-1061
-976
-634
-207
-47
-74
76
350
469
433
461
626
721
793
996
1246
1422
1476
1421
1252
1013
854
818
897
1027
1102
1124
1104
1094
1104
1163
1227
1201
1197
1288
1564
1973
2371
2771
3173
3263
1991
-606
-2232
-1324
245
-6
-999
-828
-589
-2072
-4029
-3899
-2298
-1924
-3067
-3545
-2280
-814
-760
-1484
-1617
-1090
-871
-962
-512
493
1103
712
45
-13
503
831
608
466
846
1239
1122
971
1373
1985
2199
2026
2021
2322
2533
2510
2504
2649
2655
2238
1646
1358
1219
629
-382
-1090
-1180
-1048
-1069
-1211
-1308
-1364
-1436
-1504
-1360
-1045
-876
-898
-818
-526
-247
-60
62
103
77
99
31
-124
-130
-130
-323
-543
-629
-719
-902
-1152
-1416
-1571
-1603
-1674
-1919
-2106
-1928
-1664
-1505
-1245
-890
-644
-541
-403
-227
-52
80
135
208
479
937
1290
1454
1587
1698
1627
1435
1297
1253
1400
1658
1885
2057
2129
2135
2018
1785
1599
1529
1533
1513
1501
1708
2147
2523
2705
2697
1751
-741
-3105
-3057
-1270
-593
-1398
-1605
-1248
-2251
-4290
-4830
-3320
-2204
-2775
-3240
-2142
-563
-422
-1384
-1734
-1253
-1091
-1459
-1095
90
780
265
-578
-670
-231
-30
-142
30
554
886
801
822
1473
2257
2459
2204
2208
2697
3107
3217
3267
3289
2967
2292
1767
1633
1550
1022
44
-763
-1047
-1124
-1282
-1454
-1484
-1556
-1658
-1445
-1016
-839
-1041
-1183
-980
-675
-505
-370
-43
301
263
-119
-461
-482
-485
-713
-850
-747
-700
-953
-1260
-1469
-1739
-2050
-2269
-2364
-2368
-2281
-2109
-1893
-1531
-1199
-1139
-1111
-864
-489
-286
-216
-74
62
179
433
824
1137
1288
1349
1370
1390
1396
1465
1596
1894
2296
2520
2682
2810
2772
2475
2188
2141
2211
2334
2378
2432
2628
2785
2832
2714
2373
967
-1613
-3015
-2047
-590
-792
-1673
-1472
-1504
-3110
-4809
-4437
-2720
-2235
-2884
-2764
-1445
-465
-1010
-1652
-1257
-766
-1161
-1536
-586
717
864
84
-462
-552
-619
-571
-141
484
753
549
354
640
1278
1589
1483
1397
1751
2341
2721
3054
3304
3258
2725
2076
1895
1925
1696
1130
610
411
214
-92
-302
-398
-488
-705
-716
-413
-112
-5
-204
-352
-371
-534
-701
-605
-236
-94
-385
-628
-769
-995
-1320
-1555
-1537
-1539
-1654
-1737
-1610
-1455
-1659
-1954
-2038
-1948
-1949
-2106
-2035
-1627
-1123
-909
-1002
-1041
-901
-783
-751
-604
-382
-285
-324
-204
165
509
637
649
840
1124
1296
1343
1404
1808
2320
2596
2747
2891
3094
3015
2709
2573
2585
2641
2550
2471
2646
2840
2805
2517
2184
1175
-1022
-2717
-2342
-864
-771
-1903
-1820
-1167
-2324
-4578
-4831
-2779
-1870
-2870
-2976
-1387
-391
-1316
-1952
-1230
-846
-1491
-1845
-907
215
493
126
-369
-704
-741
-565
-319
98
538
660
463
545
1151
1480
1187
909
1161
1646
2023
2501
2938
2994
2616
2134
1772
1453
1267
1157
970
737
594
546
452
204
-92
-305
-382
-262
-19
130
53
-102
-325
-848
-1379
-1311
-791
-571
-816
-923
-755
-872
-1302
-1506
-1427
-1475
-1833
-2023
-1653
-1260
-1313
-1612
-1813
-1991
-2383
-2721
-2577
-2045
-1576
-1461
-1506
-1352
-1172
-1123
-1141
-1156
-1105
-1106
-932
-438
93
352
268
326
683
1008
1138
1224
1534
1986
2321
2596
2863
3042
3110
2910
2677
2569
2602
2747
2790
2872
2938
2905
2750
2525
2363
1537
-375
-2082
-1961
-510
-294
-1357
-1322
-647
-1682
-4046
-4297
-1993
-1097
-2483
-2863
-967
265
-986
-1887
-856
-316
-1622
-2444
-1095
426
420
-77
59
92
-496
-841
-361
232
191
-67
19
540
1121
1371
1198
801
689
886
1127
1567
2280
2754
2501
1967
1749
1727
1495
1075
918
1015
1068
1005
1044
1200
1130
715
321
330
535
571
417
377
391
10
-597
-749
-389
-235
-584
-806
-639
-636
-925
-1041
-909
-1037
-1498
-1740
-1487
-1249
-1410
-1657
-1759
-1923
-2317
-2591
-2432
-2067
-1816
-1726
-1676
-1543
-1366
-1199
-1114
-1117
-1096
-1048
-817
-326
188
478
519
608
921
1215
1287
1304
1485
1801
2044
2187
2352
2423
2365
2195
2071
2097
2131
2081
2022
2197
2422
2332
2014
1760
1718
1614
890
-395
-1329
-1048
-324
-519
-1113
-1007
-794
-1804
-3181
-2794
-1249
-1067
-2263
-2369
-945
-469
-1586
-1888
-644
-223
-1490
-2077
-745
529
209
-405
-102
325
-102
-638
-165
574
423
-266
-294
474
977
768
527
668
772
663
800
1474
2017
1855
1478
1419
1543
1402
1191
1249
1315
1138
859
834
894
811
683
584
593
601
575
501
339
77
-382
-890
-1079
-787
-410
-370
-564
-774
-939
-1079
-1213
-1328
-1431
-1591
-1646
-1503
-1332
-1314
-1617
-2035
-2326
-2511
-2660
-2599
-2177
-1666
-1486
-1622
-1663
-1603
-1586
-1577
-1496
-1318
-1120
-847
-423
38
334
336
299
471
731
926
1058
1307
1601
1752
1784
1820
1952
2033
1900
1708
1638
1691
1757
1834
1987
2116
2070
1799
1598
1591
1560
1391
1139
777
299
33
274
647
504
75
-190
-466
-990
-1355
-1022
-549
-676
-1080
-1080
-961
-1391
-1924
-1790
-1347
-1471
-1962
-1884
-1071
-443
-595
-1034
-1208
-1149
-1141
-1009
-582
-285
-413
-647
-407
118
285
59
-39
229
502
736
1125
1480
1567
1502
1483
1471
1397
1352
1386
1385
1404
1484
1438
1263
1167
1223
1179
858
603
615
580
284
16
-30
-65
-158
-133
69
127
-126
-415
-386
-129
-90
-348
-526
-377
-198
-251
-409
-529
-707
-1077
-1406
-1485
-1393
-1340
-1337
-1230
-1167
-1234
-1351
-1369
-1262
-1157
-1043
-887
-638
-372
-163
67
357
504
432
463
698
922
991
1039
1241
1418
1438
1423
1494
1549
1417
1282
1332
1499
1608
1662
1781
1834
1680
1470
1433
1474
1412
1294
1167
781
246
200
708
1015
659
196
-21
-386
-916
-993
-589
-525
-962
-1178
-1088
-1272
-1728
-1761
-1400
-1560
-2208
-2360
-1747
-1130
-1079
-1301
-1430
-1554
-1667
-1524
-1214
-1055
-1132
-1216
-1031
-610
-311
-345
-464
-382
-161
88
337
639
934
1090
1153
1191
1229
1196
1110
1056
1100
1152
1081
1004
1064
1236
1226
885
494
384
395
203
-62
-122
12
-9
-166
-156
-50
-178
-534
-589
-289
-160
-393
-642
-577
-498
-655
-826
-875
-944
-1227
-1522
-1601
-1538
-1528
-1582
-1508
-1339
-1275
-1405
-1472
-1348
-1196
-1072
-878
-503
-168
-64
-78
15
239
320
234
197
350
512
539
570
730
934
980
956
1032
1125
1092
1054
1273
1608
1784
1804
1795
1749
1617
1474
1355
1270
1283
1473
1537
1092
474
378
738
833
520
239
123
-206
-692
-732
-371
-353
-892
-1373
-1464
-1606
-1927
-1856
-1480
-1556
-2145
-2437
-2110
-1715
-1660
-1743
-1702
-1677
-1655
-1428
-1089
-933
-1010
-1064
-852
-489
-248
-135
-27
148
318
439
588
823
1119
1410
1617
1679
1638
1591
1544
1457
1429
1414
1266
1072
1032
1168
1131
726
286
70
-52
-297
-507
-408
-254
-355
-530
-484
-382
-521
-722
-684
-477
-440
-512
-376
-108
-47
-355
-708
-826
-829
-938
-1143
-1211
-1153
-1146
-1213
-1167
-1012
-1013
-1141
-1126
-901
-690
-551
-300
100
440
524
493
621
831
912
926
1008
1148
1239
1320
1489
1660
1743
1759
1809
1879
1871
1858
1937
2094
2197
2164
2088
1990
1886
1728
1528
1431
1467
1636
1844
1930
1524
669
147
397
912
972
692
433
129
-267
-399
-182
-186
-627
-982
-949
-965
-1214
-1169
-801
-808
-1410
-1959
-1925
-1623
-1484
-1471
-1446
-1458
-1498
-1474
-1344
-1229
-1285
-1348
-1222
-839
-428
-193
-36
163
361
362
321
518
983
1494
1753
1697
1430
1171
1074
1079
1097
1057
891
635
508
563
531
166
-339
-650
-769
-853
-879
-818
-819
-972
-1098
-1048
-1011
-1139
-1259
-1158
-977
-936
-960
-846
-609
-589
-880
-1168
-1240
-1242
-1356
-1492
-1487
-1401
-1431
-1542
-1514
-1384
-1427
-1610
-1603
-1324
-1027
-851
-633
-329
-153
-205
-266
-51
330
605
735
842
956
1035
1119
1259
1438
1534
1502
1490
1607
1778
1854
1845
1843
1858
1837
1743
1658
1585
1542
1562
1626
1762
1889
1925
1570
748
148
327
855
981
724
425
102
-350
-612
-510
-550
-979
-1320
-1224
-1214
-1538
-1587
-1211
-1159
-1804
-2355
-2212
-1889
-1818
-1743
-1555
-1574
-1819
-1792
-1431
-1223
-1363
-1489
-1300
-904
-473
-189
-28
220
526
704
726
905
1389
1836
1989
1966
1898
1698
1462
1478
1676
1626
1241
956
1016
1104
883
480
105
-205
-494
-702
-774
-817
-928
-1057
-1100
-1141
-1266
-1433
-1470
-1268
-1068
-1067
-1163
-1079
-783
-733
-1054
-1288
-1212
-1119
-1274
-1453
-1422
-1323
-1365
-1428
-1309
-1119
-1082
-1195
-1154
-860
-588
-464
-306
-15
240
293
193
239
537
873
1084
1181
1257
1261
1268
1431
1694
1872
1868
1889
2056
2275
2392
2380
2365
2404
2405
2291
2199
2190
2234
2318
2387
2420
2390
2396
2411
2032
1260
855
1207
1692
1647
1220
843
425
-109
-378
-313
-413
-821
-1030
-978
-1146
-1465
-1389
-1109
-1365
-2070
-2392
-2189
-1984
-1873
-1702
-1609
-1786
-1910
-1686
-1340
-1182
-1160
-979
-680
-361
-78
103
311
606
831
864
896
1172
1608
1876
1890
1768
1549
1296
1278
1519
1578
1332
1093
1040
1029
891
612
220
-203
-503
-625
-714
-909
-1098
-1139
-1125
-1224
-1443
-1635
-1749
-1747
-1647
-1591
-1622
-1645
-1515
-1394
-1516
-1717
-1786
-1732
-1731
-1811
-1801
-1702
-1664
-1713
-1697
-1586
-1519
-1571
-1589
-1420
-1136
-946
-890
-743
-510
-328
-221
-179
-81
127
352
500
618
713
757
802
899
1078
1209
1330
1540
1751
1824
1750
1740
1827
1887
1865
1823
1830
1853
1945
2095
2186
2163
2093
1869
1262
639
561
938
1162
1008
779
460
-85
-560
-623
-576
-849
-1165
-1202
-1217
-1497
-1621
-1324
-1228
-1786
-2470
-2509
-2182
-2009
-1978
-1941
-1910
-2005
-2000
-1725
-1416
-1311
-1283
-1092
-733
-344
-80
111
404
741
891
848
953
1304
1686
1842
1824
1811
1676
1533
1620
1841
1903
1708
1531
1556
1617
1490
1208
916
716
553
345
122
-82
-286
-463
-531
-543
-619
-828
-1075
-1165
-1154
-1266
-1470
-1476
-1235
-1069
-1164
-1345
-1427
-1493
-1630
-1700
-1599
-1506
-1619
-1756
-1660
-1453
-1388
-1467
-1516
-1424
-1220
-1042
-915
-801
-678
-527
-413
-340
-218
-14
188
360
555
739
881
974
1137
1395
1550
1654
1798
1979
2154
2242
2345
2454
2494
2506
2542
2537
2508
2583
2714
2814
2835
2669
2158
1516
1306
1572
1711
1496
1319
1199
696
-8
-188
55
-90
-627
-790
-718
-1105
-1564
-1354
-969
-1308
-2038
-2232
-1922
-1774
-1745
-1574
-1537
-1794
-1920
-1593
-1161
-983
-925
-742
-518
-317
-15
362
714
993
1154
1186
1186
1324
1644
1917
1967
1887
1780
1642
1595
1703
1765
1606
1276
1038
1044
1115
1042
836
612
464
293
98
-103
-342
-506
-606
-650
-643
-657
-737
-877
-1007
-1086
-1217
-1384
-1390
-1247
-1181
-1330
-1511
-1566
-1591
-1694
-1801
-1768
-1718
-1778
-1819
-1721
-1542
-1499
-1610
-1686
-1651
-1566
-1443
-1254
-1129
-1077
-1037
-958
-805
-630
-461
-301
-162
-31
118
255
362
451
531
600
729
914
1094
1260
1412
1516
1494
1450
1476
1514
1534
1568
1631
1711
1822
1884
1674
1186
879
1018
1255
1214
1087
1074
847
294
-73
39
57
-325
-613
-559
-639
-1082
-1259
-1051
-1158
-1725
-2090
-2005
-1883
-1881
-1838
-1781
-1911
-2100
-2055
-1830
-1603
-1438
-1289
-1141
-934
-640
-384
-144
153
452
582
650
898
1292
1578
1659
1666
1571
1443
1450
1568
1678
1649
1495
1319
1204
1182
1135
949
733
637
601
471
270
99
-25
-155
-327
-438
-439
-387
-336
-351
-459
-648
-846
-882
-731
-609
-706
-914
-960
-853
-829
-943
-1079
-1137
-1162
-1207
-1200
-1104
-998
-993
-1057
-1075
-1075
-1125
-1140
-1009
-801
-745
-805
-752
-570
-448
-389
-239
-68
32
112
291
509
587
627
786
1023
1198
1306
1409
1557
1682
1699
1715
1735
1801
1915
2019
2109
2196
2246
2182
1919
1583
1547
1721
1784
1676
1549
1419
1066
658
513
516
319
3
-122
-172
-413
-687
-729
-750
-1034
-1387
-1495
-1442
-1421
-1412
-1411
-1480
-1563
-1566
-1506
-1379
-1193
-1033
-918
-740
-438
-201
-122
33
327
537
591
714
1032
1321
1449
1533
1568
1448
1287
1278
1363
1385
1337
1264
1177
1080
970
850
690
554
504
451
327
177
58
-24
-147
-283
-342
-379
-421
-418
-341
-321
-509
-715
-694
-538
-495
-570
-611
-622
-691
-772
-766
-752
-845
-994
-1050
-1011
-969
-932
-949
-1072
-1245
-1377
-1387
-1306
-1188
-1103
-1130
-1178
-1140
-1027
-901
-724
-518
-401
-393
-344
-150
61
182
291
462
606
698
873
1122
1288
1300
1239
1250
1345
1454
1567
1628
1610
1578
1560
1451
1196
945
864
867
740
553
495
394
116
-178
-368
-529
-805
-953
-853
-853
-1107
-1352
-1383
-1440
-1687
-1926
-1964
-1923
-1955
-1966
-1937
-1952
-2011
-2038
-1977
-1879
-1807
-1698
-1519
-1263
-983
-786
-685
-565
-366
-185
-44
83
247
436
604
748
803
783
742
768
853
930
937
870
829
825
808
721
614
545
499
454
394
319
213
78
-66
-181
-269
-347
-423
-427
-329
-297
-463
-654
-648
-543
-524
-516
-444
-461
-572
-615
-588
-596
-679
-763
-760
-724
-716
-692
-686
-737
-827
-909
-950
-939
-854
-752
-696
-674
-635
-550
-400
-193
34
171
215
299
494
701
828
952
1148
1303
1344
1410
1590
1815
1870
1812
1859
2008
2098
2064
2060
2107
2117
2051
1918
1702
1462
1314
1234
1163
1121
1064
917
704
500
335
177
39
-19
-12
-55
-152
-243
-319
-370
-425
-575
-765
-846
-779
-629
-585
-639
-651
-620
-577
-584
-602
-574
-478
-334
-194
-57
33
99
174
238
296
315
356
507
729
899
910
858
848
865
923
991
988
901
876
945
975
896
766
679
616
529
437
330
205
95
-27
-167
-291
-400
-452
-437
-433
-518
-653
-747
-750
-672
-607
-611
-688
-745
-725
-670
-637
-676
-726
-759
-771
-720
-608
-489
-467
-537
-608
-646
-655
-623
-562
-519
-538
-596
-565
-484
-403
-277
-176
-168
-211
-164
26
201
271
350
482
582
637
734
912
1041
1062
1085
1184
1315
1433
1523
1561
1549
1513
1506
1503
1404
1243
1073
949
947
991
934
769
549
310
67
-132
-245
-370
-552
-697
-757
-823
-965
-1119
-1264
-1408
-1540
-1592
-1572
-1495
-1388
-1361
-1371
-1348
-1296
-1287
-1277
-1153
-996
-887
-785
-612
-441
-370
-315
-215
-124
-35
100
263
367
394
440
483
456
392
390
413
388
365
359
338
282
199
105
24
-27
-84
-213
-363
-412
-413
-509
-645
-708
-750
-765
-735
-699
-710
-768
-794
-816
-840
-830
-796
-793
-798
-754
-722
-731
-786
-810
-795
-803
-797
-720
-613
-595
-624
-621
-646
-722
-793
-796
-751
-747
-725
-626
-489
-375
-310
-289
-282
-253
-191
-74
27
92
173
321
488
583
637
729
850
907
946
1063
1252
1420
1525
1610
1650
1634
1579
1535
1511
1475
1442
1362
1298
1326
1321
1177
955
797
668
506
389
368
304
108
-44
-74
-129
-283
-448
-528
-552
-628
-694
-693
-667
-625
-603
-615
-617
-582
-556
-496
-359
-213
-126
-96
5
162
243
250
279
374
504
645
745
800
820
804
805
839
860
845
842
865
872
833
805
836
854
797
671
591
545
487
476
468
375
212
132
118
51
-39
-85
-102
-158
-202
-212
-265
-340
-355
-331
-351
-414
-463
-458
-440
-449
-443
-445
-499
-518
-457
-409
-471
-570
-568
-531
-550
-569
-566
-549
-515
-458
-406
-363
-346
-356
-375
-383
-321
-271
-243
-189
-105
-28
45
172
309
379
375
367
420
579
760
867
903
917
918
909
929
980
994
946
945
1009
1033
977
908
874
764
553
389
320
251
133
43
-22
-147
-289
-349
-374
-524
-733
-837
-826
-829
-873
-891
-904
-940
-974
-978
-1020
-1052
-984
-856
-734
-619
-505
-450
-442
-419
-397
-448
-494
-426
-285
-169
-120
-98
-86
-78
-67
-54
-53
-76
-91
-83
-66
-56
-90
-155
-218
-284
-343
-424
-445
-367
-343
-410
-454
-418
-356
-358
-392
-429
-489
-538
-516
-440
-412
-408
-397
-360
-310
-319
-336
-319
-304
-344
-421
-454
-442
-424
-395
-387
-432
-510
-566
-564
-519
-511
-573
-618
-581
-469
-364
-336
-322
-322
-347
-320
-223
-113
-52
15
136
266
329
366
472
534
532
564
649
781
894
953
965
922
863
837
851
868
822
710
629
615
637
636
586
492
355
237
155
146
158
123
43
-82
-184
-242
-267
-281
-294
-316
-362
-422
-433
-316
-211
-264
-384
-419
-358
-313
-261
-151
-66
-78
-126
-40
121
180
171
206
258
275
318
399
457
434
393
419
459
482
532
575
588
575
564
618
693
739
743
696
618
569
598
673
681
608
528
493
528
584
621
593
508
426
383
397
401
386
352
325
336
337
320
289
256
220
152
44
-48
-70
-48
-51
-101
-170
-251
-330
-352
-338
-373
-438
-477
-461
-391
-326
-288
-267
-249
-225
-180
-111
-39
38
138
264
348
373
422
499
590
674
710
740
807
911
1023
1093
1081
1021
968
967
987
963
910
854
808
781
730
651
570
488
438
389
297
181
89
21
-56
-136
-240
-365
-480
-541
-556
-571
-596
-627
-666
-729
-786
-812
-840
-869
-877
-853
-839
-849
-836
-802
-793
-830
-857
-859
-864
-852
-818
-753
-706
-684
-648
-609
-569
-566
-571
-526
-479
-476
-495
-459
-408
-401
-391
-375
-359
-399
-437
-395
-308
-256
-296
-371
-401
-381
-376
-384
-382
-390
-382
-318
-263
-227
-207
-182
-136
-130
-140
-155
-158
-143
-130
-171
-268
-348
-370
-347
-328
-370
-464
-523
-532
-520
-530
-563
-605
-673
-718
-704
-669
-664
-667
-659
-611
-558
-516
-420
-295
-203
-145
-79
14
120
222
314
364
375
419
511
575
627
684
699
687
650
617
605
611
603
562
501
453
427
366
289
246
205
139
103
95
101
97
59
10
-27
-61
-101
-91
-65
-68
-104
-115
-97
-110
-107
-83
-80
-75
-34
18
55
90
135
160
140
118
104
100
81
72
93
94
75
47
28
7
-28
-49
-73
-100
-107
-119
-144
-157
-134
-102
-113
-151
-144
-120
-106
-41
55
77
62
87
142
191
210
240
272
302
353
424
490
512
509
524
578
615
613
630
655
684
720
750
753
720
697
682
638
572
504
472
446
398
330
242
168
100
27
-8
-29
-58
-93
-75
-11
10
23
60
109
143
174
262
361
420
468
532
635
710
752
816
904
945
942
974
985
979
979
978
957
903
845
789
726
662
620
554
464
396
358
322
261
185
89
-14
-73
-97
-140
-190
-203
-204
-222
-210
-176
-136
-101
-77
-46
-50
-59
-41
-9
13
8
21
63
86
102
101
101
89
57
29
-24
-95
-165
-237
-317
-389
-487
-578
-642
-694
-740
-789
-843
-863
-834
-819
-825
-863
-895
-888
-831
-771
-758
-736
-692
-618
-522
-448
-424
-400
-341
-263
-208
-200
-209
-200
-183
-188
-203
-227
-264
-303
-328
-345
-376
-408
-431
-455
-489
-529
-583
-650
-700
-740
-790
-828
-873
-911
-925
-917
-891
-881
-867
-837
-789
-701
-625
-576
-525
-466
-412
-356
-284
-205
-124
-58
10
76
122
183
269
337
341
315
313
334
355
373
372
332
263
216
209
189
159
121
87
80
69
57
53
42
41
33
3
-13
-20
-11
9
4
-24
-66
-91
-53
2
17
-34
-93
-106
-94
-97
-140
-168
-180
-215
-228
-204
-196
-227
-264
-266
-259
-278
-294
-296
-294
-303
-331
-365
-379
-359
-340
-340
-347
-363
-380
-362
-312
-272
-266
-274
-264
-206
-129
-89
-59
14
87
125
159
207
230
234
266
308
313
266
232
260
287
280
251
233
224
210
205
196
171
111
74
86
68
28
2
-22
-23
3
22
35
29
28
66
109
131
143
151
178
218
243
287
340
388
426
477
531
564
606
678
763
832
878
907
956
1001
1030
1052
1055
1053
1052
1081
1118
1109
1093
1091
1071
1044
1011
988
961
926
914
901
865
820
795
762
725
696
661
636
630
635
618
577
542
516
480
428
368
317
268
209
162
113
65
28
12
1
-41
-103
-155
-175
-186
-201
-219
-282
-346
-367
-379
-392
-403
-438
-470
-462
-452
-469
-501
-516
-517
-512
-513
-516
-517
-530
-506
-486
-464
-435
-433
-399
-357
-324
-328
-344
-325
-287
-252
-232
-214
-206
-204
-193
-199
-219
-237
-265
-284
-297
-326
-364
-397
-424
-443
-462
-499
-523
-553
-574
-573
-605
-658
-662
-639
-642
-671
-685
-666
-649
-621
-581
-554
-537
-496
-424
-348
-294
-269
-236
-179
-116
-46
24
55
81
123
178
246
277
306
351
393
430
448
450
439
442
451
435
395
345
287
264
250
205
151
107
59
8
-21
-28
-41
-70
-84
-105
-152
-194
-227
-264
-298
-310
-311
-304
-296
-295
-286
-301
-329
-342
-351
-352
-362
-373
-389
-413
-433
-452
-502
-570
-594
-594
-595
-581
-562
-562
-574
-561
-541
-555
-579
-586
-566
-541
-511
-466
-414
-384
-368
-349
-319
-279
-246
-199
-137
-66
3
44
70
101
139
162
182
211
232
261
290
321
338
336
337
337
321
303
308
301
273
249
223
198
169
143
139
113
92
102
111
101
104
132
143
143
151
177
186
182
203
224
247
267
280
298
314
364
454
533
585
612
639
661
697
732
757
769
773
784
805
809
787
776
759
735
730
716
711
726
714
717
696
646
611
558
506
477
441
405
380
356
353
336
304
266
236
223
214
201
167
131
101
85
56
16
-6
-32
-66
-96
-112
-133
-156
-170
-168
-164
-164
-158
-131
-102
-86
-73
-82
-84
-107
-127
-137
-162
-164
-137
-111
-93
-50
-9
16
43
66
89
106
122
140
160
152
114
80
31
-16
-40
-60
-87
-100
-95
-81
-57
-78
-125
-160
-186
-211
-221
-227
-241
-250
-265
-278
-283
-302
-324
-329
-337
-339
-349
-358
-371
-384
-396
-416
-420
-428
-441
-439
-421
-420
-407
-393
-382
-349
-327
-313
-324
-318
-302
-288
-263
-244
-214
-185
-167
-143
-114
-103
-75
-22
-1
-5
-2
6
16
12
1
1
6
-10
-11
14
34
57
70
93
104
105
110
123
120
129
142
125
122
109
79
34
4
-33
-75
-105
-118
-121
-145
-144
-156
-170
-180
-186
-187
-194
-205
-234
-253
-266
-258
-241
-238
-261
-281
-277
-283
-289
-296
-284
-278
-284
-261
-239
-244
-235
-202
-175
-169
-174
-169
-170
-164
-155
-158
-175
-191
-190
-183
-162
-156
-153
-151
-138
-144
-177
-168
-173
-172
-164
-166
-160
-143
-137
-125
-95
-83
-64
-42
-10
-1
19
44
46
51
72
96
94
100
122
149
160
162
166
165
165
163
160
152
155
165
164
155
164
169
168
164
168
168
153
141
147
168
179
193
221
247
244
238
245
245
236
215
211
213
214
217
193
176
174
175
178
184
203
209
217
243
265
276
287
276
247
230
236
227
203
174
142
132
120
119
107
95
110
111
99
72
53
36
37
57
61
81
94
93
92
88
55
20
10
15
29
23
38
50
55
60
72
77
53
43
41
41
52
73
77
76
73
73
91
102
140
158
147
145
134
122
117
118
106
96
83
75
64
64
64
59
40
11
13
10
-3
-13
-24
-33
-43
-77
-107
-109
-106
-91
-73
-46
-35
-40
-62
-81
-79
-76
-60
-39
-25
-34
-47
-50
-42
-42
-36
-19
-17
-24
-14
1
1
-6
-25
-54
-85
-83
-85
-91
-64
-59
-67
-79
-88
-99
-102
-81
-75
-87
-95
-112
-133
-152
-186
-196
-161
-131
-129
-124
-118
-119
-106
-76
-60
-61
-78
-73
-65
-79
-62
-68
-104
-137
-163
-168
-174
-165
-161
-166
-182
-204
-212
-224
-232
-235
-230
-214
-186
-176
-160
-150
-144
-137
-132
-124
-109
-92
-85
-80
-74
-65
-77
-82
-78
-77
-53
1
53
96
151
191
200
186
203
210
218
229
231
223
211
222
213
197
175
165
146
127
138
148
154
161
186
191
203
204
203
215
210
211
200
191
176
170
171
183
205
219
224
206
190
160
133
110
98
103
90
101
118
115
133
141
150
162
159
169
182
183
187
179
166
158
128
108
84
78
90
117
150
165
188
176
165
162
162
173
171
162
157
165
155
152
154
157
170
161
141
119
101
84
55
31
8
-17
-35
-45
-52
-58
-83
-108
-144
-174
-198
-233
-265
-306
-318
-327
-334
-329
-332
-336
-321
-315
-335
-355
-371
-376
-386
-396
-401
-399
-405
-415
-418
-417
-422
-430
-432
-433
-427
-429
-417
-396
-363
-335
-333
-339
-339
-336
-340
-326
-314
-290
-253
-226
-201
-166
-124
-93
-76
-71
-56
-43
-16
25
66
92
102
119
152
172
170
184
207
217
230
248
255
245
222
201
194
167
143
128
100
97
103
114
141
149
140
120
100
73
65
57
51
63
51
49
52
36
15
10
-5
-31
-28
-26
-30
-27
-5
7
15
16
3
-17
-40
-61
-81
-85
-65
-39
-36
-47
-74
-88
-90
-101
-121
-136
-140
-156
-171
-170
-163
-169
-184
-197
-213
-232
-243
-251
-241
-227
-212
-210
-235
-247
-264
-284
-300
-321
-323
-326
-325
-315
-313
-298
-285
-274
-270
-269
-255
-251
-243
-245
-258
-279
-310
-314
-290
-266
-249
-230
-214
-193
-178
-167
-148
-126
-107
-97
-89
-85
-83
-70
-80
-87
-80
-74
-57
-35
-9
11
9
14
19
20
37
46
55
68
79
87
95
110
137
170
191
215
238
250
261
267
268
267
268
278
280
293
309
316
340
350
349
346
335
331
313
297
307
308
301
308
311
319
319
314
320
316
312
295
290
286
275
292
295
300
308
318
333
345
367
372
377
376
374
383
384
375
369
348
338
338
323
313
309
299
263
249
217
189
176
167
169
166
169
162
152
150
155
157
156
136
128
99
83
96
91
101
110
124
145
152
168
190
191
179
173
165
154
146
149
168
173
163
154
143
130
109
95
66
60
57
51
50
43
49
36
18
3
-4
-7
-7
-1
14
21
4
-8
-10
-7
-12
-29
-35
-24
-3
24
46
61
63
57
38
13
-1
-17
-27
-45
-44
-52
-76
-74
-80
-86
-98
-98
-97
-102
-101
-107
-110
-126
-131
-126
-126
-126
-132
-135
-134
-122
-105
-96
-71
-45
-29
-18
-10
2
14
12
26
