-0.591715
0.236444
0.584972
-0.182711
0.326224
-0.26123
-0.0421936
0.0914842
0.381899
-0.0783617
-0.107013
0.0861475
-0.518012
0.1537
0.475549
-0.238273
0.232585
-0.287308
-0.0207042
0.0703481
0.462836
-0.00542578
-0.122362
0.0498296
-0.53147
0.0558606
0.387773
-0.280354
0.17288
-0.301192
0.0214324
0.0900344
0.51157
0.00910216
-0.113332
0.039674
-0.53451
0.0198966
0.343502
-0.257861
0.17344
-0.264189
0.0598349
0.0919365
0.527484
0.0412824
-0.102678
0.0378653
-0.510733
0.083979
0.296117
-0.267416
0.227856
-0.272228
0.0704454
0.0761071
0.531208
0.0725364
-0.152015
0.0148131
-0.51775
0.17622
0.28411
-0.209377
0.213251
-0.17383
0.062211
0.0919851
0.447191
0.037207
-0.180048
0.0227345
-0.598947
0.262229
0.307027
-0.113346
0.272688
-0.147257
0.0565336
0.00787174
0.414907
-0.0109995
-0.21101
0.028368
-0.552394
0.230391
0.314087
-0.0839498
0.330182
-0.164987
0.132037
-0.0136643
0.358046
-0.0696132
-0.171093
0.00638475
-0.589034
0.244946
0.374821
-0.129876
0.305658
-0.121359
0.0502714
-0.0353508
0.39016
-0.0900284
-0.131735
0.0332401
-0.578637
0.260195
0.353177
-0.145094
0.266857
-0.154171
0.0563368
0.0230526
0.409644
-0.105256
-0.0601791
0.0324292
-0.557278
0.25369
0.306954
-0.155309
0.232446
-0.145518
0.0201508
0.051488
0.421555
-0.129913
-0.0472325
0.0312157
-0.427246
0.137794
0.307405
-0.17078
0.149106
-0.143954
0.000546895
0.0895926
0.466137
-0.133317
-0.0360665
-0.0100798
-0.180458
0.226286
0.236902
-0.0252371
0.207329
-0.169583
0.128826
0.183138
0.427771
-0.168569
0.00786652
-0.0137825
0.149476
0.310469
0.27984
0.0255244
0.195005
-0.129223
0.145885
0.160535
0.44046
-0.184798
-0.0111612
0.0305921
0.203688
0.373015
0.275538
0.0537181
0.19352
-0.130973
0.166399
0.162056
0.406666
-0.132077
0.0270353
0.0183
0.542532
0.473118
0.321201
0.0892392
0.273976
-0.0353576
0.203173
0.0668613
0.329329
-0.0956847
0.0485979
0.0249556
1.10458
0.614187
0.605087
0.270787
0.444983
0.0664935
0.138349
-0.030112
0.275638
-0.0560873
0.0296716
0.0719217
1.51293
0.663433
0.512414
0.404491
0.629511
0.000682659
0.129669
0.0187758
0.164144
-0.0429881
0.0313139
0.0620683
1.28125
0.671699
0.425059
0.385013
0.381672
0.106905
0.122581
0.0833717
0.0915298
0.0351113
0.0286907
0.0158547
1.67573
0.686132
0.394714
0.394283
0.625683
0.0777971
0.102681
0.0561169
0.092849
-0.0374852
0.0169004
0.0254661
1.83078
0.751312
0.340683
0.37518
0.694383
0.0479603
0.138873
0.0405795
0.0626912
0.00341431
-0.0328707
0.0306753
1.55767
0.777267
0.395314
0.310363
0.42337
0.147835
0.0950503
0.044591
0.0612335
0.0462728
-0.00272279
-0.0115309
1.55324
0.759099
0.395972
0.395673
0.436629
0.142701
0.144989
0.00192892
0.0539769
0.00816807
0.0108796
-0.00834795
1.83773
0.873679
0.276959
0.568378
0.675904
0.0165429
0.132818
0.0238225
0.0308748
-0.0202104
-0.0318144
0.043322
1.24161
0.622327
0.407398
0.389785
0.318491
0.158723
0.0994927
0.0481728
0.0399535
0.0247802
0.0401214
-0.00107488
1.53391
0.753352
0.395254
0.42156
0.421029
0.114086
0.148378
0.0456246
0.0956259
-0.016899
0.00939951
-0.00038352
1.61938
0.754657
0.435121
0.485221
0.496463
0.112146
0.211068
0.125144
0.0172979
-0.0804925
0.0430511
0.0465125
1.50902
0.778106
0.447413
0.416011
0.373147
0.111474
0.189726
0.114123
0.00948256
-0.0342654
0.0256303
0.0190279
1.20588
0.64792
0.391597
0.312977
0.260883
0.215939
0.146561
0.0377614
0.0337193
0.0258144
0.0602801
0.016673
1.3244
0.679415
0.458919
0.41897
0.363807
0.18752
0.143487
0.101988
0.0579881
0.0227691
0.0309094
0.012531
1.45795
0.682715
0.423583
0.4327
0.424493
0.244731
0.199153
0.143288
0.0571299
0.0264197
0.0187517
0.02046
1.41319
0.633516
0.414454
0.430335
0.348383
0.18734
0.13643
0.142111
0.0998198
0.0138936
0.0524695
0.0286197
2.2046
0.735512
0.238985
0.485435
0.62819
0.0240695
0.293955
0.164284
-0.0263096
-0.101631
-0.0412815
0.168134
1.28576
0.609227
0.395714
0.354669
0.339808
0.252289
0.176325
0.124026
0.0353442
0.0192603
0.0299989
0.0116999
1.73482
0.688633
0.403642
0.492231
0.555859
0.202869
0.12569
0.1279
-0.0115225
-0.0961218
0.0574306
0.0436543
1.27039
0.66281
0.437731
0.346468
0.288611
0.23062
0.163734
0.0846343
0.0187314
-0.0169792
-0.00047213
-0.015709
1.84161
0.78882
0.452874
0.476235
0.441661
0.207313
0.156659
0.0930111
-0.0198574
-0.158206
0.0506326
0.0397305
1.39568
0.704102
0.490435
0.483159
0.391662
0.232137
0.136135
0.0698639
0.0197772
-0.0455562
0.0659896
-0.00529505
1.49647
0.720955
0.470528
0.40812
0.362847
0.235423
0.153326
0.0843852
-0.00187693
-0.0354948
0.0809143
0.0212101
1.30032
0.690446
0.475522
0.375094
0.291117
0.203083
0.130208
0.099619
0.0389743
0.00612078
0.035893
-0.000438381
1.9343
0.816871
0.455022
0.507436
0.482805
0.192457
0.151261
0.0481634
-0.033774
-0.155775
0.0520916
0.0501355
1.40676
0.74227
0.486444
0.395287
0.34361
0.245166
0.136435
0.0565672
-0.00897958
-0.0132784
0.0599042
-4.14543e-005
1.52709
0.786102
0.543686
0.423446
0.280659
0.184574
0.139903
0.0957244
-0.0206726
-0.0625992
0.102463
0.0214314
1.45674
0.72171
0.443547
0.343536
0.278766
0.179542
0.138007
0.104846
0.0379826
-0.00827026
0.085224
0.0272624
2.01664
0.76593
0.404033
0.442208
0.467048
0.0757036
0.0637447
0.0536821
-0.0108677
-0.149359
0.0516275
0.100051
1.72251
0.725464
0.438167
0.470205
0.357188
0.103028
0.0109957
0.0752368
0.0693068
-0.0654525
0.072982
0.0448247
1.85709
0.726543
0.419538
0.516832
0.39823
0.0501293
-0.0600587
0.0205531
0.0809702
-0.028082
0.0227946
0.0168047
1.55112
0.70264
0.447757
0.401193
0.298345
0.0782247
0.00580716
0.0363465
0.0606445
0.0436701
0.0640973
0.0188536
1.41964
0.663266
0.433551
0.397436
0.3012
0.102131
0.0381629
0.0958472
0.118402
0.0520348
0.01729
0.0030052
1.49062
0.704294
0.408067
0.334564
0.254353
0.0980981
0.0163167
0.0343671
0.0938027
0.0888282
0.109449
0.049118
1.73272
0.816203
0.429615
0.367263
0.305972
0.0490644
-0.0375194
0.0575881
0.0942698
0.0436598
0.120454
0.0820305
1.40457
0.749839
0.475998
0.311089
0.20516
0.106037
0.0424022
0.039528
0.0674235
0.0795516
0.155124
0.0755432
1.29742
0.711077
0.450142
0.268379
0.156217
0.0781317
0.0397277
0.0241468
0.0312023
0.0597976
0.128816
0.0562365
1.3443
0.724129
0.457598
0.302297
0.204262
0.125178
0.0698468
0.0451223
0.041895
0.0549431
0.117814
0.0560723
1.46071
0.804896
0.484875
0.284749
0.235482
0.145277
0.104672
0.0496345
-0.0216608
-0.0390153
0.057793
0.0242842
1.37408
0.734492
0.472203
0.329245
0.199995
0.125843
0.0967996
0.0371483
-0.00304697
-0.000327938
0.0845216
0.0401674
1.3267
0.653327
0.398424
0.226439
0.216266
0.183124
0.106986
0.100125
0.0838811
0.0560074
0.0611032
0.0488464
1.75423
0.596521
0.377393
0.216106
0.194673
0.108603
0.120317
0.223383
0.257536
0.0359049
0.0690651
0.0699921
1.68426
0.484851
0.247681
0.233494
0.219576
0.0686519
0.128068
0.355303
0.177531
-0.0898548
0.134455
0.155003
1.60696
0.507783
0.270407
0.244879
0.161008
0.0756378
0.126433
0.307083
0.206885
-0.0707057
0.134215
0.125583
1.59414
0.531198
0.307081
0.294608
0.208165
0.0651316
0.0905513
0.315355
0.15665
-0.091105
0.120723
0.127228
1.87492
0.521597
0.387183
0.247622
0.219871
0.0507869
0.089346
0.325635
0.178852
-0.18659
0.138348
0.214096
1.7374
0.634906
0.468423
0.304933
0.239919
0.0813276
-0.00947849
0.284515
0.216962
-0.0520981
0.133042
0.129446
1.7879
0.553084
0.51463
0.337294
0.296298
0.0634624
0.020329
0.307859
0.197296
-0.0592195
0.141907
0.165503
1.34086
0.62999
0.450062
0.31484
0.233405
0.15596
0.0847218
0.169737
0.152916
0.0181684
0.0920388
0.0649228
1.55599
0.528613
0.52568
0.333571
0.261239
0.119838
-0.000102583
0.282533
0.277268
-0.0295474
0.120343
0.132425
1.4287
0.547669
0.451607
0.35602
0.305984
0.127909
0.0715928
0.329023
0.248184
-0.033972
0.118433
0.110472
1.24976
0.563856
0.467482
0.328877
0.21154
0.12596
0.0723367
0.212687
0.192846
0.0297234
0.119335
0.0833402
1.18821
0.557688
0.394069
0.314362
0.255365
0.15785
0.167374
0.244595
0.196322
0.079648
0.0401494
0.0615176
1.53752
0.550145
0.396374
0.286757
0.261932
0.162398
0.106171
0.294881
0.234668
0.0579743
0.112942
0.089195
1.45134
0.582621
0.422203
0.22487
0.24083
0.174826
0.0926457
0.289097
0.288573
0.0683076
0.103875
0.0713094
1.18254
0.610358
0.421051
0.253662
0.201221
0.172911
0.167891
0.210675
0.171979
0.0810946
0.0817314
0.0589958
1.18803
0.566296
0.444462
0.24262
0.237176
0.217369
0.118919
0.240997
0.221401
0.0998073
0.130201
0.0777339
1.14698
0.582869
0.425179
0.276985
0.263211
0.223082
0.144582
0.18665
0.167941
0.0991739
0.102363
0.0705464
1.20597
0.64335
0.510094
0.309079
0.321235
0.293348
0.131637
0.210114
0.242944
0.0901882
0.110402
0.0922573
1.44308
0.677792
0.579029
0.335501
0.282504
0.332517
0.137974
0.249934
0.316625
0.101851
0.0543345
0.0942112
1.15422
0.669373
0.468662
0.297559
0.250482
0.192321
0.160068
0.176838
0.159555
0.126869
0.120706
0.0754351
1.11228
0.603099
0.432941
0.320621
0.294366
0.234245
0.194231
0.197791
0.176856
0.110807
0.0798047
0.0730568
1.33339
0.732515
0.473707
0.327383
0.344392
0.248973
0.209146
0.261581
0.142122
0.130101
0.0896141
0.0796775
1.26759
0.676933
0.493654
0.348613
0.273712
0.244155
0.242392
0.221735
0.173297
0.128682
0.113421
0.0904233
1.13738
0.615922
0.420989
0.344621
0.279064
0.222938
0.190657
0.16161
0.141303
0.118907
0.102508
0.0684493
1.31741
0.716584
0.511987
0.368827
0.318264
0.277585
0.279465
0.21886
0.193523
0.103299
0.0464361
0.0761651
1.20445
0.683489
0.504322
0.376466
0.279953
0.240477
0.193859
0.160184
0.15556
0.0803547
0.084136
0.0680864
1.25655
0.737737
0.537538
0.374005
0.335367
0.266048
0.237526
0.225014
0.171195
0.0733454
0.0596711
0.0723727
1.22859
0.707916
0.484502
0.37473
0.297298
0.254801
0.250056
0.189357
0.141066
0.0923831
0.0649558
0.0732349
1.21508
0.662681
0.477738
0.35611
0.324478
0.266908
0.219182
0.169495
0.130782
0.0824377
0.0432965
0.0639268
1.12965
0.593459
0.43905
0.32999
0.245861
0.231785
0.183856
0.158307
0.135421
0.100163
0.0769471
0.0657593
1.29495
0.702983
0.476325
0.400101
0.399995
0.327221
0.294133
0.22204
0.160668
0.0741692
0.057395
0.0862135
1.11052
0.59515
0.414787
0.325868
0.277318
0.229214
0.190057
0.148657
0.113092
0.0984611
0.0816164
0.0584923
1.1294
0.599284
0.434531
0.337469
0.273778
0.254364
0.211646
0.178241
0.147312
0.120162
0.0964884
0.0808945
1.14961
0.615649
0.415461
0.316932
0.283941
0.268856
0.241343
0.195098
0.174852
0.111011
0.100369
0.0839356
1.12632
0.593322
0.411301
0.334053
0.289243
0.237936
0.210198
0.163154
0.12504
0.133939
0.135768
0.0859542
1.10295
0.568111
0.397858
0.317207
0.268459
0.222641
0.201632
0.152326
0.133739
0.120944
0.115799
0.0790615
1.24878
0.69315
0.498689
0.377828
0.350025
0.290156
0.241769
0.192236
0.18194
0.184058
0.111751
0.114247
1.62832
0.779687
0.571486
0.322721
0.346286
0.308738
0.30605
0.178527
0.197972
0.13233
0.134995
0.126858
1.1143
0.589994
0.411646
0.305928
0.253389
0.22365
0.202206
0.170618
0.152042
0.142127
0.131169
0.0854744
1.11299
0.578374
0.41169
0.302058
0.279928
0.251556
0.218141
0.196125
0.179739
0.131797
0.119807
0.0888487
1.14274
0.608158
0.433706
0.328415
0.247745
0.223454
0.212484
0.190137
0.144329
0.178098
0.149542
0.0947988
1.15611
0.60648
0.427802
0.301098
0.288707
0.270314
0.228818
0.194425
0.187897
0.111519
0.129262
0.0976645
1.08903
0.57923
0.392643
0.295949
0.284618
0.24567
0.228156
0.197494
0.156432
0.136668
0.133222
0.0952655
1.15933
0.562553
0.412146
0.299481
0.266982
0.245239
0.229455
0.213714
0.163136
0.163412
0.157213
0.104755
1.08196
0.562607
0.386302
0.285282
0.251751
0.225364
0.192253
0.158291
0.135989
0.143667
0.152672
0.0895961
1.07139
0.550129
0.367718
0.29082
0.248992
0.205904
0.16965
0.144471
0.126123
0.0991095
0.0946655
0.076539
1.04579
0.541003
0.374034
0.287882
0.227235
0.190373
0.163821
0.145027
0.127256
0.11764
0.112522
0.0708037
1.12028
0.602439
0.434157
0.328284
0.277235
0.234578
0.216227
0.188248
0.168201
0.159877
0.146389
0.101698
1.13913
0.621918
0.456187
0.344356
0.292246
0.257426
0.212506
0.189292
0.182077
0.184861
0.209266
0.120324
1.09783
0.613629
0.434593
0.318273
0.282432
0.235621
0.213818
0.188507
0.169251
0.156222
0.153575
0.102807
1.03569
0.544769
0.369084
0.284469
0.228473
0.196991
0.176413
0.148303
0.135644
0.12058
0.116279
0.075045
1.05551
0.55186
0.380218
0.28847
0.254153
0.217475
0.201318
0.158767
0.137425
0.140901
0.111976
0.0846741
1.14484
0.57168
0.403277
0.276366
0.230583
0.175943
0.1666
0.167281
0.112418
0.115355
0.0938945
0.076688
1.28277
0.630004
0.463112
0.33488
0.24086
0.191959
0.185144
0.0742517
0.0890764
0.074547
0.0767686
0.0671121
1.13064
0.592198
0.387886
0.250949
0.205179
0.200991
0.1456
0.131784
0.09496
0.0580768
0.0877999
0.0625899
1.16913
0.598023
0.410518
0.227036
0.206364
0.134085
0.118541
0.1135
0.11599
0.151434
0.116083
0.078918
1.4374
0.68544
0.52412
0.254621
0.214012
0.183468
0.170808
0.138993
0.132323
0.0989848
0.0814714
0.0716343
1.32434
0.675979
0.529093
0.229316
0.17607
0.17374
0.136392
0.144772
0.126735
0.0688912
0.0372004
0.0484586
