0.233321
0.190397
0.636908
-0.248006
0.430684
0.156493
0.251747
0.267152
-0.0328205
-0.171741
-0.0394669
0.021411
0.0890333
0.153738
0.6318
-0.264784
0.442786
0.221248
0.261778
0.292576
-0.0283066
-0.140798
-0.0421945
-0.0153499
0.0705255
0.26593
0.486979
-0.234454
0.371606
0.231716
0.246761
0.233806
0.0396797
-0.130531
-0.0212865
-0.100802
0.0363017
0.252863
0.513236
-0.302842
0.417027
0.240417
0.236945
0.253597
0.0127836
-0.180747
-0.0152888
-0.0577863
-0.027128
0.231669
0.55316
-0.290311
0.452768
0.232313
0.289573
0.273358
0.024103
-0.149597
-0.0285443
-0.0750125
-0.0513032
0.138074
0.505795
-0.207251
0.496578
0.188404
0.294416
0.304177
0.0502013
-0.204612
-0.0399885
-0.0307119
-0.152366
0.187992
0.466343
-0.179581
0.432923
0.192084
0.298688
0.319107
0.0535909
-0.224048
-0.0430409
-0.0669263
-0.107724
0.181769
0.456479
-0.14564
0.316656
0.0770847
0.364225
0.301229
0.0310011
-0.165197
-0.0260958
-0.155903
-0.151726
0.0798754
0.414623
-0.116784
0.30733
0.0536198
0.361493
0.336797
0.0517056
-0.218592
-0.0114283
-0.110903
0.093069
-0.0873252
0.225535
-0.150625
0.262007
0.0368079
0.381644
0.276014
-0.00611361
-0.199253
0.0413189
-0.12073
0.287582
-0.261289
0.278519
-0.214831
0.272672
0.0136409
0.39248
0.232758
-0.0247416
-0.177772
0.00375163
-0.0813351
0.377255
-0.279964
0.295237
-0.185792
0.27518
0.0531164
0.378212
0.218673
-0.0105975
-0.206861
-0.0132402
-0.0511485
0.481858
-0.191528
0.254023
-0.130342
0.216532
0.0756929
0.390914
0.176873
0.00256813
-0.210488
-0.00162351
-0.0529766
0.788051
0.280018
0.326144
0.052115
0.142339
0.120587
0.14604
0.0582759
-0.0560089
-0.100522
0.0202409
0.0282035
1.0869
0.656784
0.497792
0.173581
0.29615
0.19853
0.237493
0.182213
0.0841427
-0.202057
0.0267108
-0.0310844
1.29106
0.713792
0.480394
0.247728
0.325033
0.202354
0.373227
0.260562
0.0565378
-0.196589
-0.0617972
-0.0354952
1.57427
0.670057
0.445645
0.321528
0.319218
0.144983
0.354865
0.214838
-0.0170925
-0.140048
-0.0623448
-0.0180879
1.42462
0.624752
0.349827
0.318348
0.304945
0.183054
0.272858
0.188859
-0.000992292
-0.129798
-0.0530836
-0.0119784
1.83507
0.674801
0.277983
0.368528
0.380833
0.111021
0.377105
0.303933
-0.0300411
-0.185082
-0.0980042
0.0312659
1.48195
0.647224
0.339706
0.313625
0.296051
0.182821
0.242906
0.244744
0.0530857
-0.145776
-0.0817577
-0.0254694
1.74899
0.621106
0.344467
0.323064
0.382416
0.185401
0.353291
0.302284
0.00124308
-0.180256
-0.0611769
0.0326212
1.54109
0.658811
0.3417
0.33709
0.324548
0.220632
0.28051
0.247761
0.00880916
-0.161352
-0.0303728
0.00612907
1.28854
0.589467
0.338001
0.269998
0.206236
0.159457
0.204648
0.16654
0.0404439
-0.0804932
-0.0414576
-0.0240966
1.55875
0.702073
0.369404
0.289586
0.265346
0.243016
0.265083
0.226406
-0.00772238
-0.167363
-0.051642
-0.0312987
1.69555
0.710606
0.363436
0.3137
0.261942
0.194558
0.300952
0.225084
-0.0313583
-0.203174
-0.0601283
-0.0258735
1.56997
0.662891
0.341411
0.287763
0.275032
0.228239
0.265254
0.182673
-0.0547168
-0.18951
-0.0694709
-0.0273201
1.28355
0.655082
0.363158
0.234917
0.190897
0.173217
0.146805
0.075091
0.000423373
-0.0736592
-0.0636953
-0.0441956
2.33914
0.515486
0.314549
0.374312
0.392244
0.0750532
0.36303
0.301374
-0.17259
-0.254632
-0.0936279
0.0694904
1.60288
0.698243
0.386845
0.30129
0.214909
0.195057
0.311695
0.226639
-0.0888501
-0.23103
-0.0157256
-0.0112127
1.54351
0.678443
0.391806
0.290042
0.2007
0.179504
0.296228
0.255172
-0.0566177
-0.207244
-0.0319122
-0.0279525
1.48319
0.609189
0.340947
0.312811
0.254718
0.216498
0.292961
0.23447
-0.0156749
-0.165635
-0.0403654
-0.00543411
1.84449
0.655205
0.298317
0.328
0.250121
0.233224
0.377675
0.302163
-0.024959
-0.213068
-0.0597402
0.0175827
1.82309
0.662426
0.307894
0.280024
0.256888
0.220247
0.346714
0.286941
-0.041676
-0.232165
-0.0984257
-0.0180564
1.52889
0.690373
0.359324
0.218772
0.180087
0.251629
0.335278
0.238383
-0.0462626
-0.18679
-0.077957
-0.0520662
1.64762
0.66926
0.290802
0.213988
0.200923
0.248373
0.352836
0.207647
-0.0469519
-0.180893
-0.118653
-0.0585076
1.42465
0.618685
0.303537
0.20126
0.188776
0.239971
0.291481
0.177836
-0.0133576
-0.146504
-0.11393
-0.0544133
1.8403
0.621886
0.293584
0.241265
0.179802
0.183246
0.381359
0.246976
-0.0904018
-0.173563
-0.0858058
-0.0319935
2.11863
0.565716
0.213265
0.274907
0.234008
0.138966
0.375307
0.282705
-0.115342
-0.169593
-0.0878682
0.00314516
1.72965
0.689494
0.328894
0.232807
0.119331
0.14761
0.355134
0.220891
-0.0902081
-0.159609
-0.0407099
-0.0286774
1.48832
0.595012
0.323762
0.212142
0.123854
0.170824
0.282718
0.169833
-0.0812922
-0.141973
-0.0188744
-0.0194462
2.72416
0.385985
0.405245
0.137176
0.283706
-0.217062
0.531403
0.208497
-0.187722
-0.0761027
-0.128878
0.103645
2.09821
0.647128
0.300136
0.214198
0.14084
-0.0639436
0.356769
0.278715
-0.144214
-0.144724
-0.06834
-0.00751897
1.56416
0.664921
0.340004
0.184486
0.107931
0.0852317
0.242803
0.230079
-0.0228232
-0.127736
-0.0871132
-0.0640714
1.80122
0.639653
0.310825
0.175034
0.12571
0.0652977
0.302481
0.258361
-0.0678247
-0.101398
-0.0897257
-0.0576579
2.65117
0.513843
0.212364
0.107985
0.317393
-0.217318
0.525064
0.302325
-0.0731245
-0.0633731
-0.143968
0.0753824
1.6047
0.735802
0.28823
0.0879144
0.0777948
0.16114
0.242953
0.211584
0.0462532
-0.0550924
-0.0475327
-0.044047
1.3599
0.652894
0.295667
0.138239
0.155202
0.188727
0.219224
0.157305
0.0625886
-0.0214466
-0.0899817
-0.0410514
2.29978
0.979456
0.293312
-0.0116264
0.284431
0.0183397
0.408469
0.245491
-0.107433
0.0888648
-0.0939067
0.0386472
1.91605
1.00317
0.399874
0.100972
0.199995
0.101223
0.295738
0.136422
-0.0120721
0.0709405
-0.016722
0.0207798
1.32639
0.75006
0.457701
0.25977
0.198199
0.126481
0.145601
0.0994397
0.0561064
0.0808862
0.0462823
0.0193851
1.33266
0.739402
0.478381
0.343211
0.234047
0.151124
0.115941
0.0642377
0.0415834
0.034697
0.0432848
0.0106285
2.02536
1.00235
0.471727
0.248095
0.248407
0.150746
0.182433
0.113731
-0.0037694
0.0217415
0.0218428
0.0271623
1.29069
0.697984
0.423169
0.271006
0.199043
0.146533
0.124538
0.090098
0.0571611
0.0318024
0.0110786
0.00981927
1.41008
0.765563
0.447985
0.281327
0.209189
0.178136
0.145736
0.0942204
0.0475807
0.0201458
0.00600466
0.00552447
1.63289
0.84327
0.452175
0.264881
0.224066
0.232599
0.236556
0.177142
0.0870509
0.0496435
0.0149715
0.0136739
1.57664
0.83593
0.484271
0.269129
0.218894
0.210007
0.221404
0.193146
0.0873858
0.0523951
0.0248396
0.0170634
1.18713
0.63125
0.423338
0.294544
0.200042
0.159575
0.136746
0.119109
0.102903
0.0646987
0.0407442
0.0375554
1.50356
0.828747
0.499438
0.29286
0.229208
0.203582
0.20425
0.208089
0.150061
0.106802
0.0494163
0.045547
1.36115
0.781128
0.528281
0.323001
0.227674
0.195675
0.186973
0.187804
0.134957
0.0942249
0.0420175
0.0466923
1.35383
0.757577
0.504024
0.349521
0.292444
0.259656
0.211752
0.167986
0.105211
0.0559158
0.0333518
0.03746
1.18644
0.650562
0.462842
0.343112
0.25759
0.214002
0.172911
0.13546
0.0880944
0.0280829
0.00588515
0.0230352
1.2545
0.693731
0.46063
0.329335
0.249768
0.212302
0.18952
0.144648
0.097092
0.065024
0.0352543
0.0347223
1.34198
0.774093
0.493733
0.341001
0.286675
0.228523
0.210822
0.16044
0.0769541
0.0396218
0.0303272
0.0274462
1.35911
0.72999
0.477328
0.309099
0.25221
0.21127
0.183841
0.167222
0.0982519
0.0359284
0.0342808
0.0317114
1.20727
0.646479
0.438359
0.311779
0.242647
0.196443
0.160519
0.129162
0.0862558
0.0554955
0.046246
0.0418242
1.17901
0.647073
0.430895
0.296447
0.237657
0.19687
0.161367
0.13531
0.108232
0.0739811
0.0362435
0.0441169
1.23567
0.719909
0.48205
0.35168
0.297169
0.237059
0.218752
0.16082
0.0976942
0.0623514
0.0257102
0.0466897
1.47233
0.806576
0.502738
0.349061
0.316743
0.223609
0.209266
0.196683
0.119555
0.106318
0.110958
0.0850198
1.21911
0.639217
0.409674
0.302597
0.252225
0.21541
0.182072
0.146597
0.122209
0.10822
0.132586
0.0801215
1.20518
0.659286
0.435487
0.314313
0.24341
0.214717
0.177639
0.134613
0.101388
0.0747698
0.0672653
0.0532788
1.39789
0.791255
0.537653
0.375983
0.320833
0.266716
0.185841
0.154275
0.106831
0.0403223
0.0522201
0.0418135
1.59261
0.917064
0.624987
0.391814
0.365958
0.324
0.272681
0.196892
0.1193
0.0314327
0.0305019
0.0213516
1.42784
0.857955
0.590929
0.416402
0.35359
0.287374
0.246989
0.174536
0.11441
0.0555773
-0.00603097
0.0170802
1.27801
0.760716
0.561059
0.403856
0.306061
0.245509
0.198279
0.153226
0.10892
0.0628528
0.0114986
0.033626
1.33302
0.758227
0.531564
0.408083
0.352192
0.283642
0.213832
0.166253
0.124545
0.0398996
0.0142496
0.0328717
1.12783
0.603695
0.405795
0.302456
0.237498
0.196315
0.168383
0.141538
0.107987
0.0760387
0.0553515
0.0434513
1.29567
0.732397
0.509895
0.393642
0.337747
0.28018
0.232952
0.167224
0.124091
0.0956276
0.0836659
0.073323
1.23971
0.705789
0.510453
0.380363
0.305483
0.252781
0.207299
0.167354
0.134474
0.109985
0.102975
0.0775771
1.19686
0.679498
0.494579
0.394687
0.327255
0.271413
0.239165
0.180607
0.145578
0.10774
0.0876946
0.0826297
1.083
0.566404
0.388174
0.305575
0.252564
0.202081
0.176213
0.155204
0.127833
0.114197
0.105961
0.0611276
1.19557
0.679563
0.479202
0.359979
0.297028
0.244937
0.200366
0.160267
0.122971
0.100301
0.0618339
0.0639153
1.2125
0.686281
0.51295
0.376713
0.312357
0.247089
0.2106
0.164436
0.147512
0.102434
0.0705644
0.0751415
1.2332
0.666689
0.475524
0.352073
0.291933
0.261377
0.216544
0.165886
0.138802
0.110428
0.0797744
0.0763601
1.13832
0.628653
0.443579
0.354425
0.278462
0.224569
0.182691
0.138272
0.114937
0.0861089
0.073784
0.064294
1.13123
0.601027
0.407759
0.315968
0.265137
0.226953
0.213767
0.165565
0.151351
0.150235
0.138644
0.0885312
1.30985
0.694218
0.487486
0.347492
0.272394
0.278611
0.26329
0.189435
0.139311
0.113545
0.108049
0.0895272
1.40113
0.774826
0.534439
0.359941
0.335003
0.294394
0.212614
0.184723
0.135748
0.0993052
0.0637927
0.0696965
1.23235
0.680119
0.48587
0.336586
0.281816
0.226911
0.166612
0.145943
0.0828592
0.0716027
0.0756733
0.057631
1.29385
0.733639
0.525833
0.393879
0.32496
0.227632
0.175262
0.138844
0.0960244
0.0647169
0.0201682
0.0354533
1.23711
0.667338
0.461224
0.360302
0.296955
0.191232
0.174373
0.13029
0.0788722
0.0738832
0.040735
0.0388679
1.24319
0.695907
0.510351
0.345407
0.311605
0.211823
0.125693
0.12531
0.0852195
0.0605106
0.0325007
0.0252765
1.44641
0.777486
0.523898
0.34873
0.323517
0.25942
0.201304
0.104752
0.0742565
0.044616
0.0357889
0.0261961
1.90868
0.749312
0.794181
0.118034
0.442346
0.20427
0.262399
0.130947
0.116792
-0.00612871
-0.0180779
0.07378
1.23654
0.674241
0.465368
0.343596
0.285227
0.211075
0.173427
0.152913
0.0895299
0.0378744
0.0402974
0.0380066
1.34416
0.769142
0.545252
0.353603
0.284822
0.204884
0.214482
0.156355
0.106803
0.0778127
0.0620545
0.0561692
1.41373
0.721361
0.543962
0.337324
0.267295
0.224669
0.203455
0.143113
0.122903
0.100143
0.0724702
0.0661174
1.27376
0.70012
0.4944
0.325433
0.26145
0.207008
0.18385
0.144836
0.146328
0.077011
0.0951706
0.0722952
1.15887
0.603106
0.419533
0.297853
0.256603
0.23216
0.138479
0.126728
0.122287
0.0747106
0.0366551
0.0568347
1.44289
0.739218
0.564119
0.306429
0.333763
0.192729
0.26596
0.187938
0.0950659
0.141088
0.0652707
0.0725632
1.25497
0.701876
0.478191
0.357802
0.319272
0.253253
0.23262
0.144964
0.11215
0.0640217
0.0250372
0.0512264
1.25884
0.694578
0.525726
0.348998
0.283995
0.250644
0.169109
0.168839
0.150314
0.0836701
0.0383182
0.0558421
1.15618
0.632117
0.47107
0.345855
0.274717
0.195389
0.193017
0.143922
0.0997955
0.0782181
0.0470423
0.0492891
1.19988
0.659288
0.48672
0.375444
0.336602
0.233478
0.181765
0.158029
0.14086
0.0603807
0.00680352
0.0494399
1.23506
0.689993
0.488803
0.382207
0.315972
0.191752
0.197861
0.163434
0.128503
0.0596253
0.0353123
0.0548925
1.20169
0.688358
0.491144
0.342017
0.34278
0.234622
0.185137
0.207714
0.118839
0.061493
0.0613271
0.0610967
1.14062
0.592586
0.406981
0.281351
0.24726
0.20193
0.202566
0.175414
0.105808
0.0957865
0.0779118
0.0616022
1.18175
0.635214
0.447291
0.32355
0.238519
0.161869
0.134979
0.128948
0.141092
0.0731116
0.0749945
0.058857
1.31611
0.672616
0.501038
0.309307
0.244015
0.252164
0.169179
0.149069
0.0960389
0.0604099
0.0774788
0.0627882
1.20636
0.599796
0.427034
0.313903
0.270782
0.219955
0.141996
0.142902
0.0851582
0.0969105
0.0622417
0.0626328
1.23315
0.652069
0.424745
0.301226
0.243252
0.185921
0.17657
0.112932
0.0990509
0.100673
0.116951
0.0779825
1.15937
0.646124
0.459814
0.272187
0.258526
0.188276
0.158093
0.109864
0.0619284
0.0673158
0.142395
0.0735463
1.1629
0.661245
0.479151
0.276826
0.260826
0.164809
0.14894
0.146516
0.162219
0.137977
0.122842
0.0908969
1.06235
0.537362
0.399906
0.261204
0.229094
0.160221
0.143104
0.133266
0.141386
0.119451
0.123695
0.0692931
1.22253
0.642599
0.436974
0.218987
0.221704
0.23865
0.164293
0.121561
0.172076
0.0875404
0.120409
0.0785052
1.35565
0.667654
0.439436
0.157184
0.228338
0.25375
0.258446
0.165147
0.189113
0.0893605
0.0974565
0.0787058
1.47857
0.680626
0.572813
0.100166
0.286058
0.231829
0.356806
0.201752
0.202191
0.0769109
0.0628322
0.0876499
1.17375
0.599613
0.405149
0.222557
0.214555
0.212491
0.198301
0.157635
0.138208
0.0881925
0.0881002
0.057861
1.1128
0.548975
0.356646
0.215189
0.212344
0.208083
0.189299
0.100262
0.126902
0.0461381
0.0454268
0.0310211
1.305
0.632771
0.412088
0.161871
0.266586
0.183872
0.242003
0.111548
0.123865
0.162593
0.072452
0.074244
1.44181
0.64113
0.52493
0.0730622
0.340671
0.179943
0.273551
0.106796
0.132079
0.0848112
0.0772324
0.102855
1.42509
0.639058
0.525273
0.111484
0.303273
0.205252
0.240121
0.124859
0.150224
0.0447918
0.063109
0.0788879
1.22575
0.593507
0.377488
0.112962
0.212494
0.178854
0.13783
0.148675
0.0761132
0.0457106
0.0648588
0.0475898
1.20407
0.676797
0.399866
0.192678
0.203717
0.107574
0.18048
0.132791
0.0846847
0.0780553
0.0715352
0.0509687
1.40946
0.679767
0.498909
0.122988
0.205123
0.104738
0.222531
0.104125
0.141365
0.0119415
0.0725403
0.0678592
1.29272
0.580036
0.474641
0.174635
0.181791
0.135888
0.192716
0.143317
0.133223
0.12146
0.0616853
0.0614228
1.32625
0.732902
0.505993
0.209474
0.256688
0.0830281
0.215975
0.0868742
0.0965689
0.105624
0.0889557
0.0784509
