0.595648
0.130932
0.865441
-0.170145
0.48712
-0.0634374
0.142595
0.360972
-0.0815986
0.0668832
0.149258
0.00757505
0.490648
0.0858549
0.842711
-0.181998
0.484592
-0.0484109
0.1776
0.452816
-0.0804139
0.0158013
0.14119
0.0107034
0.446998
0.0588074
0.726268
-0.167091
0.54056
0.036031
0.1478
0.360756
-0.105483
-0.0151072
0.135644
0.0320706
0.374299
0.101309
0.728335
-0.135397
0.556765
0.0938947
0.119461
0.361131
-0.0640773
-0.0162377
0.091737
0.0217999
0.402706
0.023291
0.739085
-0.0823155
0.489776
0.0707166
0.151555
0.321697
-0.0836335
-0.0151594
0.104127
0.0110615
0.408099
-0.079742
0.704149
-0.0929618
0.447835
0.0993386
0.245841
0.323865
-0.0799343
-0.0521911
0.151098
-0.00294592
0.397709
-0.0529469
0.686743
-0.0687064
0.364384
0.0410616
0.212664
0.368399
-0.0406444
-0.0959105
0.12849
-0.0357894
0.281547
0.0109185
0.655433
-0.073353
0.381419
0.0232506
0.303093
0.385593
-0.00709468
-0.110356
0.0882341
-0.00150107
0.239396
-0.00393529
0.686431
-0.103362
0.318908
0.0322666
0.352137
0.388965
-0.0569314
-0.0881463
0.0544569
-0.0406012
0.0905709
0.0386199
0.710153
-0.113944
0.242013
0.024408
0.347737
0.382264
0.0427633
-0.0515828
-0.0625577
-0.0297442
0.154045
-0.146459
0.539391
-0.0529722
0.314438
0.0348042
0.232918
0.269912
0.0548234
-0.0471051
-0.106516
-0.0234659
0.360709
-0.211419
0.487286
-0.189369
0.206699
0.0339378
0.320967
0.239723
0.067554
-0.131643
-0.0411963
0.00444442
0.397962
-0.267056
0.39162
-0.179159
0.241412
0.044548
0.267676
0.210459
0.0948471
-0.145069
-0.0494412
-0.0468659
0.447841
-0.254784
0.319597
-0.145641
0.222379
0.0440553
0.249107
0.229629
0.101826
-0.163205
-0.0218908
-0.0697811
0.655258
-0.0542386
0.33494
-0.0519703
0.265267
0.153031
0.296787
0.237235
0.12936
-0.0784972
0.0481899
-0.00703618
1.11952
0.260105
0.577157
0.119382
0.36919
0.17405
0.231865
0.284319
0.0645727
-0.104151
-0.0073139
0.0517182
1.51784
0.440161
0.650507
0.0817599
0.41525
0.109481
0.250699
0.294196
0.0226223
-0.0966709
-0.0175912
0.0285153
1.5575
0.567781
0.531078
0.278532
0.372901
0.158668
0.365985
0.351919
-0.055234
-0.178593
-0.0248461
0.0102531
1.73445
0.70197
0.415141
0.346348
0.344933
0.0970615
0.386459
0.278782
-0.10904
-0.221093
-0.00779245
0.0467092
1.27796
0.610633
0.345387
0.289423
0.292788
0.176805
0.152693
0.0850257
-0.0104947
-0.0413
0.00629096
-0.00696714
1.9922
0.778054
0.445041
0.31573
0.380373
0.00323186
0.384699
0.282448
-0.161714
-0.287591
-0.0529652
0.0814387
1.82175
0.763013
0.392489
0.357747
0.35919
0.0794417
0.316052
0.253212
-0.0704851
-0.286403
-0.0120692
0.0587178
1.30974
0.654093
0.416445
0.289674
0.220499
0.208945
0.204623
0.101131
-0.0600995
-0.0939018
0.0359433
-0.00439434
1.37499
0.62932
0.344548
0.342231
0.290318
0.167885
0.201498
0.122781
-0.023936
-0.130181
0.00844847
0.00510827
1.74454
0.731727
0.424248
0.387529
0.321371
0.174174
0.267409
0.25971
-0.0800583
-0.254651
0.02484
0.0465064
1.31068
0.613727
0.343904
0.335493
0.334606
0.240438
0.16828
0.086937
-0.00558903
-0.0685334
0.000494328
-0.00410365
1.28262
0.601204
0.433826
0.334517
0.245283
0.236431
0.230374
0.13137
-0.0461328
-0.0818763
0.0438539
-0.00449886
1.34777
0.607757
0.381472
0.34588
0.314669
0.251979
0.252223
0.186821
-0.0111104
-0.106
-0.000856894
0.00700338
1.69555
0.713006
0.398679
0.364503
0.29304
0.209017
0.244079
0.24281
-0.0493401
-0.240963
0.0104906
0.0213487
1.37412
0.635947
0.378925
0.396183
0.354856
0.190271
0.137276
0.0993498
-0.0408131
-0.121465
0.0186651
-0.012265
1.44395
0.701771
0.446414
0.368493
0.292241
0.209932
0.16612
0.0741367
-0.0890528
-0.148751
0.0197206
-0.0293488
1.41798
0.710328
0.446247
0.356653
0.278608
0.16882
0.100566
0.0228025
-0.0940786
-0.141964
0.00493148
-0.0467493
2.01004
0.832846
0.454806
0.426609
0.327167
0.156089
0.217853
0.158093
-0.183538
-0.412287
-0.0307102
0.0413942
2.07506
0.830671
0.409687
0.432176
0.351516
0.140369
0.178866
0.193424
-0.144899
-0.448685
-0.0781172
0.0478171
1.38556
0.66492
0.405447
0.332524
0.260121
0.18197
0.145819
0.073813
-0.0841745
-0.173997
-0.0347983
-0.0419501
2.14714
0.792236
0.393161
0.461898
0.353597
0.130319
0.232484
0.195843
-0.101378
-0.465614
-0.105255
0.0657188
1.48333
0.720562
0.4114
0.300052
0.223612
0.196008
0.237166
0.0981224
-0.119328
-0.23608
-0.0201668
-0.0359747
1.78484
0.859582
0.422191
0.287767
0.3157
0.113559
0.32796
0.0998574
-0.047946
-0.408347
-0.00279927
0.001382
1.54699
0.863848
0.314957
0.336016
0.290102
0.209314
0.295337
0.133884
-0.0101579
-0.333387
0.0422651
-0.0346412
1.82076
1.24112
0.0108097
0.536287
0.426308
0.0322932
0.387631
0.146638
0.0546377
-0.482084
-0.0385302
-0.0184515
1.27849
0.780836
0.358954
0.347894
0.250733
0.268513
0.37628
0.144295
0.0643835
-0.23878
0.0475986
-0.0379661
1.24263
0.662962
0.324895
0.293979
0.334895
0.236067
0.296447
0.120204
0.0966619
-0.161831
-0.0124999
-0.00946303
1.38303
0.797408
0.311162
0.364933
0.316301
0.204357
0.330334
0.190752
0.105382
-0.219827
0.0331969
-0.0232625
1.50542
0.823946
0.349807
0.321868
0.286115
0.127589
0.313474
0.209825
0.12714
-0.220792
0.0371412
-0.0243262
1.47887
0.86982
0.347129
0.346534
0.194635
0.112212
0.389918
0.267153
0.127156
-0.260657
0.059619
-0.0551932
1.28041
0.626799
0.344064
0.2891
0.299014
0.172402
0.26254
0.196587
0.123264
-0.107251
-0.0289336
-0.0059178
1.39885
0.669303
0.290724
0.30677
0.263445
0.144563
0.366934
0.254547
0.142708
-0.193468
-0.0400972
-0.0207995
1.43209
0.690917
0.285718
0.278993
0.203354
0.128538
0.343348
0.260423
0.16858
-0.215644
-0.0327206
-0.0444087
1.60704
0.710357
0.312474
0.30147
0.112974
0.0632911
0.273133
0.340906
0.100823
-0.244904
-0.0285924
-0.0392413
1.63821
0.640302
0.239122
0.26154
0.214446
0.0160366
0.265695
0.274558
0.0731622
-0.277083
-0.0575846
-0.0081069
1.45958
0.640785
0.32021
0.211213
0.134485
0.015479
0.217981
0.19937
0.0782798
-0.172368
-0.043012
-0.0504612
2.17768
0.80118
0.215544
0.304863
0.0947786
-0.140531
0.310006
0.299065
0.0788243
-0.329979
-0.0794422
0.0401237
1.53839
0.701389
0.2932
0.191829
0.166574
0.103572
0.243825
0.227992
0.102545
-0.12254
-0.0350536
-0.0480274
1.6233
0.746856
0.251347
0.167802
0.189424
0.150865
0.207029
0.179385
0.122301
-0.0915195
-0.0286759
-0.0448714
1.39403
0.659719
0.345033
0.154545
0.125927
0.144628
0.184847
0.159614
0.0694193
0.00835746
-0.00415326
-0.0183265
1.65625
0.821198
0.298318
0.115229
0.129315
0.148412
0.204564
0.151597
0.118373
0.0346572
0.00666833
-0.0142379
1.39274
0.69838
0.331991
0.133347
0.119997
0.151675
0.152116
0.128336
0.0882288
0.0384239
0.00286831
-0.00141111
1.8093
0.955731
0.357041
0.13327
0.132751
0.0961258
0.161228
0.0962177
0.128855
0.0183637
0.0361866
0.000863923
1.5409
0.850093
0.434823
0.217991
0.124102
0.0835574
0.154615
0.157077
0.157928
0.050338
0.015444
-0.00675635
1.51963
0.851637
0.494927
0.281147
0.186062
0.0984701
0.0659253
0.0775394
0.0537733
0.0533972
0.0864221
0.0428055
1.29309
0.720545
0.479146
0.304052
0.190659
0.09514
0.0704957
0.0704898
0.0532675
0.0599589
0.0647303
0.0219608
1.90712
1.04672
0.475214
0.254948
0.210378
0.120477
0.185024
0.0997612
0.126845
0.0338351
0.0503137
0.0209142
2.12281
1.12126
0.420944
0.267867
0.148347
0.0935318
0.167122
0.10575
0.150512
-0.0201256
0.0503273
0.00744004
1.55655
0.887583
0.505803
0.320955
0.217037
0.155197
0.12007
0.113987
0.0983651
0.0538062
0.0330556
0.0152693
1.28693
0.716804
0.457731
0.315048
0.209006
0.146264
0.104564
0.0711974
0.0747072
0.0487118
0.0232313
0.00995504
1.95406
1.05403
0.558227
0.218737
0.169171
0.104207
0.139286
0.142519
0.104976
0.062634
0.0510202
0.0248081
1.40949
0.797025
0.503966
0.316853
0.204736
0.142854
0.116248
0.11083
0.0968183
0.0702292
0.0383691
0.0312534
1.5059
0.883758
0.545198
0.332199
0.196091
0.144961
0.152981
0.113011
0.0757797
0.05133
0.0335425
0.0229468
1.74177
1.02938
0.639421
0.327213
0.21021
0.140009
0.131816
0.116838
0.077401
0.0863257
0.0448491
0.0366358
1.54169
0.900323
0.595264
0.364521
0.236375
0.131638
0.0970188
0.0612604
0.0676452
0.0657857
0.0858696
0.0628053
1.25254
0.683948
0.451421
0.296234
0.182224
0.116565
0.0848383
0.111434
0.123588
0.12871
0.126078
0.0811833
1.33135
0.748422
0.49935
0.322585
0.203788
0.145891
0.12426
0.13042
0.124002
0.120789
0.120828
0.0817354
1.32517
0.733219
0.493273
0.310955
0.22325
0.17164
0.137338
0.129896
0.10751
0.083865
0.102039
0.0654673
1.46363
0.831759
0.559918
0.356799
0.218542
0.140432
0.133759
0.167161
0.137239
0.074418
0.0439858
0.0421174
1.92869
1.1303
0.650898
0.280775
0.164287
0.111587
0.192251
0.186304
0.167563
0.100092
0.0763013
0.0337333
1.22997
0.703643
0.489956
0.353053
0.252685
0.193352
0.142277
0.119629
0.0863174
0.053996
0.0374284
0.026772
1.1783
0.639943
0.420369
0.291873
0.233733
0.190368
0.16944
0.121566
0.10199
0.0749982
0.0376845
0.0301043
1.3053
0.731137
0.487279
0.323229
0.23169
0.17962
0.169922
0.137849
0.12425
0.112667
0.108893
0.0694014
1.45642
0.838717
0.543264
0.346409
0.232779
0.138717
0.139932
0.14594
0.130104
0.122225
0.110655
0.0861797
1.23579
0.687702
0.437172
0.279117
0.204848
0.163516
0.143217
0.14063
0.146412
0.143573
0.176236
0.0955188
1.12357
0.573611
0.368437
0.262216
0.196463
0.153524
0.138102
0.128803
0.129644
0.114804
0.100083
0.0604551
1.2343
0.674451
0.455432
0.298532
0.224076
0.1633
0.13019
0.123825
0.117129
0.151478
0.188546
0.0956905
1.31045
0.725583
0.444289
0.29095
0.245692
0.176772
0.143323
0.114906
0.109141
0.158121
0.18644
0.106409
1.79102
0.96109
0.532183
0.246829
0.286387
0.182157
0.208198
0.109434
0.03948
0.0189857
0.140981
0.116923
1.24677
0.697456
0.468969
0.334491
0.271167
0.212614
0.164806
0.115472
0.0697789
0.0788594
0.108993
0.0599097
1.89087
0.959628
0.530067
0.27332
0.330516
0.291666
0.306796
0.160555
-0.00977679
-0.0264237
0.021985
0.0326559
1.23397
0.678744
0.460963
0.320891
0.267378
0.228633
0.173958
0.135167
0.0865479
0.0536539
0.0260136
0.0286584
1.42845
0.856075
0.604626
0.422333
0.314143
0.24904
0.204262
0.160215
0.111198
0.0823285
0.0395996
0.0392716
1.27014
0.76618
0.532346
0.388315
0.286521
0.228435
0.187943
0.142034
0.123343
0.0735896
0.0668856
0.0517911
1.18934
0.640866
0.460214
0.338762
0.259714
0.225203
0.172795
0.147669
0.117924
0.0963041
0.0908404
0.0626069
1.12797
0.59148
0.401359
0.296639
0.248572
0.206048
0.185866
0.158046
0.141521
0.130387
0.105852
0.0729366
1.2409
0.687021
0.45782
0.353456
0.262409
0.197464
0.177493
0.163456
0.162536
0.155562
0.139571
0.0940454
1.26479
0.720453
0.486771
0.323902
0.258439
0.221548
0.179796
0.150616
0.132273
0.132646
0.12765
0.0868789
1.1114
0.58534
0.401794
0.295999
0.232834
0.191109
0.159619
0.132852
0.108341
0.107776
0.0960341
0.0612246
1.47619
0.772866
0.531719
0.350066
0.296847
0.309975
0.213643
0.152319
0.12203
0.0922674
0.112956
0.086939
1.17326
0.617018
0.404822
0.275621
0.250948
0.228572
0.212358
0.17288
0.118927
0.11529
0.082306
0.0667093
1.22865
0.780946
0.463004
0.344123
0.240708
0.204616
0.229342
0.0910443
0.217545
0.081304
0.118596
0.0738337
1.1069
0.635864
0.426675
0.277261
0.274729
0.18535
0.24467
0.0940585
0.194546
0.113162
0.110116
0.0763538
0.998195
0.859991
0.6364
0.0944837
0.2706
-0.00934919
0.26749
-0.0446483
0.370262
0.0865232
0.217903
0.185367
0.931392
0.798572
0.509631
0.122248
0.240521
0.0132458
0.304168
-0.0695579
0.395866
0.160529
0.0926963
0.167486
0.844055
0.779285
0.644272
0.00910882
0.196963
0.0462501
0.310808
-0.146956
0.394806
0.200644
0.100983
0.229306
0.707999
0.776109
0.76439
0.010385
0.152237
-0.0337541
0.266194
-0.142055
0.443708
0.235334
0.123641
0.286712
0.707235
0.698466
0.869235
-0.0737996
0.236833
0.0371854
0.244245
-0.157819
0.266576
0.235179
0.088368
0.22954
0.659675
0.651201
0.848246
-0.0605542
0.219287
0.0773726
0.251608
-0.162318
0.294258
0.269344
0.0786339
0.223821
0.781133
0.620726
0.777474
-0.043732
0.260669
0.0912472
0.260282
-0.113094
0.231339
0.239071
0.0592557
0.187457
0.678534
0.739289
0.860331
-0.0715084
0.201476
0.177128
0.21056
-0.0699776
0.188738
0.186658
0.0783814
0.1163
0.728193
0.797567
0.841433
-0.082296
0.189234
0.221052
0.230336
-0.040779
0.25435
0.0301023
0.164807
0.0887736
0.72485
0.820778
0.834053
-0.00123734
0.253324
0.232415
0.157917
0.00569543
0.233922
-0.0286822
0.191436
0.0718303
0.742795
0.695106
0.721141
-0.0284864
0.314704
0.260205
0.183042
0.0376495
0.234058
-0.0147423
0.193904
0.0913969
0.797535
0.673853
0.677728
-0.0351686
0.317466
0.204244
0.193748
0.000111368
0.256689
0.0274788
0.188021
0.118707
0.834786
0.602844
0.575574
-0.0366668
0.3999
0.154966
0.233639
0.0201594
0.182457
0.102414
0.152159
0.109877
0.848924
0.729139
0.611713
-0.0975219
0.299033
0.179429
0.290296
-0.00331686
0.180292
0.135675
0.220174
0.112836
0.857667
0.716764
0.511743
0.028679
0.247438
0.163391
0.239155
-0.0238293
0.242647
0.12362
0.22986
0.0966349
0.916349
0.612233
0.548294
0.0609383
0.191265
0.14016
0.238417
0.02162
0.195642
0.0642002
0.232117
0.071748
0.881125
0.605388
0.542978
0.0517252
0.225187
0.142663
0.199311
-0.0318246
0.256974
0.103243
0.198034
0.0987791
0.854786
0.74555
0.524092
0.00713646
0.237106
0.0534637
0.227739
-0.0106536
0.176816
0.0846181
0.192098
0.0740802
0.846241
0.704945
0.606873
-0.0577527
0.199367
0.0573554
0.261398
0.0367882
0.208721
0.0496608
0.246825
0.0584444
0.847393
0.778116
0.655697
-0.0444095
0.266075
0.0940264
0.262745
0.0104607
0.141088
0.00889757
0.23904
0.039018
0.938647
0.712147
0.575723
0.0215045
0.267697
0.134846
0.246459
-0.00261432
0.12142
-0.000437586
0.216921
0.057015
1.08773
0.642342
0.512923
-0.00353814
0.244777
0.129015
0.158758
0.0381634
0.153362
0.0246782
0.141632
0.070392
1.17482
0.704594
0.602338
-0.0353053
0.256877
0.0304736
0.223661
-0.0108787
0.122266
0.043563
0.170231
0.12174
1.19438
0.673397
0.591832
0.0111988
0.257043
0.0302266
0.145391
-0.0331233
0.134551
0.0731619
0.176743
0.128907
1.15206
0.681681
0.560194
0.0997341
0.170768
0.0466862
0.110459
0.0545216
0.156797
0.0434026
0.122081
0.0656527
1.23153
0.695539
0.538072
-0.0212726
0.113624
0.126888
0.268047
0.00459393
0.195437
0.038002
0.194374
0.106444
1.31145
0.712697
0.582514
-0.0244598
0.178876
0.0708588
0.1898
0.000150152
0.173644
-0.0369862
0.135311
0.104935
1.19751
0.655662
0.460763
0.0937331
0.128931
0.0992071
0.124805
0.0477956
0.0954126
0.0606186
0.124468
0.0556635
1.24712
0.709287
0.565745
0.00206596
0.188964
0.0556342
0.100559
0.0235047
0.127744
0.0286007
0.10636
0.081126
1.36183
0.651647
0.642251
0.0316131
0.162785
0.00501004
0.0983507
0.0285684
0.131888
0.0688024
0.0860251
0.0989874
1.35778
0.63593
0.51394
0.0547368
0.207225
0.0261715
0.139235
0.0781654
0.125639
0.0741781
0.14366
0.093111
1.15138
0.587835
0.419149
0.161947
0.126063
0.0339309
0.0810604
0.080726
0.157829
0.123267
0.0842309
0.0491454
1.37854
0.645221
0.524616
0.116701
0.153144
-0.0164769
0.120549
0.0676898
0.171854
0.0424577
0.0744121
0.0635079
1.31813
0.708637
0.555648
0.216815
0.147544
-0.00899053
0.0944073
0.0510156
0.214981
0.0161865
0.0736073
0.0753231
1.30436
0.667584
0.456468
0.20071
0.160372
-0.00342924
0.156265
0.00647474
0.18873
0.0320576
0.0703479
0.0583977
1.28076
0.64827
0.440146
0.160856
0.139204
-0.0572285
0.131403
-0.00887772
0.21603
0.10803
0.141291
0.0979703
1.29296
0.714632
0.47889
0.136051
0.0985707
0.0115864
0.152821
-0.132627
0.22136
0.115717
0.158466
0.12136
1.31432
0.672367
0.45928
0.105289
0.0962802
-0.0813213
0.130748
-0.0917532
0.115211
0.051664
0.146156
0.104908
1.29572
0.695178
0.563805
0.0336946
0.0877509
-0.00241771
0.148538
-0.0874772
0.0863827
0.110932
0.142128
0.115015
1.24157
0.57546
0.482712
0.0765831
0.129012
0.116178
0.174414
-0.0296337
0.107687
0.0163677
0.106358
0.0559988
1.28072
0.68928
0.582264
-0.0349139
0.155571
0.0211709
0.160156
-0.0660953
0.0389502
0.0336584
0.0705439
0.0734081
0.659632
1.02178
0.328139
-0.0356314
0.219493
-0.0773425
0.211072
-0.0779333
0.137791
-0.0314587
0.132129
-0.031843
0.014668
0.732199
0.456549
-0.103845
0.277456
-0.0867996
0.00978683
0.0178741
0.0293851
-0.034511
0.0498461
0.0161204
-0.447905
0.632449
0.356414
-0.0350195
0.273192
-0.105412
0.123028
-0.138721
0.0833575
0.0492091
0.0494734
0.0670047
-0.201915
0.552828
0.243585
-0.126312
0.0423955
-0.346441
0.0362205
-0.24077
0.128722
0.119051
-0.0329601
0.0105388
-0.134647
0.433878
0.257878
-0.176127
0.0623778
-0.229542
0.0790088
-0.233218
0.177363
0.15448
-0.0486103
0.0432304
-0.124705
0.404274
0.297578
-0.23989
0.0712557
-0.196989
0.0648407
-0.228439
0.134966
0.12588
-0.0443867
0.0108957
-0.052522
0.312682
0.371977
-0.281589
0.0977368
-0.156133
0.0477156
-0.229118
0.102985
0.0936295
-0.0484412
0.00381644
0.0241985
0.213203
0.487467
-0.352595
0.125266
-0.0640471
0.0221613
-0.261062
0.0196892
-0.0266955
-0.0552295
-0.0211246
0.0888184
0.157368
0.550945
-0.344807
0.148757
-0.0553646
0.0301284
-0.245328
-0.0780817
-0.0669151
-0.044864
-0.00447143
0.100323
0.220877
0.541461
-0.284177
0.107539
-0.0422965
0.013139
-0.260027
-0.0833952
-0.130428
-0.0115268
-0.0150033
0.171197
0.201519
0.573065
-0.288813
0.0826618
-0.105344
0.0191665
-0.173165
-0.0715814
-0.133409
-0.0257305
0.0218139
0.214553
0.29708
0.602295
-0.230012
0.138832
-0.0768458
0.0411044
-0.0893542
-0.031792
-0.094012
0.0329365
0.0103902
0.246072
0.32094
0.635202
-0.178971
0.146764
-0.103721
-0.00483716
-0.0963616
0.0539103
-0.0720067
0.0324582
0.0414776
0.282229
0.312752
0.672373
-0.127077
0.206947
-0.0715277
0.0330417
-0.0190815
0.100548
-0.0218873
0.0338342
0.111295
0.293361
0.427059
0.616117
-0.0353728
0.232774
-0.026514
0.0268915
-0.10718
0.0924485
-0.0661238
0.054017
0.0941275
0.311519
0.449895
0.556309
-0.0123278
0.257545
-0.0566583
0.0179838
-0.119755
0.131361
-0.0850126
0.0771801
0.0973865
0.184219
0.485671
0.572003
0.0300276
0.292058
-0.0201833
0.0544026
-0.132109
0.059445
-0.0647698
0.106217
0.0353653
0.193187
0.500026
0.531649
-0.0508235
0.300214
0.0346708
0.0629101
-0.138935
0.114427
-0.0293405
0.128993
0.0519079
0.226404
0.427612
0.462976
-0.092464
0.273284
0.00420217
0.127439
-0.0751237
0.0747377
-0.0122663
0.143378
0.0752994
0.239037
0.442502
0.479622
-0.118491
0.233812
0.0669956
0.151671
-0.0946586
0.0961481
0.0148217
0.140319
0.0625074
0.30107
0.455443
0.444518
-0.141158
0.237373
0.0422803
0.101702
-0.0468119
0.185403
0.0355101
0.123034
0.0965053
0.33336
0.465089
0.42978
-0.175295
0.199815
0.0311561
0.116684
-0.0274801
0.101167
0.0866107
0.13577
0.0494415
0.311581
0.571799
0.480268
-0.169599
0.226361
0.0207525
0.0882406
-0.0411528
0.141086
0.121385
0.179069
0.0097714
0.409294
0.518545
0.446846
-0.218028
0.233792
-0.000348054
0.0932508
0.0116764
0.130976
0.185795
0.149025
0.0392828
0.576403
0.5639
0.505544
-0.187658
0.220659
0.0109176
0.0779441
-0.0329813
0.0448772
0.0566427
0.125218
0.0426658
0.658524
0.624775
0.497437
-0.151102
0.190749
0.0601634
0.00653832
-0.0795969
0.0852407
-0.0134019
0.0828511
0.0750471
0.639145
0.588613
0.565604
-0.145932
0.280562
-0.0262716
0.0233669
-0.0734013
0.0313619
0.00627813
-0.0293628
0.0908574
0.655916
0.606838
0.613629
-0.169195
0.294171
-0.016158
0.00484838
-0.0481907
0.0557922
0.0166198
-0.0487135
0.113026
0.5909
0.608105
0.624115
-0.188639
0.323667
-0.10583
0.0322098
-0.0189889
0.0214774
0.0708772
0.000580101
0.0924029
0.523155
0.559922
0.656522
-0.184599
0.297602
-0.076343
0.109238
-0.0172148
0.0426128
0.104254
0.00331528
0.0998476
0.643797
0.508335
0.691719
-0.213867
0.231828
-0.0306723
0.0831092
-0.010853
0.130383
0.0633196
0.0736871
0.114614
0.658467
0.530666
0.666783
-0.258249
0.230063
-0.00712058
0.16371
-0.0199171
0.0757257
0.0624804
0.0316022
0.106263
0.733596
0.5788
0.691444
-0.298922
0.228816
0.00721068
0.188077
-0.0362825
0.130758
0.127898
0.0561269
0.134474
0.836573
0.570322
0.588234
-0.212178
0.25969
-0.00269824
0.202078
0.00588584
0.123239
0.120772
0.0827664
0.113048
0.853987
0.576354
0.574473
-0.144077
0.271235
-0.0335793
0.177006
0.0584267
0.154407
0.104022
0.14553
0.0896694
0.87655
0.606725
0.525232
-0.120243
0.188831
0.0452021
0.129146
0.0432056
0.20121
0.0944861
0.225397
0.0819451
0.897892
0.534501
0.531886
-0.0959232
0.23972
0.0883545
0.0802645
0.0404961
0.240416
0.065561
0.244181
0.0871156
0.907249
0.607258
0.516615
-0.130424
0.246201
0.100522
0.0519416
-0.013423
0.19739
0.0541379
0.249175
0.107932
0.943649
0.610267
0.520445
-0.0988307
0.251643
0.0634354
0.0443329
-0.0333643
0.118664
0.0365287
0.199755
0.0971186
0.933799
0.622258
0.534716
-0.0700394
0.262402
0.0625592
0.0307983
-0.0227326
0.110123
0.0298116
0.126499
0.0870916
1.03136
0.578631
0.470904
-0.00774902
0.188858
0.0627576
0.0808601
-0.0884728
0.100021
0.0448638
0.045235
0.0875038
0.960382
0.607107
0.565883
-0.130764
0.0511713
0.019856
0.0958328
-0.0216992
0.0560965
0.00491354
-0.0146589
0.0652027
