0.500161
0.128261
0.559964
-0.147589
0.418396
0.0450812
-0.187775
0.274057
0.138601
-0.0870116
0.0415318
-0.0321147
0.471081
0.0983459
0.563687
-0.153905
0.41705
0.0812673
-0.164386
0.356181
0.105566
-0.0516297
0.0820555
0.000838506
0.435821
0.0658025
0.472565
-0.0704959
0.431453
0.0773148
0.0224922
0.356237
0.123487
-0.0426306
0.129177
-0.0110117
0.307733
0.0773006
0.490439
0.000297425
0.40299
0.100891
0.0712619
0.388995
0.168048
-0.0300589
0.157711
-0.0310542
0.245995
0.0968444
0.460414
0.00669933
0.370097
0.140372
0.111599
0.347709
0.224301
-0.0488228
0.154185
-0.0185463
0.209806
0.065525
0.521469
0.0228
0.356762
0.0831905
0.121181
0.336796
0.293797
0.0319102
0.144512
-0.0373357
0.271557
0.143805
0.668015
0.00626461
0.413208
0.0501033
-0.00306378
0.289117
0.254581
0.0651412
0.130979
0.014778
0.160319
0.170394
0.612905
-0.0533565
0.45265
0.118104
0.0787419
0.421995
0.272229
0.0842655
0.0570184
0.0108143
0.234271
0.148178
0.580494
-0.0970415
0.484225
0.105036
0.122685
0.396462
0.188486
0.0743946
0.0879416
-0.000502632
0.203045
0.308887
0.520025
-0.12871
0.421563
0.0630164
0.108382
0.335726
0.184295
0.0344932
0.138868
-0.00462399
0.229455
0.427023
0.496183
-0.1151
0.356566
0.0527401
0.199462
0.285125
0.161804
0.0288182
0.200472
-0.0343639
0.222427
0.470824
0.472089
-0.075729
0.273799
-0.0281223
0.14125
0.227664
0.213872
-0.00506145
0.276439
-0.0406459
0.155471
0.43215
0.489346
-0.0338074
0.246706
-0.105682
0.14136
0.316262
0.258425
-0.0298235
0.263616
-0.0167108
0.0412461
0.433465
0.558009
-0.0159852
0.218843
-0.127216
0.150132
0.339374
0.284233
-0.000822154
0.285116
-0.03204
-0.0299877
0.363098
0.57524
-0.0542532
0.127857
-0.159507
0.181006
0.309442
0.24963
0.0196191
0.284042
-0.0384676
-0.0663398
0.349445
0.562535
-0.0855966
0.178841
-0.0988659
0.193166
0.333261
0.166392
0.0398613
0.205144
-0.0400244
-0.111541
0.344566
0.562416
-0.0662986
0.18259
-0.0236472
0.160598
0.296991
0.166342
0.0104471
0.188431
-0.0369091
-0.168286
0.272731
0.604846
-0.0295493
0.183081
-0.00890742
0.185782
0.322338
0.167016
0.0158437
0.159061
-0.0176108
-0.178456
0.278281
0.630384
-0.00343553
0.264344
0.0412324
0.135919
0.261281
0.127059
-0.0348543
0.166013
-0.0233496
-0.250201
0.260336
0.674565
0.0384501
0.283854
0.0574855
0.127525
0.27224
0.215849
-0.0658491
0.151942
-0.0349861
-0.224169
0.274483
0.639168
0.0869648
0.325022
0.0895452
0.168876
0.276318
0.266898
-0.0597458
0.170551
-0.0181003
-0.0987802
0.227808
0.528897
0.072636
0.269141
0.134068
0.243629
0.262803
0.179055
-0.0878318
0.200857
-0.0471127
-0.0503962
0.104823
0.499266
0.0946644
0.282451
0.106026
0.258054
0.277844
0.216785
-0.070861
0.162296
-0.0243714
0.0458953
0.0310784
0.383292
0.0927496
0.315402
0.115088
0.278138
0.266627
0.128634
-0.108749
0.169238
0.0192614
0.0219159
-0.0526817
0.388451
-0.00453089
0.325372
0.0873842
0.30786
0.280284
0.101747
-0.0782409
0.158584
0.00844835
0.218939
-0.0120873
0.343665
-0.0445766
0.320685
0.0154789
0.290565
0.309207
0.12763
-0.0585665
0.132339
-0.00546383
0.252971
-0.0533441
0.192173
-0.064038
0.344244
0.0810784
0.300231
0.272982
0.130441
-0.131079
0.163963
0.0253685
0.292128
-0.00378201
0.193184
-0.0286689
0.417178
0.0719736
0.311923
0.307939
0.129093
-0.0907561
0.145912
-0.014821
0.557249
0.108911
0.245976
-0.00639789
0.42447
0.0510236
0.247532
0.272768
0.107571
-0.114212
0.10446
0.059373
0.810912
0.321419
0.390469
0.118952
0.422014
0.1532
0.210692
0.22503
0.118276
-0.0826894
0.111061
0.0549992
1.23818
0.599037
0.663287
0.191486
0.466252
0.116503
0.298398
0.241678
0.089425
-0.207886
-0.0532286
0.0241865
1.41829
0.731391
0.436006
0.254866
0.263185
0.146161
0.242498
0.12976
0.0728368
-0.0669908
-0.0481215
-0.0343134
1.23256
0.626847
0.392154
0.283421
0.226943
0.210843
0.173344
0.0902945
-0.0163998
-0.0637153
-0.0484683
-0.0300252
1.6669
0.778276
0.433443
0.326615
0.345551
0.204244
0.286616
0.164841
0.0453271
-0.182777
-0.0315556
-0.0234225
2.01493
0.926436
0.408795
0.302822
0.454297
0.112325
0.263268
0.276339
0.0293303
-0.295442
-0.101689
-0.0231053
1.42968
0.729555
0.464325
0.321645
0.272572
0.210581
0.213448
0.131827
-0.000618968
-0.0648502
-0.0389764
-0.0351644
1.22034
0.656682
0.443256
0.298038
0.232294
0.194819
0.171987
0.0791207
-0.0221691
-0.0497693
-0.03326
-0.0352116
1.68033
0.867708
0.440988
0.298516
0.368109
0.188189
0.288573
0.22982
0.0402466
-0.17745
-0.0507915
-0.0495169
1.34794
0.723181
0.442544
0.330734
0.295631
0.223992
0.208448
0.133273
0.00949381
-0.0633269
-0.0600882
-0.0390056
1.44189
0.782674
0.488387
0.341411
0.297459
0.236528
0.249015
0.190066
0.0262352
-0.078571
-0.0475321
-0.0410799
1.27723
0.671283
0.454262
0.332275
0.27557
0.214555
0.175246
0.115852
0.0199443
-0.0281175
-0.0331361
-0.0299133
1.5765
0.805564
0.471625
0.360938
0.34947
0.332371
0.299188
0.216642
0.0138498
-0.111013
-0.0298879
-0.0235564
1.34772
0.732574
0.48157
0.379501
0.303217
0.258616
0.248423
0.148857
0.0212887
-0.0507743
-0.0421419
-0.0310383
1.35954
0.795413
0.522562
0.329355
0.234104
0.217385
0.222165
0.158666
0.0383016
-0.0401514
-0.0570841
-0.0531021
1.32993
0.731027
0.478872
0.348284
0.271356
0.20013
0.173635
0.14148
0.0589786
-0.0402423
-0.0751988
-0.0504665
1.52374
0.780373
0.500219
0.398661
0.35402
0.275844
0.288923
0.226335
-0.0171382
-0.0983823
-0.0269275
-0.026085
1.32861
0.764562
0.505576
0.364389
0.299711
0.228641
0.173425
0.102426
0.0172437
-0.0221772
-0.0497984
-0.0418179
1.28984
0.71922
0.472639
0.337275
0.228085
0.179625
0.19295
0.130558
0.0258983
-0.0549736
-0.0455028
-0.0385847
1.81132
0.817142
0.47417
0.405593
0.382483
0.273816
0.301528
0.300045
-0.00424597
-0.202098
0.010101
0.027712
1.29959
0.690707
0.449512
0.322685
0.257856
0.253587
0.246818
0.171637
0.0374293
-0.034757
-0.00422074
-0.00275865
1.29582
0.638052
0.396521
0.320519
0.272007
0.248805
0.24335
0.195432
0.0570084
-0.0334371
0.01366
0.0131204
1.33097
0.669864
0.405661
0.337628
0.305359
0.281858
0.291846
0.191442
0.0356325
-0.044539
0.019628
0.0246783
1.27345
0.654475
0.387454
0.276256
0.262136
0.28193
0.233961
0.120071
0.0168723
-0.0383756
-0.0107568
0.00447882
1.25209
0.66793
0.436277
0.307864
0.231835
0.205838
0.2061
0.136051
0.0254837
-0.025149
-0.00528702
-0.00820171
1.64084
0.775284
0.436413
0.349561
0.278993
0.24442
0.306614
0.216939
-0.0179656
-0.183691
0.0175644
0.00414918
1.31108
0.657228
0.416154
0.292067
0.216692
0.224631
0.249918
0.159592
-0.00602565
-0.0896564
-0.00784235
-0.0199756
1.24156
0.629715
0.426423
0.335025
0.254903
0.197318
0.192345
0.139264
0.023945
-0.030472
0.0196577
-0.00620859
1.74762
0.717182
0.411889
0.38745
0.291144
0.202714
0.313208
0.306586
-0.0083023
-0.262564
0.00488777
0.0344689
1.31484
0.627403
0.378171
0.292862
0.226762
0.208464
0.228569
0.173014
0.0262431
-0.0721205
-0.00532675
-0.0138143
1.26124
0.635052
0.396402
0.29074
0.235373
0.227803
0.209583
0.108229
-0.0237559
-0.084378
-0.0309927
-0.0351316
1.72989
0.74058
0.34028
0.341761
0.28204
0.184264
0.274003
0.284936
-0.043013
-0.322211
-0.0356454
0.00375285
1.8154
0.762697
0.397517
0.325594
0.251309
0.211627
0.29617
0.221264
-0.0843924
-0.287495
-0.0135241
0.0121058
1.35536
0.625674
0.378653
0.296385
0.214571
0.190282
0.203987
0.109935
-0.0504705
-0.112118
-0.00814478
-0.024088
1.55256
0.645944
0.424783
0.357242
0.194435
0.175779
0.260965
0.162654
-0.087388
-0.163472
0.0484953
0.0103966
1.7379
0.733193
0.508804
0.367532
0.0830188
0.0688322
0.250186
0.117351
-0.19731
-0.210446
0.0937528
0.0106757
1.83968
0.573922
0.486834
0.46477
0.118939
0.0362704
0.224738
0.0758597
-0.18979
-0.203097
0.0570097
0.016031
1.59169
0.614107
0.486053
0.399185
0.0756611
0.0314441
0.21964
0.0871327
-0.192221
-0.15793
0.0635199
-0.0193002
1.73896
0.609414
0.479648
0.369236
0.0218172
0.0178961
0.279761
0.0879487
-0.232893
-0.178777
0.0644474
-0.0169908
1.59712
0.594498
0.449739
0.33144
0.0331687
0.0123335
0.260125
0.127687
-0.159906
-0.117478
0.059401
-0.0103712
1.74291
0.619112
0.41108
0.289914
0.0192434
0.0207781
0.28054
0.123565
-0.153965
-0.105467
0.0653893
0.0154006
2.41478
0.625892
0.452947
0.238529
0.100955
-0.107416
0.453749
0.101916
-0.225378
-0.0997958
0.0379736
0.0517301
2.14884
0.81529
0.368836
0.268878
0.141695
0.0021054
0.422618
0.0754649
-0.224579
-0.0446334
0.0332196
0.045377
1.56723
0.756027
0.373883
0.149481
0.0962302
0.15903
0.203882
0.0645362
-0.0634506
-0.0184866
0.0555114
0.0145924
1.45853
0.746803
0.377644
0.211228
0.151256
0.132528
0.124527
0.0725273
-0.00659946
-0.0231921
0.0503252
0.00357722
2.05398
0.933074
0.444695
0.127757
0.115669
0.128435
0.268352
0.0936392
-0.142275
-0.0264462
0.0214675
0.0558642
2.62624
0.932419
0.375465
0.19044
0.121723
-0.0191175
0.390445
0.0992358
-0.232263
-0.00934248
0.0665172
0.111561
1.70143
0.898533
0.495945
0.291821
0.189904
0.144747
0.161971
0.0617231
-0.0441781
-0.014708
0.0750231
0.038381
1.43136
0.77696
0.466131
0.304431
0.221749
0.179196
0.154915
0.0594155
-0.0115442
0.0190364
0.0865316
0.024502
1.733
0.922135
0.550842
0.305449
0.219744
0.148113
0.1547
0.0954735
-0.00543675
0.0318584
0.0459556
0.0208514
2.38769
1.00644
0.552464
0.336677
0.254256
0.0676633
0.386422
0.0358324
-0.151881
0.100782
0.0552575
0.0502903
1.36485
0.733019
0.469453
0.331762
0.224578
0.165946
0.117606
0.0854851
0.0545318
0.0253273
0.0431052
0.0116386
1.46547
0.811832
0.537093
0.344874
0.201956
0.152194
0.165483
0.109503
0.0281595
0.0336517
0.0394172
0.00974543
1.71578
0.895392
0.537231
0.371322
0.246429
0.188522
0.156312
0.0836042
-0.00327869
0.00237623
0.0557744
0.030017
1.27436
0.720111
0.491866
0.353112
0.264203
0.20838
0.159072
0.101362
0.0604358
0.0246059
0.00262605
0.00502912
1.32577
0.722362
0.504547
0.378423
0.299954
0.228264
0.165484
0.0901695
0.041229
0.0418733
0.0469379
0.0225472
1.19276
0.64644
0.43989
0.323703
0.250089
0.204378
0.153568
0.112816
0.0734258
0.0479238
0.0540572
0.0323984
1.40201
0.767433
0.507796
0.359422
0.265667
0.184391
0.170701
0.155182
0.116738
0.0867674
0.0793391
0.0588022
1.19457
0.652467
0.449799
0.318779
0.223146
0.156086
0.151432
0.130643
0.0895052
0.0807194
0.0833559
0.0526172
1.28788
0.697385
0.468173
0.331615
0.236302
0.187174
0.147871
0.0972949
0.0723189
0.0725498
0.0835809
0.0490228
1.17937
0.616118
0.396918
0.285335
0.205732
0.160585
0.121607
0.0999467
0.0714882
0.0516329
0.0567315
0.0306321
1.40308
0.782241
0.516734
0.315233
0.219813
0.190729
0.172286
0.118144
0.0877139
0.0837968
0.0416978
0.0368866
1.36778
0.740999
0.483294
0.359031
0.25892
0.151486
0.153259
0.104433
0.0436417
0.0654063
0.0940158
0.0523381
1.21427
0.64319
0.410623
0.281867
0.221521
0.190658
0.167733
0.142035
0.0920724
0.0575746
0.0400989
0.0447982
1.29472
0.679655
0.446014
0.318961
0.247934
0.179831
0.157852
0.132371
0.087931
0.0889464
0.106461
0.0656058
1.45934
0.738087
0.458234
0.339297
0.279638
0.174541
0.14903
0.13763
0.0906705
0.102604
0.0893437
0.0679614
1.30366
0.681408
0.43716
0.318619
0.249068
0.18729
0.162237
0.113563
0.0583576
0.0636373
0.109876
0.0644635
1.91284
0.752841
0.515614
0.252508
0.347964
0.0681934
0.0831395
0.173196
0.0424744
0.0267206
0.161083
0.151166
1.57346
0.797214
0.537645
0.339992
0.251311
0.119389
0.0756996
0.108511
0.0340078
0.0713059
0.150039
0.103347
1.34736
0.732547
0.456041
0.303003
0.213804
0.153965
0.11898
0.066598
0.0633721
0.0867786
0.134899
0.0800736
1.42566
0.785504
0.523736
0.31066
0.22736
0.153268
0.107951
0.112618
0.0956516
0.0835523
0.10255
0.0727797
1.41499
0.748485
0.500362
0.341028
0.221621
0.144883
0.121153
0.0991348
0.0853387
0.0886676
0.115195
0.0764565
1.29971
0.703304
0.47081
0.334909
0.246237
0.164338
0.152669
0.135157
0.110407
0.116385
0.0920292
0.0715094
1.1587
0.629295
0.432569
0.314117
0.239756
0.194232
0.180029
0.137758
0.101736
0.0943242
0.0627818
0.0576832
1.2476
0.663351
0.454365
0.334364
0.237399
0.178337
0.167665
0.160657
0.146192
0.106971
0.0826094
0.0706896
1.22108
0.658087
0.481947
0.370515
0.285235
0.218815
0.187762
0.199614
0.160689
0.0963264
0.103871
0.0815104
1.10555
0.586563
0.396884
0.294026
0.24223
0.202429
0.184735
0.161275
0.134621
0.105399
0.103857
0.0648585
1.13886
0.619584
0.437223
0.326095
0.254229
0.193116
0.164183
0.161796
0.158057
0.163644
0.166111
0.0891803
1.24619
0.694586
0.505526
0.356984
0.260616
0.23286
0.232592
0.176521
0.128477
0.131159
0.111601
0.0825135
1.45176
0.830598
0.615615
0.413958
0.295388
0.20702
0.137748
0.148689
0.114668
0.0970316
0.144611
0.0950465
1.14601
0.614827
0.422741
0.300385
0.247524
0.213004
0.169667
0.150059
0.117514
0.100663
0.0856544
0.059474
1.43317
0.806531
0.603078
0.382839
0.282472
0.273194
0.221934
0.165519
0.132412
0.104855
0.0755253
0.0668243
1.5094
0.853136
0.622654
0.306696
0.269137
0.200258
0.193105
0.178949
0.172323
0.0902448
0.0971475
0.0772282
1.35694
0.784547
0.536573
0.347365
0.227328
0.177234
0.175241
0.156999
0.109356
0.111409
0.118922
0.0822544
1.50511
0.859561
0.610997
0.412649
0.286759
0.198731
0.164135
0.118917
0.101743
0.100906
0.067013
0.0561447
1.43922
0.805224
0.554246
0.352494
0.236161
0.201976
0.179341
0.141975
0.101275
0.0756384
0.0527686
0.0448882
1.15808
0.647442
0.440473
0.334471
0.256998
0.194436
0.150748
0.128365
0.0995404
0.0655113
0.0635033
0.0443498
1.20199
0.67968
0.479166
0.365942
0.324947
0.231596
0.162123
0.136934
0.0923647
0.0890574
0.0891751
0.0597508
1.22611
0.66531
0.50994
0.363529
0.29557
0.3072
0.219254
0.168283
0.147441
0.0982362
0.109098
0.0895246
1.39608
0.708312
0.477264
0.325371
0.314788
0.267875
0.193063
0.1778
0.164025
0.0621461
0.155723
0.100432
1.05693
0.538758
0.360614
0.280826
0.217868
0.185644
0.17393
0.131406
0.105845
0.0815017
0.0896459
0.0585766
1.13359
0.589412
0.393416
0.289009
0.243636
0.165379
0.156654
0.137606
0.131483
0.113881
0.102618
0.0624093
1.35874
0.715407
0.525786
0.255979
0.222064
0.159944
0.141911
0.138188
0.119328
0.0759761
0.127297
0.0710629
1.28292
0.640596
0.444848
0.274837
0.149487
0.139963
0.085534
0.0385504
0.0885568
0.053505
0.120845
0.0596815
1.32272
0.682513
0.462296
0.264014
0.177243
0.129446
0.0932424
0.0408959
0.0512968
0.0592984
0.101523
0.0582516
1.31723
0.722466
0.523455
0.265326
0.188133
0.109359
0.0638821
0.0559172
0.0718091
0.0261695
0.0826072
0.0568801
1.37263
0.748052
0.553914
0.268201
0.202159
0.163238
0.0843712
0.0696514
0.0355011
0.0610442
0.143776
0.0805653
1.19381
0.612792
0.426112
0.268669
0.235086
0.163629
0.138042
0.10668
0.112074
0.110793
0.14765
0.0794345
1.19287
0.640693
0.419977
0.271366
0.200987
0.107594
0.0972349
0.0934602
0.0820217
0.0765305
0.109881
0.0701714
1.26708
0.675464
0.487773
0.286148
0.186868
0.152187
0.0912592
0.0627101
0.0814681
0.0946133
0.12527
0.0774026
1.36774
0.744515
0.499947
0.244122
0.171014
0.113621
0.0646855
0.0731643
0.0895321
0.0372909
0.145918
0.0856423
1.30163
0.674248
0.45813
0.230359
0.203234
0.110567
0.0582476
0.0938062
0.0821094
0.0839136
0.145232
0.0796162
1.22822
0.634204
0.448017
0.249191
0.158317
0.120597
0.139255
0.125476
0.103157
0.103381
0.102791
0.0665226
1.56261
0.76253
0.582618
0.223242
0.114502
0.116624
0.230437
0.150324
0.166036
0.0895796
0.0929852
0.0658235
1.66471
0.681835
0.665198
0.130997
0.231974
0.199558
0.12672
0.0997321
0.204611
0.110074
0.0999038
0.111509
1.63147
0.715254
0.51254
0.232888
0.237222
0.171578
0.163053
0.073909
0.163779
0.104425
0.0981047
0.0885752
1.80323
0.65502
0.578078
0.116995
0.220395
0.178063
0.135831
0.00364806
0.193832
0.0833831
0.0983262
0.134225
1.82409
0.619002
0.516518
0.0684947
0.276673
0.144662
0.163002
-0.021018
0.256136
0.0422835
0.0704402
0.15302
1.12619
0.566242
0.329803
0.207873
0.190071
0.139086
0.154222
0.137324
0.0876763
0.0605314
0.0963358
0.0558753
1.23853
0.621841
0.392403
0.268045
0.206606
0.186905
0.184605
0.0959744
0.13205
0.0885103
0.0939205
0.0713819
1.2521
0.658321
0.412164
0.2483
0.231875
0.170492
0.17422
0.157381
0.143606
0.0809043
0.121048
0.0793787
1.42414
0.682567
0.51181
0.206839
0.19589
0.219688
0.217745
0.171211
0.177661
0.090164
0.186271
0.118555
1.12606
0.599702
0.394456
0.250572
0.209192
0.165735
0.14926
0.152018
0.116908
0.115636
0.0982091
0.0681837
1.15675
0.603932
0.411319
0.280155
0.191386
0.143864
0.182981
0.161563
0.129131
0.126464
0.0956642
0.0719686
