1.20549
0.499082
0.547708
0.00529088
0.195619
0.146545
0.138862
-0.0514073
0.0220225
0.00269074
0.144129
0.0748239
1.31647
0.491292
0.566085
-0.00500748
0.258517
0.0924219
0.0715849
-0.0540596
0.075198
-0.00703122
0.13524
0.120069
1.18705
0.536559
0.568079
-0.0220264
0.19125
0.128436
0.0120704
0.0636393
0.0868693
0.011759
0.12112
0.0568196
1.13496
0.45889
0.61545
0.0854632
0.22479
0.063621
0.0349119
0.0483604
0.0810626
-0.115265
0.167175
0.0740906
0.859329
0.448683
0.848376
-0.0491201
0.23495
0.0100351
-0.0832475
0.247356
0.0349594
-0.0538743
0.112857
0.00496521
0.664318
0.360681
0.803223
-0.223027
0.267896
0.0232772
-0.0538064
0.293996
0.0589224
0.00376834
0.0768536
-0.0277963
0.383292
0.462815
0.719807
-0.0996547
0.274752
-0.0858737
-0.117509
0.294638
0.0574114
-0.0282064
0.170071
-0.0135122
0.280772
0.459846
0.746507
-0.165926
0.341254
-0.104061
-0.115347
0.284246
-0.00819443
-0.00805827
0.116856
-0.000166482
0.157318
0.459447
0.672877
-0.201733
0.296696
-0.0380947
-0.0594823
0.181816
-0.00322065
0.0191226
0.14374
0.0008611
0.0990854
0.386072
0.724932
-0.281071
0.35494
-0.0254841
-0.0490437
0.207163
-0.0372576
-0.00378237
0.124866
0.0415847
0.0290449
0.444179
0.699958
-0.249779
0.363473
0.000481821
0.0512001
0.145353
0.0651623
0.0245082
0.117998
0.0805457
-0.0735793
0.239258
0.54967
-0.0536391
0.31461
-0.0402432
0.0849885
0.211937
0.228436
-0.0590735
0.142928
0.0776866
-0.174174
0.0300117
0.506719
0.0287888
0.389327
-0.0507932
0.121009
0.217394
0.144949
-0.0363087
0.153429
0.0580479
-0.115119
0.0933354
0.538221
0.03419
0.336665
-0.0663408
0.121088
0.181741
0.0894514
-0.0460342
0.165453
0.0697977
-0.0305599
0.0125756
0.365593
-0.0798309
0.329662
-0.00357081
0.176893
0.260456
0.0546738
-0.162163
0.104324
0.0579901
-0.0720004
0.0381233
0.38293
-0.135269
0.348169
0.0306416
0.242454
0.277278
0.0213413
-0.140404
0.0501643
0.041843
-0.119386
0.0827327
0.364503
-0.194258
0.343196
0.0690648
0.195498
0.327274
-0.00935575
-0.123897
-0.00618782
-0.00432948
-0.140394
-0.00495885
0.342239
-0.212077
0.374546
0.0840501
0.237453
0.351726
0.055833
-0.100803
-0.00210255
-0.0165966
-0.230059
-0.0432961
0.352833
-0.211438
0.423474
0.0824483
0.245162
0.318165
0.0818522
-0.0552873
-0.00532792
-0.0395267
-0.227443
-0.0708289
0.294729
-0.195034
0.334152
0.0512309
0.248871
0.303395
0.0953113
0.00467843
0.025161
-0.0953207
-0.17218
-0.126305
0.3101
-0.142399
0.28461
0.0382227
0.30316
0.274163
0.100213
-0.0297055
0.0676652
-0.110372
-0.0673395
-0.016163
0.236059
-0.126964
0.282642
0.0114189
0.301589
0.229809
0.00241895
-0.0328617
0.110099
-0.138073
0.035193
-0.0601114
0.232273
-0.181297
0.229911
-0.0118428
0.41372
0.341529
-0.00801223
-0.0724763
0.0576439
-0.161139
0.135929
-0.0982249
0.227108
-0.239622
0.239672
0.0217116
0.34183
0.343715
-0.0572327
-0.106654
0.0513648
-0.154372
0.302718
-0.119338
0.260143
-0.265182
0.314113
0.000275389
0.302386
0.33478
-0.0529342
-0.107786
0.00725126
-0.120442
0.471049
0.129854
0.323882
-0.115035
0.382399
0.118278
0.314312
0.386828
0.0231152
-0.0384086
0.0751675
-0.074179
0.86178
0.41106
0.53176
0.0231288
0.457597
0.161177
0.198047
0.3108
0.00837411
-0.0928197
0.050965
0.00139136
1.04397
0.537134
0.421854
0.250716
0.214594
0.0917634
0.0977839
0.104394
0.0405931
-0.00557983
0.0614057
-0.00431116
1.25415
0.699706
0.564563
0.357865
0.383189
0.136536
0.294236
0.167027
0.0621596
-0.0927003
0.0580645
0.0179568
1.42787
0.767903
0.624103
0.378715
0.298707
0.159847
0.304972
0.198518
-0.00480617
-0.131714
0.0973233
-0.00451519
1.57804
0.804768
0.608628
0.392199
0.336803
0.106987
0.401959
0.280828
-0.0559126
-0.168236
0.0841568
0.0142231
1.18374
0.630603
0.420108
0.28619
0.221659
0.154458
0.170955
0.101705
0.0397942
0.010988
-0.000435898
-0.0108495
1.55527
0.742006
0.560103
0.431026
0.298479
0.112182
0.327923
0.2313
-0.0349901
-0.134434
0.0631052
0.0120152
1.4475
0.700388
0.556542
0.486371
0.304479
0.170669
0.280748
0.229069
-0.0192252
-0.0925897
0.0535512
0.00974184
1.25861
0.711847
0.559675
0.392241
0.233911
0.149526
0.199305
0.138362
0.00484837
-0.0246039
0.0214076
-0.0171497
1.33491
0.694031
0.538169
0.461035
0.273058
0.150347
0.143266
0.122643
0.0225003
-0.0344887
0.0165569
-0.013703
1.67718
0.806953
0.66179
0.548397
0.329852
0.118779
0.344085
0.1963
-0.105319
-0.196129
0.126093
0.0246961
1.26201
0.638589
0.473192
0.440129
0.297633
0.156592
0.145444
0.115025
-0.000855531
-0.0458521
0.0351174
-0.00976687
1.25382
0.666716
0.492598
0.370163
0.210577
0.192016
0.218918
0.123107
-0.00674843
-0.0372503
0.00397788
-0.0190698
1.68049
0.731645
0.59372
0.515816
0.273737
0.226226
0.398552
0.291492
-0.0991911
-0.201213
0.125946
0.0488379
1.27121
0.691143
0.535696
0.40476
0.245475
0.227533
0.269643
0.158666
-0.005123
-0.0208904
0.0472344
-0.000340436
1.19181
0.552118
0.38007
0.354807
0.277916
0.195777
0.19823
0.162642
0.039502
-0.0113312
0.0652141
0.0235846
1.26381
0.587097
0.491166
0.456601
0.27441
0.184871
0.276253
0.218452
0.0041208
-0.0411869
0.0973336
0.0383442
1.42531
0.627652
0.493428
0.515093
0.337982
0.193731
0.330269
0.264402
-0.0310176
-0.111827
0.0883429
0.057847
1.2279
0.590509
0.497787
0.418892
0.231193
0.193759
0.301663
0.226312
-0.00842031
-0.0408336
0.069558
0.0169347
1.37438
0.656964
0.55454
0.495946
0.2843
0.22389
0.364293
0.247419
-0.0276837
-0.0947601
0.097713
0.0281347
1.63841
0.708308
0.569165
0.567498
0.292761
0.200147
0.355909
0.260305
-0.0601464
-0.160497
0.108288
0.0486825
1.45907
0.677359
0.524219
0.518118
0.335827
0.209144
0.267763
0.209812
-0.0390419
-0.0869812
0.0796712
0.0295039
1.42725
0.703711
0.545409
0.482655
0.290427
0.211184
0.278254
0.186272
-0.0568886
-0.0952766
0.0890816
0.0094255
1.41442
0.706889
0.56747
0.466714
0.248461
0.198623
0.314469
0.196116
-0.0494398
-0.097799
0.0696029
-0.00651399
1.70808
0.773403
0.58627
0.488564
0.274397
0.212996
0.415643
0.221325
-0.155998
-0.18183
0.105217
0.0194262
1.40545
0.673531
0.540579
0.4683
0.248297
0.164308
0.286227
0.173646
-0.0917353
-0.0762297
0.0761304
-0.0107546
1.18336
0.56372
0.392966
0.29902
0.172854
0.128269
0.1628
0.110625
-0.00464783
-0.0276684
0.00057263
-0.0409634
1.30883
0.648899
0.489135
0.390586
0.246165
0.213525
0.267161
0.148286
-0.0648731
-0.0834085
0.00968845
-0.0348062
1.67485
0.65721
0.596379
0.51161
0.166963
0.200139
0.478791
0.224348
-0.168278
-0.163584
0.102012
-0.0259123
1.42341
0.62227
0.522291
0.423658
0.16841
0.171807
0.332724
0.174256
-0.117239
-0.0894242
0.0622382
-0.0302939
1.22346
0.58873
0.445504
0.345875
0.156876
0.111094
0.183701
0.0995884
-0.0309531
-0.0129677
0.030976
-0.0269011
1.3256
0.56755
0.468474
0.43408
0.176364
0.114727
0.281222
0.161739
-0.118899
-0.0672778
0.0666998
-0.0117193
1.72442
0.604336
0.562262
0.534835
0.11752
0.182773
0.490048
0.174519
-0.209356
-0.0875879
0.0862434
-0.0562828
1.6783
0.714278
0.671154
0.446455
0.0316752
0.173239
0.467931
0.150715
-0.206041
-0.0856183
0.0932624
-0.105002
1.49176
0.662741
0.525587
0.414019
0.0906579
0.103267
0.344956
0.170568
-0.15513
-0.0712071
0.0356959
-0.0611601
1.48422
0.631806
0.503553
0.431555
0.127094
0.104995
0.287561
0.101184
-0.168852
-0.038857
0.0783528
-0.0292458
1.84321
0.724826
0.545959
0.428334
0.0508255
0.122593
0.402322
0.106709
-0.23551
-0.0937026
0.0795606
-0.0465792
2.11985
0.744942
0.549239
0.401545
0.0192196
0.115009
0.405099
0.0937874
-0.246424
-0.121195
0.0544248
-0.0338861
1.58789
0.767697
0.507882
0.326684
0.108881
0.116059
0.261953
0.116209
-0.143584
-0.0624841
0.0822737
-0.00631275
1.52704
0.764013
0.49144
0.307254
0.149515
0.186242
0.246265
0.0964613
-0.0966497
-0.0891119
0.0648048
-0.00932922
2.03157
0.87406
0.556258
0.334845
0.00776158
0.141223
0.41367
0.140083
-0.177023
-0.139496
0.0208585
-0.0466627
1.55456
0.754514
0.42675
0.253424
0.135712
0.150734
0.211037
0.105195
-0.0504606
-0.0551389
0.0491856
0.000200512
1.60613
0.860086
0.508522
0.233935
0.102742
0.160214
0.216867
0.0643638
-0.0813342
-0.0760284
0.031431
-0.0251214
1.45771
0.769343
0.456954
0.262259
0.155109
0.131372
0.0960064
-0.0260618
-0.0912455
-0.049196
0.050108
-0.0100677
2.23899
0.959666
0.476362
0.197606
0.0924186
0.0800966
0.191399
0.0432303
-0.158343
-0.169898
-0.0315879
0.0188993
1.40259
0.785214
0.499596
0.314222
0.179148
0.0899349
0.045723
0.00381048
-0.00986768
0.0196335
0.0784582
0.0214823
1.63663
0.863944
0.475574
0.255756
0.159576
0.169019
0.120443
0.0141628
-0.0360402
-0.0190131
0.0689281
0.0358696
1.92374
0.944706
0.511043
0.319492
0.154693
0.137902
0.197817
0.0884977
-0.0347522
-0.00210674
0.0577818
0.042716
1.99101
0.956388
0.506485
0.266937
0.145014
0.133714
0.23339
0.0910446
-0.0505342
0.0362589
0.0306539
0.0265809
1.4874
0.777644
0.477143
0.287675
0.1776
0.147634
0.128151
0.0789817
0.0135775
0.0189065
0.0455615
0.0216842
1.63994
0.894299
0.493674
0.27207
0.166318
0.160545
0.120835
0.020138
-0.0188661
0.00710664
0.0701894
0.0436577
1.52777
0.801968
0.449343
0.272781
0.195799
0.145964
0.09625
0.0198148
-0.0153979
0.00754167
0.0826706
0.0432782
2.00778
1.02184
0.459944
0.184196
0.181571
0.165591
0.153431
0.0433193
-0.0862053
-0.00539264
0.0605952
0.0901513
1.53603
0.850158
0.49325
0.29458
0.202455
0.144334
0.0920678
0.0559088
0.0218935
0.0357371
0.107154
0.0666761
1.39168
0.78044
0.51571
0.335337
0.231574
0.166808
0.109247
0.0648762
0.053158
0.0660947
0.108519
0.0550248
1.36661
0.761184
0.521633
0.365455
0.259656
0.177362
0.104833
0.0718381
0.0528653
0.0510424
0.105072
0.0480128
2.21177
1.08664
0.662741
0.327849
0.157765
0.132663
0.136757
0.0861281
0.0601364
-0.0112473
0.0559238
0.054701
1.72843
0.958729
0.573274
0.31726
0.191654
0.149274
0.110634
0.102105
0.0599344
0.0040437
0.0749685
0.0405811
1.19047
0.623869
0.408469
0.28531
0.206749
0.153768
0.121158
0.0902296
0.0722967
0.0612633
0.0649634
0.0300742
1.3633
0.773765
0.500873
0.330502
0.214787
0.128325
0.101714
0.0753429
0.0516599
0.0350524
0.0752028
0.0411832
2.254
1.12897
0.70377
0.289941
0.133795
0.124847
0.0981023
0.0630995
0.142301
0.0864885
0.0779725
0.0691916
1.81759
1.04627
0.66769
0.323389
0.220562
0.11779
0.0711147
0.102299
0.109692
0.0988718
0.0848774
0.0765692
1.28829
0.712084
0.479471
0.323478
0.223495
0.156907
0.110772
0.0925075
0.0987213
0.0906813
0.0776813
0.0561363
1.36254
0.785541
0.522653
0.359949
0.259886
0.18829
0.140377
0.134377
0.100451
0.0879385
0.0813694
0.061782
1.6058
0.872007
0.580051
0.334069
0.275843
0.163666
0.14269
0.172344
0.0891803
0.0601046
0.117647
0.0781936
1.51175
0.823022
0.574891
0.371449
0.270952
0.155197
0.117974
0.146669
0.128639
0.127713
0.0990878
0.0857021
1.3468
0.762078
0.54665
0.376188
0.301594
0.228492
0.163423
0.13498
0.0965743
0.0716164
0.0485676
0.0436849
1.24179
0.689916
0.467608
0.346219
0.256497
0.195523
0.163159
0.132211
0.113864
0.0862163
0.0419992
0.0434889
1.37116
0.782746
0.547868
0.381768
0.279395
0.20282
0.131695
0.107912
0.085566
0.0854482
0.066727
0.0481654
1.43341
0.842022
0.572074
0.381301
0.245594
0.138322
0.136583
0.0929423
0.0788953
0.0806483
0.0584499
0.0479223
1.26345
0.687396
0.473704
0.340903
0.236582
0.166139
0.107205
0.0979799
0.105997
0.101426
0.132818
0.0768909
1.10424
0.582643
0.389657
0.283051
0.207732
0.151226
0.116839
0.0996208
0.0983019
0.101525
0.110518
0.0602264
1.14103
0.62433
0.424498
0.325851
0.255342
0.193436
0.15813
0.1318
0.109344
0.111402
0.0954726
0.0680785
1.32663
0.728222
0.530414
0.389407
0.27069
0.204069
0.148185
0.121967
0.111128
0.116608
0.155973
0.0955422
1.27427
0.721682
0.477823
0.333554
0.283468
0.20977
0.168386
0.15036
0.132607
0.159867
0.188153
0.111045
1.07073
0.566465
0.393375
0.292718
0.242935
0.209292
0.183941
0.160843
0.128315
0.12018
0.101677
0.068937
1.11544
0.600166
0.412381
0.297851
0.242983
0.19886
0.16039
0.147234
0.13024
0.117068
0.112104
0.0700389
1.36163
0.772559
0.556395
0.429722
0.322667
0.211883
0.185217
0.140278
0.129408
0.135027
0.127092
0.0943168
1.53646
0.82174
0.612526
0.476998
0.352732
0.245657
0.195699
0.223235
0.176508
0.0870514
0.0647767
0.0692486
1.48422
0.850666
0.594177
0.443805
0.379672
0.263862
0.166901
0.196028
0.153864
0.0777769
0.04909
0.0501638
1.40888
0.784448
0.610928
0.508997
0.342487
0.238823
0.192137
0.165124
0.141857
0.0904542
0.0514976
0.0566448
1.43278
0.857587
0.580062
0.428177
0.342108
0.246303
0.183277
0.194449
0.183111
0.106411
0.033765
0.0551653
1.22738
0.696124
0.505414
0.360702
0.291279
0.232376
0.177578
0.171753
0.143342
0.0811425
0.034574
0.0547638
1.2593
0.702796
0.501602
0.358979
0.309589
0.267745
0.206325
0.16024
0.135692
0.104657
0.0552899
0.0655189
1.27319
0.713761
0.533606
0.379884
0.328312
0.232126
0.187948
0.175334
0.120691
0.12032
0.0898578
0.0738138
1.24473
0.71889
0.521963
0.414798
0.337648
0.270386
0.234198
0.174398
0.128506
0.0746778
0.0738677
0.069875
1.15882
0.642632
0.466937
0.3699
0.289203
0.226229
0.185999
0.157736
0.124486
0.0972255
0.100227
0.0726562
1.14794
0.610769
0.452754
0.34127
0.267179
0.212348
0.172421
0.157167
0.114826
0.0935216
0.0737384
0.063757
1.10446
0.602506
0.421058
0.312459
0.252334
0.197005
0.184067
0.165502
0.134381
0.125641
0.114009
0.0736224
1.14335
0.630214
0.458761
0.341596
0.245273
0.194588
0.168232
0.158488
0.155669
0.127877
0.112939
0.083242
1.35697
0.768393
0.571354
0.430047
0.27268
0.192641
0.164313
0.136406
0.144479
0.119017
0.0918341
0.0827965
1.21558
0.668258
0.450571
0.332321
0.268746
0.206201
0.187024
0.161954
0.131699
0.106701
0.09025
0.0756681
1.15484
0.615883
0.449293
0.348646
0.263052
0.24016
0.195883
0.160977
0.135827
0.103826
0.0897432
0.0741609
1.20547
0.688327
0.496627
0.358811
0.255691
0.20479
0.177252
0.141537
0.121843
0.0893904
0.0726762
0.0655952
1.47225
0.758169
0.681359
0.356627
0.305728
0.197885
0.146595
0.182441
0.149351
0.122221
0.0762763
0.0784119
1.40672
0.773719
0.627416
0.341018
0.321989
0.251409
0.150255
0.107492
0.167383
0.087277
0.0929696
0.083383
1.24636
0.750776
0.553142
0.38529
0.236302
0.159135
0.152244
0.096366
0.159569
0.0768166
0.0884087
0.0716325
1.16402
0.635234
0.4891
0.317672
0.253104
0.230506
0.164828
0.141706
0.132556
0.0731555
0.0694113
0.0642627
1.38299
0.701634
0.610701
0.313976
0.263336
0.173814
0.129922
0.0745111
0.115376
0.083091
0.0824948
0.0723471
1.32541
0.710127
0.512384
0.285769
0.246967
0.130236
0.163644
0.0797563
0.111581
0.13018
0.04296
0.0656721
1.40084
0.744049
0.541895
0.24083
0.173328
0.137241
0.187271
0.0792658
0.0806521
0.0289525
0.0397297
0.0394109
1.40147
0.677862
0.428114
0.252746
0.157246
0.070075
0.172324
0.103597
0.0675179
0.0465831
0.0456303
0.048131
1.50563
0.64437
0.532086
0.217458
0.109371
0.144458
0.175154
0.122905
0.0905194
-0.0217927
0.12362
0.0792022
1.24755
0.588028
0.386147
0.240268
0.100332
0.148834
0.106215
0.0886066
0.121136
0.0437004
0.0692934
0.0593966
1.28097
0.653519
0.462824
0.237514
0.11489
0.11622
0.102714
0.0941634
0.195216
0.0970461
0.105633
0.0829583
1.40681
0.701497
0.530981
0.190156
0.134039
0.143397
-0.0172706
0.071857
0.174105
0.0556695
0.0886902
0.0881903
1.42021
0.792525
0.564646
0.254368
0.127772
0.129769
0.0947207
0.0559478
0.160396
0.108785
0.0725625
0.0794765
1.22736
0.672063
0.463458
0.279607
0.206554
0.108372
0.0898445
0.078041
0.0688616
0.100074
0.111288
0.0674299
1.14481
0.588138
0.40886
0.270022
0.199464
0.150115
0.0992726
0.0893865
0.0665207
0.084304
0.126536
0.0595772
1.76947
0.637208
0.581835
0.137237
0.298858
0.111581
0.18628
0.0638036
0.195295
0.10239
0.157044
0.183493
1.22146
0.619988
0.400737
0.284649
0.219427
0.182567
0.148835
0.122753
0.128085
0.0994129
0.134713
0.0768335
1.22469
0.6132
0.4704
0.332978
0.275927
0.164255
0.160112
0.130242
0.149682
0.165638
0.163994
0.0961747
1.12465
0.544938
0.360003
0.26788
0.228605
0.192989
0.180697
0.162722
0.14902
0.133421
0.10295
0.0702708
1.66732
0.625523
0.49692
0.176566
0.284393
0.110995
0.195998
0.181982
0.296351
0.110582
0.148002
0.142925
1.22497
0.577328
0.346567
0.233899
0.242859
0.215249
0.186793
0.18522
0.187507
0.133252
0.125337
0.0790746
1.226
0.602104
0.356296
0.152677
0.189605
0.166708
0.133674
0.161198
0.184064
0.130214
0.120673
0.0692757
1.21767
0.601147
0.363404
0.166073
0.227261
0.179319
0.184252
0.151031
0.169824
0.0758061
0.0954736
0.0673187
1.54283
0.586252
0.434294
0.0687736
0.223105
0.202582
0.240816
0.116662
0.185069
-0.0117993
0.124905
0.121113
1.36361
0.624841
0.397716
0.116387
0.244734
0.196758
0.147017
0.111701
0.178634
0.0264699
0.157348
0.097757
1.38881
0.627884
0.455174
0.120459
0.143144
0.177159
0.267387
0.0634296
0.107671
0.0473666
0.175504
0.112877
1.34503
0.514583
0.393507
0.0948045
0.138406
0.195439
0.216871
0.116925
0.133056
0.0662742
0.151261
0.0901596
1.49084
0.555731
0.443423
0.0888032
0.172435
0.15023
0.297056
0.07396
0.10276
0.0109567
0.139991
0.116153
1.30357
0.600069
0.389745
0.161582
0.231437
0.189384
0.219574
0.122494
0.0455762
-6.58067e-005
0.154939
0.073475
1.22716
0.562277
0.310802
0.222413
0.206374
0.197866
0.18494
0.122121
0.0292149
0.0270043
0.0846191
0.0513714
1.69966
0.596547
0.458262
0.0633139
0.271004
0.191109
0.359354
0.15888
0.0862786
-0.10737
0.0561711
0.1057
1.51415
0.63535
0.381243
0.139721
0.256907
0.21488
0.310586
0.0910841
0.131599
-0.0864666
0.119307
0.0932139
