133
175
128
134
116
125
108
62
54
50
38
30
45
29
10
1
-40
-48
-51
-44
-54
-85
-69
-61
-75
-79
-48
-39
-27
-20
20
49
78
81
78
93
79
98
113
152
126
109
87
115
152
97
71
73
61
23
13
3
-14
-62
-75
-74
-83
-111
-119
-153
-144
-84
-65
-28
-35
-26
-7
15
41
72
55
80
93
69
93
43
18
60
35
32
24
42
59
2
17
12
0
-31
-49
-99
-44
-64
-10
-79
-179
-132
-154
-114
-69
-48
-426
-140
84
-22
-85
-257
-212
-374
-40
27
-158
107
-329
-124
432
-274
315
518
-335
184
273
-155
139
255
-125
-270
-216
-224
-146
-161
-479
-435
-156
79
210
100
22
143
362
413
137
-46
-21
81
128
-282
-468
-406
-327
-366
-417
-189
-135
-841
-2052
-1216
1634
1404
-823
-565
-23
439
468
178
1017
705
153
562
-329
-1706
498
2732
946
-1377
-1420
322
178
-830
-817
54
-78
-985
-256
-300
-225
24
414
-441
332
502
-957
1636
177
-1448
658
582
-583
536
-553
-90
1727
-2088
678
606
-1820
1718
-1797
-125
2870
-1904
1276
-141
-2713
2525
-518
-76
2085
-1545
1820
-263
-4036
1691
-439
-361
2061
-2009
338
1316
-1482
-642
1316
955
-79
191
808
416
-839
1211
1422
-1618
193
838
1137
388
-2406
1917
-54
-1956
1359
-1466
664
513
-1062
154
-206
1146
-1258
521
1153
-1322
1239
1263
-291
-460
467
759
50
-1355
737
2030
-1102
-874
1368
1448
-1099
-191
870
336
672
-692
-31
865
623
-2054
150
1869
-1224
-271
-1109
1788
833
-2384
353
163
150
-59
-85
171
227
-67
64
-536
-127
2006
-1368
-567
1701
-397
392
-1127
364
1660
-2343
840
1738
-2531
1143
1120
-1828
947
-1152
325
1173
-1480
1193
-712
-543
487
-683
235
-447
780
140
-1931
1094
906
-763
515
-1305
378
1549
-1903
385
1553
-2148
1016
1153
-2944
1863
28
-1784
2255
-2183
246
2388
-3297
-132
1949
-517
-686
-996
694
1316
-1711
-333
1143
50
-622
-1645
2283
66
-2145
1557
-1618
748
1712
-3723
1394
1588
-2322
1307
-729
1388
260
-3699
3190
-190
-1207
1070
-2213
2561
-439
-2899
3278
-1371
-381
1460
-4209
3644
367
-4044
3152
-2386
192
2218
-3674
1114
1895
-3542
1255
3552
-4463
2182
1346
-5405
6229
-1574
-3314
5832
-4226
597
2601
-3375
2234
-66
-1815
1613
378
-88
250
-749
334
-344
-1246
1538
-634
624
420
-3672
1791
387
-795
445
-1870
1674
610
-1725
371
556
616
-90
-3074
2574
2586
-4916
1822
1911
-2702
1369
-673
-279
1984
-2148
-572
2811
-395
-2599
1350
1382
-1265
943
-1237
-441
2349
-1454
-392
1172
-1451
65
1133
-1622
-66
1542
-760
-785
-59
581
162
-253
-125
-1045
1712
36
-1617
1616
-1352
-252
1119
-1128
538
-117
-745
909
81
-1132
580
19
30
200
-903
1479
1202
-1942
-1328
1969
846
-588
-169
-408
112
290
1021
-515
-799
571
-446
894
505
-1047
1452
-1887
-1050
4148
-2087
258
2145
-3653
2596
467
-2095
3758
-2379
-891
2871
-1892
2315
-259
-2887
3471
-901
-695
2285
-1137
1263
-42
-2348
2367
1438
-2305
1485
-171
-740
1451
-1685
1022
784
-1879
631
1685
-2161
-9
975
-1640
2694
-1178
-1537
2864
-2235
-502
2754
-1104
399
210
-31
1738
-1401
410
2056
-1189
-1201
3024
1152
-1975
358
18
586
894
-560
744
332
-2217
1706
1593
-2496
1661
-584
-1904
3070
-1028
-1062
2506
-2779
580
2458
-3503
2593
-170
-3326
3746
-438
-1224
1591
-1650
182
2330
-2510
-351
2447
-2863
650
1439
-2566
1812
-937
-1963
3589
-2199
-1380
2846
-3230
592
2101
-2956
838
749
-1939
965
-205
-1519
2574
-1576
-1938
3590
-1776
-1387
1539
-1712
860
868
-1946
1369
-319
-1916
1711
-456
-1387
481
-1038
171
1501
-1983
-487
439
-798
848
-984
-469
1048
-1332
-1464
2165
206
-2116
-354
161
878
-664
-82
328
-808
-494
111
700
151
-1310
-599
1158
-604
-333
461
133
-737
-964
348
563
-911
-1624
884
-594
-901
598
-1196
-894
-59
-666
-494
216
149
-511
-1599
455
649
-1053
477
-1
-216
-261
-442
1262
-301
-1232
784
-491
-702
687
-660
-544
127
228
97
-540
724
3
-1361
610
780
-945
82
458
-934
1289
1061
-887
539
74
320
1147
1103
473
-368
341
715
810
-107
198
1061
511
489
608
697
330
418
162
-583
320
1607
467
-1066
539
1117
-229
603
745
260
1113
147
-23
1268
626
793
1051
-407
1259
1656
137
2075
1076
693
2053
1037
350
-319
-730
501
2251
1102
-23
-426
-139
-405
-1320
-733
-886
-917
-2017
-1330
-714
-2005
-2062
-3278
-2782
-1347
-2271
-2239
-871
-2175
-2951
-914
-1665
-2326
-1045
-2085
-1389
77
-534
-707
-551
-535
-1178
112
-4
-227
412
-658
433
780
564
839
781
-164
288
983
743
1777
673
438
723
99
1086
1503
478
849
1076
435
1252
800
288
90
-37
1323
646
340
1244
-417
145
1139
536
1556
1309
126
491
1275
1775
2456
672
700
1538
1166
2449
1552
1562
1836
1260
1690
2249
1814
1150
1352
1515
2303
1475
1955
2381
501
928
2106
1548
1729
2782
-379
-3303
-2061
791
2867
438
-2538
-1905
-1023
-2213
-2403
-1813
-3029
-4148
-3606
-1994
-1545
-3240
-3282
-2573
-4669
-4333
-2085
-1643
-1526
-2835
-3349
-1568
-979
-1477
-1979
-2359
-1199
47
264
640
1029
108
433
976
41
1792
2173
1299
2102
1232
1379
2092
468
638
914
517
1175
660
397
-291
-588
-396
-594
-1679
-1480
-431
-1499
-1469
-1819
-1633
-1425
-2550
-2251
-756
-509
-1072
-1354
-1325
-308
-469
-850
-706
246
1141
965
253
717
1827
1391
1758
2112
1806
1669
2440
2850
2361
2532
2107
1223
2198
3383
1833
2362
2920
1002
1911
2228
1792
2337
884
582
1376
710
1630
1756
322
1059
1577
1387
750
-1694
-3759
-2223
614
1271
-582
-2279
-2402
-3707
-3633
-3078
-2830
-3304
-4795
-3748
-3236
-3194
-2696
-3553
-4884
-5008
-4380
-2587
-1407
-1836
-2624
-2321
-1401
-1738
-574
-915
-332
657
227
1663
1987
1935
2211
2211
1508
2395
3444
3662
4409
3670
3011
2345
2561
3180
1862
1184
727
657
1006
397
395
-181
-1425
-2277
-2197
-1700
-1362
-1472
-1998
-2281
-2301
-1624
-1584
-1841
-2316
-2042
-1053
-719
111
807
604
181
645
638
1526
2423
1787
2353
2635
2822
3061
2903
2668
2685
2590
2410
3264
3087
2996
3272
2254
1927
1943
1194
1758
2194
1027
1106
1196
833
1636
596
139
1282
104
733
2235
2059
2463
-217
-4705
-4253
-876
1049
741
-1953
-2604
-1743
-3660
-3487
-2394
-4120
-5041
-4781
-4522
-3471
-3089
-3909
-3425
-5180
-6276
-4119
-2783
-1906
-2358
-2277
-2135
-1887
-1045
-1192
-1073
0
431
1147
1474
993
2884
2911
2223
2462
2620
3345
3411
4135
3899
2616
1816
2149
2768
1889
1334
1870
1584
136
-1206
-814
93
-475
-1349
-1500
-1355
-1586
-1536
-1636
-1406
-1267
-2010
-1132
-838
-1349
-956
119
121
-932
561
857
840
1510
982
1560
1524
1181
2172
3075
2043
1885
2433
1783
2372
2235
1806
2384
2065
2145
2957
3170
2491
2122
1988
2008
1939
1798
2606
2010
2315
2665
2092
2306
1192
1603
1995
1678
3249
4193
422
-4449
-4742
-1859
1302
-624
-3637
-3634
-4008
-4849
-5909
-5252
-5438
-7804
-7883
-6861
-6672
-6231
-5522
-5677
-7007
-8040
-7236
-4091
-2968
-4152
-3751
-3206
-2220
-1385
-1606
-815
38
855
1936
1284
1601
3026
2977
3364
3181
3052
4184
4213
4458
4369
2552
2644
3697
2547
1783
2070
1915
2316
899
-1255
-394
-572
-2451
-2321
-981
-823
-988
-1158
-1573
-1877
-2386
-1462
-1084
-1753
-1188
203
371
-534
187
858
1102
886
1098
2123
1711
2123
3027
3129
2975
2745
2950
2992
2636
2807
3775
3316
2821
3271
3315
4127
3950
3292
3012
2658
2819
3098
3436
2335
2362
3255
3004
3083
2248
1780
2182
2123
2605
3440
1485
-2720
-4624
-3171
-465
-441
-2735
-3463
-4260
-5712
-6007
-6384
-6215
-6548
-8264
-7906
-6845
-7145
-6215
-5120
-6322
-7402
-7172
-5266
-3128
-3515
-2977
-2182
-2663
-1841
-1252
-435
870
997
1176
1979
2293
3211
4163
3963
4001
3571
4041
4846
4546
5017
4070
2210
2773
2988
2519
2055
1070
1344
1033
184
-739
-1054
-1212
-1941
-1931
-2888
-2142
-1274
-1693
-921
-1390
-1479
-998
-1409
-1034
-232
-52
741
1804
1517
1375
1440
1569
1977
2334
2032
2072
3344
3109
3402
3644
2351
2598
2731
2024
2411
2945
2682
3224
2978
2675
3503
2675
2417
2604
2166
2830
2790
2148
2478
2484
2301
2364
1663
1158
1978
2712
2975
2731
419
-2900
-4710
-3380
-1258
-1340
-3294
-4168
-4104
-5825
-6994
-7258
-7010
-7747
-8406
-7468
-7771
-7480
-6957
-6324
-6194
-7627
-7070
-4861
-3829
-3553
-2840
-2388
-1401
-902
-642
911
1277
1664
2135
2266
2734
2945
4232
4886
4217
3760
3513
3803
4132
3627
2837
2169
1961
1719
932
532
452
254
-123
-967
-1619
-1113
-1419
-2587
-3059
-2784
-1868
-1444
-1166
-1012
-998
-776
-486
-104
-171
80
1184
1508
1586
2719
3122
2337
1589
2011
2470
2562
2788
2957
3455
2739
2715
3206
2439
2056
1754
1743
1818
1732
2448
3081
2993
2680
1991
1973
2365
2379
2596
2398
1925
2386
2852
2630
2735
2109
1822
1846
1780
2982
2667
1410
-721
-3811
-4216
-3379
-2666
-1945
-3459
-5059
-5980
-7057
-6523
-7124
-7988
-8672
-9193
-7983
-7564
-7541
-6864
-6100
-5973
-5644
-5481
-4892
-4033
-3618
-2369
-1920
-1128
666
1527
1492
1405
1420
1971
2912
2859
3319
4285
4468
4498
4209
3878
3580
3770
3232
2293
2392
1966
1839
1694
1373
1570
1131
385
30
-145
-635
-1218
-1488
-1294
-437
-286
-296
-7
-526
51
-123
-725
143
287
903
1218
1127
2017
2073
1210
848
821
1013
1744
1621
1650
1969
2213
2677
2036
1629
1097
1193
1748
1550
2101
2379
2461
2625
2542
2371
2565
2980
3025
2970
2496
2614
3205
3512
3487
2353
2027
2467
2169
2234
1985
2327
3476
2495
-228
-3168
-4756
-3900
-2807
-2722
-3525
-4303
-4492
-4902
-5533
-6790
-7578
-8060
-8380
-7808
-7840
-7282
-6289
-5266
-4294
-5076
-5261
-4525
-3923
-3606
-3711
-2538
-648
866
1041
963
1146
713
983
1386
1987
2584
2989
3820
3982
3935
3817
3577
3741
3225
2158
1656
1820
1845
1773
1960
1895
2099
1903
1233
736
143
-367
-480
120
-12
-63
357
511
315
-293
0
-511
-725
-5
65
293
563
1022
895
275
11
353
308
-79
275
613
1250
1530
1290
1396
821
632
1022
1040
1680
2090
2454
2756
2357
2395
2651
2768
2906
2714
2550
2826
2769
2799
2814
2324
2003
2028
1965
1718
1702
1757
1678
1333
1575
1476
-331
-3019
-5294
-4905
-3622
-3552
-4026
-4582
-4187
-4793
-6140
-6833
-7342
-7435
-7887
-7837
-7402
-6893
-6301
-5398
-4642
-4858
-4467
-4074
-3672
-3372
-3154
-2352
-1373
-167
935
1919
1589
915
912
1064
1949
2673
3153
3641
3722
4020
4053
3921
4041
3843
3746
3082
2391
2236
2439
2764
2753
3314
3365
2571
1963
1477
810
618
870
911
823
62
-370
-32
199
31
-374
-292
1
-351
-651
-753
-835
-268
-190
-351
-469
-895
-359
439
517
193
-79
357
825
771
1000
1205
1711
2252
2170
2532
2436
2428
2865
2555
2569
2620
2877
3184
2898
2423
1773
1911
1958
1645
1395
1114
1490
1700
1279
529
186
291
588
784
-281
-2398
-4612
-5270
-4062
-3068
-3291
-4159
-4125
-4130
-5014
-5537
-5982
-5811
-5900
-6286
-5910
-6301
-6165
-4750
-3929
-3493
-3331
-3149
-2236
-2335
-3239
-2701
-1471
-219
705
712
666
950
1524
1541
1650
2100
2436
3423
3303
2827
3199
3546
4108
4485
4388
3960
3406
3039
3235
3162
3070
3381
3434
3419
2742
2304
2268
1462
864
467
128
-46
-689
-839
-592
-594
-1046
-1606
-1382
-1497
-1856
-2049
-2043
-1776
-1820
-1347
-763
-953
-1049
-726
-666
-415
183
638
1345
1453
1485
2019
2416
3006
3154
3290
3244
3064
3265
3280
3481
3365
2765
2328
2167
2026
1961
1608
1466
1590
1129
1149
741
163
272
-159
-310
-162
-198
169
351
-715
-3101
-5184
-5180
-3774
-2710
-3216
-3633
-3230
-3480
-3581
-4477
-5454
-5764
-5976
-5539
-5587
-5952
-5853
-4638
-3383
-3154
-3676
-3526
-2578
-2919
-3448
-3455
-2495
-903
-554
-540
-247
-19
806
1618
2278
2557
2559
3165
3358
3432
3563
4058
4775
5407
5644
5111
4668
4573
4878
4423
4183
4002
3797
3644
2207
1576
1426
1419
1637
1002
251
-474
-1693
-2673
-2912
-2857
-2614
-2379
-2133
-2261
-2457
-2689
-2224
-1726
-2499
-2428
-2088
-1926
-1215
-758
-269
597
947
1126
1489
1368
1619
1743
1777
2134
2261
2827
3288
3159
2846
2436
2112
1734
1413
1047
862
995
979
1143
1410
923
424
445
-141
-207
-145
-17
540
233
23
68
397
323
-696
-2310
-3180
-2823
-1846
-1104
-2115
-2960
-3276
-3458
-3629
-4172
-4049
-3719
-3593
-3877
-4492
-5194
-5516
-5167
-4714
-4314
-3774
-2780
-1891
-1993
-2724
-2880
-2138
-1400
-894
-519
-206
530
1502
2555
3671
4143
4157
4182
4101
3932
3917
4694
5630
5994
6155
6269
6381
6264
5654
4839
4665
4271
3336
2841
2267
2051
1847
1384
1440
1006
-100
-1353
-2380
-2974
-3340
-3519
-3537
-3264
-3177
-3042
-2774
-2971
-2507
-2021
-1913
-1508
-1806
-2045
-1886
-1317
-386
350
1000
1378
1668
1779
1920
1988
2113
2301
2197
2115
1877
1788
1943
2097
1976
1870
2207
1974
1559
1134
386
211
51
-133
76
255
504
271
-143
-180
-666
-945
-1194
-1420
-633
268
761
642
-577
-2270
-3008
-2867
-2537
-3009
-3573
-2926
-2618
-2710
-2711
-2439
-2497
-3384
-4215
-4975
-5501
-6159
-5937
-4597
-3796
-3498
-3089
-2274
-1977
-2163
-2216
-1949
-1233
-958
-812
-466
0
667
1871
3444
4205
4643
4915
4842
4860
4937
5135
5352
5951
6549
6461
6420
6229
6345
6586
5866
5096
3904
2925
2392
1552
1027
650
327
105
-176
-1204
-2505
-3710
-4300
-4325
-4527
-4489
-4187
-3744
-3897
-3812
-3394
-2894
-2469
-2572
-2519
-2727
-2832
-2456
-1460
-450
163
608
832
1354
1719
1959
2187
2011
1637
1553
1683
1733
1896
2125
2237
2409
2444
2102
1722
1095
569
364
142
-61
-151
-289
-732
-740
-579
-580
-478
-838
-1348
-1547
-1575
-1157
-604
-3
889
1064
81
-1484
-2513
-2164
-1418
-1607
-1976
-1804
-1565
-1663
-2048
-2030
-2128
-2547
-2965
-3389
-4545
-6053
-6077
-4876
-3547
-3140
-2698
-1801
-1440
-1772
-2190
-1615
-900
-628
-493
-85
406
1090
2158
3528
4724
4871
5182
5664
5984
6082
6003
6139
6355
6479
6250
6338
6291
6012
5638
5108
4393
3275
2250
1254
588
-231
-869
-1233
-1853
-1996
-2584
-3385
-4204
-5001
-4782
-4669
-5102
-5266
-5025
-4801
-4790
-4519
-3494
-3009
-3235
-2978
-2790
-2527
-1957
-1137
-138
481
823
1307
1981
2406
2355
2588
2988
3089
3110
3060
3357
3454
3276
3054
2860
2591
1701
1037
639
298
212
241
222
-63
-618
-994
-1167
-1674
-1997
-2148
-2197
-1975
-1889
-1542
-799
-206
326
1018
1593
1877
1363
29
-1229
-1353
-447
70
164
48
-16
280
291
256
85
-602
-1420
-2059
-2804
-4036
-4827
-4155
-2904
-2457
-2531
-2414
-1983
-1856
-1894
-1519
-1003
-490
-445
-106
481
627
1349
2436
3372
4245
4740
4981
5478
5745
5983
6474
6452
6331
5920
5108
4648
4031
3520
3590
3440
2951
2115
1070
442
-110
-826
-1522
-2216
-2989
-3918
-4733
-5351
-5599
-5507
-5369
-5064
-4794
-4725
-4697
-4501
-4402
-4267
-3715
-3096
-2720
-2450
-1835
-1139
-273
723
1568
2111
2236
2286
2355
2835
3028
2889
2869
2789
2672
2209
1883
1580
1231
983
676
209
-349
-766
-1419
-1766
-1929
-2274
-2022
-2021
-2260
-2182
-2158
-1688
-1460
-1596
-1323
-901
-389
30
287
933
1993
2681
3257
3922
3865
3110
2174
1720
2037
2181
1663
1261
1296
1066
570
158
-217
-749
-1596
-2108
-2558
-3482
-4473
-4868
-4329
-3814
-3915
-3773
-3247
-3091
-2779
-2095
-1250
-413
-460
-370
485
815
811
928
1639
3000
3677
3730
4183
4979
5473
5800
5628
5449
5311
4410
3784
3186
2495
2050
1899
2054
1772
1109
664
454
-143
-905
-1700
-2187
-2405
-3103
-3495
-3569
-3717
-3562
-3355
-3201
-3155
-3133
-2949
-2558
-2272
-2154
-1679
-1290
-1084
-840
-533
-249
-150
156
455
403
231
208
162
27
-127
-9
238
91
-220
-485
-585
-910
-1479
-1627
-1183
-966
-1147
-1077
-819
-631
-930
-1137
-959
-888
-814
-530
-182
181
387
655
1463
2095
2598
2874
2976
3219
3230
3262
3689
4265
4493
4284
3307
2238
1783
1748
1495
653
-199
-639
-926
-1214
-1249
-1340
-1732
-2357
-2536
-2941
-4016
-4918
-4933
-4045
-3514
-3481
-3496
-2828
-2396
-2343
-1710
-1023
-267
67
158
461
715
755
1134
1886
2445
2711
2702
2880
3103
3210
3410
4002
4554
4372
3679
3183
3057
2739
2110
1783
1881
1653
1084
459
319
518
504
530
457
105
-366
-899
-1353
-1679
-2251
-2440
-2484
-2737
-2749
-2945
-2772
-2264
-2207
-2440
-2624
-2848
-2975
-3298
-3662
-3370
-3224
-2979
-2341
-2205
-2101
-1652
-1170
-818
-923
-1003
-676
-369
-247
38
461
795
1264
1405
1388
1491
1813
2211
2277
2546
2735
2815
2966
2949
2725
2401
2298
2381
2429
2170
2127
2057
1779
1946
1878
1772
1635
1136
953
952
1137
1302
1239
963
428
-106
-358
-285
-754
-1469
-1917
-2225
-2549
-2931
-2743
-2504
-2633
-2640
-2499
-2418
-2723
-3323
-3366
-3112
-3214
-3472
-3558
-3172
-2733
-2360
-1799
-773
-173
-332
-130
45
239
272
264
771
1109
1397
1919
2543
3234
3980
4470
4921
5251
4878
4505
4420
4338
4219
3938
3915
3938
3315
2697
2360
2065
1642
972
410
-227
-1009
-1745
-2150
-2412
-2928
-3752
-4310
-4524
-5120
-5750
-6118
-5736
-5086
-4991
-4798
-4344
-4172
-3997
-3404
-2713
-2007
-1752
-1367
-653
-556
-542
-19
771
1435
1870
2297
2619
2871
3333
3612
3610
3583
3398
3031
2704
2360
2062
1962
2040
2185
1926
1444
1115
947
830
870
831
497
232
-60
-257
-407
-509
-391
-196
-50
5
50
144
632
1122
1356
1723
1966
1703
962
300
62
77
-81
-464
-808
-1028
-1011
-1005
-1204
-1352
-1525
-1791
-1988
-2539
-3248
-3439
-3279
-3066
-2986
-3044
-3079
-3111
-3034
-2775
-2298
-1704
-1375
-822
-247
45
510
892
1436
2000
2199
2268
2365
2768
3339
3737
4252
4993
5304
5221
5211
5023
4628
4100
3592
3191
2426
1491
648
203
36
-387
-826
-1249
-1593
-2074
-2733
-3260
-3761
-4195
-4575
-4720
-4744
-4849
-4771
-4632
-4492
-4349
-4130
-3565
-2909
-2517
-2132
-1432
-751
-353
129
821
1139
1021
1207
1591
1682
1687
1850
2101
2286
2408
2484
2449
2432
2454
2176
1878
1852
1681
1416
1200
964
654
315
326
452
64
-407
-446
-415
-434
-347
-147
-42
10
155
-12
-338
-318
-203
-158
18
295
724
1148
1468
1686
1480
1362
1363
933
484
425
448
35
-394
-572
-834
-1172
-1282
-1176
-1217
-1452
-1568
-1559
-1627
-1656
-1907
-2079
-2082
-2376
-2749
-2905
-2686
-2388
-2070
-1612
-941
-414
-35
625
1233
1610
1833
2063
2280
2438
2599
2777
2984
3218
3462
3694
3953
4069
3921
3721
3620
3276
2697
2079
1632
1323
632
-49
-397
-856
-1469
-2033
-2514
-2712
-2936
-3433
-3531
-3219
-2989
-3009
-3035
-3021
-3135
-3271
-3326
-3109
-2995
-3104
-2913
-2411
-1823
-1329
-1001
-564
-98
51
122
367
574
596
669
930
1244
1204
1019
1225
1299
1163
1204
1185
1103
901
701
690
586
461
228
-232
-626
-733
-913
-1004
-741
-619
-544
-565
-469
-275
-257
18
214
127
122
-65
-348
-278
-22
290
610
898
1350
1635
1642
2005
2323
2303
2242
2050
1754
1182
801
819
664
396
146
-293
-686
-953
-1110
-1036
-1128
-1166
-1039
-1114
-1302
-1572
-1759
-1624
-1490
-1494
-1332
-1048
-576
-94
283
751
1093
1385
1734
1898
1932
2031
2228
2612
2751
2527
2496
2611
2713
2664
2430
2407
2637
2585
2170
1782
1720
1595
1084
727
497
203
-189
-573
-658
-781
-1066
-1147
-1170
-1333
-1575
-1969
-2116
-2073
-2323
-2549
-2661
-2688
-2668
-2819
-2770
-2433
-2125
-1862
-1686
-1671
-1669
-1623
-1578
-1421
-1344
-1257
-883
-597
-400
-262
-213
152
567
523
329
412
635
892
1206
1395
1319
1208
1073
750
370
82
121
289
441
574
564
601
743
737
389
112
11
-109
-192
-190
-7
58
90
317
406
250
144
246
368
455
581
753
977
1268
1520
1610
1721
1936
1964
1886
1925
1846
1595
1570
1807
1803
1473
1186
1097
879
628
779
915
764
511
313
244
35
-330
-455
-382
-398
-485
-834
-1073
-865
-850
-822
-529
-338
-250
-200
28
270
248
273
554
770
831
924
1042
1315
1597
1665
1615
1453
1246
1082
797
554
354
-24
-220
-377
-732
-1100
-1419
-1596
-1839
-2342
-2869
-3152
-3310
-3480
-3666
-3726
-3566
-3374
-3252
-3224
-3046
-2629
-2231
-1869
-1472
-1107
-776
-383
-42
103
194
401
628
757
801
893
1079
1113
1035
1008
908
624
413
470
369
-19
-314
-558
-917
-1358
-1715
-1918
-2102
-2186
-2230
-2357
-2335
-2143
-2108
-2073
-1760
-1399
-1305
-1235
-813
-511
-403
-138
284
694
1039
1478
1759
1819
1995
2369
2630
2735
2799
2822
2958
3210
3381
3226
3083
3292
3262
2761
2354
2145
1890
1649
1459
1182
962
939
862
542
173
-27
-229
-453
-587
-751
-1031
-1121
-859
-648
-684
-675
-445
-252
-197
-138
-73
-2
148
193
27
-52
-35
6
78
135
226
252
199
163
106
-50
-229
-294
-473
-821
-1040
-1064
-1052
-1077
-1047
-950
-842
-758
-774
-820
-716
-564
-576
-531
-325
-173
-62
47
250
434
508
776
1014
1001
945
933
970
849
643
494
305
70
-172
-399
-616
-730
-867
-1023
-1172
-1518
-2014
-2364
-2400
-2526
-2845
-2984
-2801
-2689
-2796
-2795
-2712
-2556
-2249
-1937
-1847
-1798
-1498
-990
-645
-425
-93
171
447
769
1081
1297
1517
1944
2241
2290
2315
2353
2330
2366
2444
2480
2426
2355
2364
2046
1706
1585
1349
1161
1075
995
814
590
574
592
464
440
508
466
343
256
159
103
277
485
505
503
624
625
580
684
775
707
591
694
748
547
444
553
554
442
483
438
300
301
351
386
319
230
162
-8
-143
-182
-280
-370
-219
-97
-194
-228
-147
-34
20
99
144
80
50
7
-62
-42
122
223
222
327
507
453
229
222
288
175
-16
-140
-259
-366
-486
-569
-557
-580
-617
-781
-1041
-1240
-1456
-1675
-1709
-1773
-2039
-2128
-2046
-1996
-2042
-2087
-1916
-1765
-1869
-1968
-1968
-1898
-1578
-1263
-1145
-916
-635
-414
-231
-93
93
257
368
503
657
717
741
834
880
845
840
814
680
627
630
546
436
397
329
124
-28
-84
-153
-285
-413
-536
-695
-779
-773
-795
-816
-725
-660
-686
-680
-598
-549
-571
-491
-323
-212
-89
202
431
493
670
898
1039
1116
1181
1289
1431
1532
1604
1687
1748
1984
2249
2310
2364
2354
2312
2346
2371
2278
2060
1883
1753
1644
1554
1508
1404
1238
1233
1230
1074
944
926
881
681
433
318
180
-36
-225
-434
-671
-864
-971
-1105
-1227
-1348
-1399
-1352
-1397
-1495
-1593
-1613
-1553
-1575
-1637
-1624
-1593
-1552
-1513
-1390
-1230
-1103
-924
-801
-808
-861
-798
-679
-608
-596
-610
-540
-454
-363
-283
-209
-63
73
157
292
432
451
444
475
504
435
329
266
222
167
129
143
152
189
165
113
61
4
-93
-343
-588
-847
-1116
-1308
-1486
-1640
-1804
-1929
-1945
-1940
-1974
-1988
-1904
-1760
-1678
-1701
-1713
-1669
-1567
-1380
-1192
-989
-808
-667
-489
-274
-86
92
354
628
879
1070
1245
1444
1584
1746
1937
2024
2039
2103
2173
2303
2354
2299
2318
2276
2224
2163
2000
1893
1894
1833
1750
1700
1602
1553
1500
1405
1372
1369
1428
1526
1479
1390
1363
1294
1218
1103
968
786
491
186
-23
-217
-380
-392
-441
-615
-806
-928
-971
-1070
-1206
-1257
-1273
-1364
-1465
-1565
-1611
-1622
-1647
-1584
-1529
-1502
-1493
-1518
-1491
-1443
-1407
-1337
-1194
-1038
-921
-778
-558
-289
-27
173
315
399
403
488
633
682
786
930
969
1001
983
932
943
883
798
666
376
147
41
-92
-211
-253
-270
-309
-447
-585
-642
-725
-803
-943
-1144
-1276
-1406
-1533
-1598
-1638
-1568
-1367
-1241
-1134
-1030
-996
-897
-792
-734
-714
-720
-698
-649
-638
-613
-558
-504
-443
-481
-479
-385
-348
-298
-223
-156
-70
-23
-30
9
86
139
172
212
277
350
414
501
624
750
848
944
1035
1029
1002
1009
1001
1035
1030
1018
1035
1013
1042
1046
1018
1022
1028
1025
1021
996
967
996
959
908
827
679
589
555
569
593
592
613
779
868
865
936
901
788
684
572
422
255
90
5
-58
-95
-47
-68
-93
-108
-160
-240
-374
-550
-664
-724
-790
-773
-761
-824
-834
-850
-870
-841
-881
-878
-783
-712
-647
-544
-414
-297
-168
-62
-45
-43
78
189
241
314
412
557
649
698
790
831
733
669
589
457
345
254
194
109
76
41
-45
-207
-382
-508
-635
-707
-837
-994
-1019
-1050
-1148
-1273
-1372
-1413
-1495
-1618
-1714
-1767
-1761
-1620
-1447
-1392
-1291
-1139
-1043
-1006
-989
-980
-972
-886
-816
-785
-665
-508
-288
-59
116
308
425
441
439
404
345
370
469
519
521
558
605
598
602
659
683
645
578
496
415
370
425
528
561
577
540
454
429
445
476
498
548
624
704
771
870
971
1014
1105
1116
1026
972
943
945
957
939
950
988
951
906
854
793
783
771
709
563
414
279
102
-36
-127
-220
-284
-326
-402
-469
-459
-392
-305
-192
-105
-58
-43
-49
-32
14
48
104
229
342
425
560
720
836
966
1050
1042
1017
943
828
739
660
598
536
448
370
297
190
82
-8
-184
-357
-532
-786
-996
-1170
-1294
-1371
-1446
-1527
-1639
-1737
-1771
-1779
-1839
-1906
-1921
-1907
-1886
-1833
-1799
-1785
-1743
-1706
-1625
-1575
-1550
-1469
-1401
-1295
-1172
-1067
-951
-838
-722
-631
-551
-433
-342
-300
-189
-43
111
268
368
471
538
580
645
676
689
751
872
959
964
925
867
800
769
728
636
577
548
514
492
503
508
542
567
522
453
327
239
188
81
9
-26
-79
-87
-14
104
178
248
363
423
396
373
363
353
387
403
421
454
483
511
525
602
701
763
754
725
720
724
765
824
882
927
974
971
923
950
1016
1031
1022
991
922
834
800
809
797
749
712
720
645
555
484
414
412
367
267
185
132
130
129
88
62
13
-54
-129
-300
-486
-619
-714
-747
-830
-938
-962
-983
-987
-1026
-1056
-1006
-1052
-1113
-1134
-1223
-1265
-1233
-1209
-1153
-1128
-1167
-1131
-1046
-966
-880
-826
-763
-664
-600
-575
-532
-485
-445
-395
-386
-422
-432
-411
-364
-312
-339
-354
-274
-208
-175
-143
-103
-6
80
110
125
152
165
197
249
252
268
291
350
402
373
393
452
425
398
376
302
226
108
13
-49
-157
-254
-337
-424
-455
-470
-519
-520
-493
-491
-538
-610
-661
-682
-662
-587
-508
-456
-356
-213
-84
27
143
272
389
455
497
536
584
642
654
629
653
738
814
855
868
882
894
864
820
762
701
673
659
662
672
685
699
706
696
665
659
693
704
693
685
706
807
875
887
923
926
886
851
808
767
701
574
469
385
257
104
-41
-187
-332
-483
-658
-802
-946
-1085
-1151
-1232
-1317
-1372
-1404
-1411
-1431
-1453
-1441
-1383
-1310
-1249
-1181
-1107
-998
-850
-677
-497
-347
-218
-81
47
152
258
401
504
507
478
455
425
367
322
271
207
141
66
23
-23
-62
-135
-255
-344
-436
-555
-663
-740
-799
-874
-905
-870
-883
-892
-851
-783
-700
-657
-598
-496
-429
-403
-409
-408
-360
-360
-367
-306
-277
-295
-259
-163
-69
19
70
129
185
158
129
95
57
51
37
24
59
93
152
239
309
379
421
450
485
500
513
580
657
742
827
883
965
1060
1158
1196
1149
1168
1322
1428
1379
1341
1357
1375
1352
1354
1412
1389
1358
1354
1276
1210
1190
1124
1053
945
772
639
556
497
413
291
212
189
160
118
75
-19
-98
-154
-265
-383
-510
-618
-720
-821
-858
-860
-880
-900
-861
-817
-812
-798
-738
-652
-624
-659
-674
-625
-593
-542
-486
-455
-363
-294
-248
-185
-150
-99
-21
18
23
-6
-73
-142
-204
-253
-284
-298
-323
-380
-443
-495
-545
-552
-548
-562
-574
-618
-675
-716
-732
-745
-796
-857
-867
-851
-845
-859
-853
-746
-600
-480
-408
-397
-396
-372
-327
-287
-248
-252
-278
-257
-237
-237
-204
-138
-50
1
-15
-33
-16
21
23
-48
-126
-174
-187
-183
-181
-159
-103
-44
-10
30
69
97
150
203
258
295
301
346
406
461
541
650
771
870
935
980
1033
1095
1145
1208
1256
1255
1220
1152
1098
1091
1079
1005
941
877
765
634
540
500
459
420
366
291
217
169
146
107
54
-10
-84
-147
-195
-219
-195
-171
-162
-139
-91
-30
41
85
109
142
138
118
66
3
-9
2
-11
-26
-45
-78
-98
-123
-128
-139
-166
-196
-259
-343
-439
-523
-537
-532
-578
-648
-708
-738
-756
-754
-734
-710
-713
-721
-706
-685
-670
-682
-679
-642
-599
-570
-545
-502
-451
-380
-307
-248
-201
-166
-139
-116
-92
-35
48
75
80
92
94
93
67
38
17
-2
-37
-47
-55
-102
-111
-103
-109
-163
-232
-261
-269
-251
-246
-227
-188
-150
-109
-64
1
57
103
154
187
229
282
342
425
497
556
595
598
590
600
611
612
588
541
525
508
480
448
430
407
362
314
253
180
107
49
-10
-70
-133
-157
-138
-126
-112
-99
-88
-75
-53
-44
-34
-15
19
70
123
153
159
190
246
306
334
341
354
356
331
331
335
309
297
286
287
294
298
287
290
289
223
158
115
80
20
-86
-162
-208
-254
-292
-321
-336
-355
-355
-320
-306
-325
-354
-363
-330
-320
-334
-346
-370
-367
-347
-345
-316
-245
-192
-160
-114
-93
-76
-72
-67
-50
-71
-80
-78
-94
-99
-97
-113
-114
-111
-132
-173
-218
-275
-347
-381
-393
-412
-465
-503
-485
-490
-491
-453
-427
-399
-389
-371
-323
-302
-304
-290
-251
-222
-206
-186
-144
-106
-85
-28
84
191
220
225
261
322
363
382
408
436
410
354
329
314
300
270
235
216
214
233
270
298
307
296
253
233
242
211
141
69
6
-25
-32
-36
-38
-47
-69
-60
-17
11
22
30
64
90
108
141
162
169
163
149
141
148
160
196
237
223
196
218
262
291
279
235
211
201
171
124
83
61
53
43
58
77
75
84
85
42
-9
-25
-28
-20
-32
-52
-16
39
106
169
194
239
304
349
382
411
413
425
449
468
484
454
417
395
369
354
353
330
299
240
137
58
-36
-154
-271
-396
-517
-610
-688
-749
-788
-858
-911
-946
-982
-995
-1011
-1041
-1061
-1089
-1106
-1039
-944
-870
-799
-732
-647
-545
-435
-338
-263
-201
-143
-87
-25
52
113
176
235
258
281
318
352
381
363
347
368
366
361
353
307
237
183
141
107
50
-14
-31
-35
-58
-78
-72
-57
-74
-96
-85
-81
-82
-88
-78
-60
-41
-19
-5
26
48
49
62
116
177
209
226
249
283
291
269
254
235
189
176
159
119
104
78
58
67
67
68
89
108
100
57
23
29
36
63
110
160
202
223
273
351
417
477
541
605
664
696
707
736
761
764
783
782
752
699
632
604
589
561
509
438
363
272
201
155
101
21
-38
-95
-157
-210
-254
-274
-296
-354
-416
-451
-465
-472
-482
-481
-468
-421
-375
-349
-335
-335
-302
-260
-228
-200
-198
-184
-156
-142
-122
-104
-104
-118
-134
-171
-191
-206
-216
-203
-222
-256
-274
-289
-303
-328
-398
-453
-469
-515
-576
-610
-629
-629
-613
-615
-593
-555
-530
-503
-488
-462
-424
-408
-368
-330
-318
-288
-258
-243
-251
-267
-259
-245
-242
-240
-215
-175
-114
-64
-54
-36
-6
-3
-11
-18
-20
-8
8
34
70
123
179
228
273
318
369
412
428
441
453
475
526
560
568
579
597
631
655
675
701
692
677
652
639
633
586
530
487
419
358
351
342
308
282
243
214
218
219
230
215
177
150
140
118
76
59
44
58
77
105
169
226
266
298
323
380
468
497
487
471
437
420
428
401
375
361
334
349
371
381
383
375
349
305
239
163
106
54
-8
-82
-141
-181
-224
-239
-239
-241
-249
-269
-281
-283
-295
-329
-363
-399
-432
-456
-487
-507
-532
-560
-570
-549
-534
-552
-588
-613
-635
-661
-687
-746
-792
-824
-849
-885
-920
-923
-914
-902
-905
-874
-829
-782
-731
-696
-685
-664
-626
-585
-549
-532
-496
-423
-348
-267
-197
-151
-111
-60
2
55
82
80
77
75
81
111
121
106
97
71
64
98
118
120
112
100
95
87
59
41
49
45
40
46
71
94
146
212
259
310
366
414
454
480
508
550
579
627
672
719
767
854
943
972
992
1013
1058
1091
1089
1081
1074
1059
1041
1010
952
897
853
827
799
745
676
605
536
475
382
281
190
107
31
-45
-117
-208
-278
-331
-360
-367
-383
-392
-404
-421
-443
-470
-472
-466
-478
-503
-532
-526
-518
-500
-446
-415
-391
-359
-343
-327
-307
-277
-239
-240
-265
-306
-347
-374
-404
-424
-447
-458
-471
-479
-491
-482
-464
-442
-447
-467
-466
-486
-492
-489
-484
-477
-472
-458
-419
-368
-330
-287
-248
-207
-149
-120
-130
-114
-110
-108
-89
-84
-74
-95
-123
-136
-156
-199
-227
-266
-329
-360
-395
-420
-434
-444
-438
-432
-460
-488
-486
-480
-451
-409
-356
-308
-244
-166
-78
25
127
250
366
465
553
660
782
900
1008
1080
1146
1181
1203
1228
1238
1270
1292
1289
1278
1245
1203
1163
1129
1076
998
906
825
729
632
555
474
417
347
270
201
148
92
18
-27
-65
-122
-213
-273
-314
-362
-372
-376
-374
-374
-397
-395
-391
-394
-380
-368
-351
-325
-300
-303
-297
-279
-265
-250
-224
-197
-174
-152
-130
-92
-56
-21
0
16
23
5
19
63
80
94
114
113
122
114
108
111
91
65
17
-27
-49
-63
-77
-103
-134
-142
-141
-158
-201
-251
-287
-288
-303
-353
-392
-432
-429
-436
-451
-458
-462
-467
-497
-511
-535
-544
-545
-548
-566
-614
-660
-684
-682
-702
-724
-723
-722
-717
-698
-682
-646
-609
-566
-525
-490
-449
-396
-325
-257
-181
-91
6
83
180
281
373
482
576
668
745
813
880
930
964
984
989
1000
994
979
967
931
898
873
836
774
719
668
596
519
443
369
287
209
147
96
65
60
63
63
70
86
111
123
135
152
155
170
179
188
194
205
239
260
285
313
336
346
341
341
324
305
270
212
160
119
90
65
18
-33
-87
-138
-155
-174
-191
-202
-200
-179
-179
-195
-233
-258
-262
-273
-270
-282
-304
-340
-348
-290
-256
-256
-238
-227
-251
-284
-304
-309
-330
-344
-349
-366
-379
-395
-396
-395
-378
-377
-396
-409
-415
-406
-400
-394
-381
-384
-393
-393
-421
-454
-462
-436
-389
-335
-306
-285
-253
-245
-207
-165
-135
-99
-84
-74
-63
-27
24
83
147
183
182
176
186
186
201
218
210
212
188
169
186
205
253
287
276
271
293
316
317
311
299
298
304
309
302
276
276
268
260
263
252
258
265
272
279
286
291
294
291
276
254
246
253
262
277
290
322
330
329
323
316
340
344
346
342
328
313
309
316
314
303
296
292
271
244
225
206
180
143
107
73
40
23
33
22
-16
-55
-114
-171
-222
-259
-303
-347
-372
-376
-388
-426
-427
-440
-440
-425
-420
-399
-404
-404
-379
-335
-278
-236
-205
-174
-168
-172
-157
-126
-88
-50
-24
-16
-16
-15
-22
-47
-74
-111
-161
-203
-240
-258
-277
-296
-294
-286
-303
-349
-383
-393
-393
-390
-375
-343
-335
-334
-326
-304
-276
-250
-201
-153
-117
-98
-88
-48
-11
3
19
24
11
-19
-44
-57
-87
-104
-124
-152
-175
-212
-255
-288
-296
-310
-336
-352
-371
-392
-414
-417
-399
-365
-333
-297
-241
-190
-121
-36
53
154
239
305
356
410
459
536
631
707
776
810
811
826
842
848
850
849
851
837
807
785
756
716
684
640
597
551
491
439
393
342
282
245
206
146
100
78
65
46
14
-9
-23
-42
-49
-43
-34
-22
17
45
52
62
60
58
45
33
47
75
97
121
125
121
121
94
62
40
1
-32
-65
-86
-77
-75
-76
-82
-113
-153
-171
-182
-194
-205
-241
-262
-277
-275
-251
-248
-235
-230
-221
-217
-208
-181
-159
-115
-68
-54
-55
-42
-20
-4
-3
11
34
35
29
14
-19
-49
-79
-127
-166
-193
-222
-247
-287
-331
-382
-448
-498
-547
-584
-594
-580
-569
-563
-543
-514
-479
-452
-427
-399
-372
-322
-241
-143
-46
44
134
211
279
333
358
377
407
418
422
448
457
449
439
405
360
326
273
225
203
189
193
192
181
160
136
85
40
18
2
6
30
78
111
143
188
231
291
333
362
405
449
484
521
551
578
592
587
576
560
532
488
448
392
335
281
236
198
136
64
-6
-70
-134
-180
-222
-252
-268
-281
-266
-268
-261
-234
-224
-191
-158
-139
-95
-35
9
54
97
123
158
187
181
178
173
154
144
119
84
47
14
-44
-115
-192
-262
-317
-397
-467
-551
-641
-712
-770
-816
-862
-886
-901
-929
-956
-964
-961
-954
-960
-960
-932
-903
-883
-863
-831
-802
-770
-722
-659
-587
-526
-477
-424
-359
-303
-257
-218
-177
-134
-113
-97
-74
-58
-12
51
103
152
174
201
232
250
251
250
240
229
222
218
248
298
340
369
397
414
443
463
459
445
442
473
508
586
648
690
739
773
782
762
759
757
758
767
797
816
814
804
771
712
642
566
494
437
374
314
269
243
216
171
109
52
-8
-56
-98
-157
-185
-182
-160
-125
-98
-70
-43
-17
20
69
108
151
225
295
353
389
422
450
463
469
459
465
461
451
416
350
287
226
158
72
0
-70
-131
-177
-229
-301
-368
-431
-493
-545
-598
-647
-665
-660
-660
-652
-635
-620
-607
-607
-589
-558
-527
-480
-432
-390
-346
-308
-272
-241
-214
-197
-173
-140
-120
-104
-99
-123
-150
-165
-186
-207
-207
-209
-230
-243
-262
-286
-303
-310
-296
-281
-282
-275
-271
-272
-283
-288
-260
-240
-222
-210
-205
-182
-154
-131
-101
-76
-49
-6
24
44
56
54
58
80
91
123
175
202
228
252
281
299
306
320
333
353
370
378
381
383
363
342
316
298
286
262
244
233
222
206
197
193
191
171
145
119
105
110
121
153
200
244
282
308
324
352
372
371
383
405
434
461
492
516
503
467
434
388
336
292
235
170
108
37
-16
-59
-116
-174
-248
-324
-388
-445
-477
-498
-521
-535
-528
-512
-477
-450
-417
-362
-301
-222
-153
-89
-19
53
122
167
211
262
307
343
369
371
364
356
340
315
280
242
192
118
48
-28
-102
-158
-206
-256
-323
-385
-461
-529
-574
-621
-657
-683
-694
-708
-705
-689
-685
-678
-672
-673
-672
-654
-636
-616
-603
-582
-553
-532
-512
-502
-491
-488
-490
-480
-453
-431
-392
-341
-311
-281
-252
-223
-186
-136
-81
-44
0
49
82
128
172
205
252
303
352
387
418
445
468
516
549
570
606
637
667
693
713
721
731
728
723
738
734
734
738
738
735
716
694
661
625
594
569
540
504
452
396
334
254
188
110
49
-11
-79
-126
-184
-208
-233
-265
-293
-329
-372
-403
-407
-417
-417
-405
-390
-366
-325
-289
-254
-204
-144
-82
-38
11
74
121
175
215
228
241
254
296
322
329
336
348
362
369
368
332
296
251
221
203
182
161
120
96
80
57
59
61
47
38
24
10
-7
-28
-47
-61
-71
-86
-99
-121
-123
-134
-168
-202
-256
-283
-298
-328
-351
-374
-398
-418
-439
-450
-454
-468
-474
-464
-459
-460
-460
-457
-442
-433
-440
-429
-431
-421
-394
-363
-327
-298
-247
-212
-182
-165
-167
-151
-131
-122
-107
-64
-12
33
85
136
181
202
214
239
255
277
300
328
363
395
420
426
429
430
442
444
460
478
476
470
474
468
437
414
404
384
350
321
284
256
218
170
124
90
74
36
9
-31
-77
-116
-156
-174
-182
-186
-187
-186
-192
-189
-174
-154
-133
-114
-89
-69
-57
-48
-29
-21
-8
19
34
53
74
103
106
99
88
59
46
40
23
-1
-27
-55
-70
-86
-89
-83
-99
-104
-106
-117
-119
-123
-123
-122
-111
-97
-88
-59
-45
-33
-18
-6
2
7
9
-6
-14
-32
-43
-57
-72
-72
-88
-109
-139
-175
-211
-227
-251
-285
-302
-325
-347
-362
-389
-414
-439
-458
-457
-450
-435
-428
-415
-404
-401
-395
-403
-397
-390
-377
-356
-334
-306
-290
-269
-238
-204
-168
-129
-84
-41
-7
12
56
109
142
187
216
245
262
282
301
312
343
350
363
389
404
411
410
394
377
361
329
317
304
296
306
296
295
302
286
270
264
240
220
214
201
200
215
237
260
273
281
288
284
278
269
275
279
287
287
267
261
221
189
164
127
107
75
46
14
-5
-17
-29
-53
-87
-109
-143
-161
-158
-168
-165
-143
-128
-102
-70
-52
-33
-10
11
33
70
111
144
175
203
229
246
279
312
327
326
320
315
286
272
246
216
198
147
96
41
-15
-58
-102
-151
-191
-241
-286
-323
-361
-407
-453
-469
-479
-476
-463
-434
-409
-413
-418
-416
-410
-400
-371
-338
-303
-260
-226
-214
-213
-213
-220
-221
-224
-214
-216
-209
-191
-199
-192
-186
-206
-220
-234
-268
-269
-262
-244
-206
-180
-157
-144
-117
-97
-71
-39
-18
20
47
65
94
118
136
162
176
193
230
234
234
241
235
233
235
225
214
210
203
189
171
150
133
114
125
143
147
160
177
182
197
227
234
255
272
274
275
277
276
272
263
239
230
204
178
164
144
128
96
63
30
-14
-60
