-93
-85
-77
-89
-90
-49
-48
-75
-74
-71
-99
-103
-115
-111
-91
-101
-71
-68
-70
-34
-35
-25
-15
-17
-33
-59
1
16
16
48
-4
21
47
49
100
46
22
42
13
62
107
89
68
61
69
83
84
69
52
48
52
44
42
25
-8
21
72
67
89
102
78
104
80
72
130
80
87
114
46
57
18
-14
10
-8
-29
-51
-44
-60
-52
-33
-40
-34
-37
-69
-86
-101
-161
-184
-127
-67
-102
-157
-93
-36
-41
-73
-126
-33
83
111
45
-456
-789
3
711
490
33
-410
-214
264
425
530
149
-245
0
539
372
-109
158
181
254
440
105
109
359
206
-39
417
51
-47
723
-289
273
445
-782
544
-22
-351
740
-247
49
61
-607
379
207
-433
35
-147
-288
-41
-399
-234
-18
-434
-54
204
-927
-201
590
-905
57
-103
-606
519
-827
-62
386
-565
-13
-96
94
-18
142
-156
-419
594
-283
-107
630
-455
201
317
-177
55
-85
201
220
-147
-144
246
26
144
-339
176
837
-944
150
538
-204
168
-529
179
58
-293
336
-120
-318
-10
-198
-179
111
43
-32
-296
-565
-452
302
103
-249
-136
-991
329
936
-1023
-593
231
402
272
-660
-388
-276
479
590
-631
-122
-214
170
543
-299
89
64
169
232
211
351
-766
461
709
-391
221
-472
718
235
-906
1140
371
-107
-92
-464
382
315
966
-483
-1198
613
-166
228
507
-758
-332
73
-213
804
-228
-1822
1331
383
-1759
1195
-435
-1158
1565
-1029
-789
687
-1438
1473
816
-2903
898
1558
-1241
-81
-7
-113
992
185
-697
-55
357
-276
515
697
-862
-60
805
-520
514
737
-534
1161
-542
-790
455
-197
1643
462
-1454
-924
1285
1201
-889
-693
-766
748
2261
-701
-1644
223
-381
755
552
-564
-301
-456
703
-910
-352
668
-505
1409
209
-1388
69
-131
-173
1636
-819
-1345
2408
-1294
-1149
966
435
1554
-2505
110
1929
-1028
1464
-1052
-890
1569
-1015
721
1010
-1740
809
259
-1220
1950
-475
-234
921
-1561
1125
795
-962
-142
80
389
269
-900
377
1651
-2553
445
2467
-2908
1263
1176
-2696
2278
-148
-1410
2574
-2930
472
2730
-3029
2127
-1170
-1870
4620
-2401
-2041
3374
-1362
-264
1423
-2116
755
1238
-643
171
-1036
-232
1471
-48
-466
102
-795
-472
1328
-140
-1124
1933
-932
-978
748
-1060
1823
-1425
-446
2335
-3350
821
2420
-3008
777
557
-1871
2225
-1263
-868
2960
-2461
-1087
2395
-1221
-314
1462
-1977
418
1119
-1721
1065
-397
-91
1617
-2012
-296
1705
-712
-359
-262
197
726
-1655
147
1506
-718
-194
-610
-905
1040
-67
762
215
-2398
1268
141
-1066
1946
-1058
-1588
1339
-133
513
-174
-2325
2465
348
-2317
2236
-857
-1370
2617
-1116
-2040
1264
413
317
422
-1987
119
846
-1199
1434
-806
-677
2238
-1996
-947
2373
-337
-1318
152
-50
464
431
-237
214
-1090
-1047
1888
1137
-873
-487
-695
429
1139
-515
-183
221
-881
410
1159
-359
-1089
-473
729
71
473
704
-1831
-273
1686
-329
-70
545
-1174
556
869
-981
631
-373
499
1182
-2123
749
2559
-894
-1163
466
114
285
1122
-164
116
547
-870
-159
843
589
174
118
290
-62
-455
401
980
-598
-1148
799
1615
-343
-1190
280
-287
-252
849
-101
873
-512
-2141
1630
764
-2066
827
418
-1335
1441
55
-1047
370
-872
629
1036
-1139
-488
95
475
84
-818
540
-538
-556
1097
-940
-30
1239
-857
-298
6
-563
1120
-47
-1056
737
55
-457
-87
459
108
-667
804
-216
-960
1093
380
-338
-272
-736
949
445
-610
1117
-206
-979
619
-141
396
1294
-988
-648
742
-349
583
927
-312
-899
-344
557
364
710
-900
-592
798
-1053
706
736
-1071
748
-999
-1160
1800
396
-892
-364
-26
-172
250
671
-711
-525
-105
-272
575
-43
505
213
-1381
637
580
-1014
179
734
-319
40
324
-882
699
724
-862
504
-140
-151
1003
-298
147
243
-871
-99
662
128
0
463
-1123
-441
1311
-246
-259
249
-338
-297
312
56
-30
907
-924
-1091
1502
-175
-464
1331
-858
-238
876
-1714
510
1877
-916
393
-343
-1690
1700
530
-799
1324
-899
-1335
1147
245
-22
212
-281
-114
-818
56
1085
-335
-599
-300
-356
74
3
37
-695
-432
380
-668
-512
-185
-201
-287
-192
-212
-1117
-351
-106
-792
343
554
-1185
-939
-386
-587
68
68
33
-925
-1133
253
-86
-174
46
-738
-269
-114
-950
427
270
-1027
-121
-712
-375
759
-108
-666
-201
-340
-233
658
-891
-916
785
-504
-41
563
-1384
-149
479
-563
688
171
-492
68
175
192
50
592
-16
47
483
16
614
545
405
289
315
567
497
656
227
527
1071
323
244
723
392
753
1044
122
490
1017
355
604
1022
207
416
873
-79
964
1324
-452
489
1204
-268
387
1026
305
580
58
-34
712
489
565
319
237
125
-173
924
639
-110
528
146
-177
708
20
-255
407
-395
-367
62
28
101
51
-1056
-809
-351
-814
-186
-965
-692
-289
-1526
-1186
-791
-1127
-794
-1026
-1225
-930
-1143
-586
-684
-1455
-1105
-940
-818
-488
-715
-463
-166
-709
-690
-376
-264
344
28
-195
-18
-194
587
415
-90
-141
330
1053
296
89
685
364
-54
246
330
672
857
254
-37
31
290
635
532
154
461
612
458
594
533
753
833
271
900
1378
706
1162
1089
958
1274
781
1331
1354
1109
1568
917
1061
1755
1323
1226
1256
814
376
903
1409
836
1095
1208
749
307
-544
-1126
-447
577
640
-6
-844
-1058
-1772
-1990
-1598
-1394
-1171
-1794
-1653
-1374
-2812
-2885
-1886
-2828
-2612
-1743
-1618
-1334
-2152
-2225
-1393
-1843
-1978
-1032
-733
-776
-611
-202
-79
-462
-142
458
439
559
645
1001
1324
931
1518
1543
778
827
933
1352
1666
1049
846
1101
628
418
297
-198
-150
154
23
-18
-500
-939
-599
-786
-1348
-1386
-597
-496
-1226
-1056
-909
-1053
-791
-1041
-1026
-332
-7
-170
-321
-218
51
445
300
81
705
1135
875
938
984
1028
1208
1186
919
1016
1506
1443
1483
1432
955
1088
1215
961
1520
1408
1262
1626
792
762
1212
901
812
748
848
1224
1299
1268
711
-830
-1476
-671
46
717
235
-635
-937
-2221
-2435
-1762
-1847
-1904
-1690
-1689
-2408
-3250
-3318
-2310
-2258
-3283
-2851
-1995
-2058
-1828
-1470
-1796
-1703
-1569
-1411
-500
-557
-397
1124
1028
93
877
1207
1098
1601
1671
2142
2543
2252
2341
2394
1888
1892
1976
1800
1625
1411
1726
1580
895
553
210
66
-412
-958
-448
-331
-575
-574
-1043
-1360
-1523
-1931
-1510
-1097
-1256
-810
-826
-1210
-987
-936
-846
-499
-697
-214
501
326
245
283
715
1057
857
1104
1363
1587
2334
1871
1516
1791
1375
1921
1999
1679
2181
1711
1665
2084
1629
1957
1788
988
1347
1359
1215
1443
1148
985
875
683
850
911
1010
937
170
-1294
-1902
-860
-265
-26
-373
-1221
-1790
-2677
-2467
-2203
-2462
-2130
-2133
-2683
-3232
-3170
-2644
-2264
-2887
-3490
-2740
-2062
-2156
-2103
-1386
-1116
-1673
-1429
-926
-1140
-817
154
807
560
617
957
696
1066
1298
1653
1991
1426
1892
2275
1972
1890
1576
1799
1729
1163
1349
1520
1219
1008
698
447
-61
-811
-371
-272
-905
-540
-600
-1136
-1225
-1832
-1615
-1143
-1716
-1201
-1088
-1682
-1234
-1102
-1191
-964
-1030
-892
-367
-377
-333
8
226
333
309
671
959
955
1190
1526
1323
1303
1826
1887
1897
1916
1896
2212
2269
1962
1940
2320
2326
2001
2121
2061
1578
1499
1668
1355
1307
1431
1051
923
862
701
62
-1252
-2085
-1809
-1165
-977
-1519
-1922
-2322
-3583
-4003
-3703
-3483
-3386
-3660
-3503
-3667
-4324
-4155
-3475
-3407
-3572
-3182
-2873
-2982
-2555
-1666
-1274
-1275
-1268
-639
-381
-731
123
1141
1226
979
1157
1427
1644
1826
1928
2563
2273
2041
2528
2580
2381
1953
2466
2666
1844
1720
1900
1811
1846
1391
794
830
383
147
502
192
-154
56
-293
-796
-798
-829
-505
-755
-972
-456
-661
-831
-601
-614
-345
-165
-339
-9
191
-74
-15
727
946
620
1104
1238
1347
1740
1583
1891
2240
2008
2145
2155
2025
2417
2477
2156
2050
2229
2077
1869
2134
1789
1594
1620
842
746
858
368
446
559
322
227
-149
-340
-842
-2284
-2674
-2146
-1849
-1739
-2107
-2508
-2809
-3407
-3870
-3763
-3542
-3462
-3248
-3281
-3691
-3999
-3607
-2785
-2801
-3043
-2709
-2588
-2638
-2287
-1712
-1051
-1042
-1076
-570
-963
-768
396
787
741
670
639
1229
1678
1363
1903
2283
2255
2565
2237
2356
2412
2223
2829
2843
2035
2219
2749
2125
1758
1710
1412
1379
1077
700
813
586
9
-61
-341
-592
-577
-508
-482
-915
-873
-708
-722
-788
-1043
-651
-513
-882
-324
43
-371
-16
268
282
730
749
942
1117
970
1261
1506
1642
1783
1522
1454
1651
1458
1538
1732
1664
1602
1416
1303
1439
1320
1206
1240
823
733
831
543
421
427
356
410
416
518
468
-82
-941
-1780
-1773
-1473
-1351
-1439
-1636
-1880
-2514
-2668
-2384
-2719
-3016
-2738
-2926
-3500
-3882
-3843
-3006
-2729
-3124
-2775
-2717
-2998
-2827
-2539
-2104
-1897
-1591
-1161
-899
-803
-710
0
497
346
485
920
1132
1374
1948
2330
2193
2433
2794
2719
2478
2343
2741
2976
2737
2395
2416
2453
2165
1943
1500
1168
1088
866
811
392
-194
-387
-826
-1009
-1135
-1248
-1009
-968
-1312
-1569
-1400
-1386
-1363
-1199
-1166
-1207
-1105
-948
-583
-191
-119
132
342
404
629
937
1018
1137
1441
1633
1609
1551
1664
1621
1641
1751
1895
1879
1593
1581
1417
1129
1154
1142
995
944
715
497
607
395
274
141
-126
117
81
60
251
-204
-912
-1475
-2022
-2129
-1693
-1860
-2202
-2237
-2410
-2387
-2634
-2682
-2578
-2928
-3088
-3366
-3979
-3990
-3346
-2863
-2449
-2290
-2339
-2204
-2153
-2147
-1741
-1167
-996
-539
14
63
437
1023
1353
1742
1954
1952
2217
2531
2687
3102
3360
3390
3657
3744
3670
3525
3495
3428
3349
3255
2787
2717
2581
2164
2002
1770
1490
1253
856
309
-129
-554
-956
-1371
-1614
-1616
-1575
-1503
-1704
-1850
-1911
-1964
-1880
-1952
-1929
-1753
-1579
-1578
-1447
-1137
-1011
-675
-374
-285
-166
98
367
677
1004
1021
998
1009
1177
1218
1403
1718
1551
1596
1611
1195
1062
1188
1011
963
1027
1046
913
746
754
457
346
213
-105
-92
-103
-43
285
432
244
-519
-1472
-1961
-2130
-1907
-1692
-1929
-1974
-2019
-2403
-2308
-2376
-2673
-2723
-2982
-3333
-3629
-3663
-3184
-2409
-2346
-2424
-2055
-2000
-2067
-1852
-1413
-971
-723
-621
-174
132
293
979
1777
2135
2102
2330
2434
2360
2461
2704
3204
3529
3685
3675
3670
3587
3294
3418
3366
2732
2605
2682
1939
1687
1787
1353
1352
1040
523
352
-155
-733
-1070
-1653
-2000
-1658
-1496
-1512
-1497
-1327
-1289
-1506
-1675
-1673
-1602
-1436
-1183
-1204
-1018
-910
-533
129
134
233
501
309
440
833
749
909
1137
1161
1300
1259
1353
1531
1437
1344
1009
524
275
153
455
540
457
791
388
139
470
-204
-617
-384
-818
-790
-458
-557
-175
176
165
70
-401
-1176
-1704
-1894
-1849
-1535
-1530
-1662
-1523
-1796
-2021
-1700
-1878
-2181
-2227
-2575
-3100
-3464
-3165
-2509
-2229
-2114
-2049
-1971
-1750
-1741
-1491
-980
-1066
-1005
-549
-496
-159
598
1399
1921
1794
1780
2193
2166
2064
2588
2861
3134
3297
3306
3642
3704
3703
3687
3545
3179
2501
2012
1858
1622
1567
1684
1432
959
571
208
-182
-652
-1499
-1876
-1849
-2008
-1884
-1760
-1645
-1485
-1631
-1553
-1169
-1419
-1585
-1228
-1235
-1387
-1281
-827
-191
112
419
764
641
733
888
892
1087
1018
1094
1429
1350
1267
1425
1443
1440
1186
715
520
405
245
343
427
389
384
218
146
32
-197
-204
-146
-366
-528
-329
-162
126
541
532
321
98
-547
-1120
-1052
-891
-1052
-968
-922
-1295
-1475
-1344
-1051
-1170
-1541
-1846
-2244
-2795
-3155
-3001
-2707
-2458
-2360
-2076
-1878
-1851
-1684
-1260
-1021
-1327
-1251
-958
-700
-280
400
1263
1872
2021
2116
2363
2317
2414
2710
2828
2957
3167
3287
3440
3484
3125
3099
3056
2430
2048
1668
1260
1077
773
687
471
-54
-330
-505
-793
-1095
-1502
-1920
-2359
-2557
-2322
-2227
-1972
-1788
-1741
-1488
-1454
-1470
-1401
-1270
-1137
-919
-757
-572
-199
117
402
793
1081
1130
1349
1436
1379
1471
1384
1169
1235
1316
1125
1212
1268
1183
1069
784
521
193
213
211
35
182
165
87
152
94
-66
-257
-404
-356
-451
-545
-67
378
566
706
486
-25
-482
-658
-684
-702
-843
-1094
-1040
-973
-1039
-880
-720
-945
-1428
-1837
-2244
-2710
-3046
-2864
-2434
-2378
-2415
-2069
-1640
-1503
-1376
-1041
-857
-968
-902
-571
-183
140
718
1549
1820
1814
2095
2362
2542
2842
3134
3347
3313
3025
3018
3177
3127
2953
2953
2845
2294
1860
1553
1053
660
522
280
58
-228
-727
-798
-1045
-1620
-1874
-2408
-2930
-2734
-2596
-2495
-2201
-2264
-2101
-1882
-1981
-1714
-1427
-1403
-1179
-1057
-1166
-987
-613
-150
299
514
742
796
727
835
885
951
1149
1215
1064
1010
936
939
1029
970
820
564
583
535
326
382
439
449
501
415
187
52
31
52
12
59
289
381
541
892
1101
1259
1204
915
579
103
-192
-95
-15
-215
-255
-169
-385
-613
-528
-631
-986
-1264
-1648
-2067
-2419
-2570
-2419
-2147
-2193
-2155
-1908
-1924
-1817
-1420
-996
-786
-723
-664
-347
-211
-255
307
963
1332
1628
1863
2193
2394
2421
2721
2977
3000
2910
2768
2705
2488
2417
2420
2084
1796
1444
1184
1182
941
742
584
105
-451
-786
-1069
-1348
-1489
-1524
-1761
-2101
-2155
-2151
-1862
-1545
-1628
-1612
-1457
-1571
-1573
-1420
-1366
-1019
-747
-680
-600
-491
-273
-28
104
20
72
155
141
273
454
475
444
462
272
61
0
-19
20
91
0
-81
9
-41
112
322
213
328
429
226
304
496
487
556
693
790
757
949
1304
1444
1624
1697
1528
1239
922
621
467
495
325
-135
-471
-579
-645
-724
-780
-788
-1113
-1509
-1646
-2035
-2508
-2668
-2675
-2547
-2547
-2722
-2438
-2116
-1974
-1463
-1027
-793
-518
-373
-219
-121
-36
250
596
816
943
1190
1531
1999
2252
2414
2703
2611
2554
2548
2302
2130
2004
1833
1615
1446
1497
1610
1411
1184
1073
843
634
211
-239
-360
-539
-639
-597
-658
-589
-721
-1034
-1260
-1438
-1278
-1321
-1515
-1403
-1493
-1524
-1212
-1101
-1183
-1115
-1097
-1116
-1108
-1171
-1084
-929
-787
-641
-563
-574
-465
-174
-15
46
112
147
170
133
139
294
465
656
798
895
954
970
1129
1224
1203
1247
1277
1257
1288
1281
1237
1293
1318
1138
1039
1139
1162
1314
1568
1553
1435
1229
726
266
-44
-100
-133
-615
-937
-1080
-1447
-1620
-1482
-1502
-1609
-1749
-2022
-2283
-2686
-2993
-2971
-2872
-2899
-2807
-2509
-2304
-2020
-1469
-986
-822
-687
-561
-326
-28
68
366
735
934
1198
1416
1627
2003
2234
2457
2637
2451
2387
2471
2405
2213
2222
2368
2110
1816
1761
1576
1352
1227
1029
916
772
556
639
618
380
162
-224
-694
-1110
-1403
-1514
-1554
-1639
-1663
-1629
-1708
-1760
-1698
-1600
-1613
-1736
-1826
-2018
-2090
-1880
-1700
-1463
-1167
-1046
-858
-591
-449
-155
115
64
88
184
326
575
709
928
1001
921
1006
1011
1021
1116
1060
1048
1077
1021
1062
1006
869
787
737
757
721
669
692
749
777
783
780
753
739
788
888
863
759
580
227
-13
-52
-140
-402
-499
-557
-791
-899
-1028
-1059
-1058
-1185
-1315
-1592
-1918
-2021
-1894
-1755
-1884
-2082
-1951
-1921
-1925
-1608
-1198
-827
-683
-473
-178
-80
20
289
604
564
496
720
861
1081
1430
1784
2155
2353
2533
2723
2644
2477
2338
2207
2107
1809
1632
1713
1563
1440
1368
1135
943
692
499
342
-66
-482
-674
-945
-1421
-1824
-1997
-1961
-2076
-2397
-2518
-2592
-2746
-2649
-2551
-2547
-2419
-2295
-2104
-2002
-1990
-1711
-1388
-1243
-1083
-894
-633
-264
-23
256
618
805
898
1093
1332
1472
1521
1552
1575
1454
1340
1340
1400
1510
1439
1322
1291
1208
1218
1317
1282
1182
1132
1063
852
603
502
489
558
528
501
622
565
642
863
836
860
906
685
472
332
179
108
-167
-452
-624
-859
-973
-967
-830
-850
-1070
-1122
-1246
-1594
-1787
-1817
-1863
-2028
-2295
-2280
-2123
-2062
-1832
-1472
-1272
-1164
-957
-801
-651
-419
-221
58
267
324
614
995
1174
1431
1843
2115
2240
2401
2636
2857
2966
2996
3065
2994
2699
2487
2327
2131
1932
1699
1481
1178
795
491
237
-74
-416
-808
-1189
-1556
-1892
-2109
-2360
-2526
-2774
-3075
-3104
-3158
-3130
-2820
-2550
-2387
-2282
-2171
-2015
-1912
-1604
-1235
-1080
-783
-532
-418
-191
-2
273
620
714
715
769
748
833
982
1023
1031
991
963
955
943
875
773
644
486
418
381
438
582
662
756
764
738
746
664
745
838
783
849
767
628
765
805
859
1047
1056
1077
1043
998
1000
741
507
420
270
-42
-370
-498
-672
-851
-874
-944
-1084
-1245
-1271
-1192
-1406
-1680
-1768
-1877
-2016
-2229
-2212
-1991
-1994
-1786
-1445
-1299
-999
-649
-250
175
372
669
1104
1272
1357
1577
1804
1963
2132
2406
2737
3011
3111
3186
3271
3120
2933
2727
2435
2149
1754
1333
968
605
238
-118
-461
-800
-1116
-1279
-1455
-1771
-1925
-2050
-2260
-2375
-2504
-2611
-2618
-2607
-2581
-2501
-2428
-2350
-2147
-1940
-1830
-1689
-1530
-1365
-1096
-958
-915
-691
-543
-443
-322
-247
-135
-43
75
117
110
131
266
465
556
642
746
820
838
786
695
705
710
655
609
566
611
683
754
807
802
747
785
754
639
606
561
539
482
356
232
225
282
370
461
497
549
611
720
755
690
693
640
422
146
-110
-240
-357
-577
-685
-748
-861
-898
-814
-722
-801
-885
-807
-845
-989
-944
-798
-702
-717
-726
-506
-290
-144
198
530
702
924
1190
1459
1577
1564
1803
1998
1870
1831
1853
1827
1811
1720
1753
1770
1629
1645
1702
1575
1297
1038
831
491
152
-22
-129
-282
-489
-653
-818
-971
-1043
-1093
-1129
-1265
-1500
-1669
-1817
-1935
-2054
-2226
-2327
-2408
-2493
-2424
-2319
-2185
-2000
-1933
-1833
-1716
-1682
-1495
-1267
-1131
-960
-856
-701
-509
-475
-314
-25
89
193
357
459
570
647
736
862
880
803
766
691
580
528
472
445
407
364
380
343
195
79
-46
-236
-395
-550
-599
-575
-565
-490
-430
-401
-287
-150
-24
61
129
258
344
314
281
360
460
574
761
927
1061
1237
1435
1571
1582
1535
1502
1424
1349
1215
1042
944
796
596
570
642
544
512
622
589
405
265
224
112
-132
-274
-268
-340
-406
-298
-187
-287
-331
-207
-154
-85
10
143
301
277
212
294
272
188
253
291
322
324
304
405
413
239
104
33
-85
-165
-261
-367
-459
-634
-774
-887
-1097
-1276
-1279
-1270
-1324
-1370
-1384
-1368
-1324
-1276
-1212
-1109
-1018
-928
-863
-763
-710
-654
-458
-322
-263
-147
21
107
77
19
-26
-35
-56
-146
-218
-254
-344
-456
-559
-698
-819
-919
-1034
-1093
-1182
-1255
-1232
-1241
-1278
-1240
-1200
-1190
-1110
-1012
-881
-739
-633
-465
-282
-157
3
200
349
566
768
921
1136
1295
1422
1533
1623
1700
1787
1903
1951
1928
1970
2046
2084
2150
2164
2127
2136
2038
1836
1745
1654
1519
1486
1442
1390
1353
1152
973
871
727
643
527
400
332
184
64
75
-15
-101
-72
-91
-182
-299
-273
-241
-374
-486
-545
-654
-728
-734
-681
-607
-626
-643
-589
-555
-530
-455
-415
-469
-555
-579
-626
-654
-613
-589
-497
-448
-461
-347
-192
-74
51
124
163
219
223
268
386
435
489
567
544
468
430
424
426
361
222
128
52
-88
-244
-396
-548
-743
-964
-1151
-1339
-1452
-1526
-1688
-1858
-2020
-2196
-2287
-2319
-2338
-2306
-2250
-2232
-2233
-2149
-1981
-1764
-1592
-1448
-1262
-1117
-936
-718
-508
-248
-13
186
448
669
762
956
1150
1224
1358
1418
1441
1544
1532
1507
1503
1375
1302
1250
1174
1172
1086
992
997
868
699
668
583
486
407
280
197
94
-2
12
36
39
66
133
214
239
385
555
574
598
683
759
779
832
959
1054
1000
971
1056
1117
1148
1113
1060
1054
999
904
902
832
670
614
558
408
296
266
289
262
126
8
-135
-285
-356
-416
-489
-565
-614
-643
-672
-735
-745
-664
-556
-451
-455
-442
-374
-390
-389
-365
-370
-333
-317
-337
-312
-305
-263
-210
-225
-240
-257
-314
-394
-484
-629
-761
-857
-991
-1106
-1155
-1209
-1315
-1369
-1355
-1379
-1356
-1229
-1154
-1096
-1061
-1091
-1037
-969
-938
-836
-734
-633
-540
-410
-226
-121
33
189
214
296
366
355
422
440
366
334
269
213
178
114
111
132
76
22
5
-84
-136
-155
-233
-262
-294
-362
-388
-354
-338
-340
-304
-294
-264
-206
-161
-70
39
79
143
238
336
512
656
735
820
892
949
1037
1094
1167
1252
1309
1394
1468
1548
1620
1701
1776
1789
1821
1854
1864
1919
1933
1894
1891
1878
1880
1834
1710
1597
1522
1415
1277
1158
993
793
610
423
201
18
-131
-334
-551
-755
-953
-1108
-1249
-1438
-1607
-1739
-1862
-1912
-1921
-1942
-1925
-1884
-1842
-1784
-1735
-1669
-1585
-1481
-1313
-1143
-1002
-845
-686
-564
-452
-300
-127
6
167
286
319
408
514
566
638
679
665
710
729
702
676
599
506
432
375
323
273
199
130
27
-140
-242
-342
-486
-597
-723
-857
-957
-1075
-1211
-1308
-1417
-1518
-1566
-1624
-1668
-1662
-1672
-1658
-1649
-1679
-1638
-1607
-1594
-1510
-1431
-1343
-1213
-1106
-957
-750
-580
-382
-131
48
212
428
588
719
843
891
960
1028
1053
1145
1249
1306
1367
1388
1379
1380
1386
1412
1409
1343
1231
1140
1079
1001
970
956
920
908
903
916
943
950
950
988
956
910
962
1024
1050
1067
1106
1110
1119
1127
1140
1181
1186
1176
1137
1061
944
864
799
677
585
451
317
195
-43
-195
-283
-450
-566
-695
-892
-1019
-1127
-1292
-1380
-1445
-1562
-1606
-1630
-1646
-1553
-1455
-1377
-1274
-1218
-1104
-925
-814
-628
-420
-309
-177
-50
18
125
292
444
581
669
728
776
798
825
830
774
718
692
589
457
385
244
79
-44
-195
-365
-482
-561
-658
-722
-806
-900
-945
-966
-1035
-1125
-1131
-1168
-1255
-1295
-1325
-1349
-1310
-1257
-1206
-1128
-1054
-978
-909
-860
-794
-695
-599
-531
-495
-439
-359
-313
-263
-214
-160
-84
3
118
232
372
524
626
686
747
797
870
952
958
961
1011
1052
1043
1062
1101
1064
1023
996
939
883
817
714
639
551
468
441
379
300
235
171
157
157
99
97
139
140
193
282
340
430
521
565
646
694
707
768
818
854
907
957
1016
1076
1101
1119
1117
1060
980
905
802
692
598
463
346
255
142
32
-69
-185
-318
-433
-510
-589
-650
-668
-735
-815
-847
-877
-905
-906
-860
-798
-763
-695
-579
-450
-320
-194
-92
-16
48
101
154
199
235
256
282
297
317
350
386
431
395
343
299
182
47
-91
-243
-369
-481
-586
-647
-754
-902
-976
-1084
-1253
-1356
-1440
-1514
-1540
-1595
-1623
-1590
-1626
-1650
-1649
-1693
-1689
-1636
-1570
-1500
-1439
-1362
-1225
-1092
-989
-828
-697
-634
-544
-453
-369
-240
-110
31
184
272
373
508
608
671
759
842
901
941
942
974
981
980
995
982
968
934
911
894
839
763
722
686
657
638
592
565
534
502
487
483
465
427
443
432
408
479
556
593
632
647
633
635
613
596
614
623
647
650
649
672
676
678
655
585
535
506
471
447
404
347
313
263
217
227
222
215
264
242
186
184
146
115
118
105
139
190
218
259
265
240
208
178
182
197
213
231
231
248
240
184
161
103
-10
-113
-195
-252
-304
-357
-434
-526
-627
-730
-811
-899
-963
-997
-1050
-1090
-1143
-1201
-1243
-1292
-1327
-1346
-1350
-1354
-1334
-1303
-1267
-1218
-1174
-1132
-1099
-1029
-967
-930
-849
-777
-735
-672
-623
-609
-584
-553
-497
-460
-434
-349
-280
-232
-161
-129
-110
-57
-20
45
153
263
359
442
507
556
589
642
710
750
820
884
907
913
913
909
913
916
909
925
901
830
802
758
681
639
550
452
382
251
171
159
126
108
106
70
46
74
94
143
228
309
392
482
523
525
560
601
673
746
799
885
987
1074
1195
1288
1309
1333
1332
1271
1214
1162
1083
1030
981
906
843
773
669
607
543
438
368
275
156
61
-32
-116
-166
-257
-328
-399
-516
-587
-664
-726
-768
-813
-839
-847
-856
-864
-865
-862
-869
-904
-939
-979
-1012
-1016
-1005
-1005
-992
-989
-974
-934
-912
-885
-865
-843
-845
-837
-815
-785
-731
-699
-640
-605
-595
-571
-586
-592
-571
-573
-570
-532
-534
-509
-447
-422
-384
-375
-389
-402
-423
-456
-461
-455
-430
-381
-358
-321
-282
-261
-238
-212
-205
-178
-129
-95
-40
9
21
57
91
67
78
95
60
53
46
43
76
113
168
209
225
227
247
253
215
233
233
216
259
270
282
365
398
419
464
454
457
472
468
465
505
557
603
656
699
736
771
793
800
829
814
802
830
838
861
897
908
908
912
885
868
861
845
832
820
797
769
757
730
723
711
659
608
569
515
461
399
310
237
203
143
78
28
-59
-152
-262
-382
-460
-527
-610
-637
-630
-651
-655
-680
-721
-741
-781
-828
-847
-845
-834
-820
-800
-759
-725
-679
-605
-537
-470
-398
-339
-286
-241
-187
-137
-104
-76
-74
-81
-104
-138
-176
-242
-291
-291
-294
-306
-304
-325
-347
-365
-413
-474
-567
-649
-706
-753
-767
-769
-756
-729
-673
-630
-590
-525
-490
-477
-449
-408
-350
-273
-205
-146
-78
-31
-2
29
52
68
93
122
162
217
267
305
348
362
348
340
319
300
282
251
239
226
205
218
247
272
263
250
241
241
266
269
296
321
334
381
417
442
489
539
562
594
605
603
613
654
690
728
782
812
855
865
871
892
891
895
896
865
859
864
850
862
865
823
751
661
552
471
388
319
308
279
225
177
99
22
-22
-111
-206
-280
-352
-378
-411
-468
-511
-564
-614
-642
-654
-656
-645
-619
-597
-629
-654
-657
-665
-636
-580
-538
-510
-485
-502
-503
-497
-516
-512
-511
-510
-499
-478
-462
-435
-445
-461
-442
-458
-460
-449
-442
-420
-385
-337
-328
-320
-291
-295
-302
-297
-324
-337
-309
-263
-218
-188
-138
-100
-94
-94
-106
-117
-113
-122
-137
-125
-118
-118
-106
-88
-84
-72
-34
-1
24
40
62
82
107
143
182
198
229
270
281
288
299
327
363
413
475
541
608
663
695
697
677
651
631
625
617
611
610
631
658
672
683
699
699
649
606
551
509
499
467
465
462
443
439
411
356
299
258
230
205
180
179
170
152
146
120
119
115
108
87
48
45
36
24
41
52
68
98
103
101
84
65
57
21
-3
-9
-22
-9
-3
-21
-10
-32
-66
-97
-132
-153
-183
-200
-217
-240
-272
-301
-326
-367
-406
-444
-466
-472
-482
-511
-533
-540
-550
-543
-541
-553
-557
-567
-573
-573
-571
-560
-532
-502
-462
-436
-411
-373
-366
-341
-309
-324
-324
-317
-323
-305
-293
-287
-283
-292
-317
-326
-339
-376
-397
-434
-466
-495
-523
-526
-506
-492
-507
-506
-514
-520
-513
-506
-483
-446
-410
-379
-320
-278
-233
-163
-115
-64
-13
27
74
129
166
224
274
291
329
359
377
407
424
431
445
447
447
455
441
439
438
404
380
363
333
326
317
301
307
297
284
275
266
259
253
247
235
216
197
188
167
144
139
158
201
217
223
234
240
246
254
270
300
340
371
400
411
409
420
425
410
394
363
330
321
311
311
277
218
181
137
76
30
-17
-63
-84
-103
-107
-104
-97
-100
-116
-128
-150
-176
-192
-201
-204
-205
-188
-156
-138
-85
-31
0
42
68
84
105
130
147
157
155
150
139
110
104
90
56
51
51
21
7
-16
-35
-19
-31
-68
-88
-121
-179
-211
-246
-277
-275
-283
-278
-265
-257
-239
-219
-216
-236
-261
-298
-329
-334
-339
-331
-307
-291
-268
-242
-219
-195
-177
-179
-185
-181
-190
-201
-206
-210
-208
-210
-178
-135
-76
-3
46
104
148
192
253
295
338
369
390
410
422
440
453
487
516
529
534
512
485
457
407
329
258
192
119
69
47
47
42
43
42
29
22
18
10
10
10
1
-3
19
29
41
69
80
117
161
200
258
302
326
349
333
314
296
270
250
212
185
164
153
125
116
114
97
101
94
84
55
27
2
-24
-55
-80
-88
-98
-93
-83
-61
-26
13
45
70
75
60
60
48
33
28
5
-25
-55
-104
-144
-188
-241
-269
-285
-312
-350
-379
-408
-447
-499
-560
-607
-632
-644
-645
-640
-642
-652
-663
-671
-659
-630
-600
-558
-507
-472
-420
-390
-372
-350
-352
-345
-323
-291
-262
-246
-242
-241
-233
-241
-250
-236
-232
-260
-276
-292
-316
-332
-351
-364
-361
-357
-345
-326
-310
-286
-259
-231
-225
-217
-199
-174
-150
-129
-92
-53
-18
18
64
84
102
116
135
161
175
184
168
154
138
118
116
107
100
90
60
36
0
-20
-22
-30
-25
-27
-38
-31
-6
17
59
93
118
146
181
242
309
354
406
453
470
485
491
505
548
580
601
634
640
652
680
680
679
681
650
611
571
520
488
454
418
389
343
299
300
288
247
216
179
141
108
89
77
73
41
1
-13
-21
-43
-42
-30
-25
2
8
18
42
44
54
63
55
51
46
41
41
33
15
2
5
13
25
42
50
47
56
43
24
12
-4
-12
-17
-13
-29
-40
-34
-43
-47
-58
-80
-82
-90
-106
-114
-126
-131
-120
-115
-115
-92
-95
-110
-124
-141
-153
-164
-171
-187
-199
-201
-208
-204
-215
-220
-191
-175
-163
-147
-140
-138
-127
-111
-115
-110
-92
-90
-87
-75
-47
7
51
80
134
174
194
211
216
222
238
250
251
275
278
282
317
325
323
330
325
310
291
260
236
231
199
168
153
129
137
158
171
180
190
194
184
178
171
177
191
203
210
228
242
254
271
286
310
344
372
400
402
388
390
368
345
333
318
283
251
219
165
136
108
79
62
42
15
-29
-75
-132
-187
-236
-277
-317
-352
-359
-357
-372
-374
-367
-372
-365
-345
-355
-360
-360
-383
-373
-371
-392
-402
-426
-461
-485
-516
-531
-528
-553
-585
-613
-640
-667
-690
-724
-750
-757
-774
-788
-788
-796
-785
-757
-766
-760
-737
-726
-695
-670
-682
-680
-653
-636
-583
-515
-473
-431
-380
-320
-277
-235
-199
-145
-100
-90
-55
-27
-10
26
69
112
143
174
181
189
204
205
220
222
198
170
149
119
94
75
53
52
47
19
0
-16
-37
-29
-24
-29
-22
-25
-20
-3
2
17
52
87
137
196
248
310
366
426
497
571
655
714
768
817
837
862
886
892
916
935
952
964
966
962
945
935
915
892
865
818
761
708
652
591
531
465
408
348
299
255
200
153
112
61
34
-1
-42
-65
-89
-98
-119
-134
-155
-188
-214
-233
-238
-253
-253
-264
-264
-255
-256
-250
-244
-228
-228
-200
-178
-165
-147
-142
-128
-131
-141
-152
-143
-137
-124
-112
-129
-135
-136
-149
-169
-192
-213
-219
-231
-241
-244
-263
-290
-308
-332
-362
-388
-426
-462
-488
-495
-502
-487
-486
-501
-501
-499
-480
-466
-444
-432
-426
-423
-425
-424
-435
-425
-405
-378
-356
-342
-321
-299
-259
-225
-210
-190
-171
-151
-130
-115
-104
-86
-67
-30
17
66
125
169
219
281
353
429
496
562
621
667
707
751
787
834
886
916
932
944
947
945
953
944
931
913
873
831
788
723
648
582
495
418
348
262
177
100
39
-19
-52
-79
-101
-117
-141
-141
-136
-142
-146
-151
-158
-163
-170
-185
-200
-192
-179
-153
-116
-87
-52
-28
-3
30
41
29
24
17
3
-18
-52
-97
-142
-186
-233
-250
-275
-278
-277
-280
-263
-278
-283
-279
-280
-287
-291
-291
-306
-315
-315
-323
-311
-286
-287
-282
-265
-246
-232
-232
-226
-224
-238
-258
-276
-301
-327
-347
-365
-377
-399
-415
-440
-476
-503
-526
-561
-595
-606
-621
-624
-627
-630
-606
-580
-546
-520
-494
-457
-423
-384
-328
-272
-214
-165
-115
-52
1
55
108
161
204
251
291
317
349
376
391
411
425
416
403
387
357
325
308
282
258
234
215
202
167
139
112
90
70
69
72
77
89
95
109
124
161
204
247
294
340
387
431
472
515
556
590
625
647
654
671
684
688
696
694
687
677
670
649
613
586
556
523
485
444
410
364
320
281
244
211
173
142
108
76
50
34
30
17
12
0
-9
-35
-72
-112
-149
-175
-203
-222
-261
-284
-307
-330
-337
-346
-346
-344
-342
-356
-364
-383
-396
-401
-410
-416
-423
-431
-431
-427
-431
-427
-419
-388
-360
-328
-299
-295
-291
-271
-241
-216
-191
-181
-169
-157
-163
-160
-150
-144
-136
-129
-131
-132
-129
-123
-101
-89
-69
-49
-40
-24
-17
-20
-15
-10
-13
-15
-9
-15
-32
-24
-2
21
47
77
97
103
111
112
93
66
52
31
8
4
12
31
71
96
106
129
136
141
162
181
187
189
189
173
170
158
147
149
148
148
151
174
187
215
233
236
247
249
236
219
202
166
149
145
142
136
133
138
147
143
123
115
111
117
111
113
108
93
82
59
31
5
-8
-33
-50
-60
-66
-65
-68
-65
-70
-75
-75
-85
-89
-86
-82
-88
-86
-87
-111
-135
-161
-180
-196
-207
-210
-204
-193
-200
-194
-195
-204
-212
-234
-255
-273
-297
-329
-357
-386
-399
-410
-435
-439
-450
-464
-461
-457
-455
-437
-412
-402
-393
-384
-380
-371
-358
-337
-334
-333
-306
-277
-233
-197
-156
-123
-98
-73
-66
-48
-48
-50
-49
-55
-60
-88
-124
-149
-164
-185
-194
-182
-168
-144
-102
-60
-15
30
59
74
85
105
123
150
194
238
277
310
355
402
445
501
551
587
621
653
676
684
684
686
665
630
613
582
557
534
524
520
485
467
452
433
411
380
354
313
281
260
238
232
229
223
220
220
220
231
239
254
268
282
299
291
280
264
249
229
218
210
182
160
140
120
103
78
44
7
-34
-68
-102
-112
-108
-100
-97
-97
-97
-100
-100
-105
-99
-103
-98
-85
-84
-80
-74
-78
-82
-85
-103
-118
-131
-144
-156
-167
-187
-212
-233
-269
-298
-321
-347
-362
-379
-407
-440
-474
-508
-543
-564
-574
-577
-581
-592
-589
-599
-611
-607
-598
-587
-578
-563
-544
-520
-492
-465
-426
-394
-369
-350
-336
-314
-282
-251
-224
-177
-144
-117
-85
-77
-52
-21
-2
19
50
72
84
106
128
138
151
174
204
216
239
271
295
324
347
362
370
371
365
359
352
339
312
282
258
244
236
217
213
206
199
186
171
163
149
160
154
151
162
173
183
199
216
210
215
226
230
243
241
229
232
230
221
223
206
192
180
153
142
129
105
84
59
30
7
-21
-46
-57
-72
-77
-94
-117
-129
-136
-126
-104
-91
-92
-80
-63
-41
-20
0
15
16
20
34
48
44
42
35
29
24
12
-2
-28
-51
-82
-111
-131
-154
-187
-223
-258
-305
-348
-372
-402
-417
-426
-437
-439
-444
-432
-434
-448
-444
-434
-413
-397
-389
-378
-373
-368
-357
-335
-311
-299
-284
-267
-265
-253
-236
-224
-212
-195
-176
-167
-156
-134
-119
-98
-62
-41
-26
0
18
31
56
76
100
139
171
193
207
231
253
272
292
322
358
377
403
434
455
467
486
508
545
572
603
648
669
710
728
748
783
796
813
826
842
844
833
826
818
800
781
755
709
662
610
562
504
446
387
316
262
207
155
104
53
9
-26
-55
-72
-75
-77
-61
-56
-51
-39
-42
-36
-21
-4
23
47
74
123
149
180
210
221
220
203
170
141
125
91
67
46
13
-31
-88
-142
-206
-276
-345
-415
-467
-531
-587
-639
-696
-731
-761
-770
-761
-747
-741
-731
-715
-704
-686
-664
-655
-631
-597
-569
-516
-465
-415
-372
-338
-303
-266
-238
-214
-183
-175
-162
-161
-171
-177
-186
-198
-198
-205
-222
-218
-202
-188
-174
-154
-146
-147
-153
-150
-145
-130
-119
-106
-91
-70
-41
-28
-2
24
49
70
87
95
108
130
129
139
139
139
144
146
150
154
160
158
153
144
134
123
119
113
104
107
92
85
84
79
87
88
89
98
115
145
179
198
222
246
257
270
286
301
313
334
350
356
378
396
420
432
420
403
371
343
322
292
274
254
217
179
149
114
87
56
29
2
-41
-75
-113
-155
-187
-203
-214
-231
-238
-241
-257
-272
-263
-275
-281
-282
-294
-297
-300
-290
-291
-292
-296
-315
-323
-324
-327
-335
-334
-316
-310
-314
-309
-325
-339
-360
-386
-409
-425
-434
-445
-441
-449
-447
-436
-430
-433
-439
-432
-435
-425
-415
-403
-373
-357
-342
-322
-312
-291
-255
-242
-216
-189
-162
-131
-111
-76
-40
-3
26
57
87
107
113
121
134
154
167
167
173
181
189
200
213
225
240
258
284
298
314
337
351
367
394
413
425
446
462
470
491
513
512
522
527
522
532
531
529
531
521
498
476
452
432
431
437
421
396
382
367
352
343
329
316
309
315
328
315
317
310
289
288
266
254
244
231
239
239
232
216
195
183
173
168
148
141
128
110
107
86
88
83
74
84
73
72
61
45
42
33
34
46
63
66
58
52
47
48
64
61
50
38
10
7
-6
-14
-37
-62
-90
-135
-137
-164
-199
-217
-248
-281
-309
-347
-376
-406
-443
-455
-481
-498
-511
-512
-514
-518
-518
-513
-493
-482
-463
-453
-441
-433
-428
-413
-412
-399
-388
-381
-364
-350
-319
-301
-292
-264
-268
-257
-237
-239
-214
-218
-219
-199
-191
-163
-142
-132
-122
-120
-119
-119
-106
-111
-120
-108
-121
-128
-114
-123
-116
-104
-115
-109
-104
-108
-94
-65
-33
-16
8
35
59
96
135
175
212
244
272
301
334
356
389
419
446
476
485
497
504
498
496
483
490
493
469
457
426
401
385
365
339
299
275
241
214
186
155
122
89
77
70
53
30
12
-9
-26
-31
-24
-14
-6
-4
-14
-25
-40
-56
-60
-67
-87
-78
-78
-78
-72
-101
-116
-150
-194
-219
-257
-281
-298
-318
-324
-333
-364
-379
-397
-430
-461
-486
-496
-489
-480
-468
-460
-466
-462
-465
-454
-439
-413
-380
-357
-332
-305
-256
-215
-184
-148
-119
-85
-41
-9
11
39
57
85
98
106
116
104
114
126
136
154
141
131
120
105
100
91
95
94
85
77
76
82
80
85
90
109
118
114
120
128
154
175
189
195
177
161
140
122
134
138
155
169
165
178
166
149
149
144
142
129
121
109
94
94
93
100
132
150
165
179
182
199
206
231
240
250
267
268
280
294
305
318
342
356
377
394
408
415
416
409
393
393
388
376
353
318
309
292
252
227
206
197
188
185
166
145
113
71
60
39
25
12
-3
-13
-22
-37
-44
-38
-48
-56
-63
-67
-77
-87
-100
-107
-106
-127
-144
-154
-161
-159
-159
-167
-175
-185
-197
-202
-200
-208
-213
-217
-224
-225
-231
-221
-212
-197
-195
-200
-201
-221
-234
-260
-276
-262
-256
-251
-240
-254
-268
-262
-272
-276
-266
-269
-284
-301
-330
-352
-360
-365
-356
-337
-330
-330
-319
-304
-280
-265
-258
-245
-233
-229
-221
-200
-175
-167
-156
-129
-98
-79
-63
-30
-1
1
5
13
25
52
62
64
66
65
65
58
60
67
69
86
103
105
112
106
89
97
88
84
100
106
130
144
155
175
202
216
227
235
236
245
246
245
255
262
263
270
276
280
277
268
246
226
206
170
146
123
111
95
76
68
69
74
87
93
88
85
65
63
69
65
70
74
82
81
86
95
96
98
95
98
105
87
66
53
23
14
7
0
-1
-10
-25
-49
-58
-70
-88
-104
-128
-146
-158
-170
-178
-161
-163
-165
-169
-172
-171
-169
-138
-132
-127
-112
-111
-97
-77
-51
-28
-13
-4
16
30
39
59
67
85
93
84
84
80
78
88
88
86
