-131
-128
-126
-146
-148
-134
-126
-72
-76
-62
-22
-20
31
60
59
67
28
-11
-51
-62
-21
-68
-122
-84
-83
-122
-118
-136
-125
-16
-12
-58
6
77
129
167
173
117
59
62
79
81
83
118
121
88
88
129
128
97
119
147
65
-381
-1092
-661
1503
2249
71
-1135
-834
475
2543
-649
-2705
659
966
616
-386
-1779
-158
1347
1824
1332
-1946
-2039
1780
633
-513
246
580
1261
756
-1041
-674
1773
1734
822
-1114
-435
705
266
-254
-2496
523
2463
426
135
-1209
-638
345
981
2390
-473
-1290
1018
370
1218
441
-1210
343
1655
298
-641
649
731
544
-1124
1058
-308
-1342
2315
696
-120
-1892
1942
1055
-704
2268
-1394
716
657
-47
908
-698
48
670
-448
-1103
1623
-1637
-387
2430
-1750
607
-1368
-330
2146
-1238
1100
-1266
-524
1331
-164
1434
-2326
486
1256
-1624
399
763
1858
-2819
-831
1487
-909
814
-363
150
-945
-41
1186
-1037
-581
-221
-550
552
717
-1539
-714
2
-345
174
-175
775
-1610
-766
1083
-1886
157
775
-404
-2413
-632
1923
-1209
1242
-297
-3511
533
1135
-896
607
-253
-2081
199
-127
-517
1292
-937
-347
-756
-3533
4275
1277
-4350
1183
-2181
144
3182
-1409
-333
-1259
-2204
796
1098
-661
-1282
-2688
365
2610
-3235
550
1838
-3644
9
2169
-1034
-2605
1317
1046
-1907
-638
972
-384
-1245
1939
-1999
-2186
2857
487
-820
-3084
-422
1996
-918
1527
-470
-3052
770
1916
7
-1395
-552
346
-960
1498
-1497
-2168
2463
-684
366
-1109
-2496
2594
1492
-1800
310
-1107
58
3280
-657
-885
-1042
657
1491
-1143
-109
-320
-1279
1829
1489
-2485
-148
2593
333
-1054
746
407
337
376
-25
-381
147
854
-673
77
-198
-475
494
1084
-42
-209
514
516
897
-100
1500
165
-1719
2268
1535
-1469
219
-1576
-3
2820
-704
45
-808
-789
2748
203
-870
1080
-90
331
271
-195
1791
-453
-1351
1152
-488
408
769
-1506
1617
-103
-1425
1374
10
-69
1060
-214
-273
1767
-1079
3
1969
-2142
879
1714
-1744
-56
10
640
-140
-482
1577
-1402
318
1241
-554
858
724
1035
-1713
-105
2540
-448
376
970
-1505
-1410
1962
1755
-669
-58
-1030
237
1905
-251
1518
127
-1677
746
573
644
10
156
1571
-1637
-1777
2784
-864
39
1982
-2573
1210
725
-743
1955
-649
344
941
-1085
1126
1019
-1065
1335
656
-1548
1010
-229
-562
1893
717
-1341
-1020
-225
2057
2088
-1584
504
-1019
-712
3151
531
-2084
-951
1525
-441
193
1257
-2035
-640
2559
-719
-827
893
59
1292
-1414
-542
1169
-1406
686
1276
-1616
173
867
-653
92
-63
-563
-115
572
-343
-150
601
185
-1339
-1392
1690
294
-1728
184
-518
-747
1719
1050
-1528
-1627
2
962
594
-247
-707
-1433
689
658
-1801
-91
-105
-1454
158
380
-1839
408
943
-1391
-1137
404
865
-1800
343
787
-1870
-198
500
-613
-1297
121
-15
-1203
-450
1115
-171
-2160
284
-172
-322
1394
-684
-1231
-9
-504
-154
-564
-1769
609
19
-1851
-682
81
-35
-243
33
-262
-736
-1426
1302
856
-1710
1319
170
-1806
-397
200
-658
-182
38
-867
319
-479
-430
615
320
62
-30
-280
123
506
-173
-158
-173
-301
-569
3
-414
-581
774
256
-1397
-619
465
122
716
230
21
-368
-398
770
-61
24
926
294
-563
-860
-432
-86
189
920
183
-1035
543
59
-93
893
-407
558
360
-438
-117
386
153
263
1113
-998
-1316
547
492
304
336
-222
-546
-192
429
-123
546
511
-972
-57
1410
391
-433
782
-1446
-921
2006
-123
-898
450
-142
-104
492
-355
505
184
-274
1033
-828
-555
1185
-131
189
193
-970
330
670
-390
525
-24
-262
1017
1
-34
402
21
569
599
-745
461
1303
-620
566
754
-412
785
252
-273
1161
785
372
1267
490
99
951
652
827
934
165
199
755
116
542
1598
-862
-132
1318
-239
1783
785
-1159
2106
620
-747
1365
-9
-83
1359
889
16
465
655
781
600
785
1167
368
1239
1485
331
1267
1182
-72
1257
618
718
1258
199
930
-56
-191
98
-737
-744
-584
-583
-1193
-1549
-1588
-1669
-1949
-1746
-2135
-2744
-2444
-3022
-2810
-2632
-3035
-2147
-2590
-2826
-2071
-2208
-1996
-1275
-1602
-1791
-479
-1223
-633
395
-502
545
482
359
1465
1333
1130
1748
1608
1462
2056
2130
1684
1901
2271
2506
1888
1592
2381
1581
1450
1428
799
659
1962
1430
164
1397
654
45
455
742
550
634
1125
421
-227
685
772
332
898
317
936
1186
780
1489
1338
1025
1098
776
994
1622
1069
1728
2128
1937
2582
-177
-3712
-3445
-876
1414
1202
-1369
-2315
-2414
-3905
-3817
-3538
-3359
-2934
-3365
-3748
-4781
-5258
-4576
-3921
-3705
-4315
-5513
-5145
-3447
-2836
-2013
-1755
-2122
-2039
-2503
-1613
-511
-343
322
975
1008
995
719
413
1261
1715
1747
1974
1915
1449
1566
1421
663
814
374
267
660
803
432
-84
246
-406
-1410
-1052
-702
-831
-719
-590
-309
-215
-242
-456
-212
27
515
891
746
1808
1594
1740
2094
1699
2642
3119
2718
2075
2833
3312
3534
4025
3123
2997
2695
2717
3159
3208
3419
3089
2830
1723
1881
2762
2136
2757
2371
1332
2535
2642
2436
2737
1034
-1720
-2889
-2480
-924
905
1
-1641
-2550
-3701
-4140
-4286
-4807
-4881
-4665
-4477
-4547
-5500
-6181
-5047
-3826
-4122
-4561
-5578
-5396
-3758
-3241
-2438
-1558
-2101
-1756
-1252
-1600
-963
-351
822
1819
2137
2121
1747
2359
3286
3744
3880
3730
3371
3111
2689
2687
2603
2556
2393
2340
2375
645
-76
15
90
577
-333
-757
-753
-1216
-1257
-1384
-1372
-1009
-647
-1237
-1614
-1508
-1086
345
87
-24
117
-405
207
808
1103
1091
2210
2222
1400
2141
2370
2402
2516
2801
2320
2736
3766
3058
3167
3521
3290
3181
3072
2854
2898
3245
3394
3560
3564
3274
3196
3064
3254
3700
1796
-957
-3190
-3231
-463
700
-4
-1510
-3178
-4029
-4686
-5765
-6489
-6058
-5626
-6019
-6200
-7154
-7691
-6003
-4859
-4812
-5818
-7171
-6732
-4641
-3677
-3200
-1869
-1278
-775
-794
-1532
-1328
521
1969
3485
4052
3083
3844
4320
4790
5343
5167
5179
5283
5422
4782
4109
3708
3241
2487
1313
647
179
-354
-560
-1209
-2041
-2792
-3053
-3110
-3482
-3582
-3465
-3382
-3358
-3173
-3074
-2756
-2123
-1612
-1418
-1228
-1110
-551
45
343
910
1119
1655
1900
2308
3028
3147
3832
4073
3562
3465
3464
3192
3346
3770
3655
3506
3292
3139
2816
2212
2416
2248
2215
2527
1896
1842
2033
2125
1939
2282
3558
2387
-1007
-4443
-5486
-2598
395
160
-1587
-2728
-3059
-3340
-4774
-6361
-7144
-6292
-5183
-6081
-6916
-7233
-6078
-3729
-3127
-4615
-6293
-6282
-5340
-4208
-3458
-2732
-1246
-94
-47
-575
-1036
-724
863
2534
2854
2648
2698
3129
4047
4592
4461
4531
4737
3992
3117
2027
1361
2027
2432
1951
487
-1238
-2144
-2348
-1816
-2335
-3618
-3564
-3682
-3198
-2925
-3291
-3201
-2960
-2285
-2549
-2922
-2283
-1011
191
1114
1142
584
1106
1829
2111
2641
3314
3836
4480
4843
4302
4151
4758
5221
5334
4718
4303
4028
4089
4592
4291
4446
4513
3850
3603
2985
2566
2982
3251
3470
3567
3479
3147
3186
3925
4370
5026
4524
1699
-1579
-2883
-1302
951
1559
61
-794
-905
-2535
-4329
-5785
-6869
-6719
-6150
-6527
-7685
-8404
-7706
-5802
-4738
-5221
-6909
-8425
-7595
-7113
-6952
-5450
-4278
-2555
-1174
-1171
-1553
-1684
-1277
-126
1092
1353
2068
3209
4194
4933
4835
5015
5379
4777
3818
3028
2366
2270
2301
2424
2299
1383
-224
-1963
-2511
-2858
-2936
-3163
-3567
-3129
-3650
-4343
-4142
-3744
-3023
-2148
-2345
-2688
-2327
-2333
-1477
-192
455
1160
1789
2286
2564
2622
2992
3575
3722
3964
3854
3782
4574
4709
4913
5188
4466
3982
3760
3321
3144
3298
3658
3843
3736
3054
2567
2663
2902
3257
3209
3183
3409
3777
4063
4616
5034
5809
5560
2878
-20
-1677
-140
2007
2233
1066
-593
-1443
-2426
-3930
-5478
-6626
-7059
-7439
-8200
-9149
-10337
-9625
-7583
-7006
-7638
-8786
-9709
-9550
-8865
-8403
-7372
-5921
-4240
-3160
-2689
-2370
-1997
-703
844
2220
2591
2462
3271
4497
5028
6013
7015
7213
7500
6614
4726
2741
1724
1796
2402
3035
2438
1212
-112
-1334
-2639
-3922
-4111
-4354
-4628
-4598
-5077
-4728
-3780
-2745
-1909
-2297
-2969
-3478
-3486
-2719
-1918
-803
827
2065
2676
2864
2466
2722
3206
3348
3515
3151
3052
3201
3727
4268
4567
4760
4589
4011
3035
2313
1875
2392
3235
3801
4201
4163
4098
3882
4165
4354
4253
4767
4805
4845
5248
5372
5876
6788
6994
4832
1521
-744
-1244
-1
129
-1278
-2529
-3292
-3872
-5310
-7021
-8460
-8972
-9395
-10569
-11885
-13050
-12588
-11028
-9304
-8417
-8869
-9363
-9303
-8548
-7961
-6927
-5066
-3313
-1631
-745
56
1039
1932
3670
5238
5479
5111
4844
4898
6243
7531
7726
7922
7656
6728
5438
4169
3207
2416
1850
1493
575
-557
-1315
-1956
-2290
-2353
-3018
-4089
-4628
-5411
-5276
-4706
-4315
-3160
-2393
-1757
-1374
-1389
-1367
-984
-191
460
816
1338
1861
2630
3744
3849
4019
4603
4310
4176
3895
2835
3134
3767
4111
4784
4533
4077
3889
3891
3758
3729
3749
4084
4584
4347
4410
4293
4391
4967
4937
5045
5286
5354
5510
5441
5382
5532
5297
5239
4564
2130
-741
-2911
-3080
-1915
-2161
-4077
-6111
-7130
-7879
-8797
-9397
-10286
-10798
-10830
-11798
-12930
-13537
-13468
-11564
-9065
-7773
-7560
-7490
-6947
-5908
-4576
-3542
-2445
-1430
-527
937
1860
2548
4010
5104
6411
7039
5754
4832
4586
4750
5499
5999
5928
5504
4551
3202
2154
927
35
10
-449
-780
-1367
-2602
-2288
-1836
-2305
-2466
-3111
-3503
-3404
-3352
-2573
-1721
-832
-155
10
522
739
597
888
1382
1740
1890
1794
1777
1930
2114
2815
3320
2974
2945
2757
2136
2004
1727
1642
2288
2301
1966
2032
2165
2893
3413
3550
3759
3380
3161
3525
3930
4189
4409
4689
4740
4579
3990
3243
3159
3419
3452
3301
2979
2300
2249
2008
20
-2671
-5238
-6093
-5486
-5750
-6784
-7819
-7963
-7108
-6851
-7497
-8259
-8907
-9256
-8977
-8950
-9373
-9047
-7576
-4870
-2988
-2796
-2929
-2783
-1782
-827
-687
-759
-423
251
1126
1934
2196
2354
3161
3826
3698
2984
1738
892
1317
1972
1887
2032
1607
997
818
339
-192
-685
-533
-278
107
193
-109
-113
356
1179
1779
1750
954
730
921
1357
1668
1468
1548
1802
2226
2190
1768
1340
928
1083
1272
609
-61
121
536
691
337
-472
-698
-177
41
206
427
767
1402
1397
1544
1825
1928
2715
3608
4113
4494
4962
5006
4923
4886
4573
4240
3859
3677
3285
2794
2587
2268
2055
1986
2067
1942
1237
364
-315
-713
-1495
-3072
-5122
-6023
-5290
-4648
-4856
-5722
-5941
-5202
-4669
-4443
-4678
-5356
-5346
-5282
-5504
-5487
-5845
-5564
-4488
-3609
-3095
-3228
-3283
-2431
-1568
-1355
-1502
-1977
-2288
-2217
-2197
-2087
-1943
-1796
-1002
-87
529
858
899
1212
1638
1847
1701
1658
2150
2703
3336
4003
4499
5203
5821
6317
6614
6081
5324
4995
5018
5215
4908
4278
3936
3238
2579
2217
1396
891
443
-380
-731
-1412
-2274
-2434
-2586
-2760
-2982
-3359
-3340
-3040
-3070
-2855
-2386
-2171
-1475
-1044
-567
578
1324
2045
2600
2703
2926
3346
3738
4289
4449
4325
4567
4369
4118
3969
3651
3471
3099
2516
2087
1677
1110
724
377
23
-203
-561
-795
-955
-1116
-972
-696
-802
-2456
-4840
-5808
-5051
-3823
-3461
-3934
-4607
-4541
-4115
-4007
-3709
-3698
-3791
-3791
-4430
-5397
-6395
-6898
-6302
-5081
-4636
-5055
-5323
-5304
-4369
-3475
-3395
-3365
-3624
-3654
-3314
-2836
-2402
-1848
-415
971
1868
2464
2725
3531
4564
5251
5835
6138
6405
6685
6884
7469
8169
8455
8538
8529
8200
7780
7135
6000
5312
4600
3435
2686
1647
686
71
-987
-1873
-2616
-3504
-3989
-4321
-4607
-4512
-4638
-4421
-3923
-4053
-3970
-3630
-3304
-2855
-2568
-2310
-1866
-1386
-509
435
1156
1733
2088
2873
3395
3405
3420
3501
3551
3619
3497
3215
3359
2900
2504
2654
2285
2000
1903
1387
1169
1255
717
307
1
-467
-500
-479
-727
-917
-843
-520
-376
-563
-1256
-2742
-3585
-3215
-2689
-2842
-4034
-4982
-4831
-4395
-3990
-3955
-4302
-4410
-4508
-4888
-5698
-6652
-7137
-6844
-5907
-5164
-5062
-4940
-4367
-3663
-2972
-2349
-1895
-1387
-747
-592
-485
-429
-135
1369
2765
3858
4644
4961
5687
6403
7008
7630
7626
7420
7316
6934
6549
6192
5952
5976
6292
6106
5411
4639
3845
3586
2979
2547
2172
937
-206
-1254
-2043
-2498
-2947
-3319
-3268
-2972
-2966
-3055
-3211
-3290
-3258
-3049
-2724
-2695
-2520
-2234
-2080
-1609
-1127
-775
-250
288
722
981
1314
1837
2359
2851
3218
3246
2900
2722
2559
2184
2108
2059
1917
2158
2271
1911
1824
1768
1522
1348
697
-221
-770
-884
-769
-778
-1012
-1157
-1243
-1257
-663
-268
-942
-2220
-3440
-3843
-3324
-3073
-3786
-4359
-4147
-3745
-3492
-3413
-3230
-2843
-2525
-2601
-3198
-4065
-4690
-4629
-4145
-3703
-3660
-3804
-3551
-2989
-2395
-1708
-1001
-525
-169
-88
-405
-567
-501
-324
561
1700
2374
2868
3244
3818
4523
5274
6075
6403
6336
6375
6112
5411
5273
5510
6000
6507
6179
5451
4841
4490
4237
3797
3355
2789
1785
670
-522
-1693
-2554
-2985
-3150
-3368
-3562
-3888
-4109
-4033
-3734
-3481
-3613
-3674
-3540
-3602
-3604
-3463
-3393
-2894
-2133
-1449
-855
-536
-35
771
1557
1968
1982
2027
2249
2533
2537
2461
2574
2786
2919
2652
2316
1947
1602
1657
1536
1241
1001
635
382
110
-501
-1111
-1233
-1316
-1333
-1285
-1515
-1328
-730
-247
-565
-1740
-2547
-2493
-2062
-1921
-2383
-2790
-2488
-2201
-1947
-1879
-2178
-1997
-1950
-1971
-2024
-2894
-3656
-3687
-3584
-3427
-3473
-3976
-3900
-3051
-2142
-1426
-1155
-996
-571
-417
-417
-430
-326
206
949
1900
2492
2836
3308
3949
4951
5948
6528
6647
6614
6342
6296
6283
5846
5776
5693
5439
5172
4355
3474
3084
2957
2619
1966
1163
108
-773
-1291
-1787
-2285
-2873
-3248
-3575
-3945
-4067
-4368
-4461
-4152
-3859
-3716
-3883
-3742
-3645
-3910
-3679
-3357
-3069
-2695
-2530
-2070
-1345
-694
-17
806
1637
2002
1982
1946
1963
1885
1889
1923
1780
1841
1704
1358
1387
1392
1271
1382
1294
901
563
109
-261
-461
-745
-817
-902
-1150
-1300
-1323
-835
-52
592
841
614
32
-837
-1235
-865
-726
-1141
-1562
-1818
-1599
-1109
-710
-372
-104
-45
-438
-1022
-1874
-2852
-3445
-3441
-3077
-3095
-3234
-3079
-2711
-2010
-1361
-872
-586
-533
-378
-156
269
657
873
1620
2704
3333
3598
3836
4449
5350
6016
6461
6555
6648
6825
6801
6749
6358
5718
5208
4797
4331
3466
2637
2233
1917
1824
1442
472
-263
-812
-1774
-2693
-3514
-4522
-5044
-5381
-5662
-5852
-6158
-6124
-5974
-5855
-5729
-5602
-5319
-4625
-3790
-3456
-3172
-2757
-2397
-1788
-1195
-765
-84
844
1610
2307
2966
3201
3330
3314
3099
2882
2383
1892
1705
1808
1918
1859
1564
1185
910
325
-198
-492
-981
-1300
-1427
-1673
-1711
-1808
-1901
-1522
-942
-417
-95
107
39
272
840
1084
1089
592
295
710
1152
1162
718
373
450
688
707
420
28
-301
-531
-897
-1541
-2251
-2879
-3109
-3029
-3197
-3362
-3374
-3054
-2242
-1814
-1555
-1043
-749
-269
198
493
912
1191
1649
2256
2811
3240
3443
3766
4464
5114
5421
5709
5718
5675
5761
5432
4881
4086
3242
2855
2339
1481
582
-379
-981
-1133
-1502
-2027
-2438
-2962
-3282
-3604
-4113
-4545
-4965
-4976
-4536
-4406
-4588
-4605
-4276
-3459
-2741
-2325
-2065
-1869
-1247
-589
-121
359
926
1626
2124
2225
2076
1832
1820
2128
2081
1696
1144
639
626
671
548
302
-25
-214
-376
-734
-1105
-1537
-1929
-2001
-2162
-2395
-2477
-2572
-2415
-1953
-1660
-1312
-872
-605
-169
517
1227
1822
2158
2298
2633
3056
3579
4184
4493
4455
3994
3460
3172
2784
2100
1458
981
456
-54
-423
-700
-817
-1041
-1424
-1773
-2364
-3011
-3582
-3911
-3861
-3782
-3848
-3763
-3514
-3302
-2767
-1998
-1291
-696
-208
68
203
309
361
688
1200
1578
1819
1997
2176
2387
2554
2701
2998
3156
3013
2823
2611
2466
2295
2111
1989
1653
1088
543
291
133
67
154
31
-84
-130
-301
-268
-60
-16
-9
-136
-507
-846
-1161
-1472
-1488
-1477
-1579
-1586
-1743
-1897
-1949
-1881
-1693
-1699
-1813
-2014
-2469
-2867
-3079
-3209
-3016
-2717
-2499
-2361
-2324
-2158
-1870
-1623
-1320
-1081
-909
-608
-616
-548
-116
429
1193
1726
2000
2347
2721
2985
3261
3565
3728
3892
3987
3918
3886
3941
4067
4255
4327
4062
3562
3095
2801
2699
2688
2559
2157
1427
605
160
-165
-538
-885
-1281
-1570
-1872
-2359
-2783
-2904
-3075
-3188
-3092
-3088
-3088
-3081
-2954
-2563
-2247
-2208
-2323
-2514
-2614
-2524
-2328
-2112
-1729
-1326
-1057
-716
-531
-284
63
320
563
561
563
614
806
1307
1773
2331
2793
3083
3417
3615
3805
3948
4032
4133
4126
3869
3504
3161
2813
2725
2572
2037
1428
716
45
-440
-914
-1292
-1718
-2174
-2660
-3315
-3972
-4604
-4944
-5088
-5310
-5494
-5765
-5950
-5864
-5709
-5333
-4850
-4478
-3994
-3447
-2905
-2341
-1788
-1212
-588
-55
272
554
884
1403
2155
2800
3345
3928
4315
4454
4518
4477
4319
4239
4001
3563
3223
2768
2317
2089
1934
1843
1826
1651
1309
926
519
294
115
-52
-235
-453
-507
-501
-401
-217
7
262
427
537
516
410
362
355
445
540
542
315
-21
-154
-340
-631
-833
-997
-1138
-1317
-1501
-1505
-1496
-1666
-1938
-2081
-2100
-2192
-2337
-2432
-2435
-2469
-2498
-2332
-2049
-1788
-1467
-1101
-699
-147
337
735
1266
1678
1948
2289
2507
2615
2777
3031
3341
3564
3623
3703
3826
3770
3663
3381
2961
2555
1808
941
345
-243
-745
-1074
-1415
-1675
-2003
-2413
-2797
-3148
-3417
-3586
-3752
-3838
-3730
-3658
-3483
-3210
-3002
-2809
-2594
-2369
-2172
-1912
-1619
-1256
-661
-64
411
881
1105
1182
1228
1203
1190
1120
1166
1287
1370
1496
1469
1299
1305
1429
1417
1265
1011
788
768
707
570
464
280
122
-25
-234
-443
-657
-697
-392
-10
61
-73
-121
11
293
438
401
426
502
454
429
471
533
864
1157
1298
1387
1288
1178
1160
991
819
796
646
502
248
-124
-383
-778
-1202
-1364
-1543
-1835
-2042
-2135
-2032
-1953
-1961
-1974
-2004
-2136
-2238
-2194
-2092
-1854
-1530
-1001
-443
-41
330
806
1328
1639
1839
2082
2384
2674
2903
3079
3201
3213
3179
3190
3205
3156
3058
2909
2738
2489
2079
1711
1239
748
348
-135
-443
-716
-1052
-1211
-1409
-1650
-1849
-2120
-2303
-2331
-2357
-2360
-2344
-2395
-2383
-2420
-2448
-2260
-2085
-1860
-1503
-1140
-868
-722
-539
-348
-157
66
253
413
506
491
445
397
334
293
277
350
449
391
335
358
290
217
82
-157
-271
-421
-645
-730
-885
-1022
-955
-912
-847
-672
-478
-257
-92
-77
-132
-180
-203
-178
-139
-76
96
304
484
607
696
875
1039
1078
1015
938
925
873
859
825
709
788
837
687
488
314
222
126
-48
-267
-332
-281
-225
-74
67
184
316
382
569
778
737
759
1001
1232
1331
1370
1313
1361
1517
1415
1272
1148
1089
1177
1167
1001
838
724
669
704
576
396
412
520
561
551
464
317
267
258
255
218
124
52
52
79
67
8
-74
-69
0
-17
-166
-443
-784
-1085
-1275
-1396
-1488
-1525
-1490
-1355
-1204
-1183
-1280
-1314
-1256
-1240
-1305
-1343
-1240
-1071
-933
-831
-637
-479
-435
-502
-629
-595
-585
-675
-714
-701
-604
-464
-333
-245
-247
-246
-244
-252
-435
-754
-895
-1009
-1053
-1065
-1160
-1107
-958
-846
-769
-777
-825
-718
-580
-490
-443
-498
-499
-439
-368
-268
-165
-97
-26
113
281
466
620
814
1081
1312
1511
1628
1762
1958
2149
2259
2183
2061
2061
2169
2332
2439
2428
2328
2187
1990
1729
1508
1236
1004
882
684
450
156
-169
-356
-457
-561
-606
-601
-580
-538
-583
-690
-692
-715
-797
-797
-790
-650
-367
-97
172
410
566
687
777
811
780
660
524
398
270
180
158
116
25
-67
-308
-577
-763
-957
-1073
-1190
-1403
-1526
-1540
-1552
-1517
-1489
-1433
-1323
-1277
-1243
-1176
-1081
-996
-846
-646
-461
-161
23
71
221
374
553
771
870
941
990
830
614
432
152
-70
-270
-544
-703
-894
-1113
-1245
-1339
-1391
-1551
-1798
-2013
-2187
-2267
-2218
-2164
-2130
-2054
-1964
-1825
-1707
-1600
-1380
-1116
-774
-337
23
303
604
965
1362
1770
2017
2209
2435
2508
2495
2467
2509
2612
2715
2708
2591
2483
2313
2129
1998
1760
1470
1236
996
921
844
688
577
423
301
231
108
-7
17
98
267
467
581
662
724
799
941
1139
1211
1207
1175
1094
1047
943
881
844
663
474
271
25
-203
-433
-588
-685
-798
-949
-1114
-1306
-1451
-1490
-1576
-1674
-1716
-1747
-1685
-1549
-1418
-1200
-935
-690
-466
-361
-249
-56
138
424
743
968
1136
1252
1344
1484
1646
1700
1660
1611
1469
1257
1034
802
571
294
-49
-312
-552
-870
-1171
-1527
-1783
-1917
-2112
-2219
-2255
-2349
-2427
-2475
-2429
-2339
-2332
-2274
-2170
-2026
-1819
-1578
-1306
-953
-584
-323
-54
128
280
448
607
837
1005
1143
1340
1462
1551
1588
1475
1401
1338
1208
1128
1040
909
791
645
515
404
309
305
312
266
200
135
59
1
-82
-207
-292
-308
-299
-270
-224
-249
-303
-255
-190
-157
-91
-69
-23
-24
-158
-291
-369
-374
-364
-363
-346
-273
-181
-49
96
204
348
473
573
633
660
687
759
891
1009
1123
1216
1292
1357
1403
1525
1661
1724
1754
1658
1529
1379
1158
980
818
715
548
282
46
-192
-409
-602
-758
-920
-1132
-1350
-1601
-1779
-1804
-1799
-1761
-1639
-1562
-1543
-1508
-1506
-1472
-1385
-1362
-1403
-1467
-1467
-1348
-1212
-1083
-893
-649
-447
-312
-288
-351
-312
-225
-125
-28
-1
57
225
458
631
780
939
1094
1267
1337
1283
1261
1296
1329
1334
1235
1114
1076
1026
1027
1015
861
714
584
453
345
182
-59
-297
-498
-689
-885
-1135
-1418
-1649
-1778
-1875
-1972
-2018
-2051
-2080
-2058
-2036
-2014
-1992
-2029
-1981
-1875
-1804
-1722
-1650
-1489
-1213
-907
-599
-260
24
248
474
650
811
926
961
1035
1142
1226
1311
1383
1451
1501
1560
1622
1652
1675
1704
1757
1767
1745
1724
1690
1657
1662
1625
1531
1476
1414
1366
1306
1250
1246
1277
1280
1194
1020
842
730
641
545
422
307
164
65
-35
-188
-293
-411
-534
-715
-899
-1073
-1230
-1317
-1398
-1445
-1492
-1544
-1538
-1497
-1457
-1421
-1413
-1362
-1236
-1168
-1104
-976
-823
-572
-278
-45
164
329
471
632
802
929
1020
1155
1260
1309
1309
1252
1280
1339
1343
1296
1155
1015
914
806
663
548
405
174
-38
-255
-466
-674
-892
-1089
-1282
-1479
-1622
-1750
-1833
-1815
-1788
-1775
-1799
-1828
-1846
-1814
-1750
-1737
-1672
-1549
-1437
-1332
-1204
-1030
-809
-603
-439
-306
-200
-102
-32
57
149
187
249
353
469
604
749
917
1165
1353
1393
1405
1403
1421
1483
1498
1486
1415
1292
1274
1263
1216
1194
1167
1132
1083
979
832
717
622
565
524
463
372
254
138
47
-20
-85
-140
-234
-325
-357
-323
-246
-182
-100
-47
-5
10
-14
16
75
114
150
179
206
234
260
285
303
320
292
206
109
61
52
-13
-56
-52
-58
-57
-105
-224
-335
-429
-514
-570
-625
-688
-694
-680
-691
-675
-633
-548
-427
-342
-334
-333
-357
-407
-381
-388
-385
-339
-323
-285
-262
-208
-129
-65
-17
-73
-145
-221
-296
-283
-300
-346
-385
-412
-386
-363
-325
-238
-172
-130
-101
-135
-158
-169
-165
-69
17
48
86
133
151
175
160
138
176
150
55
-43
-125
-129
-88
-90
-106
-148
-207
-271
-346
-386
-394
-382
-401
-445
-460
-449
-404
-334
-273
-259
-258
-262
-238
-139
-82
-16
74
127
204
268
341
443
528
587
639
660
652
600
484
400
340
251
144
83
80
52
1
-65
-114
-106
-111
-136
-170
-209
-226
-198
-118
-52
-6
-8
-12
73
169
261
337
315
297
277
248
297
340
380
458
454
413
360
265
203
135
21
-68
-151
-250
-289
-321
-324
-300
-308
-291
-301
-303
-282
-203
-82
19
130
226
309
378
480
631
784
887
962
1016
1048
1054
1052
1109
1202
1237
1177
1076
955
798
663
606
530
395
249
94
-55
-217
-398
-554
-663
-739
-810
-856
-907
-975
-1020
-986
-904
-841
-838
-863
-861
-889
-934
-918
-830
-736
-661
-591
-531
-453
-386
-309
-196
-150
-192
-240
-266
-264
-258
-279
-299
-308
-346
-351
-291
-246
-199
-177
-183
-141
-138
-161
-131
-92
-57
-52
-33
39
76
108
211
328
425
523
563
575
580
564
585
581
552
518
441
349
257
178
154
174
129
16
-123
-233
-309
-374
-411
-477
-574
-654
-691
-668
-608
-579
-578
-557
-543
-497
-415
-322
-196
-74
16
135
282
386
524
661
752
852
929
998
1044
1053
1044
1039
1025
1022
1013
977
958
908
869
865
857
829
778
733
690
623
573
511
424
359
291
244
176
100
49
-11
-98
-184
-268
-352
-384
-445
-510
-558
-667
-799
-885
-947
-999
-1064
-1151
-1189
-1200
-1199
-1217
-1263
-1260
-1204
-1177
-1155
-1106
-1061
-982
-895
-804
-725
-663
-587
-497
-406
-352
-311
-229
-122
-69
-59
-39
5
79
161
209
250
242
206
200
177
211
238
202
185
150
94
72
66
53
63
73
87
95
78
86
121
135
137
125
80
48
50
31
5
-4
-11
22
68
86
80
55
55
90
87
32
-1
-14
-14
-20
-53
-100
-101
-58
-34
-1
51
132
219
265
298
341
397
478
523
513
510
508
515
554
562
559
629
711
753
760
745
755
790
800
776
750
715
687
678
642
559
491
455
419
367
276
174
120
107
88
71
31
-16
-52
-76
-88
-118
-154
-175
-183
-241
-311
-369
-405
-392
-402
-442
-480
-509
-511
-491
-495
-533
-570
-628
-673
-693
-715
-713
-718
-702
-653
-592
-535
-503
-488
-479
-432
-399
-384
-351
-301
-233
-160
-95
-33
41
106
162
222
231
207
214
198
204
204
188
221
260
304
305
263
215
140
25
-66
-102
-116
-121
-143
-182
-216
-231
-225
-194
-163
-149
-148
-155
-143
-114
-69
-41
-3
62
123
184
255
320
361
390
396
405
418
431
457
466
441
381
312
253
193
158
131
66
1
-96
-199
-268
-354
-430
-527
-643
-710
-767
-851
-909
-931
-922
-863
-816
-768
-694
-602
-485
-365
-256
-178
-97
17
124
220
325
427
537
633
694
752
772
798
865
912
928
880
785
706
638
542
432
303
178
105
17
-75
-137
-189
-223
-253
-307
-357
-388
-392
-351
-307
-272
-236
-158
-67
22
129
224
330
418
446
492
536
553
599
659
687
684
645
573
521
453
385
336
266
150
9
-120
-228
-332
-485
-596
-644
-684
-700
-710
-714
-698
-686
-688
-679
-691
-687
-652
-607
-563
-539
-511
-435
-353
-314
-272
-228
-182
-133
-118
-147
-150
-132
-121
-101
-109
-129
-156
-185
-219
-249
-299
-351
-375
-427
-481
-503
-493
-443
-393
-391
-402
-403
-400
-370
-304
-213
-116
-5
88
181
260
310
390
457
512
568
609
653
654
646
672
693
704
713
704
690
658
629
623
598
566
527
488
436
365
290
243
227
194
155
112
101
121
148
188
213
234
266
289
328
372
385
402
420
400
361
305
260
251
236
199
154
128
129
120
100
73
52
33
25
15
-37
-107
-154
-177
-198
-207
-211
-192
-156
-153
-156
-142
-112
-99
-118
-134
-150
-181
-195
-188
-199
-202
-209
-222
-216
-216
-227
-220
-214
-227
-243
-259
-238
-192
-184
-147
-88
-49
-31
-33
-29
-35
-55
-67
-59
-46
-22
3
18
39
59
55
64
75
53
-13
-88
-140
-201
-251
-323
-408
-494
-564
-616
-674
-735
-778
-792
-818
-831
-849
-843
-767
-698
-639
-566
-517
-457
-358
-257
-159
-60
28
122
227
302
352
406
466
527
582
618
632
651
655
654
640
592
519
446
390
328
251
158
97
64
1
-58
-129
-202
-240
-279
-299
-319
-360
-385
-385
-362
-338
-321
-312
-248
-174
-123
-78
-32
33
73
102
143
201
238
255
269
274
267
261
287
300
323
324
318
332
293
235
177
123
97
76
40
13
-29
-85
-105
-143
-188
-216
-245
-260
-265
-277
-275
-249
-225
-209
-181
-141
-102
-54
-17
14
34
55
110
174
227
267
279
275
284
287
280
283
286
293
308
302
302
303
308
318
294
256
206
178
149
109
64
13
17
38
16
-7
-42
-77
-69
-70
-74
-79
-80
-54
-32
-48
-86
-89
-62
-34
-40
-87
-120
-115
-105
-124
-170
-211
-212
-215
-232
-236
-260
-283
-288
-278
-259
-268
-280
-283
-269
-240
-248
-242
-182
-135
-83
-68
-98
-55
-27
-22
28
56
98
156
171
193
231
278
336
395
438
446
455
471
487
517
522
501
495
480
468
452
439
430
372
298
236
201
191
140
84
43
-7
-57
-127
-176
-183
-209
-239
-255
-285
-296
-328
-352
-327
-337
-334
-298
-268
-221
-185
-188
-163
-86
-41
-19
4
18
51
114
198
290
334
329
338
357
397
435
424
429
439
410
385
370
363
395
371
289
241
175
103
65
28
10
4
-64
-113
-123
-192
-248
-254
-250
-236
-247
-302
-343
-366
-410
-405
-378
-377
-394
-444
-474
-473
-473
-468
-434
-380
-368
-384
-400
-384
-360
-375
-400
-414
-444
-480
-478
-436
-383
-335
-286
-253
-229
-234
-240
-210
-187
-187
-165
-149
-144
-113
-128
-137
-103
-59
-6
40
47
56
73
95
128
129
103
89
97
112
136
133
119
93
62
45
-8
-33
-16
0
7
-5
-32
-40
-45
-65
-76
-84
-75
-60
-50
-59
-62
-66
-69
-43
-16
-18
-31
-43
-48
-15
-3
8
60
81
97
96
92
140
184
199
230
252
272
301
312
329
340
356
364
360
343
297
296
275
210
166
129
109
109
85
39
7
-9
-30
-45
-66
-98
-93
-92
-101
-72
-74
-76
-47
-49
-72
-83
-85
-58
-5
15
39
66
88
105
96
96
112
144
181
226
224
229
274
303
324
338
321
275
254
237
215
193
171
176
170
124
82
52
39
47
38
4
-39
-77
-100
-84
-63
-26
-17
-30
1
0
-42
-48
-12
28
35
12
1
-16
-16
7
27
36
41
55
48
39
34
28
55
78
58
25
3
-14
-22
-20
-10
0
-27
-52
-38
-15
16
33
68
98
96
67
57
79
68
75
71
63
57
52
57
67
92
115
148
169
155
118
83
73
80
71
84
97
85
73
53
51
55
65
58
26
0
-19
-24
-2
28
38
63
95
111
131
150
178
210
231
237
236
239
255
284
297
304
301
292
283
246
197
160
132
117
86
34
-7
-57
-109
-142
-178
-203
-221
-261
-292
-335
-377
-384
-381
-375
-384
-382
-376
-374
-372
-384
-389
-388
-382
-364
-348
-348
-353
-370
-356
-341
-352
-338
-333
-340
-332
-333
-343
-344
-346
-359
-393
-424
-450
-478
-506
-546
-569
-602
-629
-633
-624
-607
-595
-566
-526
-492
-445
-411
-376
-318
-291
-258
-203
-153
-110
-63
-10
30
54
66
70
78
94
105
121
134
144
139
114
86
47
24
30
37
28
27
32
18
-2
-28
-52
-84
-130
-167
-172
-188
-201
-180
-160
-121
-87
-60
-25
14
30
31
65
116
178
229
277
320
366
417
449
484
511
529
559
571
567
592
624
639
667
682
686
685
679
681
664
643
603
564
525
478
435
380
341
324
285
258
226
164
143
121
84
48
15
-5
-35
-66
-116
-153
-176
-197
-206
-211
-242
-255
-241
-223
-198
-202
-187
-174
-171
-156
-158
-173
-167
-141
-135
-119
-137
-155
-111
-81
-63
-41
-21
20
50
64
66
93
134
170
200
184
171
181
198
203
204
204
182
163
160
143
138
139
116
108
97
76
44
20
0
-37
-79
-107
-138
-166
-227
-290
-329
-380
-394
-416
-430
-451
-483
-492
-497
-491
-489
-494
-501
-504
-501
-466
-399
-318
-246
-183
-123
-55
37
109
193
273
344
429
509
585
662
731
785
844
876
882
888
900
899
892
883
868
865
838
812
785
736
704
674
629
576
514
452
406
355
300
253
198
143
105
85
51
3
-17
-40
-73
-88
-84
-76
-70
-72
-73
-78
-87
-95
-86
-66
-59
-65
-92
-114
-132
-155
-178
-178
-188
-230
-249
-249
-268
-305
-336
-369
-392
-416
-444
-462
-505
-536
-565
-574
-551
-556
-546
-528
-514
-498
-505
-500
-477
-448
-445
-439
-405
-381
-342
-304
-288
-278
-276
-276
-274
-276
-269
-270
-279
-271
-275
-285
-300
-333
-349
-384
-442
-477
-517
-547
-573
-602
-616
-614
-619
-641
-648
-665
-659
-625
-613
-571
-517
-478
-421
-369
-331
-278
-218
-158
-77
-19
32
102
163
238
314
380
458
522
547
572
593
603
629
636
632
616
568
528
509
475
438
415
361
312
280
222
173
126
59
12
-26
-71
-89
-113
-143
-149
-159
-155
-142
-139
-118
-102
-97
-77
-47
-13
22
74
121
146
182
240
281
322
341
349
380
410
440
448
443
442
454
470
479
474
461
450
436
423
392
375
363
354
331
298
282
268
264
271
269
245
223
212
205
189
193
204
193
212
229
225
235
222
201
184
138
89
45
4
-27
-57
-80
-89
-118
-146
-185
-251
-299
-354
-422
-474
-500
-526
-541
-558
-582
-593
-586
-560
-546
-536
-530
-503
-475
-446
-406
-354
-274
-202
-118
-47
23
112
198
274
331
371
384
430
474
493
523
532
525
529
530
535
532
510
485
450
392
322
257
201
159
107
44
-13
-65
-104
-139
-163
-202
-237
-258
-272
-275
-290
-287
-289
-279
-247
-228
-201
-161
-130
-94
-45
-18
24
67
114
164
207
251
291
337
371
389
392
405
384
355
341
319
293
259
226
180
153
123
91
59
33
13
-21
-49
-79
-89
-101
-115
-132
-146
-157
-173
-177
-179
-192
-210
-203
-182
-172
-174
-162
-157
-164
-176
-169
-162
-163
-144
-135
-131
-110
-86
-90
-105
-119
-131
-138
-117
-112
-136
-142
-157
-137
-115
-102
-95
-112
-107
-103
-105
-110
-118
-128
-132
-124
-131
-127
-96
-77
-79
-89
-96
-101
-91
-99
-119
-145
-176
-183
-188
-190
-213
-219
-227
-230
-216
-221
-204
-194
-195
-205
-210
-196
-197
-203
-206
-207
-193
-164
-136
-112
-104
-85
-53
-35
-21
0
3
-7
8
29
48
79
121
141
143
142
114
97
91
79
59
41
43
38
32
27
30
42
60
62
48
24
-7
-16
-17
-15
2
21
21
32
38
24
27
44
67
85
85
82
90
85
101
118
112
109
108
110
123
137
149
160
174
179
157
134
104
66
49
40
29
39
67
87
104
117
121
129
144
143
143
138
142
147
155
177
163
145
148
157
156
156
135
117
111
95
99
71
64
92
101
119
135
139
149
161
170
161
144
132
118
106
93
123
151
168
203
209
200
183
167
164
157
145
145
119
94
82
57
42
7
-25
-57
-96
-132
-152
-163
-198
-215
-236
-273
-309
-326
-333
-337
-327
-322
-322
-313
-294
-270
-250
-238
-219
-176
-145
-118
-86
-64
-32
8
48
77
90
113
130
134
140
146
146
136
137
142
126
103
75
45
29
19
8
-13
-42
-52
-62
-57
-38
-30
-22
-21
-25
-41
-63
-74
-68
-66
-71
-69
-62
-47
-28
1
26
37
39
44
46
41
49
44
39
44
40
28
15
24
25
0
-7
-4
-3
-11
-14
-17
-22
-16
-9
0
1
2
-3
-3
0
4
15
21
36
37
23
27
28
33
20
9
17
13
29
52
64
67
57
42
25
