-90
-103
-128
-124
-131
-123
-117
-116
-105
-104
-106
-101
-89
-78
-56
-52
-50
-35
-31
-19
-8
-1
6
0
4
-5
-15
-7
3
18
16
20
12
4
-4
-16
-28
-38
-35
-32
-29
-31
-27
-32
-22
-6
5
8
10
11
23
36
35
40
35
40
42
45
51
60
62
45
64
77
68
69
67
68
78
73
77
81
74
75
70
64
60
54
48
48
53
58
56
56
56
47
51
40
39
48
46
44
53
60
58
56
53
51
49
49
32
41
25
12
20
-2
-9
-13
-5
2
-1
2
2
-17
-13
9
20
20
14
18
19
27
39
35
22
22
33
48
45
61
79
56
30
33
15
-1
26
11
24
36
18
45
37
13
1
-10
34
33
24
49
10
40
10
4
83
96
98
74
141
196
189
194
165
125
88
94
75
59
83
110
113
99
100
47
37
66
61
47
31
36
-4
-5
-15
-62
-54
-76
-55
-69
-78
-56
-42
-24
28
71
23
59
46
33
77
39
11
-8
-19
-5
89
125
190
246
173
171
187
275
264
234
231
209
178
87
72
82
138
150
112
97
67
55
81
57
136
99
114
20
-86
-379
-1748
-3160
-1659
944
2275
1899
-873
-1054
146
-428
-2585
-1337
-1495
-1998
3497
1546
-300
667
-2516
-2034
2698
715
232
2778
-2160
492
2335
-1928
-658
371
-1011
3854
3355
-1059
1668
-1215
-1427
-284
-351
2206
1184
-989
1062
1566
-966
-107
-302
875
16
-262
1930
352
-371
-183
-1189
84
1316
-24
1249
-81
-551
1626
-1508
-1172
1676
-949
-152
597
-1044
878
-2
-808
916
80
-1227
382
-338
-469
659
-572
-568
-22
334
-180
-452
-921
100
289
-622
554
-346
-1371
798
23
-1518
-33
-355
56
10
-1323
-1053
326
-860
-1223
345
-378
-725
-1503
-854
-1916
-2833
1331
-801
-2522
1606
-2165
-1151
678
-4040
347
821
-1686
1531
-418
-1440
1690
-577
-869
1097
-55
422
722
605
-266
99
1373
1526
589
-727
900
1909
411
-440
532
1520
-52
574
1283
-1061
1066
-206
-770
2225
-229
476
166
-1650
619
151
-1380
892
273
-1053
622
-528
-763
432
-218
-711
150
692
814
-81
-1070
-349
1347
1007
-454
1283
1037
-1158
-259
1575
900
-312
241
627
36
396
-98
-298
1557
-1058
-1455
159
-1862
-1001
-186
-844
-939
-860
-1088
-1381
-1140
-1680
-1903
-1279
-1319
-1328
-1250
-1826
-1789
-1276
-1363
-1490
-915
-834
-1270
-1425
-881
-562
-989
-41
-26
-1140
-622
519
255
-19
1068
306
860
2080
335
315
1142
655
1642
2026
1675
1970
1208
2094
2610
2105
1222
1394
2716
1210
1994
2481
1702
2677
1586
2141
2451
601
1895
2069
843
1526
1363
1956
1092
525
1346
-530
1395
1576
-185
1645
0
-263
1831
560
327
1179
281
1052
1734
1461
1183
635
-889
-2077
-162
342
315
319
-476
-356
-933
-1519
-1420
-2214
-2276
-2372
-3386
-1775
-1979
-3556
-2746
-3033
-3594
-3023
-3205
-3006
-1851
-2226
-3073
-2373
-1351
-2022
-2069
-923
-1473
-1215
-483
-903
4
174
-498
-49
26
361
1092
970
1280
994
421
778
513
1082
252
-1172
-424
478
829
278
-133
-377
-598
-296
-155
-652
-445
-672
-918
30
90
-269
-506
-422
-385
202
512
636
1255
1326
1405
1040
1451
1567
1835
2565
1975
1680
2309
3063
3005
2720
2431
3062
2907
2983
3236
2759
3557
2957
2644
2967
3203
2979
3100
2883
2210
2706
3042
3577
2926
1231
-1988
-2035
703
525
-528
-1200
-1701
-1346
-1764
-3476
-3812
-4060
-4422
-4640
-4254
-4163
-4574
-4827
-5187
-4912
-5292
-5266
-3954
-3278
-3739
-4019
-3980
-2940
-2055
-2316
-1946
-1236
-1248
-775
-363
-382
459
832
836
1221
1483
1447
1965
2456
2575
2347
2190
2786
3251
2962
1888
1814
2087
1766
1253
-132
-1130
-1031
-861
-683
-1141
-1813
-1804
-1544
-1543
-2000
-2239
-2373
-2157
-1706
-1808
-1932
-1633
-1661
-1546
-1070
-745
196
777
609
1292
1372
1562
2427
2016
2288
2609
2527
3247
3908
3588
3634
3885
3763
3902
3818
4282
4423
4504
4751
4871
4670
4311
3969
4145
4436
4072
3496
1236
-908
-1299
-310
109
-1005
-1423
-1688
-2433
-3121
-4966
-5506
-4455
-5805
-6689
-6320
-6431
-6402
-6595
-6472
-5924
-5841
-6065
-5670
-4891
-4367
-4766
-4151
-2476
-1840
-1429
-1219
-1030
-800
-195
437
1390
2369
1962
2022
2826
3089
2765
3153
4057
4194
4134
3932
3513
3932
4037
3254
3034
2786
2355
1986
1577
900
-381
-1533
-1927
-2370
-2822
-2887
-2609
-2180
-2305
-2533
-2412
-2374
-2454
-2422
-2401
-1957
-1606
-1299
-802
-365
-187
425
1498
1924
2431
2797
3071
3557
4153
4283
4384
4632
4883
4755
4650
5067
4718
5112
5380
5029
5299
5255
5024
5418
5410
5091
5206
4768
4533
4540
3154
592
-1594
-2451
-1488
-716
-1772
-3025
-3308
-3726
-4475
-5099
-5904
-6039
-6567
-7922
-8431
-7917
-7687
-7634
-6665
-5828
-5807
-5981
-5847
-5735
-5750
-5556
-4568
-2541
-1522
-1870
-1659
-739
203
551
557
849
1147
1189
1582
2160
2346
3037
3340
3801
4273
3044
2462
3104
3185
2376
1895
1684
1655
1698
1095
510
72
-552
-1670
-2409
-3492
-4689
-4593
-4014
-2888
-2586
-3222
-2912
-2431
-2548
-2653
-2474
-2238
-1725
-1250
-1146
-180
694
915
1788
2686
3160
3416
3837
4171
4548
5115
5291
5776
6140
5657
5651
6069
6201
6029
5695
5667
5836
6057
6136
6493
6367
5951
5555
5633
6138
5289
4224
2211
-188
-1231
-1210
-543
-736
-2169
-2970
-2990
-3575
-4451
-5839
-6100
-5996
-7037
-8260
-8884
-8481
-8083
-7245
-6186
-5602
-5820
-6222
-6087
-5599
-5181
-4885
-3875
-2925
-2456
-2181
-1277
-112
407
667
466
433
747
610
781
1563
2052
2521
3069
3095
2921
2844
2678
2654
2076
1043
378
255
595
534
444
394
-702
-2230
-3000
-3794
-4632
-5020
-5100
-4485
-3838
-3666
-3575
-3074
-2453
-2459
-2703
-2485
-2348
-2099
-1644
-1235
-78
947
1686
2673
3215
3605
4196
4634
5321
5530
5236
5756
6199
6419
6802
6839
6859
6882
6800
6870
6535
6696
7009
6776
6752
6779
6703
6824
7032
5993
4635
2180
-31
-494
-897
-789
-1539
-2419
-2484
-2858
-3485
-4157
-5051
-5487
-5975
-7292
-8380
-8749
-8578
-7968
-6889
-6190
-5856
-5749
-5590
-5270
-5001
-4811
-4515
-3760
-3543
-3618
-2824
-1402
-220
496
587
608
724
649
681
813
1223
1438
1841
2548
2929
3163
3475
3768
3481
2421
1210
734
707
687
284
59
-12
-698
-1532
-2249
-2839
-3587
-3842
-4121
-4303
-4205
-4280
-3546
-2743
-2352
-2120
-2323
-2402
-1946
-1902
-1648
-1035
-451
611
1388
2105
2856
3713
4660
5172
5482
5517
5602
5959
6054
6124
6355
6332
6416
6827
6921
6926
7147
6868
6687
6974
6769
6763
7082
6885
6551
5599
3718
1710
290
-261
-229
-372
-1292
-2187
-2506
-2761
-3389
-4055
-4688
-5467
-6446
-7874
-8788
-8943
-8733
-8100
-7531
-7103
-6957
-7006
-6279
-5744
-5938
-5625
-5150
-4926
-4725
-4433
-3550
-1807
-583
-200
-5
222
446
534
971
1295
1359
1402
1928
2769
3361
3797
4117
4406
3825
2833
2080
1433
1172
802
628
652
-158
-1215
-1496
-1786
-2453
-3196
-4171
-4708
-4712
-4764
-4495
-3741
-3174
-2971
-2808
-2414
-2170
-2028
-1582
-1243
-936
-654
-105
816
1643
2618
3703
4953
5769
5726
6005
6225
6218
6471
6362
6576
6850
6736
7223
7580
7639
7813
7628
7382
7395
7272
7291
7706
7663
7104
6272
4895
3062
1453
557
219
-263
-1055
-1908
-2451
-2407
-2857
-3690
-4162
-4910
-6059
-7374
-8406
-8903
-9348
-9201
-8684
-8366
-7926
-7427
-6645
-6050
-5985
-6041
-5773
-5671
-5969
-5716
-4493
-2960
-1913
-1187
-624
-161
160
579
1062
1270
1081
965
1434
2194
2604
2907
3607
3767
3476
3103
2782
2349
1805
1288
624
39
-534
-1268
-2014
-2051
-2291
-3068
-3551
-4146
-4894
-4797
-4688
-4846
-4358
-4029
-3811
-3696
-3468
-2886
-2402
-2016
-1636
-1540
-1171
-226
363
1347
2677
3362
4249
5197
5280
5575
6095
6114
6264
6545
6539
6489
7015
7513
7718
8133
8109
7926
8249
8220
8093
8208
8076
8035
7670
6775
5571
3873
2311
1347
747
457
-344
-1417
-1668
-1845
-2485
-3154
-3611
-4463
-5431
-6758
-8194
-8596
-9077
-9344
-8977
-8666
-8613
-8109
-6984
-6252
-5816
-5811
-5827
-5669
-5816
-5620
-4615
-3473
-2542
-1846
-1068
-35
401
946
1653
1716
1868
2230
2474
3085
3481
3635
4192
4258
4076
3644
3402
3348
2890
2662
2215
1246
224
-373
-1305
-1931
-1909
-3042
-3992
-3867
-4371
-4850
-4709
-4906
-4794
-4716
-5178
-4523
-3711
-4139
-3821
-2787
-2677
-2787
-2019
-780
51
555
1634
3297
3836
3736
4526
5674
5966
5781
6586
7121
6690
6402
7097
8000
7908
7686
8006
8379
8071
7956
8506
8519
7928
7762
8161
8070
6696
5422
4529
2766
1299
460
22
-470
-1600
-2363
-2352
-2753
-3776
-4067
-4283
-5557
-7511
-8703
-9163
-9958
-10492
-10208
-9550
-9192
-9006
-8224
-6997
-6417
-6650
-6586
-6133
-6193
-5895
-5083
-4202
-3412
-2713
-1625
-630
-41
607
1624
2289
2739
2973
3317
3841
3936
4093
4293
4265
4053
4021
4053
4010
3680
3225
2978
2197
746
-324
-1018
-1893
-2796
-3454
-3788
-4496
-5292
-5427
-5223
-5117
-5211
-5287
-5074
-5104
-5165
-4651
-4225
-4077
-3757
-3108
-2234
-1186
-186
1009
2279
3089
3823
4496
5108
5586
5749
6149
6564
6668
7182
7938
8334
8498
8603
8800
9018
8926
8702
8727
8749
8635
8475
8266
8119
8115
7950
7163
6026
4550
3062
2037
1119
545
-275
-1452
-2115
-2496
-2891
-3749
-4461
-4890
-6114
-7659
-8880
-9629
-10100
-10309
-10254
-10024
-9819
-9816
-9047
-7901
-7254
-6829
-6364
-6032
-5933
-5606
-4823
-3916
-3347
-2799
-2047
-1072
-39
886
2213
3341
3674
4010
4293
4396
4305
3963
4447
4409
3534
4021
3983
3031
3737
3377
1916
2172
542
-1052
-514
-2425
-3619
-3440
-5381
-5928
-5616
-6512
-5898
-5153
-5613
-5337
-5227
-5324
-4796
-4705
-4216
-3451
-3198
-2069
-817
-14
1334
2230
2954
4201
4494
4864
5889
6012
6451
7048
7106
7612
7792
7838
8126
8073
8270
8258
7766
7726
7478
7169
7535
7265
6659
6943
6781
6371
6558
6164
5438
4898
3595
1930
1081
177
-642
-1071
-2219
-3539
-4433
-4986
-5578
-6003
-6075
-6710
-7858
-8716
-9201
-9869
-10313
-10517
-10812
-10821
-10775
-10282
-9127
-8123
-7377
-6527
-5701
-5179
-4856
-4146
-3215
-2720
-2251
-1476
-722
13
882
1928
3130
3854
4128
4563
4833
4839
4882
4842
4564
4101
3478
3082
2883
2381
1961
1571
948
188
-668
-1226
-1806
-2741
-3735
-4628
-5165
-5389
-5696
-6014
-5888
-5352
-4864
-4522
-4016
-3167
-2367
-1564
-647
-23
497
1112
1795
2479
2924
3377
4266
5177
5772
6412
7202
7529
7455
7586
7529
7492
7512
7169
6968
6771
6372
6176
6057
5934
5870
5953
6105
5817
5471
5346
5142
4963
4790
4779
4776
4405
3761
2577
1098
-8
-987
-1736
-2701
-4159
-4944
-5164
-5655
-6164
-6295
-6264
-6732
-7736
-8500
-9076
-9755
-10283
-10577
-10573
-10466
-10297
-9489
-8242
-7349
-6485
-5395
-4525
-3932
-3306
-2527
-1911
-1503
-1135
-719
-191
478
1231
2123
3052
3373
3536
3960
4133
4179
4241
4045
3572
2982
2445
2020
1505
993
594
204
-294
-911
-1460
-1735
-2115
-2506
-2785
-3504
-4010
-3994
-3800
-3716
-3549
-2769
-1896
-1366
-774
102
903
1442
1892
2266
2458
2701
3067
3588
3945
3997
4370
4985
5327
5588
5837
5838
5822
5625
5320
5208
5103
4906
4814
4725
4328
4070
4253
4434
4276
4317
4511
4573
5003
5248
5125
5112
4753
4350
4382
4036
3223
2345
1123
-232
-1115
-1520
-2222
-3282
-4085
-4596
-5008
-5610
-6268
-6368
-6439
-7301
-8194
-8516
-8671
-9124
-9359
-8995
-9026
-9319
-8920
-7825
-6756
-5977
-5065
-4034
-3328
-3118
-2686
-1795
-1350
-1394
-1177
-693
-562
-417
381
1376
1922
1989
2119
2399
2558
2490
2543
2561
2027
1424
1173
909
607
509
355
225
-24
-559
-751
-446
-298
-222
-31
-63
-366
-563
-311
-56
-51
-264
-176
226
337
681
1602
2410
2601
2680
2872
2919
2820
2735
2597
2270
1795
1500
1822
2200
2432
2754
3056
3262
3195
3114
3339
3514
3364
3189
3121
3179
3416
3805
4184
4472
4480
4429
4574
4533
4359
4187
3971
3562
3106
2836
2623
2413
2097
1196
-252
-1448
-2166
-2522
-3091
-4232
-5015
-5208
-5605
-5988
-5906
-5698
-6000
-6761
-7177
-7279
-7558
-7850
-7556
-7272
-7492
-7694
-7272
-6229
-5621
-5191
-4412
-3773
-3502
-3150
-2485
-1906
-1609
-1583
-1430
-1200
-1163
-1004
-332
391
569
760
1395
1998
2357
2787
3179
3279
2854
2296
2165
1969
1737
1985
2255
2311
2507
2770
3306
3764
3865
3935
3719
3080
2415
2175
1964
1463
843
555
593
524
527
711
1047
1161
866
657
688
473
216
254
8
-490
-627
-373
129
607
949
1470
2130
2648
3040
3668
4155
4065
4069
4150
3947
3802
3795
3939
4023
3842
3769
3923
4091
4136
3936
3715
3435
2832
2445
2247
1944
1678
1479
1245
618
-564
-1687
-2043
-2170
-2824
-3803
-4468
-4678
-4975
-5366
-5260
-5023
-5455
-6267
-6680
-6921
-7401
-7798
-7750
-7457
-7673
-7978
-7532
-6629
-5981
-5630
-5101
-4505
-4320
-4179
-3436
-2732
-2593
-2457
-2069
-1642
-1246
-871
-147
613
862
1180
1893
2598
3023
3533
4270
4731
4536
4393
4687
4853
4848
4794
4842
4838
4642
4575
4896
5119
4878
4578
4162
3345
2395
1881
1293
275
-699
-1344
-1554
-1903
-2487
-2662
-2566
-2589
-2584
-2537
-2452
-2398
-2365
-2027
-1745
-1818
-1626
-1071
-736
-556
-312
48
569
1035
1487
1917
2331
2716
2962
3185
3201
2966
2811
2788
2585
2263
2070
1940
1842
1842
1837
1700
1607
1462
1342
1234
898
492
120
-119
-310
-470
-694
-1484
-2605
-3208
-3150
-3118
-3722
-4560
-4847
-4804
-5304
-5735
-5172
-4723
-5078
-5450
-5353
-5229
-5481
-5490
-4757
-4396
-4784
-4761
-4003
-3259
-3094
-2953
-2301
-1724
-1657
-1394
-570
126
287
619
1318
1763
1965
2394
3278
3872
3851
4009
4802
5552
5891
6394
6983
7227
7135
7054
7139
7033
6529
6176
6050
5633
5075
4752
4596
4327
3815
3203
2874
2487
1821
1225
658
32
-519
-895
-1167
-1378
-1640
-1603
-1412
-1482
-1503
-1305
-958
-629
-467
-425
-311
-167
37
336
542
650
744
1061
1480
1684
1841
2135
2494
2684
2645
2495
2370
2283
2083
1793
1484
1160
839
657
551
286
-27
-181
-259
-529
-924
-1213
-1420
-1542
-1715
-2022
-2162
-2243
-2306
-2149
-1967
-2152
-2778
-3180
-3028
-2611
-2554
-3048
-3221
-2991
-3035
-3267
-3075
-2477
-2284
-2682
-2913
-2734
-2802
-3078
-2832
-2417
-2720
-3319
-3273
-2713
-2546
-2859
-2718
-2089
-1948
-2023
-1493
-732
-436
-540
-339
43
-5
-186
247
937
1044
1008
1489
2220
2657
2983
3570
4014
3923
3731
3810
3971
3856
3614
3631
3583
3225
2994
3155
3292
3208
2921
2594
2327
1986
1701
1444
952
177
-411
-611
-907
-1490
-1884
-1992
-2160
-2436
-2697
-2718
-2513
-2453
-2574
-2623
-2703
-2762
-2664
-2540
-2668
-2989
-2982
-2732
-2566
-2472
-2267
-1905
-1560
-1350
-1173
-929
-741
-554
-430
-398
-422
-591
-658
-592
-601
-730
-857
-842
-799
-761
-606
-419
-169
122
246
443
609
609
718
826
811
779
895
1185
1200
841
772
1156
1518
1219
465
149
100
-340
-875
-900
-855
-1298
-1694
-1651
-1774
-2250
-2581
-2609
-2771
-3496
-4275
-4203
-3883
-4140
-4238
-3787
-3328
-3067
-2570
-1715
-1031
-767
-346
413
913
1114
1441
2173
2804
2947
3250
4059
4730
5149
5842
6495
6721
6793
7051
7361
7372
7004
6531
6170
5660
4968
4445
4081
3633
3110
2698
2307
1787
1353
993
458
-316
-1232
-2001
-2644
-3401
-4172
-4820
-5274
-5571
-5808
-5918
-5861
-5751
-5615
-5345
-5012
-4792
-4625
-4302
-3836
-3424
-3229
-2992
-2535
-2128
-1747
-1290
-828
-352
144
732
1448
1989
2216
2534
2945
3137
3103
2964
2822
2547
2215
1990
1839
1729
1602
1547
1548
1438
1266
1280
1362
1276
1168
1111
955
748
688
666
569
550
720
871
620
51
-241
-2
112
-372
-865
-947
-1111
-1531
-1759
-1657
-1576
-1817
-2000
-1756
-1619
-1872
-1790
-1224
-1055
-1389
-1488
-1082
-656
-609
-534
-11
427
607
1142
1842
2231
2349
2590
3065
3158
2875
2961
3283
3246
2900
2774
3014
3110
3104
3256
3299
3114
2982
3021
2930
2523
2017
1753
1474
898
211
-345
-706
-1118
-1633
-2140
-2569
-2847
-2994
-3028
-3185
-3515
-3713
-3693
-3571
-3645
-3882
-3832
-3683
-3809
-3885
-3755
-3541
-3206
-2858
-2510
-2077
-1655
-1236
-717
-275
-131
-116
17
107
15
-156
-244
-253
-358
-456
-417
-208
-32
30
205
229
61
1
-92
-295
-547
-883
-1140
-1192
-1208
-1137
-878
-584
-335
-71
356
712
895
1093
1271
1406
1498
1582
1742
2039
2331
2578
2938
3327
3661
3973
4164
4095
3966
3986
4083
3905
3438
3113
2839
2407
1913
1643
1509
1043
414
122
-88
-589
-1001
-1034
-1136
-1679
-2257
-2406
-2398
-2736
-3097
-3218
-3305
-3496
-3625
-3363
-3028
-2986
-2901
-2493
-2186
-2113
-1902
-1437
-1024
-931
-798
-372
74
453
971
1591
2032
2292
2705
3229
3544
3648
3713
3841
3876
3745
3542
3350
3150
2894
2580
2173
1739
1385
1134
800
332
-83
-421
-756
-1176
-1706
-2283
-2779
-3155
-3485
-3803
-4169
-4444
-4582
-4717
-4724
-4617
-4458
-4234
-4048
-3817
-3575
-3398
-3084
-2682
-2386
-2141
-1866
-1509
-1097
-756
-376
55
437
886
1362
1770
2129
2549
3051
3503
3719
3773
3901
4022
4069
4105
4079
3952
3848
3876
3893
3788
3716
3712
3657
3484
3185
2955
2802
2519
2173
1921
1682
1364
1146
1071
913
699
607
528
276
-91
-323
-298
-351
-775
-1258
-1497
-1767
-2206
-2583
-2761
-3001
-3397
-3707
-3835
-3906
-4066
-3968
-3617
-3510
-3592
-3398
-2935
-2538
-2322
-2054
-1615
-1314
-1035
-519
190
732
1058
1587
2235
2651
2941
3410
3927
4181
4104
4028
4097
4058
3934
3830
3617
3194
2762
2429
2026
1457
794
254
-138
-668
-1310
-1776
-2098
-2437
-2836
-3223
-3478
-3650
-3795
-3885
-4028
-4172
-4177
-4059
-3854
-3645
-3500
-3258
-2814
-2392
-1944
-1390
-901
-454
-23
357
701
998
1261
1490
1676
1782
1806
1868
1990
2045
2039
2024
1954
1841
1766
1700
1556
1308
968
666
444
201
-8
-160
-315
-483
-611
-638
-650
-707
-691
-561
-485
-556
-518
-403
-417
-462
-497
-478
-429
-457
-415
-233
-141
-153
-82
29
86
160
303
409
423
401
414
506
570
566
635
707
647
516
524
661
657
480
351
272
85
-52
-17
82
16
-237
-350
-304
-358
-496
-486
-504
-740
-983
-1075
-1137
-1317
-1517
-1658
-1774
-1929
-2031
-1899
-1674
-1628
-1684
-1608
-1461
-1346
-1210
-988
-724
-619
-599
-352
13
295
639
1001
1242
1439
1658
1935
2142
2174
2141
2155
2080
1892
1773
1686
1537
1310
1085
842
573
407
287
92
-159
-413
-626
-759
-912
-1170
-1357
-1445
-1529
-1573
-1619
-1691
-1641
-1535
-1518
-1530
-1513
-1419
-1354
-1364
-1369
-1412
-1440
-1387
-1291
-1211
-1173
-1116
-1026
-964
-967
-977
-880
-752
-744
-738
-641
-536
-445
-270
-28
180
347
543
771
933
1140
1436
1686
1781
1792
1833
1894
1926
1914
1927
1894
1794
1743
1771
1773
1749
1774
1841
1823
1705
1639
1628
1603
1460
1276
1170
1035
896
834
789
768
677
534
481
466
454
451
348
172
141
163
88
-7
-24
-44
-134
-209
-204
-108
-12
84
264
376
338
369
545
672
673
625
606
639
573
421
405
411
285
140
121
147
113
146
276
366
322
269
348
432
406
362
361
269
173
178
191
185
155
164
198
173
128
77
14
-66
-240
-414
-514
-649
-815
-927
-1068
-1262
-1434
-1590
-1713
-1873
-2032
-2115
-2171
-2262
-2340
-2394
-2417
-2427
-2511
-2554
-2543
-2551
-2510
-2437
-2463
-2430
-2306
-2188
-2020
-1883
-1796
-1654
-1458
-1289
-1144
-1001
-822
-669
-498
-306
-162
52
296
517
705
833
953
1109
1243
1344
1400
1398
1430
1515
1612
1665
1674
1702
1768
1799
1809
1825
1820
1783
1714
1624
1476
1363
1285
1223
1179
1090
1029
1062
1141
1164
1165
1209
1269
1310
1363
1434
1483
1533
1624
1701
1702
1697
1725
1783
1781
1737
1697
1642
1596
1477
1350
1244
1082
882
689
494
291
70
-195
-421
-609
-773
-937
-1095
-1225
-1376
-1501
-1612
-1698
-1757
-1809
-1802
-1749
-1682
-1616
-1510
-1358
-1191
-1033
-902
-780
-686
-593
-459
-333
-258
-188
-118
-86
-67
-55
-68
-47
-55
-106
-158
-272
-374
-434
-502
-610
-765
-975
-1180
-1327
-1504
-1682
-1836
-1940
-1990
-2045
-2069
-2045
-1979
-1907
-1848
-1775
-1678
-1548
-1402
-1264
-1123
-1001
-903
-748
-566
-423
-274
-119
-37
0
93
228
355
429
466
498
479
419
376
336
233
131
74
-9
-65
-11
99
220
300
295
344
464
536
582
665
737
815
953
1065
1197
1370
1537
1655
1733
1762
1721
1694
1676
1630
1545
1449
1366
1336
1314
1249
1194
1127
1008
848
774
729
615
536
503
452
383
357
358
350
326
308
324
337
314
308
342
339
269
196
199
216
168
125
119
83
3
-68
-89
-68
-91
-108
-100
-123
-184
-242
-262
-327
-443
-543
-661
-803
-950
-1074
-1163
-1270
-1405
-1555
-1642
-1651
-1676
-1715
-1682
-1619
-1589
-1557
-1450
-1298
-1188
-1094
-981
-858
-743
-593
-377
-156
21
175
332
484
568
623
724
787
782
764
773
772
743
686
639
585
486
366
270
209
89
-7
-18
-54
-153
-240
-278
-330
-425
-545
-631
-710
-818
-875
-869
-875
-889
-885
-883
-894
-930
-964
-962
-981
-1010
-945
-857
-839
-815
-756
-727
-703
-656
-647
-663
-689
-702
-655
-634
-632
-579
-505
-437
-382
-306
-210
-112
-21
89
235
335
458
647
852
1034
1198
1392
1568
1720
1824
1964
2137
2234
2330
2449
2547
2589
2611
2597
2511
2421
2321
2204
2073
1930
1785
1661
1579
1448
1314
1229
1120
963
757
541
319
127
-95
-344
-553
-706
-842
-1014
-1121
-1215
-1309
-1339
-1329
-1306
-1273
-1208
-1117
-993
-878
-808
-704
-535
-398
-312
-200
-53
111
304
488
679
868
1004
1134
1283
1408
1455
1475
1507
1496
1431
1349
1286
1206
1086
902
709
575
420
256
121
-30
-233
-423
-597
-794
-1012
-1245
-1463
-1685
-1930
-2146
-2309
-2451
-2569
-2660
-2704
-2710
-2706
-2676
-2652
-2620
-2575
-2525
-2450
-2348
-2240
-2101
-1972
-1828
-1626
-1435
-1255
-1081
-880
-690
-510
-304
-153
-21
159
355
522
653
763
890
1031
1134
1206
1275
1340
1371
1372
1395
1431
1463
1474
1441
1373
1301
1254
1211
1145
1015
866
751
640
510
382
297
220
129
34
-32
-61
-58
-23
1
50
134
230
361
500
614
730
832
901
951
984
1046
1134
1203
1277
1342
1420
1524
1631
1729
1780
1804
1799
1790
1777
1730
1660
1558
1451
1342
1244
1175
1096
1011
951
877
771
640
530
434
323
226
109
-72
-269
-425
-526
-586
-684
-800
-878
-947
-1019
-1086
-1166
-1256
-1330
-1417
-1496
-1553
-1637
-1684
-1675
-1692
-1752
-1801
-1803
-1766
-1745
-1758
-1737
-1706
-1701
-1678
-1611
-1549
-1480
-1381
-1301
-1214
-1091
-962
-842
-713
-600
-513
-414
-308
-211
-129
-84
-62
-49
-54
-42
-31
-50
-51
-56
-90
-126
-154
-167
-197
-236
-296
-384
-440
-529
-622
-651
-675
-722
-758
-755
-714
-651
-539
-403
-293
-194
-109
-12
96
158
216
291
326
328
324
309
332
375
405
440
478
524
594
683
735
735
707
672
612
538
500
485
460
451
503
583
660
735
821
911
952
950
945
927
900
839
773
703
632
611
597
612
607
568
568
554
516
487
467
449
413
323
221
161
81
16
-12
-66
-156
-214
-209
-192
-218
-250
-240
-225
-204
-150
-48
89
204
295
408
533
639
732
837
924
932
926
950
952
913
876
869
819
710
615
557
508
409
290
177
33
-123
-245
-337
-473
-605
-705
-794
-890
-999
-1055
-1081
-1132
-1190
-1222
-1238
-1223
-1200
-1167
-1109
-1087
-1056
-1006
-952
-917
-875
-822
-779
-756
-710
-615
-523
-417
-309
-155
-3
100
222
335
410
440
452
480
511
496
476
501
511
501
523
546
579
569
514
462
367
251
148
37
-93
-229
-361
-440
-490
-547
-573
-578
-566
-577
-616
-625
-662
-713
-724
-749
-804
-874
-904
-889
-897
-880
-773
-647
-534
-362
-174
6
184
337
514
667
784
905
1035
1172
1247
1302
1389
1506
1613
1712
1836
1929
1983
2033
2089
2128
2122
2084
2030
1965
1871
1766
1692
1603
1483
1373
1270
1160
1047
939
826
715
601
503
410
300
181
46
-110
-287
-459
-637
-812
-962
-1103
-1238
-1359
-1473
-1540
-1559
-1563
-1548
-1519
-1486
-1474
-1453
-1418
-1402
-1382
-1364
-1341
-1296
-1248
-1189
-1101
-999
-907
-805
-685
-570
-480
-400
-339
-310
-326
-376
-415
-492
-591
-665
-731
-791
-851
-922
-930
-922
-944
-943
-948
-964
-985
-1004
-1039
-1071
-1108
-1151
-1183
-1189
-1170
-1180
-1162
-1128
-1109
-1075
-1019
-969
-914
-856
-794
-695
-617
-545
-440
-328
-261
-175
-86
-22
57
117
179
266
343
411
500
585
634
685
758
838
926
999
1062
1129
1154
1139
1135
1133
1090
1042
1012
987
955
939
961
972
955
923
900
901
895
896
885
843
795
738
699
679
651
622
595
583
588
614
677
741
789
825
840
854
895
941
967
966
936
910
879
834
788
755
730
668
595
534
498
464
406
361
289
181
58
-29
-100
-191
-309
-438
-542
-646
-720
-757
-786
-820
-844
-856
-865
-844
-798
-759
-747
-744
-776
-793
-768
-751
-729
-703
-681
-664
-624
-541
-443
-353
-270
-193
-130
-94
-61
-27
-7
-15
-62
-102
-130
-142
-119
-90
-65
-61
-61
-21
61
129
170
199
233
257
265
292
322
365
391
402
443
492
528
565
603
620
624
621
621
627
606
564
511
446
358
259
198
146
60
-10
-67
-98
-89
-69
-52
-45
-46
-76
-90
-76
-66
-70
-81
-70
-93
-107
-74
-47
3
39
70
122
154
178
212
235
234
236
248
257
250
244
223
191
136
68
34
30
20
-35
-86
-131
-182
-220
-227
-239
-262
-275
-286
-293
-313
-304
-278
-265
-254
-251
-227
-190
-139
-65
-4
73
154
237
334
398
431
453
486
539
555
532
513
482
426
356
286
231
161
82
19
-43
-105
-173
-251
-326
-430
-547
-638
-700
-762
-834
-888
-904
-907
-923
-911
-856
-821
-793
-747
-700
-644
-574
-494
-420
-363
-333
-288
-216
-147
-93
-39
-5
31
79
103
114
114
88
35
4
-18
-49
-54
-51
-86
-120
-142
-183
-225
-279
-343
-449
-563
-648
-716
-745
-764
-794
-816
-840
-844
-817
-775
-721
-688
-657
-634
-608
-555
-499
-425
-353
-295
-238
-171
-85
8
101
181
231
283
338
377
424
466
491
514
530
518
515
531
521
510
490
473
488
511
549
577
595
593
569
563
574
591
570
529
486
459
439
428
438
446
472
485
497
521
531
530
525
514
497
501
507
527
537
529
537
541
540
537
557
570
566
555
527
500
479
468
460
437
403
383
360
345
343
346
332
311
291
250
212
183
164
152
144
136
118
90
68
33
-2
-31
-78
-100
-104
-114
-151
-178
-178
-189
-197
-183
-173
-186
-204
-239
-281
-317
-352
-389
-430
-470
-527
-580
-608
-615
-612
-614
-611
-615
-635
-649
-637
-627
-633
-626
-614
-602
-579
-557
-523
-483
-443
-394
-347
-271
-206
-176
-134
-92
-48
-13
23
67
96
114
139
151
147
163
174
178
172
170
169
157
172
176
164
176
177
168
153
121
104
105
112
120
139
162
184
213
235
288
344
354
359
373
378
367
371
399
396
381
384
394
395
403
410
395
358
299
228
142
53
-30
-101
-151
-206
-278
-330
-365
-420
-494
-547
-592
-646
-700
-743
-791
-838
-874
-902
-911
-927
-924
-898
-880
-862
-832
-794
-763
-723
-679
-633
-585
-543
-476
-396
-333
-264
-178
-80
9
79
148
214
274
336
392
442
467
484
509
513
496
471
461
465
452
413
378
362
339
319
307
281
249
210
153
94
53
-5
-56
-97
-152
-180
-199
-228
-254
-280
-297
-308
-309
-295
-279
-289
-306
-308
-309
-295
-273
-270
-267
-244
-208
-172
-141
-111
-83
-45
-8
20
48
99
139
144
150
164
196
223
230
261
290
313
348
380
402
420
432
438
451
450
444
436
402
361
322
291
272
247
207
167
120
64
5
-29
-51
-98
-142
-197
-243
-287
-336
-348
-371
-393
-413
-446
-457
-447
-439
-432
-408
-390
-361
-305
-270
-240
-186
-132
-60
12
66
135
196
271
354
428
500
556
602
661
716
764
818
854
886
932
962
964
974
978
975
985
973
944
933
916
896
858
800
755
676
612
562
506
446
405
380
327
269
201
138
81
34
-18
-71
-100
-126
-153
-169
-172
-181
-193
-202
-196
-187
-183
-177
-174
-188
-208
-228
-241
-231
-221
-207
-202
-208
-205
-207
-208
-221
-252
-271
-293
-337
-371
-408
-446
-472
-512
-549
-574
-592
-611
-639
-666
-675
-686
-684
-664
-654
-633
-598
-568
-551
-533
-505
-450
-386
-346
-315
-281
-241
-194
-127
-70
-27
8
19
34
65
94
126
148
165
185
194
205
231
232
225
220
201
181
146
125
114
91
68
54
46
25
18
9
4
1
5
19
27
37
51
64
69
75
78
100
108
102
101
99
90
89
88
93
93
99
119
122
124
118
125
133
149
167
169
171
168
162
149
147
129
115
92
68
58
39
41
42
35
27
11
-19
-46
-67
-99
-160
-230
-289
-350
-402
-443
-461
-486
-518
-543
-557
-563
-563
-557
-574
-586
-597
-613
-614
-605
-587
-569
-540
-503
-464
-419
-380
-345
-307
-274
-240
-202
-186
-160
-117
-101
-89
-84
-67
-36
-23
-2
22
43
56
64
80
100
111
131
135
126
133
138
153
168
179
196
210
211
220
246
260
270
272
271
271
285
313
330
329
327
332
344
338
330
323
303
296
272
232
223
227
208
194
183
160
158
166
166
164
162
152
123
102
80
67
68
58
62
72
87
121
151
147
154
166
176
197
209
221
239
257
270
306
335
352
375
407
452
481
506
519
512
503
501
502
483
448
427
419
406
384
359
320
284
246
189
118
45
-24
-101
-158
-195
-244
-291
-319
-342
-365
-366
-359
-364
-382
-395
-384
-380
-360
-325
-281
-249
-235
-203
-187
-150
-88
-43
3
44
67
92
113
137
153
148
136
125
119
100
75
71
59
35
21
2
-14
-27
-50
-83
-117
-142
-154
-152
-164
-171
-177
-189
-194
-196
-177
-162
-156
-158
-157
-145
-115
-92
-88
-90
-87
-84
-95
-94
-96
-108
-121
-134
-172
-213
-235
-275
-302
-331
-357
-379
-416
-445
-466
-488
-511
-533
-549
-549
-540
-525
-511
-500
-479
-463
-431
-394
-357
-319
-286
-230
-181
-135
-82
-22
38
83
131
181
215
247
292
330
354
383
412
439
477
513
545
570
579
596
598
601
609
593
577
573
564
546
519
493
468
438
416
372
311
254
189
137
78
28
-4
-41
-78
-127
-156
-183
-221
-235
-256
-266
-286
-330
-355
-373
-379
-381
-382
-373
-352
-313
-295
-277
-239
-223
-208
-201
-195
-182
-182
-191
-192
-189
-198
-193
-178
-182
-181
-148
-115
-103
-83
-78
-71
-78
-86
-88
-96
-78
-56
-33
-20
-9
0
-10
-8
-15
-28
-29
-47
-76
-102
-148
-198
-229
-265
-301
-327
-361
-405
-443
-466
-471
-471
-478
-479
-491
-479
-465
-460
-428
-407
-367
-324
-283
-230
-164
-112
-54
16
74
146
215
285
336
386
445
498
556
615
666
710
758
797
821
835
865
892
894
903
902
892
906
918
914
906
911
906
896
894
891
873
849
826
787
760
727
683
651
613
564
506
446
390
334
278
234
181
120
63
6
-45
-98
-161
-197
-242
-296
-319
-347
-358
-367
-366
-364
-368
-367
-366
-357
-357
-344
-320
-285
-250
-230
-222
-203
-176
-157
-144
-131
-124
-115
-109
-113
-126
-141
-133
-146
-166
-167
-171
-184
-197
-202
-210
-227
-252
-266
-297
-318
-320
-328
-332
-323
-331
-353
-368
-396
-420
-453
-483
-510
-548
-568
-588
-615
-641
-670
-690
-699
-716
-735
-761
-782
-791
-797
-815
-816
-804
-784
-741
-713
-676
-620
-561
-496
-446
-388
-303
-225
-139
-53
15
86
148
213
287
353
417
475
531
591
645
681
713
739
752
773
789
774
759
738
719
700
670
630
586
542
479
431
391
347
310
279
230
184
164
139
110
82
64
54
57
68
63
43
39
47
47
41
57
85
89
112
146
156
170
184
189
185
180
179
177
173
159
134
113
107
100
99
96
95
92
94
100
95
83
63
61
57
46
30
12
-14
-45
-75
-88
-99
-122
-125
-131
-119
-112
-117
-128
-149
-166
-182
-179
-192
-206
-205
-207
-216
-231
-240
-259
-265
-270
-279
-285
-304
-318
-338
-346
-365
-403
-432
-449
-468
-494
-514
-533
-550
-571
-580
-578
-581
-561
-533
-504
-456
-403
-353
-297
-237
-184
-143
-106
-77
-35
26
75
101
126
146
163
178
187
186
188
182
164
132
106
97
74
50
24
-1
-26
-47
-46
-39
-32
-13
4
18
48
75
105
133
160
191
207
232
265
293
314
336
352
375
393
408
422
422
422
416
407
403
399
390
365
334
307
286
266
266
263
240
224
207
200
206
203
201
198
188
176
173
183
180
190
188
170
176
172
165
164
152
143
123
98
81
71
54
29
5
-45
-84
-115
-141
-152
-168
-179
-194
-213
-218
-224
-224
-219
-221
-225
-229
-229
-226
-236
-244
-264
-297
-313
-328
-341
-349
-359
-372
-392
-410
-420
-430
-447
-450
-461
-473
-474
-483
-481
-468
-456
-440
-403
-365
-334
-298
-277
-253
-227
-210
-180
-168
-142
-116
-112
-97
-92
-92
-91
-76
-72
-80
-89
-88
-88
-104
-115
-131
-147
-166
-178
-188
-201
-189
-174
-164
-153
-149
-132
-102
-73
-33
1
31
52
71
92
118
152
184
220
264
305
342
369
395
415
439
451
462
488
505
514
527
538
544
534
527
516
501
503
493
480
472
465
474
480
484
482
475
461
448
441
421
414
407
384
381
377
373
372
363
335
301
272
243
223
200
161
128
101
67
45
18
-8
-44
-71
-79
-97
-124
-148
-179
-228
-260
-288
-299
-292
-297
-306
-316
-332
-343
-355
-366
-353
-349
-347
-335
-333
-334
-322
-317
-306
-302
-305
-302
-304
-291
-293
-284
-284
-283
-272
-282
-283
-276
-298
-310
-321
-333
-325
-343
-340
-344
-356
-362
-367
-372
-385
-378
-370
-355
-326
-308
-287
-267
-247
-216
-187
-144
-94
-58
-22
6
8
14
39
57
84
101
117
129
138
156
179
195
197
204
195
192
193
176
170
160
151
150
152
174
200
223
238
229
218
201
195
206
207
201
186
165
144
117
101
99
97
97
102
98
100
105
109
103
97
99
112
128
144
174
185
192
186
173
176
198
216
226
248
252
250
263
270
265
271
255
242
233
209
196
184
169
149
143
124
100
93
67
39
13
-11
-13
-4
-8
-23
-60
-90
-128
-164
-168
-162
-172
-188
-208
-235
-263
-291
-311
-332
-342
-352
-361
-369
-383
-410
-437
-431
-431
-428
-403
-387
-389
-405
-424
-437
-437
-436
-419
-409
-404
-403
-406
-405
-398
-379
-356
-319
-295
-269
-254
-254
-245
-243
-228
-209
-188
-161
-122
-89
-62
-40
-20
6
26
57
72
75
77
85
98
92
97
101
100
97
94
93
86
94
95
96
89
77
76
69
76
74
75
87
99
115
128
144
163
180
193
209
228
265
297
323
362
373
386
399
400
420
428
430
436
428
417
416
412
394
389
385
389
396
401
402
401
400
396
411
419
419
419
419
410
404
408
404
414
417
433
439
435
441
416
405
403
393
388
377
358
316
278
246
213
176
143
108
64
23
-32
-79
-119
-163
-216
-274
-312
-351
-384
-408
-436
-475
-508
-532
-554
-585
-610
-621
-637
-650
-655
-648
-630
-603
-581
-557
-543
-531
-510
-480
-454
-426
-391
-360
-323
-306
-284
-257
-227
-184
-136
-98
-79
-52
-28
-18
-11
-9
4
23
38
50
69
80
79
83
81
85
86
96
103
97
80
50
29
6
-1
-26
-39
-42
-53
-51
-68
-89
-119
-130
-128
-131
-122
-124
-130
-131
-127
