21
36
37
36
44
36
29
22
15
0
-14
-23
-18
-24
-27
-23
-42
-57
-61
-64
-61
-67
-69
-77
-82
-71
-57
-58
-64
-63
-81
-86
-81
-73
-65
-60
-61
-62
-55
-51
-50
-48
-54
-63
-56
-62
-73
-69
-69
-53
-32
-34
-34
-29
-33
-32
-39
-55
-44
-37
-38
-14
-10
-7
17
23
25
41
48
37
28
17
-3
-6
4
10
13
21
4
-7
30
39
-1
7
10
-21
-14
1
-4
4
16
-5
-5
9
26
72
88
90
51
27
25
-19
-41
-18
19
26
21
34
37
-11
-49
-74
-93
-91
-91
-98
-94
-49
-64
-80
-107
-132
-91
-73
-4
41
5
-21
1
9
54
135
144
151
116
56
25
30
70
84
77
44
5
-38
-39
10
30
76
114
91
40
-10
-20
2
43
41
45
56
39
41
78
148
109
77
90
49
62
69
47
75
97
87
104
85
83
83
38
37
38
14
-18
9
-18
-31
-26
-72
-30
-57
-72
-78
-87
-62
-113
-89
-27
-63
-92
-77
-61
-13
18
46
18
38
63
14
-17
-40
-14
-17
24
22
-6
-70
-124
-86
-108
-149
-207
-182
-139
-102
-116
-212
-340
-510
-791
-490
393
799
649
6
-427
-462
-332
78
1032
979
-30
157
-212
-187
750
528
147
937
714
-360
85
402
-86
-239
870
-151
170
836
-385
523
-868
408
923
-560
851
-730
-751
1157
-974
208
2211
-2697
316
2132
-2753
1092
963
-2483
1603
622
-3844
2576
2074
-4449
1947
1823
-3156
1376
1652
-2463
414
1681
-2029
111
1773
-1188
-557
2290
-677
-2564
1927
1145
-2134
1216
1163
-2692
1333
1698
-2232
726
897
-1647
1091
41
-971
1712
-60
-1161
-370
91
-348
-132
401
624
-1171
-1299
428
-509
712
-150
-1449
391
-495
-1590
990
387
-1000
751
-967
-1440
1255
533
-591
808
-227
-1262
-46
215
916
766
-1264
-790
1127
-614
-278
1061
-431
-741
-70
-306
-561
1443
-439
-1058
398
-747
-1184
1129
994
-2671
1401
285
-3231
1913
1126
-3559
1964
2219
-4590
1774
1715
-4007
836
1523
-1905
1494
735
-3402
1035
1519
-2826
22
1932
-1867
-323
1507
-1373
-677
-109
-1189
1265
664
-1554
77
-469
421
582
-1708
-456
1115
698
-184
81
-961
-343
2064
561
-1832
-23
842
-904
1595
406
-1948
1000
606
-1669
480
1409
-2163
382
2645
-1873
-1743
1604
11
-310
1790
-854
-956
1959
-538
-736
2873
-592
-1787
2400
1177
-1307
667
1815
-33
214
-180
-1413
1726
2958
-1806
189
2023
-3069
-14
2741
-1398
664
2207
-2274
324
1513
-1555
795
836
-344
858
-11
-695
743
1038
188
-59
27
-368
781
1249
-272
179
669
-636
145
1320
-1873
256
2441
-1568
-3
1860
-1062
-1253
1922
-869
-1709
2480
432
-1317
324
463
-559
1225
518
-1580
1248
62
-1018
1847
520
-635
1312
112
-1543
562
715
550
1193
-613
-786
836
100
-1205
914
770
-1199
115
534
-710
-110
-228
-1515
744
476
-1591
298
564
-785
-118
7
-196
710
35
-754
269
701
376
783
51
-658
439
701
-238
309
1468
367
-164
-299
-1219
608
1478
-112
-190
129
-395
-518
252
121
676
-134
-738
581
-445
-157
1189
703
-518
-682
213
901
208
437
880
-151
-666
257
1207
366
833
283
-1049
23
1380
132
-608
927
423
89
-204
-991
250
995
30
-197
476
143
-847
-51
838
18
-298
-81
-21
215
290
-296
-668
561
1060
-632
-806
946
320
-654
-47
-267
193
134
-486
-174
56
-194
-842
-567
474
-276
-1188
274
-224
-990
599
561
-1289
-964
411
-607
-736
151
113
346
-81
-1293
-348
797
-961
-957
900
33
-821
-194
-364
-397
-375
-767
-274
-468
-1352
-473
417
-162
-667
-691
-1108
-913
8
-438
-634
534
-192
-988
-481
-738
-199
145
-217
-94
-42
-578
-309
-95
-271
237
117
-320
-647
15
-448
-444
719
-152
-503
127
-851
-950
1093
159
-1148
327
379
-1037
-374
684
-62
-67
534
-69
-796
-86
315
125
684
178
-263
41
-70
-301
-142
876
394
-423
-16
-348
-859
168
516
-228
1
45
-131
-574
86
769
-471
-639
492
364
-209
44
244
346
113
-336
13
573
516
-83
21
596
150
456
77
-613
589
523
-118
202
299
-11
-460
-83
285
24
283
63
-422
114
250
-675
-82
669
108
-252
-111
316
-14
262
234
43
436
355
-290
-504
727
481
77
158
-116
223
-49
-201
79
-229
-70
82
-550
-33
15
-455
13
101
-544
-195
185
-503
-31
140
-70
-284
-276
217
213
-216
-161
213
-39
-24
247
382
-234
-227
68
179
9
-271
363
160
-181
-111
65
-87
-224
52
145
38
-253
20
-173
-297
17
41
300
235
-194
-421
352
235
138
260
-343
-3
199
94
296
510
49
64
-122
113
79
-55
291
-26
400
-14
-233
36
201
-7
46
92
68
389
43
108
373
309
44
511
376
239
229
-11
516
490
463
270
229
779
495
23
-22
88
351
581
496
199
78
-3
168
-67
79
239
-88
479
685
-58
-113
309
113
196
265
386
206
366
301
-227
539
581
106
548
704
-275
158
644
-34
139
-4
39
587
280
-352
291
293
-467
-384
72
308
85
20
-14
-93
-215
12
-22
-246
100
217
119
31
-441
-417
361
125
-292
-37
-48
66
-199
-339
-111
-123
-80
-96
-167
-347
-115
-477
-692
-143
-169
-598
-448
-90
-334
-220
-366
-439
-402
-563
-515
-70
-143
-553
50
-254
-591
-175
-83
-448
-146
246
-317
-337
-260
-84
-131
-303
-332
68
42
-474
19
-168
-401
-54
53
-21
-144
-232
-40
63
-248
-348
139
285
-335
52
137
-367
-96
119
-306
-493
-99
167
138
-131
-76
-271
-393
-210
-153
123
370
202
160
175
-81
339
532
349
379
227
423
524
424
756
1006
854
582
628
834
598
731
957
694
860
986
876
620
474
632
941
737
196
704
620
312
599
491
356
415
368
171
318
222
315
437
487
796
499
226
403
399
267
424
341
570
841
325
423
610
0
-285
-268
-436
-415
-312
-384
-628
-915
-1095
-1357
-1501
-1513
-1708
-1909
-1930
-1754
-1888
-1970
-1927
-2305
-2284
-2107
-2367
-2264
-1825
-1809
-1858
-1757
-1593
-1576
-1617
-1463
-1467
-1326
-837
-744
-844
-438
-334
-753
-629
-139
-104
60
226
263
309
225
485
587
623
932
760
526
1038
1098
1026
1359
1200
1159
1096
1114
1331
1516
1567
1377
1302
1284
1556
1295
1253
1559
1438
1641
1410
1299
1469
1337
1399
1480
1442
1617
1526
1284
1376
1194
1048
1277
1225
1014
1138
884
983
1634
1393
717
-1
-779
-1013
-518
-29
-128
-231
-238
-1088
-2553
-2831
-2157
-2044
-1892
-1882
-2353
-3013
-3628
-3138
-2258
-2423
-2751
-2447
-2410
-2702
-2929
-2357
-1184
-811
-1116
-1050
-902
-1086
-739
157
773
660
533
646
708
661
565
1096
1688
1454
1075
902
781
615
635
906
518
66
-140
-68
157
-183
-296
-213
-450
-809
-798
-813
-829
-461
-342
-267
-484
-620
-245
129
249
181
423
795
827
722
1180
1424
1501
2000
2150
1945
1903
1874
1943
2413
2325
2046
2207
2250
2177
2244
2216
2189
2173
2028
2026
1773
1327
1485
1807
1227
972
1275
802
529
1063
1076
1059
1527
453
-1325
-1671
-1512
-1375
-875
-542
-677
-807
-1885
-3638
-3455
-2579
-2721
-2588
-2127
-2847
-4097
-4312
-3714
-2972
-2714
-2715
-2589
-2717
-3143
-3280
-2542
-1397
-1040
-1104
-1027
-878
-1183
-1151
116
842
698
820
1007
637
785
1304
1568
2206
2287
1644
1440
1472
1227
1317
1648
1638
1546
1393
981
753
718
622
638
666
337
-46
-61
-292
-300
324
321
13
153
-221
-270
298
59
313
873
512
731
1014
462
985
1699
1260
1560
1861
1312
1593
1982
1621
2005
2276
1738
2140
2421
1856
2174
2546
2056
2048
2145
1701
1544
1488
1161
1113
1067
1033
1409
1641
1337
47
-1569
-2351
-2138
-1753
-1773
-1450
-1241
-1998
-3296
-4160
-4231
-3992
-3860
-3801
-3914
-4412
-5066
-5196
-4048
-3054
-3196
-3265
-2895
-3123
-3825
-3589
-2568
-1340
-814
-824
-638
-581
-745
-429
596
1050
875
806
1132
1015
700
1101
1762
2045
1821
1610
1110
703
450
467
557
439
376
203
360
47
-478
-542
-561
-681
-749
-844
-894
-721
-709
-405
-75
-39
22
209
282
298
491
832
1334
1395
1678
2078
2034
2170
2454
2583
2603
2707
2701
2864
3063
2913
2736
2996
3059
2733
2780
2879
2725
2533
2703
2586
2080
1900
1723
1368
1272
1164
1053
1390
1719
1739
917
-738
-1913
-1977
-1663
-1510
-1378
-1071
-1175
-2230
-3497
-3842
-3485
-3361
-3125
-3051
-3851
-4918
-5155
-4381
-3510
-3074
-2904
-2878
-3066
-3593
-3968
-3540
-2681
-1863
-1286
-986
-1120
-1436
-1089
-432
-23
222
185
218
164
125
645
1218
1590
1919
1990
1438
814
589
568
499
512
574
279
6
32
-72
-362
-462
-560
-733
-1194
-1638
-1589
-1431
-1068
-655
-524
-521
-461
-278
-170
49
482
779
1041
1304
1674
2082
2271
2594
3088
3159
3168
3299
3242
3577
3929
3849
3870
4072
3992
3873
3830
3802
3805
3671
3795
3499
2755
2483
2485
2333
2269
2443
2335
2361
2758
2405
790
-958
-1561
-1229
-857
-883
-978
-920
-1535
-2643
-3338
-3500
-3339
-3351
-3500
-3911
-4896
-5829
-5749
-4761
-4019
-3918
-3961
-3961
-4268
-4678
-4760
-4368
-3401
-2748
-2678
-2657
-2546
-2163
-1555
-583
22
-174
-391
-303
-43
126
562
1252
1925
2471
2511
2016
1453
1233
974
624
632
559
175
88
347
304
-241
-436
-451
-756
-1070
-1508
-1646
-1347
-1110
-1054
-833
-440
-186
-72
123
433
498
701
1259
1663
1962
2259
2652
3233
3440
3297
3394
3579
3701
3845
3955
4023
3978
3808
3975
4128
3827
3703
3737
3604
3324
3024
2522
2114
2067
1817
1609
1721
1784
1859
2117
1735
258
-1117
-1441
-1252
-1290
-1509
-1340
-1069
-1632
-2592
-3063
-3116
-3156
-3209
-3378
-4040
-5044
-5657
-5356
-4544
-4042
-4106
-4050
-3863
-4040
-4460
-4631
-4189
-3701
-3350
-2935
-2669
-2672
-2440
-1723
-985
-529
-511
-572
-385
-256
-82
352
954
1545
1928
2201
2275
1928
1351
1161
1045
710
452
216
249
348
137
-177
-274
-328
-568
-969
-1331
-1704
-1898
-1641
-1337
-1123
-915
-565
-220
-103
-176
-25
362
675
1150
1690
2053
2365
2684
3015
3240
3287
3437
3683
4030
4243
4243
4384
4528
4527
4464
4444
4530
4509
4289
4233
4053
3555
3297
3092
2902
2794
2621
2724
2896
2797
1953
521
-434
-556
-560
-919
-1234
-1149
-1193
-2076
-2812
-2907
-2936
-3089
-3360
-3701
-4399
-5506
-5969
-5287
-4768
-4954
-5036
-4388
-3952
-4506
-4858
-4432
-4083
-4040
-3779
-3238
-2916
-3021
-2619
-1474
-709
-703
-720
-370
-238
-359
-250
209
730
1110
1292
1443
1664
1340
982
1067
824
287
-12
-221
-402
-496
-565
-654
-725
-595
-753
-1162
-1385
-1606
-1801
-1736
-1596
-1448
-1044
-524
-129
48
174
284
504
932
1357
1729
2224
2720
3123
3576
3836
4083
4239
4313
4760
5061
4964
4941
4957
4931
4957
4944
4969
4988
4854
4629
4322
3989
3630
3254
3002
2805
2676
2624
2699
2527
1517
176
-498
-505
-684
-1239
-1663
-1595
-1744
-2594
-3267
-3229
-3097
-3390
-3684
-4001
-4849
-5970
-6300
-5670
-5201
-5307
-5354
-4811
-4431
-4864
-5071
-4581
-4270
-4178
-3911
-3658
-3636
-3654
-3063
-1926
-1210
-1113
-922
-496
-206
-158
15
536
978
1255
1571
1704
1465
1336
1482
1646
1474
861
543
382
70
-135
-314
-313
-379
-598
-650
-822
-1193
-1408
-1360
-1204
-1322
-1558
-1259
-820
-707
-527
-130
238
505
821
1204
1599
1987
2459
3086
3540
3602
3663
4081
4537
4678
4805
5046
5077
4937
4959
5041
4926
4877
5010
4959
4561
4178
3841
3597
3457
3183
2904
2687
2604
2467
2442
2113
869
-225
-674
-871
-1139
-1579
-1838
-1885
-2433
-3346
-3631
-3453
-3599
-3990
-4152
-4501
-5513
-6379
-6202
-5668
-5604
-5660
-5223
-4584
-4718
-5134
-4801
-4111
-3789
-3614
-3219
-2939
-3053
-3037
-2256
-1134
-581
-478
106
875
955
761
1202
1779
1816
1875
2118
2168
1842
1590
1795
1936
1488
862
513
184
-357
-1057
-1494
-1415
-1396
-1808
-1973
-2018
-2445
-2694
-2493
-2223
-2201
-2258
-2094
-1719
-1553
-1560
-1054
-271
174
583
1297
1904
2257
2817
3577
4047
4158
4286
4579
5025
5340
5502
5731
5810
5717
5699
5666
5588
5445
5156
4991
4732
4241
3886
3818
3725
3438
3140
2831
2573
2333
2309
2175
1141
-53
-372
-327
-716
-1366
-1549
-1459
-1815
-2494
-2929
-3019
-3253
-3645
-3793
-3942
-4803
-5853
-5881
-5417
-5451
-5564
-5184
-4781
-4849
-5026
-4843
-4358
-4081
-4011
-3751
-3507
-3700
-3815
-3203
-2308
-1631
-1062
-344
274
591
741
1113
1636
1714
1695
1940
2025
1767
1657
1901
2091
1920
1669
1441
832
-29
-585
-762
-997
-1408
-1733
-1907
-2175
-2543
-2588
-2155
-1824
-1776
-1657
-1620
-1852
-1971
-1585
-946
-411
-2
538
1237
1840
2413
3028
3495
3700
3871
4143
4321
4494
4829
5175
5441
5571
5561
5546
5507
5262
5069
4950
4675
4397
4054
3738
3471
3202
3010
2873
2605
2177
1854
1676
1646
1366
559
-317
-806
-1003
-1300
-1747
-2027
-2107
-2483
-3156
-3654
-3773
-3726
-3807
-3958
-4245
-4902
-5688
-5981
-5684
-5558
-5734
-5510
-5008
-4824
-4864
-4721
-4270
-3845
-3697
-3538
-3295
-3291
-3287
-2812
-1848
-1007
-655
-170
510
835
945
1293
1734
1936
1975
2020
2045
1864
1692
1772
1951
1837
1290
794
433
-82
-618
-968
-1323
-1667
-2094
-2560
-2642
-2541
-2404
-2085
-1666
-1569
-1730
-1720
-1509
-1224
-870
-348
237
803
1354
1999
2524
2810
3174
3688
4175
4542
4746
4893
5186
5413
5509
5634
5737
5548
5245
5090
4844
4541
4363
4340
4254
4070
3743
3421
3242
2942
2674
2373
2033
1885
1692
1503
1569
1498
1085
549
3
-381
-769
-1180
-1593
-1939
-2197
-2702
-3392
-3758
-3829
-4119
-4363
-4480
-4863
-5423
-5824
-5845
-5699
-5764
-5856
-5652
-5397
-5333
-5317
-5005
-4475
-4062
-3729
-3322
-2906
-2780
-2662
-2045
-1187
-699
-410
215
768
882
938
1275
1647
1791
1863
2013
2073
1814
1443
1344
1420
1228
825
408
23
-394
-847
-1155
-1296
-1460
-1632
-1688
-1807
-1951
-1939
-1738
-1505
-1225
-908
-683
-462
-121
411
938
1321
1617
1884
2099
2412
2831
3217
3601
3944
4218
4380
4480
4600
4658
4636
4539
4368
4189
3961
3672
3571
3717
3740
3632
3544
3350
3113
2985
2880
2687
2440
2140
1895
1726
1611
1610
1705
1741
1658
1351
717
27
-598
-1017
-1273
-1615
-2059
-2552
-3118
-3695
-4112
-4398
-4453
-4423
-4587
-4872
-5130
-5440
-5731
-5683
-5486
-5472
-5547
-5460
-5238
-4876
-4399
-3859
-3209
-2688
-2380
-2066
-1770
-1655
-1409
-998
-690
-458
-261
-46
271
731
1154
1464
1744
1818
1749
1805
1799
1548
1244
1024
733
341
144
79
-7
-43
-146
-280
-400
-629
-825
-826
-800
-800
-721
-576
-325
-66
130
393
658
866
1095
1401
1724
1972
2150
2324
2530
2738
2884
2951
3007
3016
3021
3044
3002
2973
2919
2811
2819
2741
2504
2522
2570
2431
2352
2328
2212
2078
2087
2115
2147
2250
2225
2062
1969
1684
1240
1015
845
679
593
465
270
13
-493
-1101
-1547
-1826
-2074
-2437
-2763
-3153
-3589
-3940
-4264
-4460
-4499
-4609
-4750
-4776
-4862
-4893
-4822
-4579
-4312
-4279
-4183
-3957
-3791
-3656
-3305
-2755
-2275
-1975
-1751
-1507
-1248
-1027
-768
-359
-70
-24
67
274
473
582
669
899
1151
1224
1298
1502
1616
1553
1525
1520
1338
1060
851
734
813
936
942
1115
1247
1177
1254
1387
1347
1180
1099
1103
1038
993
1073
1259
1472
1628
1679
1779
1807
1625
1577
1626
1535
1437
1504
1657
1764
1795
1859
2045
2148
2183
2311
2413
2356
2337
2420
2464
2498
2528
2600
2667
2599
2386
2250
2204
2075
1941
1857
1638
1258
988
739
448
190
-32
-198
-266
-393
-604
-665
-862
-1381
-1958
-2362
-2745
-3143
-3556
-3793
-3875
-4126
-4467
-4710
-4581
-4469
-4459
-4345
-4143
-4187
-4508
-4575
-4362
-4192
-4243
-4075
-3717
-3526
-3565
-3359
-2882
-2455
-2134
-1932
-1618
-1399
-1424
-1283
-732
-312
-50
279
635
842
854
948
1341
1809
1992
2217
2458
2621
2625
2736
2969
3068
3110
3060
3063
3035
2902
2794
2917
2923
2733
2582
2421
2225
1961
1717
1488
1254
873
521
415
267
90
59
59
-45
-166
-211
-174
-20
66
182
393
529
539
637
922
1132
1277
1529
1710
1661
1705
1739
1782
1974
2084
2084
2084
1998
1784
1684
1617
1500
1332
1218
1038
761
534
301
87
-119
-385
-719
-1068
-1378
-1488
-1610
-1706
-1704
-1844
-2134
-2438
-2714
-2860
-2833
-2998
-3231
-3363
-3426
-3572
-3672
-3678
-3539
-3329
-3358
-3348
-3278
-3340
-3517
-3334
-3035
-2862
-2785
-2629
-2377
-2273
-2250
-2162
-1743
-1470
-1353
-1179
-917
-809
-595
-216
112
593
869
1044
1324
1575
1611
1940
2373
2700
2975
3128
3390
3610
3840
3941
4053
4038
3929
3781
3625
3551
3290
2929
2704
2659
2325
2025
1787
1421
1089
663
343
141
-215
-607
-689
-856
-1074
-1101
-1063
-988
-968
-1024
-1109
-1100
-981
-794
-552
-329
-184
-11
148
186
303
469
596
824
936
1062
1159
1175
1198
1197
1119
916
697
466
328
117
-5
-177
-291
-355
-530
-703
-792
-954
-1252
-1324
-1529
-1718
-1800
-1806
-1926
-1832
-1617
-1649
-1649
-1584
-1532
-1635
-1630
-1684
-1539
-1410
-1387
-1372
-1231
-1080
-1150
-1154
-1133
-1066
-1230
-1239
-1184
-1201
-1290
-1188
-929
-877
-861
-911
-892
-1010
-1156
-1202
-1048
-927
-812
-564
-306
-8
243
537
827
1119
1201
1319
1575
1752
1822
1986
2313
2487
2659
2888
3126
3272
3354
3372
3384
3438
3304
3183
3201
3191
3053
2919
2734
2519
2246
1879
1586
1246
942
687
449
217
-48
-401
-673
-860
-1170
-1438
-1685
-1876
-1961
-1999
-2041
-2066
-2165
-2228
-2118
-2049
-2021
-2030
-1962
-1823
-1699
-1608
-1358
-1142
-1070
-899
-694
-550
-503
-404
-336
-291
-372
-392
-368
-371
-256
-227
-249
-258
-238
-301
-264
-261
-366
-432
-388
-213
-146
-95
27
160
213
306
345
376
465
499
600
701
794
801
798
791
803
713
479
354
205
38
-175
-312
-299
-273
-428
-596
-668
-935
-1148
-1207
-1213
-1323
-1412
-1433
-1289
-1125
-1140
-907
-548
-351
-323
-166
58
276
431
655
1051
1379
1625
1946
2477
2765
2833
3019
3215
3233
3230
3157
3130
3242
3169
3104
3141
3031
2784
2611
2363
2101
1752
1309
1021
741
327
-33
-225
-512
-879
-1157
-1491
-1871
-2093
-2340
-2670
-2860
-3067
-3289
-3234
-3246
-3378
-3322
-3282
-3316
-3185
-3053
-2890
-2560
-2314
-2162
-1956
-1808
-1760
-1593
-1302
-1085
-1012
-745
-530
-350
-99
45
258
421
434
504
653
541
605
691
700
837
912
869
996
1151
1021
1017
969
856
719
752
767
689
700
703
659
556
577
517
556
587
562
556
586
648
658
735
680
567
555
674
612
414
315
250
155
-36
-78
-79
-48
68
157
229
219
159
162
271
269
130
76
220
218
32
30
72
-27
-92
-47
-2
3
-73
15
165
195
199
307
410
426
472
515
719
858
825
820
959
903
773
830
829
735
569
499
477
396
195
107
55
-44
-165
-268
-351
-536
-701
-847
-875
-992
-1208
-1306
-1284
-1449
-1721
-1822
-1837
-1874
-1921
-1917
-1923
-1942
-1944
-1936
-1898
-1836
-1811
-1745
-1585
-1399
-1359
-1306
-1197
-1073
-1032
-975
-853
-778
-698
-638
-492
-445
-415
-343
-147
-12
74
259
418
554
673
825
926
1057
1105
1173
1257
1321
1363
1469
1603
1655
1727
1758
1816
1845
1900
1880
1915
1944
1935
2011
2075
2113
2143
2273
2276
2219
2147
2075
1931
1667
1509
1455
1345
1054
872
773
500
156
-68
-254
-441
-624
-851
-979
-1205
-1535
-1641
-1675
-1783
-1911
-2024
-2017
-1998
-2121
-2142
-2019
-1973
-1885
-1701
-1527
-1337
-1171
-930
-561
-230
33
297
559
755
878
1047
1327
1472
1529
1649
1699
1655
1663
1640
1598
1606
1413
1185
983
616
230
-26
-342
-629
-830
-1168
-1408
-1609
-1882
-2052
-2157
-2326
-2476
-2545
-2670
-2750
-2830
-2917
-2880
-2805
-2761
-2628
-2358
-2186
-1915
-1498
-1226
-975
-625
-407
-194
92
233
486
750
915
1166
1487
1605
1800
2059
2064
2099
2161
2128
2064
2130
2091
2098
2099
1998
1932
1916
1866
1701
1630
1460
1338
1237
1100
981
900
754
606
599
509
446
379
328
291
213
151
132
70
2
-23
-72
-111
-199
-274
-297
-385
-469
-436
-446
-487
-501
-536
-516
-480
-544
-628
-626
-588
-644
-743
-722
-679
-700
-629
-460
-397
-380
-265
-88
70
152
185
234
249
177
129
124
75
-9
-73
-124
-167
-191
-177
-133
-105
-205
-353
-363
-376
-484
-563
-580
-583
-552
-584
-568
-427
-339
-257
-66
53
-72
-125
-99
-78
-46
14
102
123
178
310
474
529
599
672
748
764
709
677
650
683
669
669
655
590
451
366
288
91
-78
-227
-369
-530
-667
-780
-892
-943
-996
-1080
-1112
-1154
-1203
-1198
-1194
-1207
-1166
-1123
-1057
-1008
-951
-851
-743
-628
-559
-477
-457
-379
-267
-145
-34
29
100
235
376
428
526
554
557
565
593
634
698
672
696
789
716
708
779
852
907
1024
1014
1017
1061
1019
1008
1004
972
867
810
683
652
628
523
509
481
344
209
158
41
-6
-83
-266
-441
-534
-644
-772
-732
-659
-627
-582
-533
-560
-603
-578
-469
-309
-213
-173
-67
63
142
220
339
472
540
570
581
623
634
639
721
764
734
704
692
637
617
582
475
410
401
328
261
294
260
179
130
48
-45
-103
-192
-265
-259
-308
-412
-454
-467
-511
-541
-543
-543
-582
-638
-713
-776
-848
-943
-998
-1048
-1134
-1200
-1281
-1389
-1397
-1418
-1472
-1424
-1423
-1492
-1460
-1410
-1375
-1333
-1332
-1343
-1324
-1329
-1332
-1241
-1114
-1017
-897
-716
-606
-527
-418
-344
-270
-232
-220
-125
9
50
151
296
351
462
507
514
566
555
529
561
548
480
531
607
685
750
764
755
769
760
678
698
693
632
639
710
759
768
837
909
980
991
991
1042
1087
1098
1117
1208
1278
1363
1443
1526
1582
1581
1559
1488
1414
1300
1198
1135
1051
912
817
702
547
446
298
152
37
-127
-266
-380
-515
-629
-742
-839
-878
-892
-945
-1014
-1082
-1121
-1131
-1142
-1139
-1109
-1044
-955
-880
-810
-722
-673
-589
-510
-471
-384
-276
-221
-146
-48
-31
23
38
-33
-87
-140
-227
-306
-367
-403
-450
-540
-570
-606
-684
-760
-834
-904
-931
-1021
-1113
-1103
-1138
-1139
-1111
-1098
-1096
-1085
-1055
-980
-892
-846
-738
-644
-548
-474
-382
-267
-170
-32
17
40
110
145
141
214
272
298
377
404
440
457
435
457
484
443
438
454
405
407
442
472
500
528
546
571
595
613
655
671
686
715
773
821
825
825
835
844
872
853
770
732
706
637
619
618
576
543
527
555
517
445
439
469
476
491
517
545
589
590
607
634
630
628
668
680
695
673
632
647
618
569
531
506
474
434
338
254
178
67
-10
-39
-101
-182
-292
-418
-475
-550
-652
-732
-796
-922
-1002
-1091
-1188
-1241
-1283
-1270
-1310
-1352
-1365
-1350
-1319
-1254
-1253
-1232
-1146
-1105
-1036
-945
-821
-698
-609
-528
-416
-359
-320
-212
-120
-33
54
106
174
242
235
264
325
335
306
316
316
303
298
272
245
210
158
82
57
16
-37
-104
-182
-235
-314
-371
-380
-384
-414
-426
-473
-561
-594
-616
-658
-655
-614
-562
-500
-441
-378
-322
-268
-176
-106
-63
4
39
90
163
227
297
393
467
494
520
507
499
525
522
494
480
452
391
374
326
268
231
150
107
85
11
-73
-119
-163
-183
-203
-223
-200
-213
-208
-156
-122
-109
-75
-37
-7
59
99
134
209
283
338
401
450
459
495
493
451
446
393
336
338
290
220
191
108
67
54
-34
-64
-69
-121
-182
-231
-257
-253
-278
-260
-164
-102
-63
1
106
174
207
274
337
382
426
456
506
564
590
636
719
785
802
849
899
893
854
777
711
628
531
456
399
323
224
130
36
-46
-140
-239
-316
-395
-507
-628
-744
-833
-900
-952
-950
-968
-1007
-1035
-1063
-1083
-1059
-1057
-1068
-1058
-1093
-1105
-1107
-1082
-1028
-973
-937
-885
-852
-852
-791
-752
-714
-664
-605
-558
-515
-467
-398
-301
-225
-141
-51
21
74
174
267
326
416
495
542
612
676
696
743
770
754
751
707
646
657
626
546
507
455
398
357
281
226
192
142
102
45
-16
-52
-69
-57
-26
-23
19
84
129
197
255
315
410
476
560
653
686
750
842
897
979
1076
1101
1141
1170
1165
1153
1117
1072
1006
967
929
860
744
652
542
423
355
268
177
122
66
-20
-71
-145
-193
-194
-199
-210
-242
-252
-247
-243
-233
-202
-185
-175
-176
-186
-184
-185
-217
-274
-320
-385
-481
-547
-614
-714
-770
-851
-961
-1016
-1087
-1175
-1225
-1251
-1288
-1305
-1295
-1269
-1226
-1176
-1126
-1066
-1005
-943
-866
-766
-658
-551
-426
-322
-207
-92
-20
53
121
157
181
211
218
216
221
209
214
212
169
123
77
42
-39
-124
-163
-228
-278
-302
-348
-381
-364
-356
-335
-325
-314
-275
-234
-208
-163
-80
-30
52
137
198
267
331
370
429
470
491
541
569
585
607
618
591
536
471
436
410
369
330
297
264
231
203
173
183
181
150
131
139
129
116
140
167
202
247
300
335
373
399
390
397
413
390
351
331
294
262
234
199
180
155
107
73
34
-29
-101
-146
-175
-220
-249
-272
-277
-263
-255
-264
-273
-272
-277
-268
-250
-217
-178
-120
-109
-106
-76
-106
-124
-117
-142
-148
-110
-102
-76
-41
-33
-9
1
0
11
-6
-57
-84
-150
-199
-201
-232
-233
-202
-185
-145
-106
-80
-68
-77
-66
-48
-72
-84
-85
-98
-66
-54
-59
-21
-3
-14
-1
-1
-10
6
-12
-29
-38
-73
-99
-82
-64
-52
-2
13
34
38
45
72
87
87
86
91
65
44
11
-2
-9
-19
-4
-20
-53
-52
-57
-88
-124
-153
-173
-221
-275
-293
-322
-370
-387
-423
-455
-449
-476
-502
-517
-528
-518
-511
-516
-512
-520
-517
-456
-395
-340
-238
-141
-88
-12
80
155
255
337
387
487
581
627
713
806
872
959
1025
1080
1124
1127
1128
1125
1125
1120
1121
1127
1110
1092
1061
1028
989
942
877
811
740
657
599
536
459
402
345
290
259
193
124
56
-11
-74
-127
-180
-233
-290
-376
-447
-511
-569
-602
-609
-630
-627
-634
-686
-699
-705
-730
-750
-757
-771
-759
-736
-719
-678
-644
-623
-580
-552
-556
-537
-517
-492
-448
-400
-371
-324
-270
-233
-186
-165
-141
-112
-104
-120
-116
-105
-100
-86
-100
-131
-170
-203
-243
-260
-279
-322
-355
-370
-398
-458
-497
-511
-524
-549
-553
-545
-546
-533
-515
-502
-483
-440
-380
-321
-246
-156
-73
26
112
181
262
345
407
456
511
569
627
677
719
732
730
718
710
731
753
732
696
655
596
550
514
487
455
431
411
395
363
351
353
332
327
323
307
278
271
271
260
265
279
291
290
301
296
281
278
259
238
250
231
179
161
122
96
115
124
111
102
76
47
39
7
-6
1
12
22
33
40
38
38
53
47
38
51
29
10
-2
-21
-44
-65
-96
-127
-147
-176
-207
-243
-282
-328
-371
-411
-463
-500
-548
-611
-660
-705
-726
-748
-768
-762
-745
-754
-749
-724
-720
-705
-695
-674
-632
-581
-529
-451
-399
-357
-306
-260
-193
-131
-75
-31
-12
5
46
81
139
195
225
262
285
281
282
292
280
286
289
289
297
325
368
397
421
415
397
365
326
311
298
290
264
226
219
214
207
201
193
186
145
107
94
47
0
-27
-48
-70
-68
-51
-46
-26
-21
-21
9
52
77
119
148
149
154
155
164
187
218
241
248
244
255
257
254
263
233
181
155
120
66
23
-13
-53
-94
-127
-151
-186
-235
-265
-298
-343
-369
-390
-414
-410
-386
-394
-384
-351
-320
-272
-218
-159
-119
-72
-25
10
59
86
126
165
203
230
266
290
283
289
273
263
256
247
232
216
182
142
119
95
75
44
21
13
0
-25
-37
-35
-36
-16
7
16
21
13
-3
-2
19
33
48
75
84
103
143
160
168
152
112
76
42
31
6
-16
-24
-51
-67
-65
-65
-80
-89
-103
-129
-153
-193
-239
-272
-300
-324
-336
-347
-357
-355
-363
-387
-392
-393
-391
-376
-355
-338
-319
-299
-278
-244
-211
-171
-149
-125
-96
-68
-42
-26
2
25
44
53
67
58
64
83
72
71
75
79
80
86
83
77
81
85
117
154
194
237
258
282
318
353
377
394
422
452
493
531
561
572
581
591
581
587
595
594
578
542
487
436
408
369
339
304
265
234
180
121
78
39
6
-13
-44
-77
-109
-131
-141
-148
-137
-99
-73
-49
-27
-34
-37
-46
-44
-39
-44
-33
-20
-8
13
21
16
30
7
-39
-56
-76
-108
-118
-112
-138
-158
-168
-189
-207
-225
-238
-257
-276
-298
-312
-317
-309
-295
-303
-309
-317
-327
-333
-337
-348
-361
-369
-375
-389
-405
-397
-408
-408
-399
-415
-425
-433
-435
-445
-452
-436
-415
-386
-360
-337
-307
-268
-249
-232
-206
-177
-149
-131
-108
-98
-93
-61
-16
32
73
109
141
157
175
176
179
190
191
201
200
211
240
250
249
260
264
270
295
315
327
346
371
375
381
401
419
447
478
505
526
543
579
606
614
625
611
599
586
556
527
510
487
432
383
347
296
234
178
126
66
11
-26
-73
-114
-162
-210
-250
-302
-335
-351
-360
-370
-381
-401
-422
-409
-394
-389
-372
-337
-311
-290
-259
-239
-227
-212
-199
-194
-193
-186
-179
-171
-154
-150
-142
-118
-108
-107
-109
-106
-114
-112
-106
-105
-102
-122
-136
-150
-148
-128
-121
-117
-104
-101
-118
-121
-113
-90
-51
-8
17
26
19
16
0
1
23
18
44
42
35
45
55
69
72
94
79
81
92
75
64
58
62
48
53
49
36
32
27
42
62
67
69
71
55
41
57
69
92
137
162
167
183
203
216
230
251
267
277
290
305
318
317
340
357
348
357
347
333
321
308
289
257
219
161
99
25
-35
-81
-143
-193
-248
-324
-385
-427
-481
-506
-511
-517
-497
-492
-502
-489
-469
-433
-362
-287
-212
-139
-84
-51
-5
54
106
162
212
248
275
303
324
342
366
381
374
355
341
330
327
320
302
295
292
264
239
207
192
175
153
149
131
139
150
164
170
181
205
220
229
227
224
209
205
197
186
173
156
139
109
67
42
9
-37
-57
-111
-149
-174
-212
-235
-247
-258
-264
-274
-279
-269
-267
-252
-241
-226
-203
-186
-162
-151
-138
-121
-105
-99
-95
-110
-128
-120
-138
-165
-190
-219
-237
-261
-299
-319
-328
-349
-362
-375
-391
-378
-359
-358
-341
-339
-334
-315
-303
-277
-253
-215
-177
-149
-103
-70
-48
-18
-3
9
20
16
18
6
-15
-27
-48
-73
-72
-65
-67
-57
-59
-67
-70
-51
-35
-19
1
19
27
48
66
87
129
151
175
206
235
255
275
302
325
338
359
370
346
344
335
325
321
319
334
339
338
332
331
332
329
309
296
281
256
254
244
253
265
274
283
296
304
325
342
336
344
330
314
296
286
261
237
211
163
130
93
52
7
-33
-75
-114
-154
-196
-225
-246
-260
-271
-276
-289
-307
-318
-329
-328
-319
-318
-303
-288
-283
-275
-273
-262
-253
-243
-213
-207
-187
-178
-200
-195
-210
-222
-221
-234
-252
-273
-305
-316
-312
-322
-317
-317
-321
-315
-305
-290
-261
-239
-203
-169
-146
-115
-78
-33
5
39
56
87
113
128
157
177
196
212
211
213
215
214
207
185
157
132
118
103
81
72
54
51
66
72
74
94
108
116
151
180
214
251
281
312
345
382
399
418
430
436
448
452
445
439
434
427
400
379
362
339
310
269
220
180
151
130
121
98
98
110
111
109
118
131
154
182
183
196
201
210
212
222
242
239
239
236
214
185
161
133
122
111
79
47
14
-20
-41
-74
-112
-127
-169
-201
-206
-216
-213
-196
-180
-162
-159
-148
-130
-121
-102
-100
-103
-101
-107
-113
-110
-115
-122
-135
-158
-177
-208
-218
-224
-233
-236
-247
-253
-267
-292
-309
-320
-330
-328
-337
-343
-331
-314
-305
-275
-241
-231
-207
-176
-155
-141
-112
-102
-91
-69
-61
-60
-64
-63
-69
-89
-106
-125
-147
-150
-149
-169
-186
-199
-194
-183
-193
-198
-199
-192
-181
-170
-154
-140
-115
-89
-40
5
34
75
100
116
146
152
170
187
192
212
210
206
193
180
165
149
142
120
107
96
85
80
95
120
157
183
192
218
224
233
250
260
283
304
313
328
343
358
376
389
394
395
384
360
330
291
251
213
191
164
114
72
37
7
-15
-30
-48
-68
-85
-74
-58
-58
-45
-27
-15
-5
1
10
32
50
78
114
134
146
174
181
168
158
139
124
100
72
49
10
-21
-49
-79
-119
-145
-173
-200
-196
-200
-213
-218
-211
-200
-186
-164
-155
-133
-110
-100
-84
-68
-57
-43
-31
-16
0
1
3
-2
-30
-66
-92
-106
-122
-135
-152
-182
-210
-239
-271
-297
-326
-330
-321
-325
-310
-299
-287
-269
-244
-214
-197
-178
-170
-164
-160
-152
-136
-113
-86
-72
-42
-25
-15
-1
1
-4
-5
-7
-6
4
17
43
43
44
48
55
76
107
139
164
195
222
240
260
288
296
316
334
331
350
359
368
380
366
351
322
294
268
228
204
192
176
148
136
129
128
141
154
170
170
173
179
174
181
210
235
267
292
307
329
345
356
360
352
333
309
267
230
202
167
136
95
62
36
-8
-63
-104
-144
-186
-220
-254
-283
-304
-322
-329
-318
-290
-256
-216
-179
-136
-106
-70
-33
-1
27
33
25
6
4
-5
-20
-39
-67
-109
-162
-186
-233
-291
-337
-373
-420
-472
-515
-550
-562
-575
-566
-551
-528
-502
-473
-432
-392
-344
-306
-255
-208
-156
-98
-55
-13
21
64
94
114
136
147
136
123
98
80
64
31
18
4
-13
-24
-28
-33
-36
-38
-40
-38
-29
-8
8
30
70
114
140
173
213
236
265
302
328
344
361
365
365
368
365
359
329
300
267
231
207
178
154
119
91
65
33
18
5
-17
-24
-29
-50
-42
-25
-1
23
45
80
103
140
176
199
227
260
286
301
313
309
306
278
265
229
179
147
84
45
10
-33
-79
-104
