1.23813
0.670989
0.481989
0.369173
0.268871
0.213905
0.226735
0.13224
0.159315
0.092635
0.097457
0.0605243
1.23687
0.694005
0.49804
0.368172
0.287937
0.220689
0.196424
0.128084
0.148614
0.111527
0.0900095
0.0635214
1.11994
0.589959
0.441502
0.323275
0.259948
0.221704
0.185192
0.150781
0.122154
0.0920233
0.074737
0.0474362
1.21349
0.69629
0.516113
0.343492
0.258251
0.24128
0.196031
0.170963
0.137858
0.112043
0.116903
0.0731245
1.26996
0.674983
0.537046
0.40542
0.295625
0.233626
0.183699
0.164638
0.136602
0.144238
0.107202
0.0823501
1.12412
0.586948
0.452037
0.35015
0.271973
0.223143
0.206383
0.177965
0.143637
0.137685
0.147455
0.0809159
1.09896
0.593305
0.43465
0.337477
0.278398
0.227008
0.218237
0.17772
0.165451
0.152317
0.133124
0.0860279
1.13701
0.62031
0.460483
0.341923
0.291376
0.265658
0.236661
0.178472
0.158741
0.159849
0.137476
0.097567
1.09788
0.59153
0.426906
0.329798
0.267657
0.245509
0.207988
0.192555
0.178674
0.156388
0.127097
0.0898027
1.14337
0.589428
0.447025
0.318494
0.273779
0.25314
0.218854
0.181413
0.156422
0.170424
0.150997
0.0963018
1.12985
0.596048
0.437758
0.34065
0.267603
0.258679
0.231164
0.187051
0.173758
0.143224
0.133499
0.094176
1.1328
0.603463
0.417441
0.311019
0.286329
0.236117
0.226279
0.20283
0.164321
0.154677
0.139548
0.0943143
1.09199
0.585984
0.419315
0.318943
0.266368
0.233834
0.20287
0.173245
0.158649
0.14332
0.13982
0.0850281
1.15139
0.619999
0.464606
0.337577
0.306113
0.285629
0.241213
0.222583
0.19135
0.139413
0.130698
0.106245
1.18701
0.641593
0.444011
0.345818
0.303069
0.247963
0.180888
0.121343
0.0982542
0.0713129
0.0423688
0.0516606
1.36972
0.791136
0.508669
0.324785
0.254626
0.213389
0.166301
0.119419
0.0953024
0.0699452
0.0558705
0.0431581
1.50522
0.767071
0.472493
0.414501
0.408399
0.329372
0.183857
0.0413407
0.0649666
0.0683738
0.000288806
-0.000534494
1.41518
0.712756
0.443353
0.429308
0.405833
0.277102
0.113933
0.0130924
0.0624652
0.029261
-0.0337993
-0.0366712
1.49581
0.691319
0.388285
0.338528
0.379526
0.326212
0.191132
0.0569602
0.00725243
-0.00923805
-0.0161116
-0.00803091
1.52952
0.68577
0.329956
0.276092
0.335276
0.299188
0.19324
0.0814094
0.00420992
-0.0292849
-0.069255
-0.0355772
1.27866
0.612377
0.392357
0.34574
0.279198
0.164368
0.10351
0.0689599
0.0370399
-0.0139906
-0.0358555
-0.0292325
1.91226
0.702929
0.216465
0.280453
0.420861
0.377926
0.154343
0.000445368
-0.0226965
-0.0709475
-0.0309923
-0.0257708
2.42332
0.797424
0.0737982
0.182467
0.47231
0.353758
0.126238
-0.14721
0.00858608
-0.16771
-0.0505468
-0.0586325
1.76954
0.751936
0.284034
0.213159
0.288529
0.249603
0.113615
-0.0476429
-0.124554
-0.140608
-0.0436337
-0.0196609
1.67966
0.69405
0.285211
0.209958
0.213467
0.163881
0.0480345
-0.0912068
-0.160348
-0.157533
-0.0302811
-0.0172487
1.84006
0.692154
0.229552
0.1724
0.175461
0.181629
0.0899255
-0.180972
-0.23348
-0.135039
-0.016967
0.0189079
2.51483
0.486746
0.130141
0.307655
0.213393
0.125864
0.123163
-0.408294
-0.122111
-0.111136
-0.0182652
-0.0364388
2.20258
0.521153
0.0956848
0.25617
0.21864
0.11773
0.0445552
-0.322211
-0.154034
-0.102363
0.0125848
-0.00933683
1.92351
0.581399
0.138495
0.219194
0.218386
0.0892447
-0.0361702
-0.263691
-0.193484
-0.0810654
0.0280815
0.0160265
1.94894
0.616848
0.109968
0.168889
0.201908
0.0720259
-0.0747125
-0.259042
-0.203063
-0.0829282
0.0540573
0.0527798
2.45789
0.416713
0.0186378
0.208869
0.260474
-0.025842
0.0480884
-0.307091
-0.130464
-0.120756
0.0204372
0.0815355
2.22403
0.527927
0.0587856
0.184094
0.212789
-0.0445942
0.0566186
-0.275092
-0.140497
-0.12307
0.04789
0.0959648
2.00774
0.543064
0.0516149
0.131244
0.136602
-0.0188271
0.00778019
-0.189168
-0.159102
-0.0972283
0.0631172
0.101524
1.94774
0.545241
0.110118
0.109766
0.128615
-0.0080866
0.010953
-0.14981
-0.120515
-0.0886716
0.0592675
0.0987793
2.14951
0.499951
0.0343549
0.142317
0.123843
-0.199949
0.275615
-0.253118
-0.115998
-0.0558187
0.0894699
0.114037
2.13437
0.371405
0.0590263
0.0481087
0.209544
-0.250075
0.270258
-0.195982
-0.132797
0.0165631
0.0280293
0.156927
2.07168
0.381416
0.0533989
0.0668335
0.187967
-0.259434
0.32257
-0.197421
-0.171388
0.0388317
0.0445083
0.138111
1.80834
0.36193
0.0838119
0.084735
0.150657
-0.184607
0.236854
-0.180548
-0.192691
0.0933514
0.0590415
0.0832028
1.82231
0.408158
0.0733792
0.155108
0.11938
-0.176186
0.237982
-0.130462
-0.204452
0.0775313
0.108565
0.102778
2.02982
0.301459
0.199333
0.175462
0.110314
-0.169872
0.280692
-0.11715
-0.223586
0.081964
0.128465
0.0681985
2.33542
0.152474
0.209013
0.213018
0.163909
-0.206389
0.369387
-0.154219
-0.186518
0.0881094
0.143022
0.127197
2.1824
0.371525
0.172173
0.181682
0.126033
-0.157601
0.258513
-0.149915
-0.18674
0.0631895
0.148703
0.126542
1.70718
0.483836
0.141546
0.207753
0.0633239
-0.00483369
0.147084
-0.0226045
-0.155565
-0.0503094
0.119215
0.136802
1.62709
0.601254
0.206324
0.171911
0.063585
0.0737475
0.111675
-0.0763083
-0.118596
0.0113499
0.168267
0.145614
1.68706
0.592748
0.245537
0.156218
0.0826548
0.0655488
0.131244
-0.0971806
-0.141201
0.073724
0.201977
0.167477
1.89329
0.570896
0.207415
0.212667
0.0905305
0.053721
0.228076
-0.00671378
-0.122729
0.0541248
0.19301
0.162365
1.88985
0.641539
0.239618
0.258435
0.129037
0.0157398
0.248882
-0.0306367
-0.0728099
0.0493514
0.173703
0.142395
1.5172
0.663009
0.271418
0.174052
0.160016
0.132182
0.148888
0.0475634
-0.0435225
0.0330443
0.161823
0.114075
1.52052
0.635231
0.343119
0.202886
0.0912434
0.143723
0.17969
0.112206
-0.00457466
0.0178182
0.115183
0.0769851
1.43083
0.6083
0.297009
0.23998
0.183104
0.0945022
0.128561
0.0764555
0.00596191
0.0176054
0.0712985
0.0611555
1.50464
0.645949
0.323814
0.225329
0.144651
0.115632
0.159953
0.0538299
-0.00552003
0.0445103
0.133936
0.0959233
1.86955
0.666655
0.315548
0.259606
0.192249
0.098027
0.234689
-0.0210741
-0.0664389
0.0867306
0.181061
0.154791
1.40179
0.630795
0.375631
0.247393
0.182631
0.134846
0.109067
-0.00760842
-0.0465754
0.071325
0.142196
0.0880876
1.41586
0.629401
0.325084
0.243934
0.163435
0.0857714
0.100314
0.0683631
0.0179539
0.0524629
0.170538
0.103378
1.45632
0.714807
0.381861
0.233789
0.149111
0.112599
0.0784071
0.0310336
0.0159631
0.0585319
0.158256
0.0978214
1.5711
0.743436
0.382372
0.269265
0.148767
0.0759888
0.0702987
0.00617264
-0.0297792
0.029261
0.233192
0.153553
1.36756
0.705912
0.447107
0.251666
0.164832
0.136278
0.0982314
0.0119083
0.0145219
0.109231
0.199361
0.103031
1.41797
0.750355
0.456504
0.278584
0.158221
0.139501
0.146875
0.053541
0.0371661
0.105229
0.202627
0.105906
1.32829
0.723365
0.498006
0.304566
0.202218
0.155604
0.124787
0.0612514
0.0682866
0.133885
0.161942
0.0864038
1.43877
0.755884
0.493018
0.374317
0.240787
0.192977
0.198976
0.0903757
0.0549505
0.1081
0.171686
0.0948873
1.58052
0.728664
0.443945
0.281203
0.1931
0.202881
0.228648
0.114601
0.0455346
0.143346
0.163519
0.109667
1.26081
0.665212
0.427659
0.306655
0.221453
0.164071
0.132362
0.0802224
0.0861088
0.135861
0.143633
0.0780603
1.42209
0.718899
0.464725
0.270384
0.189911
0.190444
0.141072
0.0376775
0.0538195
0.127333
0.181668
0.110885
1.43035
0.757941
0.478311
0.272023
0.147918
0.163682
0.132299
0.0427094
0.0578562
0.134829
0.197648
0.123313
1.44137
0.745577
0.522195
0.346027
0.146502
0.0881743
0.116268
0.0463095
0.0458133
0.178311
0.220716
0.137675
1.25884
0.707614
0.479311
0.301135
0.176619
0.136133
0.120736
0.0942405
0.0961493
0.136598
0.162624
0.0916495
1.35204
0.732997
0.499476
0.349
0.226555
0.165269
0.0957618
0.0126161
0.059705
0.156661
0.23198
0.122649
1.30347
0.699921
0.439959
0.276483
0.204104
0.188158
0.175697
0.125257
0.108757
0.122702
0.153648
0.0888429
1.50526
0.786688
0.453871
0.303397
0.225423
0.19683
0.162979
0.102454
0.0537863
0.0500534
0.164279
0.100852
1.28689
0.68982
0.42909
0.293548
0.222638
0.160287
0.122536
0.0991403
0.0510333
0.0849732
0.161459
0.0765701
1.32755
0.701309
0.424681
0.297758
0.217197
0.172271
0.134525
0.0974144
0.0729804
0.102152
0.155114
0.0787947
1.6558
0.868311
0.504129
0.249665
0.250353
0.225815
0.11186
-0.00378197
0.00172731
0.0916167
0.196888
0.152046
1.87358
0.824657
0.513492
0.299078
0.282512
0.211621
0.122782
-0.0233315
-0.0231948
0.0918132
0.167679
0.142645
1.23528
0.644487
0.404121
0.287775
0.207893
0.195718
0.174371
0.0796708
0.0723718
0.0990345
0.14018
0.0572672
1.3576
0.670175
0.451662
0.25322
0.197903
0.217411
0.159783
0.0447238
0.0297696
0.0667944
0.161586
0.0789889
1.82098
0.823062
0.438017
0.228849
0.271074
0.246525
0.174443
-0.107728
-0.0209872
0.114425
0.137661
0.135634
1.80229
0.778726
0.453813
0.244382
0.223052
0.200476
0.196239
0.0330184
0.00739084
0.089871
0.15746
0.138035
1.75383
0.803207
0.412983
0.217805
0.280199
0.184966
0.194808
0.0148657
0.0444295
0.151751
0.188394
0.167603
1.32774
0.680908
0.429319
0.324344
0.265613
0.190681
0.124351
0.124601
0.092499
0.105527
0.181701
0.0998552
1.54492
0.787051
0.488645
0.313465
0.308978
0.26215
0.246464
0.163323
0.0967298
0.122921
0.151524
0.117822
1.65009
0.812495
0.611682
0.273713
0.245318
0.247874
0.292637
0.187529
0.0756841
0.064685
0.155456
0.107635
1.3272
0.738519
0.509294
0.371629
0.301546
0.236549
0.214802
0.150557
0.080647
0.100317
0.137666
0.0885054
1.11224
0.607816
0.410742
0.286572
0.21661
0.180443
0.149766
0.140435
0.14204
0.130097
0.116835
0.0771583
1.19717
0.644489
0.434031
0.321175
0.254112
0.221377
0.192173
0.173332
0.148832
0.142121
0.170706
0.098141
1.19091
0.631168
0.460174
0.341964
0.269531
0.217901
0.19388
0.150122
0.131196
0.143256
0.150814
0.0929825
1.16023
0.631186
0.420383
0.317262
0.290135
0.254014
0.224477
0.185882
0.171111
0.168419
0.186091
0.108016
1.07319
0.562117
0.401919
0.306013
0.25419
0.218885
0.166289
0.151741
0.135416
0.132303
0.126665
0.0751929
1.08235
0.578527
0.408447
0.299
0.223115
0.216964
0.188878
0.159119
0.151266
0.119578
0.116208
0.0744033
1.09083
0.576889
0.407546
0.294713
0.235706
0.197928
0.176958
0.141919
0.127996
0.133484
0.122855
0.0748759
1.12617
0.610967
0.453131
0.325193
0.275187
0.220482
0.176347
0.19037
0.170881
0.162378
0.194098
0.101088
1.11291
0.59635
0.411916
0.315956
0.274546
0.219909
0.199649
0.173657
0.165897
0.144535
0.146574
0.0894127
1.09403
0.614444
0.421093
0.313362
0.277647
0.204789
0.202221
0.164738
0.159781
0.164514
0.154011
0.0913278
1.11194
0.590286
0.426242
0.32304
0.278572
0.246627
0.212058
0.180347
0.169165
0.141912
0.168841
0.0959174
1.14608
0.623619
0.430332
0.309541
0.29139
0.243987
0.235812
0.197986
0.157925
0.162
0.169474
0.104353
1.17231
0.641122
0.464771
0.357449
0.301267
0.230286
0.225176
0.181872
0.175787
0.133953
0.15991
0.1044
1.26225
0.664407
0.479635
0.337998
0.254728
0.241106
0.234409
0.190569
0.156792
0.152948
0.121653
0.0973759
1.29032
0.723582
0.5321
0.332553
0.316351
0.288674
0.241789
0.206958
0.181462
0.104631
0.082291
0.0894855
1.20725
0.697406
0.522201
0.369703
0.329147
0.247591
0.218146
0.183181
0.132067
0.0977304
0.0479409
0.0700167
