2.11087
0.280531
-0.0476177
0.20446
0.335257
0.183416
0.133161
0.0201513
0.274163
0.130978
-6.97234e-005
-0.0688732
1.73452
0.435892
0.0574993
0.211338
0.436749
0.341731
0.0925696
0.0581666
0.158093
0.0618425
-0.0405674
-0.0634044
1.55179
0.446554
0.178421
0.285259
0.373757
0.252199
0.17731
0.168696
0.175844
0.119511
-0.0525204
-0.0250905
1.44645
0.576542
0.205797
0.12966
0.239959
0.256084
0.17393
0.144235
0.154485
0.140471
0.0553592
0.0274916
2.2587
0.441136
0.100155
0.051758
0.380236
0.211781
0.188145
0.19997
0.263214
0.181114
0.0693062
0.0106703
1.32277
0.50149
0.189776
0.127564
0.197308
0.243057
0.186637
0.178602
0.178789
0.153535
0.142574
0.0374065
1.92949
0.491634
-0.0473408
0.0164551
0.320215
0.333095
0.216215
0.194207
0.187395
0.0915413
0.145664
0.0854494
1.27674
0.536203
0.232318
0.182355
0.237893
0.264848
0.223395
0.134595
0.076453
0.0749141
0.092939
0.0373361
1.56811
0.580981
0.169119
0.119723
0.286139
0.348515
0.269492
0.14739
0.0991635
0.0898287
0.109096
0.0753653
1.27766
0.574223
0.312759
0.276232
0.296027
0.26907
0.204119
0.119949
0.0616401
0.0876325
0.117626
0.0487517
1.84515
0.467579
0.766706
-0.0690895
0.284083
0.306697
0.279946
-0.0243996
0.156802
0.117378
-0.0360161
0.174687
1.28836
0.562494
0.407872
0.219704
0.200809
0.224526
0.123648
0.0885736
0.16992
0.112003
0.0643971
0.0321879
1.54432
0.580618
0.517968
0.163703
0.225281
0.289124
0.106795
0.0601339
0.191773
0.107006
0.0211283
0.0370697
1.43261
0.544234
0.444832
0.137915
0.199522
0.253901
0.105386
0.0620099
0.16166
0.108493
0.0125243
0.0232529
1.60271
0.599782
0.390214
0.190301
0.190423
0.188236
0.114456
0.147106
0.145339
0.130621
0.0143559
0.00690711
1.37041
0.635257
0.40449
0.253137
0.207741
0.221009
0.220681
0.181806
0.183729
0.185729
0.0452143
0.0503586
1.18671
0.579692
0.389473
0.254643
0.261012
0.257525
0.197532
0.166106
0.126758
0.116721
0.0988074
0.0676795
1.36698
0.665241
0.410457
0.288676
0.248935
0.226177
0.225003
0.179853
0.133343
0.12757
0.0988661
0.0755755
1.44736
0.727392
0.426583
0.254433
0.314625
0.292228
0.236008
0.198614
0.158518
0.144771
0.0894156
0.083628
1.57515
0.689288
0.340446
0.199222
0.275542
0.327873
0.288166
0.171668
0.0910368
0.0874891
0.129369
0.109916
1.26883
0.619067
0.364769
0.279177
0.284358
0.225999
0.18796
0.162259
0.136406
0.108032
0.101794
0.0621753
1.18368
0.607867
0.395956
0.280488
0.239852
0.214103
0.174378
0.141042
0.111987
0.101853
0.125822
0.0533397
1.25008
0.629732
0.397568
0.301703
0.253789
0.193007
0.185743
0.156725
0.116101
0.0936577
0.0758847
0.0371224
1.14149
0.587141
0.389869
0.305624
0.230179
0.170873
0.148082
0.0800565
0.0451888
0.0334287
0.0314239
0.00611336
1.37384
0.743146
0.467384
0.357682
0.341424
0.280515
0.221349
0.129922
0.0596523
0.0327175
0.0401554
0.0191718
1.32014
0.701589
0.476194
0.37988
0.30633
0.222186
0.165552
0.124201
0.0648137
0.0113755
0.00716912
-0.00383078
1.54945
0.800837
0.422806
0.331297
0.269436
0.210352
0.177263
0.101471
0.0472847
0.0123237
0.0253308
0.00263364
1.34519
0.723705
0.469383
0.366599
0.288639
0.201363
0.134116
0.0788468
0.0241413
-0.0211354
-0.000675246
-0.0211344
1.80644
0.767936
0.487483
0.418856
0.38317
0.13552
0.111491
0.0321518
-0.106248
-0.0795319
-0.0059195
-0.0196201
1.54303
0.762394
0.483866
0.393152
0.32596
0.137978
0.0683564
-0.0211456
-0.097778
-0.0965895
-0.0118683
-0.0490468
1.77264
0.751989
0.406017
0.356469
0.31058
0.048424
0.0346735
-0.0634293
-0.140835
-0.102808
-0.0263377
-0.0252632
1.78408
0.693084
0.32639
0.320501
0.305299
0.0243406
0.0358885
-0.110151
-0.143523
-0.140617
-0.0399935
-0.0227714
2.02408
0.634253
0.321333
0.337243
0.432367
-0.116402
0.0764467
-0.15947
-0.192741
-0.14585
-0.0642101
0.0395689
2.12709
0.482217
0.23253
0.412788
0.378149
-0.222126
0.145976
-0.206872
-0.172348
-0.0910606
-0.0362233
0.025477
1.93156
0.485916
0.248709
0.410268
0.288479
-0.176058
0.0592216
-0.165934
-0.173147
-0.0919834
-0.0313049
-0.00965454
2.00049
0.481832
0.261564
0.483888
0.241453
-0.215772
0.0934685
-0.235501
-0.202253
-0.095603
0.0302931
-0.0117307
1.94469
0.433115
0.245418
0.449149
0.278597
-0.242055
0.0320269
-0.20915
-0.192414
-0.0540179
0.0114842
-0.00265091
1.4917
0.396458
0.413833
0.389048
0.155063
-0.140378
-0.0991407
-0.152687
-0.150866
-0.0373385
-0.0158966
-0.0468311
2.4426
0.114635
0.215371
0.541891
0.309574
-0.364234
0.192553
-0.359118
-0.132928
-0.00325115
0.0183407
-0.0403654
1.77588
0.328176
0.172404
0.45919
0.207774
-0.191053
-0.0421405
-0.192813
-0.126785
0.0143146
0.0345998
-0.0340881
1.50018
0.355334
0.235968
0.36382
0.177777
-0.107485
-0.088574
-0.153569
-0.125395
0.0509263
0.035442
-0.0294492
1.56295
0.358171
0.299041
0.335724
0.178543
-0.124169
-0.136469
-0.185151
-0.0840835
0.0834182
0.031489
-0.0286008
2.16087
0.230385
0.0573725
0.40821
0.306329
-0.328209
-0.0320909
-0.189508
-0.0340287
0.0599187
0.0492191
0.0177443
1.70871
0.375608
0.100582
0.314067
0.253184
-0.14965
-0.146402
-0.154348
-0.0525275
0.0667815
0.0292024
-0.00953187
1.6858
0.418719
0.0449089
0.16343
0.222315
0.0286814
-0.21054
-0.129092
0.0127548
0.0816866
0.0478004
-0.0158452
2.28842
0.358827
-0.100546
0.236143
0.389255
-0.232024
-0.0470003
-0.16829
0.0440273
0.0790422
0.0187093
0.035811
2.15828
0.454495
-0.0481047
0.185612
0.2979
-0.12984
-0.0710877
-0.136564
0.00665118
0.0932854
0.0660209
0.0370258
1.97704
0.46371
-0.0303502
0.139368
0.24721
-0.0665152
-0.0919541
-0.0780782
-0.01944
0.104304
0.0681644
0.0335946
1.88051
0.480687
-0.019519
0.118538
0.239561
-0.104819
0.00414086
-0.0422099
-0.0400629
0.0753106
0.0499899
0.062568
2.14966
0.398529
-0.0224808
0.145755
0.368215
-0.163591
-0.0245524
0.0361578
-0.0515559
0.0810345
0.0253511
0.0866253
2.15015
0.405478
-0.0815621
0.190646
0.408933
-0.228049
0.0243312
0.0965456
-0.0387117
0.0775867
-0.00190616
0.1418
1.69439
0.421911
0.109815
0.235956
0.31055
-0.0801576
0.0126369
0.120544
-0.00411355
0.00470453
0.0451674
0.0780453
1.73729
0.389735
0.139618
0.424746
0.22946
-0.0287093
-0.00109698
0.078553
0.0250875
-0.0422657
0.140911
0.142551
1.73707
0.408985
0.0966044
0.329334
0.328636
-0.0752642
-0.0117533
0.185106
0.063845
-0.0317607
0.0718578
0.129232
1.99848
0.445632
0.0947888
0.404019
0.28827
-0.0992004
0.06654
0.164659
0.102667
-0.0690838
0.0482998
0.15142
1.69343
0.407075
0.153699
0.35848
0.244986
-0.0599103
0.0117093
0.13882
0.09111
-0.0418074
0.12367
0.13726
1.7274
0.444829
0.159144
0.342382
0.282282
-0.0660762
0.0165296
0.158326
0.0835738
-0.0520408
0.104005
0.142147
1.58497
0.528975
0.211073
0.329956
0.228152
-0.0591662
-0.00812593
0.0939634
0.0326338
-0.088452
0.117252
0.105686
1.6921
0.423367
0.211151
0.370576
0.203985
-0.0968953
-0.0280873
0.0828611
-0.00300501
-0.083657
0.12929
0.155284
1.71948
0.508115
0.174695
0.343492
0.223602
-0.0658629
-0.0528052
0.0918381
0.0250763
-0.113543
0.113538
0.148569
1.6974
0.459198
0.144012
0.354916
0.293388
-0.0530743
-0.0667705
0.118412
0.057456
-0.109026
0.0647815
0.124675
1.40995
0.464838
0.224424
0.306849
0.233883
0.0261004
-0.0108527
0.0782542
0.0440545
-0.0087354
0.0974759
0.0622143
1.60016
0.489237
0.225946
0.300782
0.243929
0.0431804
0.0232118
0.0941939
0.04538
-0.0204515
0.14013
0.109596
2.21376
0.410619
0.0973776
0.433165
0.329963
-0.00178705
0.0144875
0.071309
0.0455327
-0.0106754
0.113974
0.186132
1.71219
0.558738
0.232983
0.312906
0.249461
0.0390413
0.00254927
0.0665959
0.0426587
0.00666514
0.165516
0.135895
1.44462
0.561693
0.284225
0.268213
0.169499
0.0307427
0.0175221
0.0767058
0.0708358
0.0503446
0.143163
0.0822054
1.9858
0.550389
0.204244
0.378492
0.241084
-0.0326264
0.0290176
0.0780463
-0.0091838
-0.00393967
0.14839
0.185647
1.72627
0.561572
0.302864
0.341092
0.171918
-0.00331911
0.0223116
0.0575468
-0.0550271
-0.0520365
0.160073
0.151496
1.43044
0.552668
0.304504
0.280105
0.154935
0.0134662
0.00669925
0.0309142
-0.0143987
0.0228337
0.152589
0.098858
2.17651
0.516183
0.161248
0.422588
0.266574
-0.0218144
0.0727569
0.0994646
-0.0161095
-0.00958866
0.136245
0.196463
1.38714
0.567505
0.296682
0.277184
0.216544
0.101931
0.0446327
0.0486037
0.0508953
0.0503871
0.139105
0.0786045
1.49237
0.562813
0.321319
0.35285
0.276328
0.105674
0.0285788
0.0400173
0.0490239
0.107357
0.214303
0.113196
1.34366
0.612052
0.339623
0.292969
0.258124
0.145133
0.0796168
0.0804859
0.107455
0.123337
0.182918
0.0866154
1.50682
0.582642
0.320281
0.338911
0.261263
0.122595
0.108319
0.153404
0.137486
0.0789711
0.12554
0.0827817
1.33232
0.615535
0.387278
0.326583
0.241541
0.157117
0.1562
0.132599
0.0891565
0.0843043
0.129097
0.0719457
1.35624
0.642638
0.39619
0.315678
0.245626
0.181277
0.137183
0.116304
0.122409
0.115183
0.129751
0.0766357
1.30897
0.588603
0.363054
0.314827
0.274365
0.198651
0.152645
0.122834
0.114677
0.111706
0.106184
0.0655166
1.39518
0.715537
0.479999
0.379255
0.282058
0.168567
0.130734
0.0974825
0.0880252
0.101948
0.155604
0.0857079
1.63156
0.758822
0.428362
0.347858
0.254887
0.149739
0.120194
0.0966804
0.0709214
0.0770486
0.183151
0.125249
1.24229
0.660819
0.428529
0.29452
0.214248
0.167623
0.129744
0.094515
0.0757947
0.0855539
0.143445
0.0694122
1.70707
0.765765
0.378507
0.313438
0.252533
0.153145
0.137724
0.101378
0.0928538
0.101425
0.1626
0.122432
1.41385
0.719965
0.447578
0.341223
0.255848
0.166062
0.109939
0.0669945
0.0801479
0.0973512
0.142102
0.0870798
1.32586
0.696346
0.44609
0.336554
0.26533
0.171166
0.102369
0.0491172
0.0562909
0.105876
0.125703
0.0721173
1.29969
0.714837
0.453127
0.303145
0.271199
0.211359
0.120142
0.0353736
0.0446156
0.0702761
0.0787042
0.0522607
1.3238
0.666776
0.436209
0.345862
0.261677
0.165372
0.10143
0.0900882
0.0982453
0.0945735
0.115751
0.0690313
1.34459
0.700635
0.433955
0.328149
0.261008
0.158579
0.095666
0.0260307
0.0713633
0.1188
0.150455
0.0823549
1.25271
0.651099
0.429739
0.33402
0.270038
0.212272
0.155502
0.0941133
0.0817744
0.0797597
0.105792
0.0584315
1.49317
0.744591
0.462438
0.415564
0.383867
0.27714
0.118909
0.0217282
0.0618164
0.100223
0.153331
0.0770309
1.18787
0.611616
0.432395
0.345657
0.263951
0.196952
0.135438
0.0848469
0.0970457
0.120886
0.143511
0.0564415
1.70563
0.733589
0.523342
0.357819
0.394099
0.265237
0.138138
0.052273
0.0942825
0.130929
0.133057
0.0871806
1.15527
0.605261
0.403841
0.317905
0.286259
0.247301
0.16725
0.129776
0.126957
0.117213
0.0965237
0.0508278
1.44549
0.69004
0.449163
0.380495
0.352107
0.282966
0.168184
0.0693069
0.0952729
0.141682
0.138216
0.0773478
1.26908
0.650268
0.447277
0.348012
0.301269
0.238873
0.1449
0.108253
0.100406
0.127107
0.16163
0.0696581
1.28527
0.677896
0.436504
0.36445
0.329138
0.222223
0.158423
0.110978
0.0916762
0.131661
0.133154
0.0648358
1.19117
0.661781
0.428793
0.289764
0.234995
0.20477
0.150187
0.117287
0.110108
0.103602
0.0987185
0.0472763
1.29636
0.676397
0.47936
0.368478
0.28098
0.200919
0.119804
0.0834825
0.106495
0.138558
0.124728
0.0664251
1.33185
0.70646
0.435797
0.358478
0.28759
0.227728
0.134456
0.122487
0.119883
0.113703
0.106157
0.0680043
1.20989
0.653563
0.426528
0.289638
0.253596
0.199016
0.145331
0.117485
0.113277
0.135658
0.143738
0.0803258
1.54107
0.811084
0.465787
0.393138
0.397151
0.194724
0.14103
0.0394876
0.0860609
0.159415
0.163195
0.111815
1.20214
0.639648
0.416107
0.332865
0.269399
0.201946
0.144033
0.151745
0.168315
0.139529
0.152664
0.0876418
1.114
0.587577
0.400281
0.296812
0.252825
0.214267
0.171792
0.167386
0.165688
0.145038
0.135796
0.0791572
1.66365
0.793978
0.598221
0.28728
0.39734
0.267285
0.167897
0.0267237
0.16225
0.101466
0.19258
0.15942
1.21428
0.679646
0.464964
0.339853
0.284021
0.213532
0.176255
0.153073
0.146852
0.153142
0.166277
0.0984447
1.10058
0.592175
0.414162
0.297197
0.270335
0.206479
0.186365
0.181189
0.145396
0.164642
0.141155
0.0822859
1.12656
0.595589
0.423708
0.308977
0.24067
0.188706
0.173827
0.15735
0.141673
0.145388
0.165001
0.0838277
1.30486
0.719935
0.530943
0.366801
0.300714
0.159992
0.173617
0.188127
0.163434
0.156485
0.176205
0.118691
1.10176
0.596037
0.425577
0.298798
0.256863
0.20568
0.168902
0.137389
0.11866
0.147607
0.146171
0.0799732
1.08596
0.561573
0.383884
0.305886
0.235254
0.185522
0.166929
0.152201
0.147781
0.130349
0.142622
0.0726481
1.08523
0.544939
0.393875
0.296608
0.239449
0.1889
0.161104
0.158617
0.13836
0.126097
0.135473
0.0727461
1.19957
0.620362
0.503549
0.400745
0.300343
0.245361
0.218221
0.196037
0.203142
0.142958
0.154315
0.112089
1.12663
0.623016
0.463797
0.331482
0.290268
0.239367
0.209596
0.180045
0.189299
0.167277
0.14028
0.0997599
1.16187
0.616131
0.445489
0.333823
0.255624
0.226508
0.214049
0.195624
0.18782
0.168524
0.195966
0.108397
1.09206
0.590857
0.396825
0.290724
0.267098
0.209879
0.212718
0.182946
0.164277
0.158586
0.149749
0.0872676
1.18455
0.660573
0.509092
0.330573
0.312252
0.214988
0.229188
0.226915
0.201665
0.154365
0.132834
0.110554
1.23646
0.634283
0.491129
0.298744
0.246145
0.20623
0.233721
0.142428
0.174534
0.189
0.195266
0.116738
1.13582
0.598942
0.399793
0.289212
0.233908
0.217904
0.185367
0.167605
0.17179
0.141216
0.187105
0.0915733
1.26641
0.74477
0.485872
0.305209
0.279457
0.10048
0.156888
0.175315
0.19375
0.1785
0.176465
0.122296
