1.08217
0.592932
0.407196
0.30207
0.234983
0.171259
0.131608
0.104523
0.0855577
0.0697505
0.0590407
0.0326363
1.2814
0.73712
0.503798
0.362567
0.303182
0.256914
0.233206
0.190498
0.140541
0.0773078
0.0425648
0.0447738
1.37825
0.824934
0.532412
0.379039
0.313695
0.275005
0.283721
0.219664
0.185205
0.0702947
0.0220262
0.0405805
1.32827
0.763885
0.511151
0.34713
0.299088
0.287939
0.276654
0.237831
0.157164
0.0515238
-0.00195418
0.0288999
1.15986
0.616615
0.417218
0.321522
0.247017
0.216704
0.184232
0.143881
0.0972153
0.0618021
0.0278126
0.0202858
1.11492
0.591521
0.40616
0.294695
0.250078
0.212835
0.162825
0.151538
0.110929
0.0999504
0.0876292
0.0517011
1.37717
0.816518
0.561231
0.387518
0.297371
0.225255
0.21641
0.195373
0.121682
0.0763965
0.101929
0.0720038
1.33439
0.779981
0.561242
0.409709
0.32757
0.275181
0.214512
0.176494
0.139148
0.110569
0.118527
0.090098
1.40114
0.824232
0.558968
0.397354
0.353925
0.300199
0.295769
0.202677
0.144389
0.10748
0.119542
0.0984951
1.11711
0.612104
0.421255
0.32253
0.255919
0.204484
0.171393
0.150246
0.131333
0.119076
0.115606
0.0728602
1.12303
0.614595
0.440124
0.327364
0.278569
0.234803
0.187744
0.172212
0.156479
0.126391
0.134047
0.0827768
1.22897
0.701651
0.490575
0.377935
0.33319
0.283922
0.23233
0.193751
0.160978
0.117848
0.113483
0.0964142
1.09121
0.588077
0.406497
0.323439
0.270032
0.234163
0.203199
0.172768
0.14993
0.11891
0.109703
0.0767717
1.13142
0.614681
0.425636
0.32318
0.279635
0.24554
0.20919
0.173646
0.13187
0.104442
0.0947335
0.0748345
1.2405
0.682446
0.464372
0.365385
0.317257
0.237078
0.184684
0.136828
0.123141
0.112582
0.0789071
0.0690549
1.46011
0.759807
0.466898
0.407065
0.463177
0.421125
0.319562
0.189544
0.126671
0.0769618
0.0160217
0.0658769
1.24479
0.649437
0.423365
0.340265
0.32382
0.287774
0.221622
0.143023
0.0549842
-0.00653407
-0.0368779
0.0118945
1.357
0.67802
0.403522
0.350271
0.392715
0.352034
0.229639
0.113158
0.0475655
0.0148853
-0.0265804
0.0153046
1.42007
0.634507
0.348499
0.317782
0.381079
0.333358
0.189196
0.0529068
-0.0340662
-0.0401026
-0.0223596
-0.00536297
1.39898
0.606901
0.356093
0.339536
0.370344
0.289761
0.173916
0.0349315
-0.0148779
-0.0274949
-0.057796
-0.0248929
1.81459
0.595352
0.133618
0.288188
0.540775
0.344901
0.104144
-0.0588729
-0.0586102
-0.0269821
-0.0722059
-0.0762882
1.35466
0.552185
0.251719
0.289617
0.368952
0.219366
0.0533764
-0.0892075
-0.0654596
-0.0590816
-0.144477
-0.0847707
1.47336
0.504216
0.145265
0.227456
0.427608
0.293673
0.0644777
-0.10773
-0.118149
-0.054775
-0.166741
-0.0874476
1.70905
0.40847
0.0270853
0.250285
0.486708
0.253707
0.0780155
-0.0949119
-0.133454
-0.047419
-0.185087
-0.129149
2.26838
0.402449
-0.165272
0.154855
0.785908
0.121611
0.111837
-0.0248985
-0.213137
0.0174022
-0.220522
-0.0925247
1.4413
0.433139
0.0785953
0.184718
0.337439
0.143582
-0.0201933
-0.136691
-0.148307
-0.0879174
-0.14799
-0.0899752
1.84432
0.424464
-0.0266194
0.130888
0.474483
0.0466751
-0.0787851
-0.108479
-0.193014
-0.0707251
-0.141384
-0.0866828
2.21614
0.424827
-0.101742
0.120889
0.596238
-0.118932
-0.0577427
-0.053954
-0.260855
0.00734343
-0.172157
-0.0161267
2.25532
0.325799
-0.0824849
0.11028
0.602034
-0.186983
-0.0490341
-0.0569752
-0.254243
0.0150818
-0.166405
0.00353191
1.66007
0.440005
0.0432867
0.169283
0.349054
0.00460027
-0.0918487
-0.138746
-0.190173
-0.0412383
-0.0733299
-0.0242698
1.68076
0.431068
0.119447
0.141326
0.325346
-0.0533643
-0.0866864
-0.103722
-0.217798
-0.0162919
-0.0477926
-0.0132664
2.09831
0.419751
-0.0570821
0.0861742
0.475966
-0.237058
-0.029273
-0.0512507
-0.226198
0.0136587
-0.110516
0.0893465
2.04673
0.565074
-0.0695366
0.11075
0.442985
-0.257807
0.00793588
-0.0730999
-0.184896
-0.0108308
-0.105456
0.142983
1.87677
0.61147
-0.0863279
0.0787509
0.372412
-0.214788
-0.039057
-0.0886334
-0.0866126
-0.0297082
-0.0748592
0.0861946
1.67408
0.599638
0.0488561
0.0616553
0.23079
-0.102691
-0.0517712
-0.0978224
-0.0842639
-0.0551022
0.0166246
0.0674935
1.9554
0.731876
-0.0661863
0.0347156
0.378614
-0.209056
-0.0307306
-0.10541
-0.0594118
-0.0207124
-0.0372731
0.10219
2.06518
0.626636
-0.100855
0.0344004
0.409836
-0.267974
0.00131696
-0.0929784
-0.0684837
0.0323883
-0.0633074
0.141882
1.87961
0.670412
-0.038405
0.0558793
0.359429
-0.224318
-0.0162164
-0.0731227
-0.0938838
0.0216579
-0.0166289
0.131702
1.70637
0.519707
0.0281374
0.0872346
0.289579
-0.232176
-0.0211654
0.050489
-0.110043
0.02955
0.020487
0.133136
1.74636
0.503209
0.045322
0.110447
0.34796
-0.25922
-0.0158861
0.0671032
-0.148298
0.0335094
0.0155966
0.1595
1.93155
0.442932
0.125203
0.127593
0.426889
-0.358285
0.0215109
0.09451
-0.209737
0.000189584
-0.0159482
0.236627
1.7095
0.409696
0.123474
0.142911
0.291262
-0.25969
0.06286
0.130923
-0.159015
0.00853458
0.0564484
0.185994
1.76002
0.444004
0.119631
0.220753
0.23112
-0.15662
0.0104519
0.142339
-0.107691
-0.103861
0.100952
0.205473
1.83706
0.407723
0.0818685
0.265933
0.276959
-0.123982
0.049528
0.161854
-0.0940238
-0.157036
0.0802746
0.229328
1.89478
0.40229
0.102452
0.318301
0.304377
-0.130829
0.055707
0.169444
-0.0602602
-0.103275
0.0714953
0.208534
1.60015
0.368533
0.150446
0.382412
0.253886
-0.0911352
0.0695509
0.137249
0.002928
-0.0973404
0.0746375
0.138899
2.0255
0.313423
0.0876486
0.382958
0.362328
-0.175915
0.0502916
0.134403
-0.0219881
-0.0333376
0.0959691
0.224628
2.12403
0.367887
0.125831
0.410542
0.371438
-0.20269
0.0526638
0.109082
-0.0389345
-0.0292889
0.118739
0.251504
1.82799
0.416846
0.113723
0.340984
0.28882
-0.112901
0.0447446
0.16703
-0.0195097
-0.0599444
0.135226
0.23203
2.45636
0.455934
0.0493205
0.243293
0.442321
-0.264979
0.12973
0.157444
-0.0841437
0.022657
0.07119
0.311369
1.77289
0.492533
0.232672
0.273909
0.165557
-0.0195041
0.082072
0.12139
-0.0744122
-0.0757344
0.105458
0.149569
2.08342
0.525819
0.200839
0.182177
0.243853
-0.0368293
0.0797118
0.147008
-0.0823826
-0.102294
0.101027
0.218852
1.61627
0.631096
0.267245
0.259921
0.201146
0.0426665
0.0358476
0.0816681
0.00696217
-0.0230996
0.139316
0.118105
1.6261
0.629042
0.264374
0.277586
0.252317
0.0510185
0.0664779
0.0739559
-0.0192607
-0.0106929
0.193244
0.151107
1.84299
0.671649
0.285485
0.298978
0.260823
0.0252293
0.140326
0.140651
-0.0187099
-0.0466963
0.182333
0.200056
1.46988
0.635466
0.331573
0.289476
0.232461
0.101091
0.110147
0.126446
0.0616879
0.0477226
0.193817
0.109563
1.48443
0.685673
0.322186
0.242335
0.2025
0.108576
0.118901
0.101139
0.0707593
0.0853921
0.197618
0.114688
1.43588
0.643816
0.352602
0.318893
0.228457
0.185347
0.166484
0.147098
0.0804449
0.0277236
0.139261
0.0832663
1.44607
0.667055
0.400514
0.332307
0.23427
0.114381
0.108881
0.113663
0.0556189
0.050105
0.182729
0.106673
1.22565
0.566555
0.332762
0.276248
0.232121
0.168526
0.143805
0.107428
0.0858435
0.0949897
0.130174
0.0736092
1.62616
0.636858
0.352335
0.382975
0.335779
0.166219
0.114044
0.0808941
0.0562153
0.0606136
0.220986
0.151897
1.25699
0.609689
0.360092
0.289753
0.239047
0.185508
0.132684
0.0695648
0.0493656
0.0841433
0.165302
0.0837306
1.39671
0.644616
0.359409
0.285697
0.242955
0.155248
0.100823
0.0746378
0.0703747
0.123346
0.196304
0.111287
1.36777
0.693265
0.401708
0.278344
0.206339
0.148664
0.0955532
0.0809495
0.05645
0.0735518
0.185709
0.100463
1.63761
0.739637
0.427166
0.311267
0.203656
0.110888
0.0572325
0.0370942
0.023374
0.103165
0.227686
0.164108
1.24352
0.650809
0.413085
0.28324
0.157893
0.058183
0.0206368
0.0700075
0.131803
0.145963
0.196044
0.109101
1.72754
0.75873
0.39213
0.25823
0.194676
0.0704795
0.0511588
0.0714052
0.0561411
0.0967782
0.289099
0.226151
1.48693
0.71551
0.40234
0.292348
0.179217
0.0817564
0.0401649
0.0435016
0.0614406
0.11407
0.279451
0.172104
1.51217
0.729888
0.410162
0.279465
0.178566
0.0823157
0.0703322
0.0692934
0.0877703
0.133004
0.222309
0.149715
1.60891
0.786125
0.402017
0.258638
0.224339
0.173769
0.11661
0.0784915
0.0855351
0.112777
0.214332
0.153467
1.51031
0.755486
0.447441
0.319385
0.238294
0.134769
0.084366
0.0603467
0.0696822
0.126556
0.254258
0.161123
1.52786
0.790335
0.436439
0.287757
0.219861
0.150244
0.0903551
0.0724837
0.112419
0.164849
0.263815
0.176982
1.36765
0.72373
0.463839
0.318236
0.243986
0.149668
0.110168
0.083492
0.09637
0.168517
0.273028
0.149628
1.36551
0.752998
0.502823
0.33448
0.231998
0.161783
0.0891596
0.0594128
0.0896271
0.160575
0.232501
0.135736
1.2625
0.686327
0.453087
0.326446
0.253417
0.173088
0.122728
0.104351
0.108167
0.150716
0.215907
0.111071
1.19318
0.651816
0.449339
0.333768
0.240123
0.178701
0.136601
0.112859
0.105429
0.117096
0.162719
0.0865697
1.20653
0.668566
0.471136
0.343602
0.261219
0.201154
0.161359
0.142026
0.142108
0.158003
0.186854
0.104496
1.16504
0.642027
0.44355
0.322417
0.244744
0.210362
0.172374
0.156101
0.146084
0.137008
0.149303
0.0909483
1.08422
0.580221
0.394059
0.293326
0.237911
0.192982
0.175029
0.160001
0.167514
0.16869
0.172984
0.0857674
1.06495
0.554005
0.383861
0.300604
0.248475
0.195125
0.164104
0.150225
0.148007
0.156876
0.162485
0.0784132
1.09645
0.584076
0.400709
0.292963
0.242537
0.207882
0.181994
0.170336
0.159127
0.165183
0.167001
0.0861484
1.08132
0.576516
0.383348
0.292911
0.244211
0.199818
0.184355
0.171485
0.166191
0.183124
0.165427
0.0857306
1.07762
0.553482
0.382757
0.290918
0.251259
0.227233
0.200474
0.189262
0.173014
0.165445
0.156002
0.0854198
1.1075
0.592519
0.41006
0.316418
0.272413
0.235156
0.194179
0.171115
0.171596
0.164478
0.175663
0.0948654
1.13428
0.61469
0.423943
0.32818
0.271455
0.22778
0.197178
0.154105
0.159563
0.169396
0.170305
0.0981775
1.12448
0.593728
0.422981
0.314672
0.227475
0.213352
0.173927
0.165314
0.170068
0.177246
0.195665
0.0971366
1.16142
0.625695
0.427661
0.296591
0.259452
0.202378
0.201939
0.191178
0.195126
0.206668
0.220404
0.115158
1.25293
0.668558
0.441138
0.324609
0.276954
0.215026
0.179726
0.185807
0.216313
0.18597
0.215156
0.127778
1.13956
0.635091
0.444126
0.348906
0.283801
0.227151
0.198049
0.175751
0.184398
0.188067
0.185559
0.109894
1.13126
0.605568
0.435195
0.322604
0.235857
0.198505
0.187077
0.16655
0.196918
0.20535
0.22293
0.109672
1.16473
0.630092
0.453366
0.336646
0.256166
0.208435
0.185874
0.190088
0.191456
0.20641
0.204957
0.116585
1.14671
0.644234
0.460532
0.318045
0.252168
0.193529
0.192862
0.186368
0.17339
0.211977
0.203869
0.11359
1.13193
0.621527
0.432993
0.329101
0.242353
0.214288
0.206216
0.182127
0.165299
0.174212
0.178489
0.100653
1.09552
0.609507
0.428566
0.297277
0.257018
0.188304
0.171903
0.145303
0.132044
0.168431
0.168507
0.0866529
1.10676
0.591555
0.405167
0.273916
0.206355
0.193329
0.18983
0.157898
0.167461
0.161988
0.148367
0.0834709
