-140
-136
-132
-125
-106
-78
-41
-20
-42
-77
-97
-111
-107
-78
-57
-75
-97
-82
-37
-2
-16
-56
-52
-2
48
86
101
114
101
58
35
25
27
32
12
10
22
28
18
-11
-59
-95
-102
-94
-72
-49
-41
-38
-35
-62
-96
-115
-98
-55
-29
-24
-10
19
21
2
-16
-13
19
44
55
68
85
81
44
0
-36
-46
-38
-44
-55
-35
17
57
86
93
95
113
130
152
165
172
181
198
203
191
182
163
137
121
124
148
176
159
118
76
50
51
36
11
10
16
40
59
61
66
60
52
40
42
45
45
32
4
-8
-23
-16
-7
-19
-26
-26
-7
10
8
12
33
72
108
115
111
122
140
130
100
89
111
135
131
85
69
86
108
113
85
47
13
23
35
47
48
7
-32
-47
-36
-21
-25
-49
-70
-75
-49
-26
-22
-55
-91
-86
-70
-50
-40
-26
2
32
46
54
59
70
88
64
47
50
64
87
73
42
22
10
18
12
5
13
7
8
16
26
43
39
7
-27
-33
-13
4
-10
-43
-71
-78
-85
-88
-98
-110
-99
-94
-105
-123
-128
-124
-119
-123
-141
-139
-123
-111
-119
-136
-134
-140
-128
-110
-102
-84
-78
-81
-102
-96
-73
-47
-27
-31
-26
-11
17
44
51
51
52
59
81
91
74
38
-17
-49
-56
-61
-64
-76
-92
-104
-96
-77
-67
-70
-78
-88
-68
-34
-21
-34
-69
-89
-75
-33
-8
-6
-40
-85
-72
-36
-18
-40
-70
-93
-92
-64
-51
-47
-58
-74
-94
-96
-65
-38
-43
-80
-109
-110
-91
-65
-57
-65
-70
-54
-19
-13
-34
-38
-9
38
81
91
89
72
48
50
58
80
84
61
38
32
58
71
40
-35
-79
-59
5
50
21
-30
-67
-64
-31
-4
-13
-19
-6
27
77
102
122
113
87
91
129
182
208
199
148
89
75
100
108
83
41
17
33
40
32
4
-25
-31
-24
-17
-6
0
0
11
16
15
24
45
32
11
6
15
32
27
4
-20
-27
-18
-20
-26
0
19
8
-11
-19
-3
11
17
0
-43
-73
-48
-16
-22
-48
-71
-78
-32
22
43
56
60
52
46
40
38
48
32
1
4
15
28
34
19
9
0
2
2
7
20
28
34
28
27
31
24
22
34
30
0
-25
-21
-4
-12
-37
-59
-59
-29
2
-27
-65
-79
-86
-67
-62
-52
-36
-39
-33
-21
-33
-35
-26
-10
-2
8
59
90
83
60
40
39
59
87
103
106
105
112
109
99
96
96
106
106
108
120
117
83
30
-13
-15
12
39
51
41
40
26
8
1
-3
6
5
12
26
33
21
-6
-27
-44
-42
-13
0
-11
-46
-72
-66
-56
-62
-97
-128
-129
-96
-44
-12
-2
-8
-28
-19
28
70
92
76
57
76
104
149
148
100
63
34
35
52
64
42
9
-7
-7
23
32
4
-9
-15
-4
24
28
22
10
-5
1
8
8
-2
2
-2
-17
-22
-24
-1
6
-17
-72
-116
-102
-75
-79
-124
-157
-167
-165
-153
-154
-170
-166
-158
-151
-133
-107
-91
-108
-127
-159
-166
-132
-100
-82
-76
-50
-29
-6
-10
-45
-60
-43
-22
-24
-31
-40
-20
-17
-67
-112
-129
-106
-57
-27
-21
-22
-20
-12
-16
-20
-4
18
12
6
-13
-41
-35
-49
-79
-88
-89
-60
-33
-35
-47
-51
-30
-16
-16
-48
-61
-31
-12
-20
-51
-75
-79
-52
-44
-30
-20
-24
-31
-45
-59
-68
-46
-30
-20
-16
-15
-7
-1
4
3
10
26
54
80
94
93
77
55
28
19
24
25
17
7
4
3
-6
-21
-30
-28
-3
12
1
-9
-12
-5
-3
9
25
27
27
16
17
38
63
55
32
28
46
84
91
70
55
34
37
60
68
60
45
35
42
75
100
98
94
83
86
100
107
90
62
54
64
75
62
41
28
30
44
43
52
79
95
90
71
52
29
14
0
-23
-32
-33
-22
-4
-1
1
-3
-2
-8
4
28
47
46
8
-22
-33
-36
-36
-45
-65
-57
-30
2
19
17
17
38
62
72
92
85
74
66
44
36
44
80
98
97
103
103
96
96
88
82
92
106
109
113
118
115
115
110
117
122
142
152
143
137
139
154
144
143
125
103
88
79
64
37
42
28
20
12
0
11
28
33
10
-4
3
25
29
6
-5
20
74
102
86
63
57
75
117
140
142
138
124
102
80
57
53
48
37
29
9
12
18
0
-31
-54
-65
-69
-52
-51
-47
-41
-38
-34
-16
13
28
50
54
45
44
48
69
71
54
45
44
58
59
50
39
14
13
12
18
22
22
11
-12
-23
-46
-66
-85
-101
-109
-101
-82
-72
-87
-117
-131
-132
-118
-99
-95
-93
-98
-106
-93
-88
-71
-62
-69
-66
-61
-45
-53
-75
-90
-97
-98
-83
-71
-86
-109
-116
-98
-63
-31
-40
-69
-93
-107
-113
-97
-79
-75
-87
-105
-90
-78
-70
-82
-107
-95
-54
-20
-26
-47
-70
-81
-76
-76
-61
-56
-59
-59
-70
-74
-75
-77
-86
-99
-91
-58
-34
-29
-44
-68
-81
-77
-76
-89
-98
-113
-99
-77
-62
-62
-84
-86
-61
-31
-13
-17
-41
-44
-44
-45
-43
-62
-52
-28
-18
-18
-36
-37
-8
35
46
31
18
22
33
10
-35
-54
-18
17
30
14
-1
3
15
25
3
-11
-12
-2
5
10
37
63
76
50
12
21
68
100
89
49
31
57
96
107
66
16
-7
-15
-17
-23
-37
-42
-48
-36
-33
-40
-31
-29
-16
-7
-1
1
11
18
10
4
-25
-37
-43
-62
-67
-76
-80
-82
-88
-96
-95
-95
-131
-174
-216
-222
-192
-163
-144
-148
-144
-108
-79
-65
-59
-40
-13
21
62
78
88
92
71
31
13
33
81
116
118
107
114
129
113
88
48
38
61
69
61
53
62
56
38
20
35
70
87
83
52
40
66
88
73
27
-5
-15
-10
-21
-66
-84
-62
-22
-12
-50
-80
-94
-105
-96
-81
-80
-53
-12
2
-13
-43
-67
-56
-13
30
65
81
87
80
54
20
-1
20
60
78
80
60
55
66
44
34
20
26
64
78
69
51
38
28
17
6
12
35
72
102
95
73
64
75
96
92
60
50
62
88
86
40
-5
-8
12
23
23
-1
-28
-57
-87
-73
-16
40
65
52
21
11
7
13
3
-5
30
77
121
118
80
23
-5
26
54
71
55
25
10
2
-5
-31
-57
-74
-69
-44
-8
0
-21
-37
-29
12
50
52
34
39
30
14
-3
-27
-23
-24
-20
-35
-41
-53
-76
-79
-108
-121
-108
-111
-113
-106
-104
-91
-88
-85
-56
-21
21
42
39
32
24
43
56
58
54
47
67
93
110
92
81
84
96
114
96
60
35
44
57
68
61
20
-14
-31
-38
-41
-42
-44
-38
-19
-18
-48
-78
-90
-79
-61
-50
-48
-31
-5
4
-1
-9
11
35
55
68
67
71
73
51
7
-23
-36
-21
-8
-34
-46
-40
-30
-37
-55
-56
-3
58
88
93
95
132
169
194
187
174
180
178
158
143
133
145
149
101
58
34
47
35
-18
-72
-94
-81
-57
-48
-58
-57
-51
-26
-26
-19
4
21
56
63
46
34
33
19
-14
-42
-39
-23
-18
-40
-64
-67
-76
-91
-113
-135
-99
-58
-45
-51
-60
-35
-11
-3
-13
-20
-2
16
12
-5
-31
-47
-54
-72
-95
-116
-135
-148
-122
-104
-110
-122
-127
-118
-103
-91
-76
-63
-51
-42
-51
-40
-26
-6
8
5
-22
-60
-63
-54
-38
-45
-52
-44
0
52
60
49
25
34
76
104
112
121
136
156
155
130
96
68
50
43
56
80
79
49
-5
-53
-70
-50
-34
-54
-53
-50
-46
-50
-69
-59
-42
-15
-21
-36
-37
-50
-59
-94
-133
-131
-122
-133
-160
-186
-193
-171
-150
-145
-116
-73
-54
-53
-62
-56
-17
43
81
93
87
67
67
49
11
5
41
99
145
162
137
129
128
120
99
63
70
84
72
54
44
23
5
-32
-74
-51
5
69
103
102
86
77
83
86
96
94
90
92
91
100
84
56
24
4
-1
-12
-11
-20
-38
-71
-100
-109
-107
-87
-85
-112
-146
-170
-160
-131
-114
-104
-104
-105
-85
-70
-62
-41
-37
-36
-26
-32
-38
-51
-76
-92
-109
-91
-14
36
5
-56
-61
-10
28
70
122
144
140
156
158
120
91
146
211
199
165
169
189
164
127
97
116
186
234
195
108
51
77
152
158
107
71
75
53
-1
-22
1
9
5
-29
-155
-246
-233
-253
-359
-399
-331
-308
-305
-302
-714
-1348
-1131
-148
181
-476
-861
-646
-760
-1042
-494
506
719
175
-268
-437
-342
263
978
1045
696
683
831
608
386
793
1336
1285
1051
1164
1202
824
553
728
980
1002
966
851
479
163
25
-245
-385
145
605
-45
-963
-964
-766
-1206
-1332
-576
-249
-898
-1359
-1320
-1515
-1550
-805
-252
-563
-774
-515
-606
-919
-515
178
219
84
330
328
-98
-105
291
404
387
644
755
418
155
210
214
228
547
771
576
266
130
30
21
272
520
546
410
232
0
-167
-141
14
186
327
308
57
-152
-187
-193
-171
-1
173
156
4
-138
-238
-260
-156
-29
0
-28
-80
-241
-353
-242
-68
-68
-161
-194
-252
-337
-317
-189
-144
-148
-79
-51
-96
-32
44
-291
-815
-684
235
913
599
-180
-716
-950
-872
-245
630
953
350
-679
-1358
-1235
-412
488
825
482
-123
-590
-762
-475
160
656
709
491
262
67
-58
17
373
850
1193
1208
848
337
106
411
1053
1601
1702
1235
400
32
609
1347
1463
1416
1394
138
-1701
-1135
1494
1974
-271
-1221
-519
-1516
-3101
-1549
957
118
-2064
-2079
-1804
-2795
-2147
150
186
-1529
-1129
152
-912
-1847
-29
1291
87
-239
1255
1096
-562
-333
1018
812
435
1470
1598
-65
-638
363
410
-159
635
1438
337
-830
-348
171
-235
-129
654
524
-262
-277
-9
-348
-449
231
579
178
-53
38
-139
-290
127
586
540
462
555
303
-73
114
544
506
284
303
169
-252
-377
-206
-243
-225
-231
-1567
-3157
-1991
601
539
-1750
-2544
-2037
-2718
-3005
-670
1520
563
-1547
-2345
-2225
-1210
1004
2425
1678
490
343
461
430
1358
2848
2973
1851
1403
1661
1399
1093
1560
2189
2225
1924
1664
1157
408
323
1130
1850
1896
1437
827
247
-478
-1223
-764
1064
1769
-90
-2057
-1994
-1829
-2867
-2465
68
741
-1723
-3465
-3041
-2827
-2744
-1042
503
-407
-1727
-1240
-954
-1830
-1096
1238
1694
372
332
1030
220
-585
689
2096
1696
1159
1378
683
-517
-59
1242
1315
907
1148
832
-456
-824
194
748
435
593
852
-8
-993
-711
13
136
259
640
427
-349
-626
-284
-39
155
544
570
-48
-591
-665
-554
-316
49
302
238
-670
-2349
-2702
-693
1182
536
-1132
-1653
-2039
-2921
-2243
202
1359
55
-1730
-2641
-2636
-1437
355
1044
482
-131
-579
-1113
-890
502
1695
1626
1143
1007
663
299
737
1664
2249
2372
2137
1491
878
1041
1895
2652
2918
2574
1675
908
1121
1887
2104
1880
1870
1833
644
-1557
-2313
-546
1129
597
-576
-1138
-2889
-5537
-5164
-1684
39
-1210
-2292
-3285
-5762
-6547
-2981
587
135
-1455
-1584
-2304
-3551
-1985
1437
2352
1172
1212
1626
459
-149
1572
3130
2923
2873
3393
2474
652
506
1774
2434
2623
2894
2155
379
-608
-180
438
730
1023
859
-276
-1524
-1783
-1309
-846
-405
-19
-320
-1244
-1880
-1644
-941
-290
270
395
-88
-656
-666
-196
479
841
-6
-1064
-448
953
689
-747
-1088
-761
-1366
-1782
-609
394
-472
-1889
-2322
-2050
-1318
-333
-30
-606
-1179
-1209
-979
-488
336
837
516
85
364
884
1102
1310
1648
1747
1629
1705
1931
1888
1764
2191
2840
2807
2243
2022
2085
1940
1793
2163
2653
2241
1162
641
944
982
325
-333
-846
-1427
-1469
-834
-1166
-2993
-4148
-3562
-3151
-3593
-3020
-1742
-2457
-4867
-5418
-3423
-1802
-1603
-1380
-1095
-1723
-2263
-1385
2
634
962
1347
1146
684
1013
1747
1832
1760
2333
2709
2130
1437
1425
1712
1864
2007
2019
1550
815
428
567
906
1134
971
345
-335
-645
-638
-429
-100
33
-247
-684
-902
-948
-899
-701
-372
-112
-106
-319
-581
-523
-255
-817
-1927
-1306
926
1566
-363
-2058
-1988
-1821
-1917
-743
1032
858
-1164
-2732
-2795
-1539
333
1397
779
-485
-1195
-1240
-603
788
2031
1870
747
112
234
602
1301
2213
2580
2205
1607
1222
1184
1518
2231
2994
3218
2683
1853
1555
1761
2015
2297
2530
2373
1798
1491
1295
526
24
795
1649
1222
43
-1623
-3612
-3717
-940
844
-1530
-4561
-4617
-4471
-5953
-5030
-987
-35
-4230
-7309
-5779
-3505
-2918
-1956
-542
-1126
-2869
-2855
-1389
-392
350
1405
1747
1066
745
1189
1472
1750
2807
3889
3637
2486
1813
1814
2058
2560
3402
3809
2947
1405
491
718
1422
1923
1909
1171
-8
-913
-961
-485
-136
-142
-495
-1044
-1477
-1516
-1414
-1268
-847
-314
-314
-768
-1010
-1603
-2662
-2123
551
1987
147
-2304
-2756
-2288
-1852
-254
1627
1167
-1410
-3303
-3277
-1901
160
1553
980
-833
-1975
-1902
-1115
286
1717
1786
399
-708
-629
-11
879
2093
2676
1977
865
378
573
1382
2639
3358
3098
2577
2021
1113
1053
3110
5294
4718
2227
625
503
1148
2384
3706
3928
2754
145
-3740
-5435
-1087
5184
4194
-3355
-7241
-5038
-4280
-5948
-3139
2002
-100
-8084
-10944
-6712
-2942
-2083
-1285
-1179
-3678
-5883
-4788
-2163
-177
1343
1754
170
-1359
-806
616
1504
2806
4466
4355
2373
1080
1573
2619
3768
5088
5375
3845
1881
1090
1607
2860
4015
3989
2527
786
-285
-540
4
1122
1726
803
-987
-2383
-2807
-2071
-592
189
-467
-1484
-2017
-2649
-2893
-1211
1016
87
-3321
-3860
-938
627
-623
-1399
-793
-1440
-2855
-2078
293
890
-693
-2171
-2424
-1663
-460
282
-37
-696
-1092
-1311
-983
125
991
557
-320
-297
387
772
966
1303
1413
1193
986
1067
1433
1880
2122
2159
2374
2691
2554
1845
1558
2679
4131
4050
2529
1685
2119
2367
2512
3428
4203
2962
-113
-2553
-1939
1815
4602
1697
-4199
-5276
-2212
-2651
-5550
-3226
1256
-1939
-9418
-9670
-3908
-2343
-4833
-4569
-2889
-4319
-6299
-5017
-2689
-1560
-672
-290
-1382
-1955
-474
843
1065
2238
3978
3461
1466
1342
3191
4584
5003
5222
4912
3862
2965
3090
3955
4885
5107
4072
2556
1654
1455
1444
1594
1870
1476
74
-1334
-1636
-1293
-1358
-1738
-1811
-1731
-2210
-3184
-3630
-2827
-1694
-2130
-3723
-3632
-1496
-573
-2046
-2934
-1738
-1007
-1695
-1299
382
655
-888
-1826
-1126
80
869
924
192
-833
-1154
-609
179
797
739
-203
-1144
-872
204
612
208
7
173
201
185
463
867
1056
1114
1192
1450
1801
1864
1739
2134
3056
3256
2758
2534
2766
3113
3387
3687
3344
2434
2031
2642
3000
1239
-1285
-996
2093
2563
-1445
-4176
-2812
-2286
-4628
-4328
-674
-862
-6311
-9426
-6970
-4032
-3522
-3468
-3544
-5168
-6644
-5564
-3066
-1345
-763
-1160
-2270
-2462
-811
995
1542
1841
2526
2501
1793
2008
3415
4557
4845
5015
5172
4757
4071
3925
4622
5619
5959
5072
3467
2333
2325
2962
3263
2922
1912
359
-1037
-1340
-687
-394
-1151
-2378
-3046
-3135
-3289
-3522
-3334
-3078
-3864
-4832
-4158
-2447
-2104
-3444
-4070
-3197
-2437
-2201
-1496
-619
-702
-1573
-1984
-1185
172
922
676
-30
-345
-31
550
1174
1581
1289
457
-41
332
1166
1576
1328
830
471
362
421
687
1077
1254
1054
891
1068
1409
1775
2038
2291
2454
2497
2477
2506
3029
3735
3858
3367
2993
2817
2708
3044
2797
836
-620
1364
3636
1034
-3471
-3494
-1192
-2415
-4464
-2524
-753
-4481
-9087
-8246
-4743
-3776
-4723
-5180
-5941
-7172
-6880
-4898
-2938
-2021
-2261
-3386
-3878
-2396
-185
842
1106
1690
1885
1363
1536
3013
4492
5036
5145
5056
4665
4448
5032
5959
6418
6307
5692
4821
4129
4080
4401
4421
3924
3002
1803
693
315
594
599
-364
-1744
-2667
-2982
-3089
-3219
-3257
-3330
-4153
-5794
-6237
-4549
-2940
-3551
-5064
-5188
-4569
-4437
-3886
-2126
-1103
-2035
-3222
-3010
-1639
-239
647
706
103
-479
-316
659
2026
3004
2626
1253
533
1467
2683
2935
2639
2404
1949
1037
845
1765
2646
2321
1410
1063
1240
1386
1206
1322
1854
2222
1892
1195
1034
1645
2445
2732
2626
2502
2588
2532
2190
1465
679
1146
2832
3442
1099
-1701
-2030
-1157
-1319
-1422
-124
-592
-4522
-7883
-6865
-3893
-2988
-3831
-4982
-6562
-8241
-7856
-5159
-2768
-2656
-4230
-5602
-5519
-3744
-1576
-268
33
-132
-563
-730
562
2888
4460
4420
3945
3986
4289
4885
6130
7459
7680
6845
5912
5606
5913
6411
6629
6250
5283
3872
2485
1811
2125
2482
1751
13
-1718
-2649
-2815
-2722
-2892
-3450
-4214
-5000
-6024
-6966
-6363
-4415
-3596
-5002
-6649
-6544
-5430
-4473
-3291
-2154
-2451
-3911
-4509
-3359
-1309
353
781
36
-986
-1119
-3
1589
2777
3003
2165
1211
1203
2083
3027
3460
3370
2762
1880
1363
1830
2754
3030
2552
1873
1556
1442
1415
1620
2124
2350
1632
854
949
1725
2010
1575
1240
1324
1497
1580
2226
3384
3698
1187
-2357
-1536
4053
6942
2438
-2937
-2787
-677
-1393
-1296
2322
2771
-3887
-10088
-8213
-2445
-160
-1756
-4270
-6902
-9023
-8204
-4623
-1494
-1428
-4064
-7098
-7749
-5108
-1824
-476
-798
-1258
-1947
-2750
-1863
1272
4112
4255
2874
2275
2908
3797
4974
6824
8328
8005
6209
5028
5570
7052
7894
7519
6416
5185
3892
2876
2862
3625
3727
2035
-329
-1724
-1830
-1687
-1911
-2404
-3129
-4263
-6189
-7240
-5761
-3389
-3605
-6252
-7477
-6308
-5319
-5400
-4210
-2340
-2954
-5497
-5976
-3109
-292
111
-853
-1355
-1428
-1215
-88
1750
3011
2347
597
-257
874
2630
3293
2878
2223
1669
891
783
1860
3118
2925
1540
593
531
929
1318
1893
2042
1454
536
74
428
1127
1830
1871
1539
1106
853
974
1721
2998
3696
3218
1069
-1258
-492
4197
7281
3864
-1539
-2198
293
262
-171
2441
3304
-2116
-7889
-6438
-1279
482
-1503
-3637
-5569
-7395
-6821
-3759
-1238
-1735
-4315
-6749
-6862
-4258
-1294
-417
-1407
-2292
-2701
-2515
-946
1730
3244
2610
1683
1903
2957
3996
5288
6538
6880
6100
5121
5036
5958
7217
7565
6718
5365
4338
3678
3482
3908
4264
3322
1007
-915
-1427
-1028
-1008
-1626
-2603
-4020
-5767
-6755
-5814
-4226
-4130
-5831
-7343
-7487
-6887
-5916
-4543
-3481
-3985
-5470
-5965
-4381
-1956
-630
-838
-1654
-1906
-1302
-5
1388
2199
1886
856
456
1247
2489
3049
2910
2516
2070
1542
1305
1863
2716
2918
2058
950
487
785
1290
1564
1500
863
-116
-623
-32
1037
1537
1110
397
96
269
752
1426
2062
2157
1779
1624
2330
2411
566
-495
2338
5896
4074
-1048
-2074
1100
1603
-661
475
3331
859
-5367
-6576
-2015
921
-606
-2955
-4250
-5741
-6414
-4835
-2459
-1705
-3088
-5324
-6478
-5059
-2241
-740
-1216
-1677
-1383
-1382
-1318
258
2801
3813
2898
2090
2633
3705
4517
5430
6441
6602
5662
4798
5090
6158
6696
6240
5283
4520
3837
3179
2898
3084
3084
2043
285
-1213
-1453
-979
-951
-2052
-3324
-3686
-4300
-5473
-5630
-3897
-3224
-5464
-7808
-7120
-4906
-4601
-5120
-4730
-4225
-5054
-5795
-4424
-2113
-999
-1544
-2000
-1860
-1348
-525
727
2058
2158
1110
213
982
2724
3787
3563
2603
1893
1434
1717
2819
3915
3573
1839
493
426
1320
1875
1711
976
183
-255
-403
-252
27
388
130
-424
-456
-13
299
302
663
1349
1799
1791
2061
1980
620
-127
2281
6046
5581
829
-1737
661
2696
1347
940
3025
2457
-2884
-6327
-3393
988
902
-2194
-4240
-5268
-6072
-5500
-2909
-966
-2053
-4987
-6821
-5852
-3151
-747
-233
-1040
-1979
-2485
-2079
-211
2781
4468
3538
1410
965
2831
5103
6251
6219
5739
4788
3977
4248
5669
6762
6153
4566
3333
2906
2704
2607
2695
2588
1524
-400
-1628
-1387
-629
-905
-2142
-3205
-3894
-4686
-5064
-3937
-2528
-3216
-5846
-7318
-6047
-4117
-3565
-3852
-3910
-4441
-5537
-5512
-3514
-1206
-801
-2035
-2965
-2591
-1518
-307
930
1655
1198
32
-166
1180
2752
3138
2597
2067
1685
1461
1719
2576
3111
2512
1282
500
643
1155
1433
1109
454
-63
-374
-440
-227
258
444
124
-352
-385
164
743
1117
1149
1279
1637
1993
2267
2911
3555
2532
587
1041
4725
6599
3367
-499
-42
2112
1385
162
1990
3364
-629
-6006
-5484
-585
1305
-1419
-3866
-4311
-5067
-5991
-4236
-705
-108
-3373
-6209
-5294
-2520
-861
-467
-215
-412
-1667
-2410
-870
2061
3527
2641
1117
813
1723
2763
3643
4430
4725
3831
2364
1992
3301
4711
4602
3377
2415
2063
1677
1441
1898
2473
1786
-56
-1413
-1249
-320
-72
-837
-1981
-2900
-3372
-3124
-2298
-1801
-2528
-4032
-4744
-4010
-2816
-2371
-2716
-3247
-3616
-3829
-3486
-2301
-1095
-1012
-1955
-2559
-2069
-947
-3
438
407
49
-192
-91
397
1225
1860
1669
751
156
528
1325
1658
1397
1017
671
377
226
455
833
864
471
-3
-133
123
499
613
375
130
297
727
948
1011
1310
1646
1515
1236
1614
2494
2975
2900
2657
1934
988
1694
4013
4970
2820
293
313
1311
1109
885
1981
2059
-751
-3803
-3393
-609
388
-1168
-2782
-3251
-3762
-4346
-3550
-1429
-604
-2489
-4648
-4389
-2340
-1020
-910
-934
-930
-1550
-2095
-1110
786
1695
1074
320
490
1165
1623
1911
2449
3009
3004
2450
2101
2419
3075
3378
3189
2903
2503
1844
1299
1510
2054
1823
629
-453
-577
-444
-762
-1478
-1929
-1917
-2027
-2592
-3148
-3146
-3077
-3253
-3440
-3242
-2981
-3261
-3816
-3755
-2840
-2191
-2284
-2572
-2516
-2135
-1820
-1650
-1215
-579
-505
-946
-1099
-864
-384
85
252
670
461
-1011
-1625
-361
1083
1160
-207
-1320
-396
236
-1081
-1115
564
1087
103
-1095
-838
431
744
644
834
919
1221
1546
823
559
2007
2818
2318
1844
2037
2430
2231
2148
2675
3157
2974
2543
2436
2211
1839
1890
2515
3124
2738
1326
461
645
798
737
1025
1294
530
-1127
-2181
-1491
-443
-367
-914
-1410
-1530
-1786
-2006
-1583
-673
-373
-980
-1493
-1206
-508
-280
-388
-218
126
190
56
175
739
1137
875
503
743
1455
1773
1495
1176
1107
1121
1115
1251
1361
1134
622
230
148
-18
-277
-335
-249
-486
-1039
-1370
-1364
-1225
-1265
-1363
-1476
-1618
-1682
-1657
-1523
-1362
-1253
-1403
-1681
-1755
-1324
-771
-793
-1291
-1606
-1406
-1147
-1006
-896
-813
-1002
-1453
-1670
-1447
-1003
-996
-1381
-1635
-1706
-1658
-1649
-1534
-1356
-1470
-1698
-1584
-1150
-895
-912
-842
-450
-79
-113
-126
349
927
1156
1199
1328
1610
1693
1682
1865
2197
2438
2299
2057
1890
1961
2160
2240
2188
1942
1695
1618
1699
1788
1734
1606
1423
1252
1228
1250
1246
1277
1301
1073
819
870
1095
1160
977
833
709
556
570
865
1017
672
232
190
344
340
454
581
401
-62
-366
-190
256
608
545
207
-235
-375
-102
210
391
232
-159
-440
-351
-194
-254
-277
-276
-478
-826
-999
-958
-813
-879
-1172
-1311
-1322
-1478
-1731
-1758
-1563
-1269
-1292
-1677
-1907
-1767
-1415
-1349
-1388
-1227
-1063
-1234
-1400
-1014
-668
-742
-845
-755
-650
-635
-596
-520
-492
-532
-629
-699
-686
-674
-725
-884
-891
-828
-1007
-1345
-1521
-1310
-1138
-1289
-1565
-1667
-1523
-1392
-1375
-1387
-1293
-1069
-908
-915
-876
-575
-175
-11
-55
-42
168
443
706
1068
1184
982
904
1170
1565
1712
1706
1678
1629
1428
1322
1595
1896
1888
1425
927
860
1093
1232
1228
1213
1033
638
222
294
961
1455
1188
610
307
427
894
1334
1613
1619
1238
824
927
1531
2008
2012
1600
1315
1365
1432
1508
1638
1761
1621
1231
997
1109
1264
1062
757
754
806
445
-30
-56
223
225
-165
-460
-493
-603
-914
-950
-611
-472
-846
-1318
-1259
-861
-754
-982
-1016
-765
-805
-1204
-1264
-668
-113
-332
-917
-1034
-700
-537
-507
-288
-132
-292
-644
-719
-360
-50
-170
-415
-547
-658
-736
-685
-500
-591
-1067
-1578
-1724
-1515
-1309
-1380
-1732
-1997
-2088
-2009
-1866
-1796
-1743
-1740
-1805
-1941
-1873
-1437
-902
-649
-767
-845
-762
-568
-178
319
650
633
457
388
611
938
1148
1219
1156
984
888
966
1062
1200
1184
988
638
354
381
543
698
678
505
122
-127
7
356
623
535
382
280
353
478
603
829
1060
1091
850
749
870
1247
1562
1565
1475
1434
1410
1365
1505
1659
1755
1753
1603
1398
1190
1207
1392
1476
1218
856
740
833
923
778
592
443
239
32
26
152
188
97
-165
-380
-521
-543
-430
-283
-297
-510
-716
-839
-824
-703
-458
-428
-699
-875
-686
-385
-389
-492
-409
-287
-446
-582
-361
-58
-55
-343
-571
-636
-653
-640
-584
-634
-905
-1312
-1511
-1387
-1183
-1131
-1369
-1702
-1899
-1870
-1735
-1541
-1396
-1501
-1647
-1641
-1402
-1100
-962
-953
-874
-609
-328
-227
-279
-139
164
374
368
392
552
545
367
289
539
699
446
47
6
229
187
-122
-378
-345
-409
-666
-787
-576
-405
-739
-1147
-1160
-884
-740
-743
-765
-793
-845
-827
-612
-370
-318
-334
-223
-88
83
214
350
584
794
844
855
1106
1416
1504
1449
1496
1702
1827
1727
1749
1972
2093
2026
1868
1784
1934
2108
2053
1960
1879
1798
1681
1553
1578
1655
1517
1290
1200
1154
1119
1091
1046
920
803
735
670
674
679
540
286
307
586
522
94
-61
309
509
147
-46
9
-216
-482
-485
-417
-418
-648
-906
-987
-1077
-1122
-1296
-1499
-1469
-1352
-1417
-1549
-1511
-1582
-1787
-1878
-1679
-1413
-1363
-1431
-1353
-1286
-1377
-1270
-905
-532
-409
-521
-490
-216
32
163
159
170
318
589
702
520
463
619
681
522
439
549
585
308
104
210
255
36
-238
-320
-336
-341
-432
-522
-638
-845
-1053
-1195
-1200
-1247
-1307
-1373
-1466
-1634
-1811
-1809
-1594
-1393
-1464
-1585
-1541
-1424
-1312
-1141
-918
-762
-752
-787
-618
-288
-18
72
97
261
479
637
690
736
851
977
1125
1209
1191
1129
1221
1351
1403
1383
1281
1248
1287
1416
1524
1490
1338
1350
1550
1515
1325
1412
1735
1765
1497
1500
1759
1727
1423
1393
1687
1764
1450
1197
1252
1352
1272
1051
868
767
646
466
270
213
192
-24
-404
-655
-661
-645
-816
-1033
-1029
-1097
-1344
-1535
-1505
-1281
-1177
-1318
-1515
-1540
-1415
-1198
-940
-838
-879
-1007
-1024
-774
-444
-230
-188
-223
-227
-136
-43
130
361
470
386
227
258
416
509
443
411
377
251
85
4
149
240
50
-335
-579
-544
-351
-271
-456
-750
-950
-1033
-1065
-989
-884
-958
-1335
-1631
-1544
-1228
-1044
-1188
-1408
-1512
-1478
-1367
-1242
-1074
-986
-1071
-1199
-1170
-906
-662
-617
-698
-629
-449
-390
-411
-380
-184
-18
-48
-91
6
92
142
244
422
525
477
445
532
754
986
1136
1144
1046
935
995
1290
1580
1652
1502
1357
1376
1509
1636
1725
1752
1660
1518
1523
1568
1556
1477
1349
1232
1088
1021
951
806
661
548
364
160
48
73
57
-158
-319
-383
-448
-557
-556
-447
-471
-677
-856
-729
-490
-411
-480
-462
-325
-276
-328
-237
76
251
236
300
471
521
515
746
1079
1197
1046
967
1126
1289
1334
1337
1411
1410
1216
1015
989
1113
1170
1013
730
472
306
258
244
142
-97
-316
-422
-554
-739
-877
-824
-790
-1020
-1324
-1364
-1210
-1122
-1160
-1310
-1404
-1483
-1503
-1372
-1202
-1156
-1347
-1621
-1728
-1574
-1303
-1168
-1296
-1488
-1557
-1476
-1334
-1265
-1252
-1258
-1299
-1370
-1368
-1222
-1014
-868
-881
-944
-935
-841
-683
-460
-215
-67
-21
25
128
282
479
747
1003
1080
1029
1074
1288
1500
1586
1624
1603
1520
1466
1518
1631
1698
1638
1399
1110
1003
1112
1162
1029
759
468
321
245
153
41
-63
-220
-441
-682
-749
-556
-459
-622
-898
-975
-806
-660
-601
-488
-365
-337
-352
-306
-98
151
280
343
418
474
567
704
886
1059
1057
959
945
1036
1147
1228
1258
1229
1089
943
906
884
836
795
765
634
410
241
222
197
86
3
-107
-243
-326
-336
-322
-382
-503
-526
-451
-446
-505
-455
-333
-299
-346
-361
-238
-154
-220
-236
-138
-30
-44
-125
-124
-101
-213
-366
-394
-315
-291
-419
-610
-775
-868
-884
-878
-931
-1037
-1167
-1290
-1321
-1271
-1263
-1321
-1354
-1353
-1343
-1338
-1305
-1194
-1067
-992
-932
-862
-774
-650
-491
-328
-160
-14
36
47
118
285
424
459
491
596
672
611
494
459
519
574
628
619
538
427
290
225
262
346
351
235
62
6
100
161
121
33
-15
-8
34
148
284
306
217
191
307
467
582
659
740
756
693
745
936
1063
1029
1019
1110
1095
949
899
1051
1213
1133
897
737
680
605
504
456
439
325
118
1
-18
-93
-210
-274
-276
-276
-352
-405
-399
-427
-465
-436
-363
-304
-190
-51
41
87
133
223
317
443
662
838
768
614
653
875
1000
921
807
709
552
372
311
373
386
181
-152
-390
-465
-494
-530
-577
-726
-1008
-1222
-1218
-1108
-1082
-1192
-1331
-1409
-1378
-1290
-1200
-1145
-1092
-1042
-1052
-1038
-913
-709
-548
-475
-446
-351
-252
-196
-126
-4
112
110
85
94
125
124
68
46
54
-7
-82
-116
-146
-168
-197
-218
-260
-331
-314
-210
-195
-311
-349
-236
-171
-212
-209
-87
0
-21
-5
149
314
351
332
381
517
612
726
854
866
820
784
851
957
989
921
796
642
521
522
566
527
321
75
-51
-72
-157
-313
-408
-426
-470
-617
-779
-851
-791
-751
-761
-724
-677
-687
-731
-680
-499
-270
-182
-221
-175
7
284
519
602
619
698
788
880
996
1095
1187
1182
1126
1123
1159
1156
1078
965
876
819
711
584
488
395
269
122
0
-100
-224
-355
-414
-377
-410
-554
-695
-758
-767
-762
-702
-630
-600
-660
-759
-768
-696
-609
-505
-410
-333
-298
-330
-307
-218
-90
-23
-38
-63
-45
-11
-3
50
89
35
-83
-146
-138
-107
-121
-177
-205
-262
-350
-420
-399
-322
-303
-376
-474
-475
-373
-261
-226
-257
-307
-321
-254
-117
31
111
113
136
226
341
417
502
640
739
741
718
779
881
885
773
648
592
579
556
504
392
205
2
-101
-97
-113
-225
-370
-454
-505
-546
-585
-578
-541
-558
-609
-610
-520
-418
-357
-300
-199
-62
36
131
314
506
595
632
751
937
1039
1004
1006
1150
1286
1261
1106
1037
1047
965
811
713
706
682
517
323
257
264
191
39
-70
-106
-143
-279
-369
-358
-373
-478
-608
-633
-632
-663
-674
-561
-406
-403
-549
-645
-526
-300
-144
-122
-133
-165
-217
-183
-57
71
80
-16
-111
-132
-123
-96
-30
-20
-115
-279
-376
-366
-361
-374
-399
-431
-529
-668
-722
-642
-564
-614
-678
-694
-698
-696
-616
-471
-348
-326
-342
-273
-151
-1
130
216
275
354
405
462
580
687
725
674
631
626
662
659
609
546
442
321
220
180
119
-13
-160
-237
-262
-343
-485
-621
-678
-686
-774
-894
-924
-863
-792
-784
-778
-731
-694
-676
-552
-299
-104
-56
-58
44
249
387
441
524
599
597
611
705
837
885
793
688
687
737
738
697
655
621
528
403
359
395
390
273
126
35
-21
-62
-52
-29
-90
-248
-367
-337
-228
-164
-160
-209
-292
-315
-231
-106
-60
-100
-165
-159
-95
-73
-85
-63
-20
-9
-48
-107
-118
-102
-102
-111
-111
-138
-196
-219
-206
-207
-248
-310
-361
-354
-313
-330
-393
-443
-450
-421
-405
-412
-379
-315
-324
-352
-302
-170
-38
-39
-88
-28
72
92
133
279
393
374
269
270
387
433
388
379
443
453
367
300
361
441
405
259
164
189
222
207
154
129
68
-47
-129
-137
-85
-50
-53
-96
-187
-252
-195
-66
17
-4
-45
-36
-22
-18
22
141
227
191
98
85
183
278
282
233
209
245
292
271
236
259
295
276
239
271
316
253
168
166
211
195
106
81
89
56
28
67
95
19
-121
-191
-125
-40
-54
-141
-158
-127
-131
-139
-120
-61
-29
-60
-103
-76
4
26
-17
-36
2
9
-54
-111
-71
14
33
3
-9
-28
-69
-100
-75
-2
-5
-77
-141
-162
-122
-104
-143
-209
-253
-242
-197
-165
-176
-197
-206
-173
-139
-137
-112
-65
-27
-13
15
76
146
140
90
124
175
157
130
150
158
140
112
103
131
111
92
104
116
96
74
79
78
77
51
38
12
-49
-57
-23
15
15
-16
-31
6
52
74
131
183
173
156
167
228
317
403
432
371
300
280
337
379
394
375
308
246
195
172
136
69
0
-79
-176
-268
-321
-342
-403
-506
-605
-708
-798
-871
-900
-878
-858
-904
-971
-1006
-991
-931
-856
-771
-715
-667
-615
-524
-397
-273
-169
-113
-80
-39
70
206
329
394
393
387
397
444
512
569
551
487
445
450
469
443
417
394
327
228
183
241
305
299
215
139
126
146
205
262
308
317
291
266
307
396
465
491
444
409
411
436
473
513
508
419
283
201
183
153
98
38
-5
-75
-212
-348
-380
-359
-390
-490
-597
-623
-590
-579
-546
-478
-465
-493
-526
-457
-307
-165
-98
-66
-18
27
119
240
401
512
550
578
626
696
770
841
842
786
733
722
721
691
610
512
413
326
272
212
123
-6
-153
-290
-403
-478
-549
-650
-779
-905
-992
-1038
-1048
-1062
-1095
-1151
-1182
-1131
-1079
-1051
-1031
-981
-906
-845
-772
-658
-509
-398
-329
-243
-108
35
120
183
274
371
433
461
502
549
560
555
518
510
548
560
534
493
462
453
431
362
318
293
244
186
147
142
119
62
18
11
23
37
54
55
27
0
24
90
107
76
31
0
5
32
47
16
-7
-26
-38
-71
-128
-158
-178
-222
-295
-345
-403
-443
-472
-507
-509
-505
-513
-553
-558
-520
-478
-419
-385
-342
-283
-234
-156
-37
82
183
263
336
434
565
722
874
973
1007
1050
1139
1222
1278
1293
1275
1237
1200
1159
1124
1089
1008
884
729
618
555
450
289
106
-58
-219
-378
-505
-620
-745
-898
-1042
-1118
-1153
-1201
-1259
-1309
-1341
-1351
-1369
-1365
-1294
-1199
-1114
-1064
-1034
-975
-870
-754
-631
-539
-455
-371
-325
-258
-169
-70
-5
29
88
152
182
164
192
251
273
272
270
266
245
209
168
172
209
217
167
103
73
83
76
51
55
65
47
18
17
16
12
22
13
-11
-35
-32
-13
-16
-37
-50
-60
-74
-74
-69
-70
-111
-157
-153
-164
-199
-225
-216
-199
-213
-243
-288
-298
-303
-302
-301
-306
-292
-290
-290
-283
-224
-147
-86
-37
19
110
243
382
464
539
645
763
849
937
1049
1180
1279
1319
1378
1462
1526
1550
1541
1531
1554
1548
1494
1412
1333
1252
1134
994
843
690
545
405
260
105
-72
-245
-384
-469
-554
-673
-799
-901
-961
-1011
-1064
-1120
-1174
-1187
-1158
-1143
-1102
-998
-912
-880
-826
-757
-668
-591
-555
-502
-458
-390
-331
-298
-252
-200
-190
-194
-192
-193
-178
-165
-140
-164
-211
-215
-205
-249
-361
-462
-544
-517
-444
-469
-433
-416
-417
-395
-384
-346
-337
-281
-219
-145
-157
-176
-97
-17
61
105
117
68
131
155
150
217
180
160
106
50
11
13
10
-3
-55
-174
-187
-271
-306
-287
-313
-275
-350
-463
-529
-503
-459
-445
-417
-441
-409
-354
-182
68
245
373
476
481
515
675
713
805
894
1045
1255
1378
1447
1452
1547
1581
1540
1439
1416
1449
1416
1330
1244
1130
1064
905
638
576
439
313
91
-83
-191
-229
-326
-503
-678
-823
-792
-1071
-1057
-976
-910
-939
-939
-958
-1066
-1652
-2578
-1407
1572
1814
-1123
-1626
-687
-974
-3091
-4080
859
5471
2667
-2625
-4621
-533
3669
414
-2231
1686
4553
438
-2547
-2112
161
1807
1459
644
-206
1121
1485
1666
-1013
-1887
1067
736
-5
374
936
2099
648
-2313
-897
1124
176
-198
654
86
341
-322
-2186
-1276
404
58
-755
-1003
-744
112
-481
-1449
-1827
-2502
-940
2381
-944
-2060
591
-50
-1453
-2861
71
-134
-465
-406
-1021
1005
-1187
-951
-481
-987
58
-172
1063
81
-434
-366
3
195
-878
1548
879
971
-6
176
2268
-1388
-200
2254
1679
-527
713
2110
531
1111
-1103
533
2751
-1013
1235
1575
-1085
2254
361
-1694
330
1288
449
108
476
-508
-150
-480
-1090
548
555
-1290
461
-98
-1075
151
-489
-401
-615
512
-86
-533
455
-463
677
-1343
-597
2626
-311
-2351
1106
1568
-1212
1153
-1303
672
2778
-2721
-473
1112
1797
1829
-3790
-487
4387
-526
-2023
-526
984
1203
-502
-1512
833
-11
-483
495
-2294
591
-554
268
501
-2586
-70
289
689
-1438
-1032
772
-182
165
-1823
-1307
1007
-8
-553
-1200
-671
1249
-389
-1962
238
460
-1580
246
-834
-1588
1465
-388
-1412
-452
-812
6
-307
-1354
491
-966
-1425
1048
-513
-1960
-339
2123
-474
-2542
126
1825
64
-792
-435
-447
1272
405
-504
244
-608
1844
1283
-3233
1039
2339
-845
247
509
490
295
171
280
281
-454
-358
992
373
-46
407
-356
-213
1161
103
-538
-31
379
730
-477
-1
-21
207
434
200
891
194
-209
215
902
475
-236
404
1704
-302
256
1237
544
1644
-1041
819
2211
-511
198
1421
655
457
459
246
1480
242
-94
-211
171
734
713
-416
-628
732
46
-174
-1289
1210
326
-476
-674
-1046
1343
-489
-490
-1389
100
440
-345
-316
-1728
1087
1029
-1166
-1030
-619
1326
748
-1358
-640
109
1306
-510
-1140
72
659
863
-1537
-732
322
573
270
-1248
-781
-637
569
-46
-1196
-559
-476
287
-1129
-339
-286
-961
759
-455
-894
-539
-17
543
-767
-1148
406
885
350
-387
-817
376
714
106
-417
-851
724
1748
-357
-1833
739
1991
-802
-884
1058
201
-436
1211
-130
-345
-597
199
2661
-2463
-215
2304
-1448
546
-294
-404
442
-165
824
-676
352
992
-497
531
135
250
238
1072
791
-469
1091
1460
627
97
526
1400
814
-706
1373
1436
78
705
324
444
594
719
466
378
-443
752
1815
-520
-1265
364
776
568
-280
-769
237
95
421
-506
-1453
-135
1423
-798
-1842
409
374
489
-1498
-1203
473
152
259
-584
-131
361
-459
-384
1124
-202
-243
830
-18
28
-365
164
-170
-429
802
570
-753
-741
152
814
-914
-809
249
-540
388
-732
-493
-148
-127
-284
-954
-184
-950
263
319
-1038
-614
-417
-772
-206
120
-1191
-762
-507
439
-209
-2062
-391
289
-658
-1271
-332
-517
149
-392
-1570
-905
-958
-387
-678
-601
-1450
-1021
-202
-189
-1234
-2146
-626
414
-451
-1832
-1207
275
374
-1366
-1304
-223
626
-218
-751
-377
440
235
-882
201
-74
1029
189
-396
904
-154
327
1138
1234
-472
242
1710
670
740
-30
1602
811
144
1158
353
1699
47
696
1071
616
903
449
1090
-68
342
865
461
-332
904
873
-50
287
388
477
-77
150
345
746
-305
207
440
-17
-8
-267
708
511
-310
-398
897
678
-300
16
14
71
752
699
400
-423
179
1526
-214
-441
520
595
293
-162
150
18
516
384
-435
-254
69
718
-18
-601
-466
36
377
-140
137
-834
-644
346
-87
-174
-722
-135
480
-371
-296
-262
-472
-494
-333
-602
-545
110
-172
-23
-1112
-1236
114
252
-731
-1324
-313
-374
-116
-516
-931
-427
-992
-707
-219
-820
-563
56
-698
-425
-680
-1061
462
-606
-611
493
-566
371
-502
6
643
-595
97
-119
989
219
88
618
425
490
253
383
251
913
220
737
67
133
474
733
704
-248
1316
244
457
881
-155
61
487
716
693
-94
191
848
147
339
72
390
447
538
106
308
746
110
269
-30
343
1101
734
70
486
253
701
575
-339
368
712
538
479
502
-107
598
677
-347
38
63
729
958
-225
-513
-59
194
165
239
-210
-245
-104
70
757
-502
-1282
-102
462
4
-912
-381
322
-409
-456
-473
-419
-252
-192
-435
-962
-363
55
-39
-853
-1031
-348
-626
-347
-245
-883
-693
-792
-14
-693
-1537
-431
-390
-503
-1115
-254
-675
-503
-424
-700
7
-1122
-397
-398
1
118
-323
-914
-271
420
-388
399
-299
235
275
-644
-148
228
326
191
-256
-536
593
785
-413
-675
101
306
126
-254
115
183
-526
-134
346
-207
-865
-57
321
6
-262
-233
167
2
-178
281
-165
-461
686
186
-106
-145
-160
647
283
-161
-493
374
762
19
-20
43
755
175
11
386
370
472
471
770
73
584
492
557
650
172
381
578
1094
519
140
219
1114
749
-9
396
599
552
544
412
479
867
413
388
436
663
511
837
528
372
761
446
468
298
705
187
422
496
580
239
-113
741
210
196
265
284
305
90
-66
193
-226
-322
92
-181
-299
-636
-372
-215
-584
-979
-399
-438
-837
-722
-574
-507
-774
-733
-889
-260
-457
-884
-679
-639
-399
-437
-473
-396
-377
-308
-221
-391
-490
-415
241
-286
-525
-90
-84
-19
-357
-303
-324
53
-169
126
-288
-579
140
-441
-205
-88
-204
-374
-405
-241
-94
-267
-207
-267
-421
133
-294
-368
-218
39
202
-5
-238
-168
534
330
-203
18
312
129
128
211
536
372
158
540
481
305
204
372
393
373
313
425
97
196
605
237
161
-278
120
142
312
418
-247
242
333
278
-135
141
332
189
447
16
237
360
359
205
45
440
465
337
144
248
411
63
137
160
122
465
179
-11
273
134
106
50
1
264
105
197
-41
-224
196
22
-149
-21
-182
-321
-164
-204
-181
-347
-222
-90
-207
-155
-352
-264
-175
150
-6
-313
-120
-224
122
9
-633
-386
-165
-207
-181
-535
-311
-261
-368
-435
-842
-237
-238
-412
-28
-196
-220
-312
-268
-191
-3
-48
-287
-280
-209
62
-239
-338
-372
-20
-128
-227
-82
-410
155
108
3
-228
193
446
-39
151
101
195
269
-74
28
164
52
304
14
-118
-203
184
102
-127
-169
-241
351
-26
89
104
142
148
-52
35
-13
250
17
-19
133
105
106
35
-210
54
149
26
324
14
-116
154
484
233
225
255
89
425
226
457
131
281
633
199
340
245
495
343
66
72
199
402
408
131
101
382
357
264
9
246
149
371
409
122
161
215
362
86
215
-37
37
156
124
99
-23
248
-193
157
-7
-177
131
-269
283
-59
49
217
65
245
-141
139
103
111
-74
201
180
66
94
31
28
-262
45
-317
-81
-57
-176
-239
-411
-287
-238
-234
-335
-153
-319
67
-175
-321
-187
-207
-191
-341
-92
-158
-27
-204
-332
-334
-153
-199
-337
-322
-329
-222
-244
-203
-321
86
-86
197
36
-170
56
-65
240
-170
60
-116
287
15
-248
100
-236
65
-371
-184
-179
-225
-198
-258
-210
-110
-64
-53
-45
-205
229
-47
13
56
-52
166
50
135
-107
-31
200
-285
-128
-72
-59
-79
-9
7
-297
265
-58
47
-36
-78
310
326
150
-29
366
156
244
-7
151
163
302
310
-1
273
51
172
12
-64
10
253
226
248
109
305
439
220
468
13
423
371
413
360
154
369
-25
302
70
7
168
-80
-180
-91
-87
-113
-160
-293
22
-10
124
-57
-150
62
56
150
0
141
40
101
-95
-126
-163
-439
-226
-430
-296
-428
-422
-213
-319
-304
-296
-67
-7
-160
-146
-104
-7
143
13
-118
-120
-34
-119
-151
-85
-257
-439
-376
-263
-247
-323
-367
-357
-295
-224
-347
-340
-181
-72
-73
-26
-26
13
-2
11
-75
-51
-37
-70
-8
-45
-35
-135
19
-242
-84
-202
-58
286
77
294
62
331
131
305
364
283
447
78
212
245
372
174
176
148
241
195
298
99
15
360
167
363
57
318
128
308
335
199
480
128
375
235
591
121
146
274
9
116
-60
302
84
222
43
45
-67
-34
78
-205
-93
-166
59
-40
-31
-175
-27
38
-119
-107
-30
129
-4
-58
-197
104
-32
-38
-19
-40
197
-31
-150
-95
93
-31
-78
-89
130
27
54
266
-209
-12
-26
4
6
-120
-16
-183
-65
-176
-48
-117
-114
-83
-274
-153
-297
-239
-235
-126
-192
-311
-161
-78
-149
-173
-156
-58
28
27
118
-211
-20
-55
-71
23
-116
0
-160
40
-30
-79
-95
-142
-12
-49
102
-15
62
30
-24
80
-48
18
99
180
33
223
83
15
223
71
100
70
285
111
99
-82
-55
93
8
252
-10
65
109
231
-21
-10
295
49
209
216
361
244
218
31
21
359
49
-31
-13
91
60
-38
-172
-146
-40
71
-109
-188
1
16
140
-147
33
120
175
108
-79
-13
60
151
-180
-111
-185
11
-53
-186
-184
-280
-40
-292
-11
-69
-27
-88
-196
-19
-77
126
-111
79
-112
-21
112
-41
-65
-126
66
-157
34
-73
-201
-98
-120
-106
-66
-238
-151
2
-88
71
-27
5
-144
-26
-86
-122
76
-48
-66
-111
-10
-112
20
-112
-212
-24
-3
55
-173
-92
-99
-62
48
-170
-88
-83
-34
15
44
121
-120
64
66
102
79
-68
150
1
169
51
67
230
123
42
-71
181
283
148
42
100
146
271
118
266
200
128
304
81
88
133
207
15
118
29
58
214
161
-3
55
340
52
197
136
137
131
80
105
46
71
27
145
-47
76
6
-21
-41
-86
73
-213
-81
-15
-31
-113
-87
72
-73
-49
-57
-16
19
41
39
-9
-140
-137
-101
66
-26
-161
22
-78
-2
-96
-27
-150
-169
-4
-115
-57
-32
33
-106
11
-77
-124
-52
-113
-44
-151
-131
-161
-114
-249
-257
-110
-119
-70
-153
-189
-191
-113
-174
-114
-63
-71
12
-50
29
-25
0
-58
-59
60
0
29
-70
-118
-58
36
-91
-159
-88
-24
-42
-32
19
-96
31
-50
112
63
121
149
-71
220
-21
79
37
97
136
-27
60
-60
128
-19
34
3
125
164
58
204
41
286
153
139
206
189
312
126
119
-19
91
204
113
-28
16
85
13
58
-3
18
-12
138
65
63
21
45
204
-44
14
-42
67
154
-96
-171
-95
7
12
-191
-127
-13
-68
81
-42
-132
-136
89
-10
-215
-8
21
56
-94
-48
-95
-26
0
-108
-11
-15
26
-118
-98
-121
31
-6
15
-3
-25
-9
-121
124
-141
-8
-37
99
63
-125
20
-94
59
-51
47
-101
-64
-51
-56
-49
-180
-25
-46
95
-46
28
47
45
4
-133
38
-15
47
2
-45
-138
-2
-105
-125
84
-88
16
-55
123
2
70
85
-47
189
120
211
64
154
46
11
107
4
24
39
56
84
1
-178
25
-70
20
16
-80
69
60
14
-118
-14
12
119
127
-6
-14
67
65
-26
-15
-53
94
136
101
46
45
85
68
117
-51
70
126
22
-16
4
86
-17
-31
-156
-34
-21
-117
-135
-107
-43
-92
-48
-130
52
-45
-37
8
-87
42
63
34
16
205
203
137
7
72
37
79
137
62
53
5
79
-62
43
6
8
-126
-108
-75
-132
-28
-300
-171
-99
-104
-190
-209
-118
-117
-75
-71
-51
-56
72
-12
-7
76
26
93
61
27
145
109
65
118
158
58
-9
55
-1
12
-54
-75
-66
-78
-44
-147
-164
-141
-76
-77
-180
-86
11
-13
-99
-86
-74
21
72
-74
41
-5
25
0
-51
14
83
122
-119
22
42
40
-85
-131
4
-30
49
-69
-76
-57
24
65
-47
-74
28
-32
32
56
-129
18
78
142
-6
-5
132
120
158
67
185
141
220
208
96
182
186
242
154
96
19
60
-19
11
-41
-100
9
-190
-115
-96
-64
-101
14
36
-29
44
36
69
12
214
66
111
52
75
191
-13
80
-81
36
-27
-100
-48
-69
36
-97
-91
-101
-99
-37
-73
-119
-7
7
19
23
0
56
-34
16
10
53
80
119
102
-39
165
200
204
214
182
264
233
252
95
161
145
0
177
-6
-64
-87
-86
-105
-223
-187
-215
-129
-289
-210
-127
-139
-70
-103
-99
-119
55
50
39
30
48
110
100
105
11
-12
55
5
-142
-71
-105
-138
-76
-160
-150
-144
-72
-156
-305
-139
-91
-116
-176
-132
-43
-116
-60
-149
-171
6
55
-25
-76
95
137
93
129
160
277
337
313
199
248
377
292
180
142
119
120
101
11
-82
-79
33
-128
-171
-126
-133
-2
-81
-148
-138
-40
-45
-51
-37
-40
-3
30
40
-38
-36
-10
47
-44
-45
-56
-120
-55
-64
-77
-82
-99
-64
-10
-70
-1
-22
-50
-68
-119
-61
-123
-163
-232
-193
-206
-187
-146
-275
-217
-145
-75
-130
-98
10
32
71
96
159
111
211
157
136
184
167
172
30
81
58
107
16
-75
-27
4
36
-26
38
-23
59
45
37
101
96
109
33
74
112
167
108
105
37
119
170
34
4
-130
11
36
18
27
-21
87
100
60
-16
65
120
76
39
-2
52
100
-7
-113
-30
41
30
-58
-49
-41
-32
-23
37
49
11
160
81
105
93
98
116
54
105
48
103
-23
-122
-141
-125
-89
-176
-183
-241
-224
-165
-188
-212
-198
-179
-71
-55
-92
-54
-25
11
-33
26
50
50
72
44
41
2
30
11
10
-33
-30
4
-64
-63
-94
-67
-93
-102
-100
-138
-80
-69
-79
-137
-79
-101
-91
-24
-30
22
9
37
12
32
68
155
83
86
200
118
163
106
128
141
118
90
6
6
-16
-27
-65
-135
-188
-147
-121
-155
-199
-129
-120
-108
-9
-66
-57
9
111
74
57
146
182
229
212
234
211
312
324
238
283
266
273
188
168
150
14
26
-12
-36
-1
-48
-86
-126
-54
-70
-117
-143
-139
-46
-39
-20
-46
39
108
92
85
120
171
183
218
153
128
187
240
158
107
83
37
35
-43
-142
-194
-127
-116
-213
-289
-277
-236
-265
-289
-291
-268
-179
-113
-186
-165
-145
-102
-74
-102
-34
-24
72
28
-3
24
95
121
49
99
122
166
99
129
30
7
72
-26
-93
-170
-165
-213
-179
-264
-316
-283
-274
-300
-336
-255
-162
-140
-128
-41
-12
75
87
129
118
165
218
176
183
154
159
105
116
2
-19
-4
-96
-135
-130
-129
-161
-111
-150
-143
-125
-24
-2
22
104
144
169
122
173
159
189
192
151
138
193
200
119
86
98
176
159
179
140
183
241
220
222
153
201
190
157
89
95
84
-28
-22
-54
-79
-75
-76
-135
-110
-61
-1
-6
-16
78
95
72
97
224
202
186
167
162
164
143
87
16
-16
-109
-92
-155
-184
-235
-243
-229
-287
-305
-295
-237
-218
-143
-108
-63
-5
69
32
24
107
89
135
119
85
73
59
31
-4
-61
-99
-63
-107
-94
-107
-74
-54
-51
-30
-91
-55
-102
-100
-100
-58
-53
-110
-84
-140
-168
-170
-138
-190
-187
-147
-95
-60
-90
-8
15
74
112
122
168
195
208
158
173
171
155
75
-3
3
-28
-82
-191
-203
-185
-207
-199
-195
-186
-138
-111
-129
-74
5
75
124
136
142
209
236
220
194
149
152
130
128
84
43
0
9
18
-34
-13
-6
54
38
19
34
36
57
25
30
9
34
16
-15
4
-20
-36
-43
-74
-25
2
-19
18
62
108
110
140
173
210
227
204
188
167
142
119
60
-6
-6
-47
-111
-168
-184
-189
-216
-233
-241
-206
-150
-143
-125
-103
-76
11
67
110
118
159
201
191
199
173
158
132
107
59
61
56
-10
-42
-81
-83
-107
-80
-88
-138
-125
-102
-87
-138
-122
-109
-113
-108
-102
-123
-143
-117
-101
-81
-67
-30
-10
-7
13
60
75
111
125
124
136
146
141
81
64
41
25
-18
-34
-74
-87
-123
-179
-193
-211
-168
-226
-185
-183
-164
-130
-167
-112
-76
-42
-45
-23
-34
-54
-98
-76
-73
-97
-103
-145
-125
-110
-93
-129
-96
-133
-115
-104
-124
-69
-94
-77
-86
-22
-74
-82
-52
-63
-62
-86
-28
-62
-27
-6
34
44
62
101
106
137
109
155
185
235
209
163
173
198
180
152
143
84
105
96
87
29
28
32
18
37
29
71
92
152
159
172
169
199
223
221
241
221
240
214
243
186
150
169
149
139
106
104
71
65
36
42
48
48
44
13
37
41
9
-28
-11
0
14
23
4
-4
13
8
24
30
27
29
8
55
47
51
36
37
20
23
22
-38
-32
-22
-15
-80
-68
-73
-103
-119
-160
-187
-183
-163
-226
-228
-212
-164
-196
-200
-159
-202
-195
-211
-226
-245
-199
-194
-199
-179
-176
-185
-202
-169
-180
-114
-109
-84
-78
-97
-68
-119
-96
-140
-136
-134
-138
-124
-121
-102
-133
-85
-100
-86
-77
-37
-10
-26
38
32
91
100
127
178
171
194
184
184
194
243
250
208
203
199
178
171
142
130
142
147
127
109
121
115
146
110
118
150
172
188
166
195
175
192
183
172
159
134
173
146
139
163
178
169
153
188
197
211
241
236
208
204
214
179
167
132
100
70
54
54
-15
-39
-36
-53
-105
-108
-108
-145
-114
-88
-103
-105
-69
-93
-86
-57
-73
-64
-95
-104
-93
-90
-136
-207
-226
-244
-247
-278
-305
-315
-326
-325
-345
-323
-273
-257
-255
-242
-221
-206
-187
-174
-188
-180
-160
-149
-171
-198
-144
-166
-196
-173
-183
-160
-172
-159
-160
-148
-112
-118
-111
-110
-74
-71
-65
-47
-59
-53
-69
-49
-60
-54
-15
-11
5
-6
20
23
46
70
66
90
100
142
152
185
178
183
204
162
157
151
167
137
133
133
99
104
91
82
49
40
7
4
21
5
18
7
58
53
40
82
86
103
104
124
114
94
106
89
76
76
88
74
49
65
65
62
88
87
54
46
80
94
78
73
82
90
74
79
93
85
71
55
76
73
71
73
88
69
60
93
68
85
71
80
81
87
106
87
112
79
76
45
24
2
-39
-39
-54
-48
-83
-90
-89
-89
-98
-98
-63
-83
-80
-65
-60
-37
-52
-27
-28
-38
-17
-20
-12
-44
-15
-51
-64
-40
-70
-63
-96
-82
-123
-116
-129
-154
-152
-182
-137
-173
-148
-139
-144
-119
-126
-82
-85
-62
-29
-2
1
0
29
52
62
70
75
77
81
85
99
74
79
71
72
73
74
95
83
90
63
67
65
58
37
5
8
-2
3
-25
-34
-45
-63
-78
-75
-55
-78
-62
-58
-61
-27
2
9
3
-8
-8
5
20
45
55
50
28
33
29
27
0
-31
-32
-44
-51
-71
-50
-56
-33
-36
-53
-19
-14
12
15
33
31
32
24
21
43
19
20
-12
-35
-44
-56
-53
-73
-55
-16
8
24
9
16
10
-18
-16
-24
-10
1
18
33
32
19
5
11
0
-4
-12
-32
-32
-36
-59
-50
-28
-22
-9
-6
5
36
47
51
65
53
39
31
2
-5
-1
2
15
5
-3
6
-10
-42
-68
-77
-106
-132
-124
-130
-128
-110
-102
-84
-70
-63
-39
-17
-14
-27
-18
-13
-17
-34
-43
-44
-56
-58
-81
-77
-73
-46
-51
-41
0
1
30
27
52
73
85
89
86
97
113
111
76
64
45
45
17
-5
-20
0
24
20
41
67
105
116
135
136
144
152
147
148
167
188
189
177
153
145
125
137
111
91
102
101
96
82
100
81
106
106
109
137
135
128
100
104
93
103
91
76
71
44
39
13
14
17
2
-31
-32
-40
-69
-60
-51
-52
-58
-28
-13
0
0
-4
-13
-22
-23
-43
-45
-52
-48
-63
-64
-48
-84
-79
-89
-98
-86
-100
-88
-77
-51
-20
-20
-36
-34
-8
23
41
31
43
45
38
21
17
14
6
10
-17
-17
-28
-43
-47
-57
-49
-43
-35
-32
-23
-20
-22
3
7
-17
-23
-26
-30
-43
-58
-88
-122
-139
-170
-183
-193
-199
-191
-183
-158
-133
-108
-105
-81
-49
-7
31
33
52
67
77
53
45
34
31
26
-33
-43
-52
-75
-96
-117
-120
-105
-76
-70
-78
-54
-27
11
36
39
55
84
90
82
90
82
101
80
75
75
56
48
26
34
19
40
41
54
74
80
103
110
135
146
164
176
204
210
199
199
188
172
158
145
108
103
74
63
39
8
3
-27
-40
-68
-56
-68
-67
-44
-53
-36
-34
-7
-14
-13
-16
-28
-34
-48
-45
-77
-102
-135
-160
-198
-240
-247
-248
-211
-188
-188
-169
-135
-96
-45
-6
33
94
119
123
116
103
91
48
5
-28
-56
-79
-106
-123
-142
-154
-158
-144
-138
-116
-71
-26
-11
-3
17
7
15
31
40
60
71
61
56
50
50
38
14
8
-3
-28
-44
-35
-49
-45
-30
-19
-10
7
24
22
43
52
57
71
77
78
111
135
121
122
107
77
56
43
43
15
16
21
18
35
41
63
71
92
106
121
154
188
220
234
259
270
278
260
243
221
209
209
182
155
118
90
58
53
25
13
11
27
71
84
125
137
152
162
154
155
164
156
131
113
72
55
12
-37
-79
-112
-139
-171
-194
-222
-222
-207
-180
-171
-149
-116
-89
-62
-57
-52
-58
-46
-34
-6
-5
-15
-30
-56
-58
-68
-74
-96
-91
-90
-83
-79
-95
-103
-122
-130
-123
-92
-62
-21
1
15
32
30
33
30
11
0
-15
-55
-87
-108
-137
-154
-175
-194
-205
-201
-190
-179
-158
-130
-99
-60
-37
-19
10
16
33
55
56
73
90
105
75
41
13
-33
-51
-85
-108
-117
-108
-77
-71
-49
-25
-13
-6
-11
