31
37
40
41
38
30
23
14
-2
-17
-28
-26
-39
-46
-41
-40
-27
-12
-18
-18
2
7
14
17
18
26
21
29
32
30
33
30
34
37
38
41
41
38
30
34
34
30
38
42
24
27
20
4
17
14
12
2
-4
-9
-3
0
2
7
7
19
12
10
9
16
23
19
23
17
18
13
11
12
18
29
36
30
17
13
15
18
18
13
0
18
32
18
0
-24
-40
-47
-38
-26
-9
-8
-17
-21
-32
-46
-57
-67
-66
-61
-56
-49
-52
-48
-30
-26
-36
-56
-64
-56
-54
-43
-31
-32
-37
-35
-30
-27
-39
-41
-43
-53
-51
-47
-39
-42
-33
-21
-24
-15
-19
-28
-32
-42
-42
-48
-60
-61
-57
-54
-37
-22
-6
5
9
4
-2
0
-7
-7
-11
-17
-17
-19
-1
9
14
26
30
46
51
50
64
64
61
34
14
15
14
8
12
4
-10
-10
-6
-3
0
11
7
2
-3
0
-10
-11
4
1
9
12
17
21
19
18
19
12
3
4
10
21
34
44
43
34
24
28
27
26
29
16
10
6
-3
0
-1
-2
3
-5
-18
-36
-36
-23
-17
-3
4
-3
-2
2
2
8
-1
-2
0
6
9
3
1
2
4
5
7
9
19
23
30
29
26
25
21
21
19
19
11
8
4
19
21
16
18
20
29
28
32
23
11
5
-3
-7
-8
0
11
5
2
2
-10
-21
-24
-23
-22
-29
-39
-39
-47
-50
-47
-38
-36
-39
-35
-23
-17
-14
2
2
1
0
4
-2
-18
-25
-20
-8
2
22
27
29
23
8
-2
-8
-16
-28
-31
-34
-41
-34
-38
-40
-34
-41
-37
-33
-32
-38
-34
-40
-51
-42
-30
-20
-14
4
11
13
5
-11
2
19
34
39
36
38
42
28
25
31
22
14
1
-15
-12
0
11
22
25
33
35
42
48
54
57
61
69
63
66
74
72
64
76
77
83
98
104
114
123
126
114
102
85
80
82
87
105
115
118
116
118
104
88
88
71
65
73
63
64
65
61
54
46
55
59
61
68
74
65
47
41
35
34
28
10
1
-9
-8
1
5
-5
-20
-27
-36
-39
-30
-24
-22
-13
-18
-18
-1
11
19
17
25
31
42
51
47
47
41
30
20
3
-21
-27
-37
-41
-41
-49
-53
-56
-65
-67
-59
-63
-71
-72
-71
-84
-85
-78
-67
-65
-75
-87
-102
-110
-112
-108
-110
-96
-77
-75
-88
-100
-105
-109
-111
-124
-130
-133
-133
-118
-112
-118
-145
-167
-183
-206
-209
-196
-178
-160
-152
-145
-149
-166
-182
-194
-180
-166
-157
-148
-139
-109
-95
-94
-88
-109
-130
-128
-143
-153
-151
-143
-128
-119
-123
-122
-127
-128
-121
-135
-137
-143
-150
-149
-149
-159
-159
-151
-149
-133
-134
-145
-133
-112
-103
-100
-98
-113
-133
-147
-168
-177
-166
-163
-152
-143
-128
-103
-93
-90
-86
-73
-73
-78
-80
-96
-106
-94
-81
-79
-79
-78
-72
-53
-40
-29
-27
-21
-14
-16
-19
-38
-55
-69
-61
-56
-58
-45
-38
-36
-21
-6
-15
-23
-40
-45
-40
-40
-32
-26
-14
-6
7
18
26
35
31
20
21
32
24
10
0
-11
-6
-6
-9
-6
-1
17
31
46
60
62
52
36
23
21
35
41
48
60
60
73
92
103
108
123
129
128
132
136
143
150
148
139
136
139
149
156
164
176
182
177
167
151
136
150
159
156
145
143
141
144
147
138
152
153
157
170
171
192
203
203
209
209
215
226
224
209
212
217
234
257
257
250
254
261
241
240
244
240
243
233
219
215
199
183
183
183
182
171
184
203
218
227
231
228
209
203
215
222
205
204
223
231
231
225
223
213
190
181
166
142
131
133
132
133
146
146
145
148
149
135
132
136
138
148
134
117
98
87
81
75
78
86
108
115
94
75
66
72
72
71
64
50
57
59
70
75
61
48
24
22
25
32
27
4
6
-3
-24
-29
-34
-48
-64
-79
-93
-89
-99
-113
-118
-116
-121
-113
-93
-96
-107
-103
-114
-137
-146
-163
-177
-184
-204
-217
-198
-171
-169
-159
-147
-157
-163
-155
-155
-156
-164
-168
-170
-184
-177
-174
-175
-172
-175
-174
-181
-184
-202
-217
-227
-224
-188
-167
-148
-138
-129
-122
-134
-137
-140
-139
-135
-119
-102
-102
-96
-96
-104
-99
-97
-84
-74
-68
-59
-63
-67
-71
-78
-77
-72
-71
-83
-95
-104
-110
-106
-112
-119
-131
-145
-150
-157
-165
-160
-162
-167
-151
-142
-142
-138
-129
-113
-112
-108
-100
-103
-99
-93
-82
-61
-32
-19
-13
-14
-29
-40
-48
-50
-45
-36
-40
-52
-66
-85
-82
-88
-96
-98
-109
-112
-119
-127
-132
-131
-130
-142
-136
-119
-109
-101
-99
-91
-97
-119
-116
-98
-93
-84
-64
-50
-47
-42
-31
-24
-16
-15
-24
-37
-37
-30
-35
-25
-26
-27
-24
-26
-17
-9
-6
-10
0
3
12
38
46
53
61
71
79
93
101
104
120
140
151
152
143
128
124
118
111
107
100
99
100
104
110
114
115
96
83
86
78
81
95
104
110
118
136
156
172
182
201
212
218
221
233
247
259
268
270
265
248
244
248
253
259
253
248
248
250
252
256
260
241
219
204
189
178
179
177
173
164
159
182
187
192
196
187
163
136
138
149
162
174
192
174
126
93
85
91
83
69
68
63
55
45
47
55
45
65
92
99
97
89
98
113
125
128
116
98
87
72
63
59
69
78
56
34
12
5
3
-7
2
12
-14
-42
-56
-54
-48
-48
-35
-55
-94
-123
-141
-129
-115
-105
-110
-147
-187
-195
-169
-153
-141
-146
-190
-239
-241
-202
-169
-145
-140
-138
-154
-165
-158
-136
-104
-77
-69
-87
-84
-98
-101
-82
-57
-38
-51
-58
-65
-62
-53
-40
-20
-23
-37
-30
-22
-41
-58
-58
-68
-83
-78
-83
-116
-135
-123
-106
-96
-75
-60
-82
-96
-88
-73
-67
-65
-53
-73
-167
-262
-239
-137
-117
-212
-279
-292
-355
-415
-361
-245
-261
-385
-454
-457
-458
-421
-301
-210
-246
-331
-346
-332
-296
-202
-116
-106
-136
-145
-167
-174
-87
30
60
16
1
-1
-34
-29
50
88
51
16
-14
-35
-24
17
21
-16
-15
0
-12
-38
-52
-69
-108
-126
-100
-73
-56
-49
-90
-142
-116
-44
-17
-1
34
46
-15
-80
-45
26
52
72
102
90
33
-26
-34
12
43
13
-36
-56
-79
-147
-166
-62
23
-32
-135
-129
-83
-95
-99
-43
-8
-47
-74
-43
-4
33
80
73
37
51
104
132
146
215
275
257
265
336
389
404
431
476
494
495
487
475
486
539
552
505
515
551
497
401
398
383
317
370
483
375
153
198
161
-256
-375
182
484
-102
-577
-318
-266
-758
-721
-20
121
-508
-840
-668
-659
-683
-328
-3
-89
-259
-366
-532
-464
20
354
244
198
316
142
-121
132
611
681
546
575
527
317
333
524
595
597
640
539
302
267
381
363
304
370
393
254
135
134
127
114
179
183
84
1
-41
-118
-155
-54
33
-14
-107
-142
-195
-252
-179
-30
4
-64
-142
-215
-269
-304
-306
-230
-98
-134
-442
-700
-686
-641
-738
-652
-346
-406
-839
-1015
-792
-607
-534
-292
-86
-207
-421
-411
-278
-99
171
391
405
284
183
161
292
580
847
870
738
649
624
650
744
910
1046
1034
874
747
732
771
851
906
853
798
811
742
612
642
729
590
465
670
746
387
334
636
56
-1031
-657
703
488
-1011
-1168
-525
-1396
-2418
-1258
187
-563
-1828
-1690
-1549
-2122
-1645
-262
-43
-715
-804
-842
-1332
-940
368
801
323
299
350
-295
-477
489
1173
854
600
582
99
-351
-36
419
380
306
298
-113
-601
-550
-301
-289
-215
-68
-291
-732
-820
-651
-584
-477
-259
-258
-459
-532
-544
-570
-394
-22
122
-42
-149
-127
-124
-118
35
222
248
104
-98
-223
-251
-279
-315
-239
-185
-406
-728
-799
-719
-756
-788
-718
-724
-829
-827
-723
-660
-615
-477
-294
-153
-37
-1
16
145
378
553
647
751
796
768
803
952
1048
1088
1184
1236
1110
978
1023
1090
1049
1052
1142
1120
1007
999
1045
932
736
691
827
931
880
810
864
568
-744
-1703
-441
1503
927
-1368
-1864
-1151
-2034
-2916
-1001
1073
-198
-2537
-2750
-2191
-2218
-1172
719
886
-449
-1107
-1106
-1053
35
1760
2074
1218
884
700
3
231
1807
2578
1821
1159
957
436
162
837
1503
1407
1113
775
109
-309
78
548
560
552
464
-131
-760
-704
-305
-98
-20
-13
-252
-599
-753
-711
-479
-18
331
131
-306
-445
-333
-229
-25
381
533
9
-621
-605
-268
-259
-392
-256
-312
-926
-1432
-1325
-1086
-1062
-974
-899
-1158
-1537
-1536
-1270
-969
-560
-254
-298
-481
-431
-215
43
424
761
812
723
771
877
938
1124
1470
1635
1524
1399
1330
1287
1441
1809
1949
1753
1731
1860
1625
1307
1492
1831
1677
1285
1235
1463
1454
311
-1655
-1736
875
2103
-591
-2954
-1833
-1449
-3923
-3936
-108
911
-2623
-4606
-3383
-3033
-3360
-1444
491
-527
-2266
-2407
-2076
-1458
336
1597
977
358
600
168
-287
1206
3066
2741
1520
1427
1514
924
999
2011
2444
1937
1321
764
264
311
694
746
557
419
-28
-844
-1215
-929
-644
-658
-770
-950
-1274
-1531
-1552
-1317
-830
-414
-493
-913
-1084
-832
-432
-115
-2
-106
-178
-136
-229
-322
-98
179
2
-405
-468
-401
-637
-864
-743
-686
-964
-1170
-1117
-1062
-1086
-1089
-1039
-944
-748
-521
-428
-365
-196
0
144
317
581
801
905
985
1094
1313
1586
1726
1698
1750
2015
2215
2237
2240
2333
2314
2147
1989
1779
1641
1665
1651
1429
1377
899
-1220
-2835
-956
1795
452
-2943
-2991
-1944
-4036
-5352
-2011
548
-1972
-4678
-4257
-3938
-4343
-2375
167
-419
-2107
-2266
-2164
-2038
-167
1822
1496
645
887
665
-27
1126
3198
3392
2439
2184
1942
1305
1727
2931
3166
2634
2355
1877
975
908
1667
1869
1548
1359
873
-132
-597
-171
241
302
173
-252
-898
-1108
-902
-758
-552
-191
-169
-745
-1153
-986
-586
-454
-623
-570
-305
-388
-1013
-1280
-767
-443
-830
-1088
-809
-859
-1277
-1348
-1087
-984
-1018
-880
-824
-955
-1045
-975
-745
-328
-10
-215
-489
-296
87
212
320
643
784
628
615
952
1196
1257
1445
1706
1892
1867
1782
1881
2269
2671
2602
2351
2410
2563
2170
1867
2288
2436
1920
1591
1698
487
-1519
-1108
1019
901
-1675
-2650
-2093
-3319
-5029
-3804
-1453
-2192
-4516
-5271
-5081
-5101
-4331
-2587
-1980
-2717
-3446
-3581
-2978
-1425
116
268
19
204
197
34
943
2651
3211
2641
2234
2181
2039
2316
3106
3432
3178
2736
2200
1706
1695
1987
1960
1795
1695
1211
213
-296
88
418
255
-15
-275
-799
-1152
-990
-746
-498
-322
-375
-770
-1027
-816
-488
-107
244
332
114
49
-901
-2134
-764
1659
1554
-761
-1635
-997
-1781
-2349
-103
1841
289
-1983
-2658
-2367
-1540
-146
1101
671
-793
-1871
-2021
-852
1020
1714
848
83
-365
-622
-92
1253
2261
1875
878
326
519
1126
1929
2602
2774
2482
1796
1560
2066
2624
3079
3315
3016
2144
1568
1777
2145
2170
1094
-416
-465
652
480
-1571
-2422
-1646
-2544
-4622
-3887
-1568
-2328
-4882
-5479
-4621
-4613
-4454
-2881
-2291
-3411
-4039
-3462
-2678
-1570
-374
-227
-548
-306
247
374
943
2354
2879
2157
1863
2432
2766
2915
3285
3522
3266
2752
2499
2434
2488
2578
2409
1989
1586
1162
638
415
492
440
38
-454
-735
-984
-1068
-960
-897
-951
-946
-930
-1216
-1355
-1043
-520
-278
-283
-510
-1197
-1272
-430
210
-27
-510
-599
-1011
-1605
-1318
-341
34
-526
-1270
-1735
-1688
-1265
-646
-181
-303
-812
-1320
-1235
-499
218
449
349
201
-63
-147
346
1152
1514
1247
966
899
896
1130
1715
2159
2156
1942
1657
1550
1981
2632
2826
2663
2742
2815
2224
1717
2362
3156
2740
1917
1813
1522
-47
-995
373
1632
184
-2135
-2538
-2447
-3555
-4012
-2577
-1786
-3492
-5391
-5668
-5268
-4846
-3922
-3003
-3166
-4087
-4740
-4428
-3207
-1770
-1026
-1090
-1149
-1120
-1088
-381
1177
2377
2326
1806
1720
2043
2513
3192
3919
4139
3692
3159
2910
2925
3180
3452
3446
2881
2054
1357
860
638
685
664
94
-729
-1323
-1606
-1770
-1773
-1532
-1646
-2090
-2368
-2391
-2305
-2024
-1443
-1209
-1520
-1827
-1742
-1369
-874
-218
68
-288
-687
-754
-516
-13
509
634
222
-245
-389
-349
-163
220
434
81
-430
-660
-513
-146
47
3
-179
-305
-195
34
293
542
612
476
376
681
1312
1668
1524
1360
1630
1922
2049
2314
2673
2904
2803
2552
2347
2457
2674
2675
2561
2289
2094
1568
423
-503
-211
919
762
-1198
-2657
-2485
-2613
-3650
-3603
-2364
-2389
-4382
-5861
-5468
-4499
-3996
-3662
-3465
-3811
-4445
-4587
-3577
-1992
-1118
-1255
-1549
-1400
-984
-400
500
1596
2133
1877
1485
1586
2320
3247
3839
3969
3910
3641
3169
3139
3786
4342
4140
3445
2850
2327
1812
1766
2027
1913
1245
331
-403
-784
-847
-829
-971
-1310
-1779
-2318
-2722
-2683
-2336
-2089
-2132
-2271
-2485
-2692
-2563
-2232
-1604
-910
-724
-1065
-1574
-1519
-866
-192
373
718
449
-201
-474
-160
534
1138
1311
1017
312
-124
128
685
1078
1053
635
101
-104
112
571
920
836
484
165
291
767
1138
1278
1437
1648
1538
1513
2003
2649
2789
2569
2607
2784
2834
2923
3164
2761
2173
2090
1526
805
1217
2150
1024
-1667
-2250
-875
-1081
-2696
-2485
-1637
-3031
-5232
-5362
-3814
-3209
-3733
-3984
-4071
-4596
-4933
-4227
-2822
-1867
-2170
-2700
-2290
-1556
-1000
-251
833
1433
1091
732
1397
2594
3250
3571
3798
3867
3671
3425
3829
4675
5067
4640
4030
3556
3199
2962
2832
2963
2718
1904
974
303
-58
-278
-464
-798
-1232
-2038
-2745
-2920
-2882
-2833
-2974
-3058
-3168
-3597
-4205
-4055
-3062
-2357
-2292
-2719
-2955
-2906
-2730
-2029
-1079
-592
-725
-1124
-1394
-1037
-303
380
870
788
318
-26
198
987
1627
1492
988
755
682
838
1286
1668
1649
1061
443
431
843
1274
1553
1465
1065
837
881
1236
1688
1912
2033
1882
1577
1664
2233
2769
2739
2146
1685
1407
771
813
2102
2676
809
-1717
-2050
-1107
-1158
-1541
-1040
-1502
-3878
-5621
-5197
-3777
-3074
-3321
-4161
-5342
-6067
-5701
-4418
-2946
-2312
-3219
-4336
-4111
-2892
-1551
-341
541
403
-365
-449
713
2367
3633
4276
4117
3664
3604
4114
5104
6271
6767
6125
5172
4760
4897
5057
5181
5128
4365
3115
2108
1680
1549
1425
906
-74
-1108
-1901
-2248
-2302
-2351
-2573
-3133
-3926
-4524
-4605
-4027
-3342
-3467
-4016
-4189
-4068
-3851
-3282
-2305
-1749
-2101
-2549
-2239
-1518
-863
-251
36
-96
-332
-242
278
873
1292
1373
1049
693
778
1132
1483
1760
1696
1322
899
734
1029
1393
1476
1283
1012
814
761
981
1403
1822
1805
1491
1374
1470
1697
1981
2345
2592
2515
2052
1474
852
465
1382
2922
2856
346
-2392
-2297
-284
344
-564
-1142
-1703
-3614
-5595
-4742
-1888
-1147
-3200
-5139
-5753
-5648
-4679
-2726
-1445
-2476
-4622
-5201
-3801
-1917
-507
-57
-444
-1156
-1626
-958
928
2836
3451
2818
2082
2172
3087
4371
5664
6213
5724
4877
4573
5096
5990
6531
6194
5267
4283
3683
3528
3561
3617
3215
2112
794
-137
-422
-297
-392
-1114
-2139
-3003
-3498
-3654
-3548
-3603
-4649
-5560
-4918
-3976
-4253
-4945
-4550
-3923
-4188
-4165
-2840
-1816
-2111
-2325
-1875
-1121
-441
167
748
828
511
595
1296
2026
2434
2203
1801
1786
1840
2005
2308
2524
2257
1579
1078
1152
1514
1528
1381
1171
885
679
651
881
1179
1229
914
809
1002
1261
1535
1724
1917
1878
1414
310
-280
1156
3183
2747
-190
-1632
-681
-620
-1502
-531
1068
-711
-4525
-5636
-3778
-2508
-2660
-2679
-3404
-5476
-6854
-5714
-3384
-2241
-2810
-4225
-5074
-4851
-3766
-2279
-947
-558
-1654
-2877
-2454
-509
1134
1763
1846
1427
1024
1392
2947
4647
5238
4828
4188
4116
4519
5304
6013
6228
5727
4581
3720
3642
4227
4489
4031
3077
1852
837
408
667
734
86
-1055
-2082
-2671
-2956
-3208
-3879
-4216
-3948
-4081
-4978
-5606
-5039
-4400
-4570
-4562
-3796
-3485
-3833
-3592
-2774
-1989
-1575
-1229
-768
-557
-487
-39
931
1703
1855
1545
1599
2195
2502
2641
2868
2986
2687
2332
2279
2408
2436
2206
2118
1883
1462
1144
1184
1519
1671
1506
990
798
1010
1273
1426
1428
1450
1485
1599
1521
927
-199
-29
2084
3139
1441
-1065
-1315
-250
-539
-1013
299
1048
-1544
-4544
-4371
-2279
-1697
-2447
-2512
-3117
-5141
-6188
-4432
-2283
-2277
-3587
-4444
-4437
-4405
-3744
-2135
-962
-1265
-2550
-3059
-2101
-341
925
1464
1564
1124
891
1571
3315
4869
5165
4651
4366
4624
4830
5431
6209
6412
5704
4558
4177
4388
4566
4348
3841
2954
1805
1030
804
996
606
-409
-1438
-2104
-2468
-2805
-2978
-3595
-4355
-4618
-4449
-4431
-4806
-4990
-4980
-4998
-4885
-4195
-3724
-3802
-3743
-3600
-3245
-2638
-1782
-1079
-940
-1035
-760
-74
429
908
1343
1565
1736
1754
1947
2373
2657
2669
2597
2435
2242
2353
2560
2685
2449
1901
1660
1749
1944
1953
1775
1584
1533
1571
1401
1299
1309
1382
1429
1523
1778
1757
896
-421
50
2239
3097
1028
-1255
-630
514
-327
-826
988
1583
-1461
-4135
-3146
-929
-785
-1399
-1347
-2289
-4528
-5202
-3051
-996
-1321
-3067
-4153
-4255
-4103
-3329
-1836
-863
-1600
-3278
-3828
-2433
-454
567
759
582
76
-276
624
2841
4538
4613
3768
3229
3391
4138
5420
6420
6308
5187
4096
3866
4389
5057
5106
4371
3059
1745
1027
1126
1504
1088
-220
-1618
-2393
-2754
-2919
-3193
-4021
-4687
-4848
-4883
-5247
-5849
-5863
-5430
-5385
-5414
-5040
-4811
-4730
-4588
-4246
-3552
-2970
-2353
-1667
-1463
-1607
-1320
-409
652
1255
1155
1092
1209
1311
1742
2446
2814
2593
2076
1725
2019
2479
2588
2357
1921
1658
1587
1532
1689
1974
1899
1423
974
907
1096
1323
1430
1369
1143
1009
1311
1518
682
-319
674
2786
2677
-17
-1404
145
937
-516
-615
1370
1046
-2359
-3912
-1781
-99
-1060
-1753
-1228
-2249
-4435
-4140
-1449
-205
-1677
-3345
-3473
-3135
-2998
-2158
-841
-516
-1699
-2964
-2555
-786
550
850
881
838
448
368
1727
3883
4811
4055
3187
3250
3902
4791
5802
6388
5785
4372
3664
4228
5037
5246
4774
3772
2474
1407
1305
1948
2086
1017
-542
-1606
-1908
-1950
-2354
-2815
-2915
-3220
-4199
-5111
-5007
-4299
-4323
-4913
-4903
-4637
-4865
-5006
-4326
-3431
-3274
-3501
-3092
-2337
-2022
-1699
-1034
-430
-240
-100
456
1064
1320
1464
1860
2215
2305
2287
2364
2580
2672
2708
2787
2741
2466
2180
2069
2094
2095
1872
1621
1465
1316
1174
1051
984
875
647
507
661
881
965
783
-241
-1328
-421
1976
2412
-289
-2200
-898
282
-893
-1111
1050
1275
-2021
-4198
-2330
-181
-737
-1592
-1285
-2002
-4157
-4464
-2122
-421
-1473
-3287
-3678
-3397
-3262
-2638
-1207
-446
-1459
-2941
-2885
-1256
153
642
824
879
400
-47
877
2884
4099
3679
2805
2622
3004
3649
4529
5366
5220
3932
2915
3179
4170
4550
4020
3128
2249
1484
1165
1529
1727
1067
-167
-1061
-1324
-1420
-1664
-2101
-2645
-3345
-3686
-3569
-3629
-4107
-4617
-4622
-4406
-4391
-4460
-4192
-3901
-3965
-4027
-3769
-3016
-2254
-1882
-1855
-1887
-1582
-776
247
784
762
567
767
1452
2191
2748
2861
2609
2330
2480
2957
3278
3282
3075
2885
2434
1938
1971
2355
2384
1792
1204
914
783
717
804
860
500
-34
-344
-53
701
629
-998
-2054
-256
2150
1225
-1768
-1922
259
35
-1690
-494
2000
596
-3265
-3510
-419
333
-1466
-1557
-617
-2111
-4490
-3594
-555
-220
-2609
-3588
-2616
-2522
-3301
-2546
-560
-314
-2311
-3303
-1879
-256
65
162
827
883
-4
-48
1825
3693
3662
2743
2617
3229
3537
3747
4522
5161
4574
3436
3223
3823
4109
3708
3363
3157
2373
1329
1168
1759
1737
698
-299
-551
-855
-1589
-1751
-1263
-1492
-2855
-3893
-3513
-2949
-3425
-3884
-3533
-3495
-4313
-4687
-3785
-2872
-3175
-3679
-3219
-2570
-2518
-2416
-1691
-946
-866
-950
-480
183
530
802
1306
1834
1963
1865
2079
2516
2789
2870
2939
2966
2781
2587
2693
2840
2674
2321
2063
1947
1881
1732
1526
1378
1288
1096
685
405
588
923
1014
1059
592
-965
-1739
245
2873
2073
-1235
-1988
-27
278
-948
78
2089
615
-2982
-3245
-414
388
-1060
-1146
-459
-1941
-4071
-3169
-491
-152
-2053
-2878
-2312
-2463
-3017
-2153
-496
-515
-2197
-2809
-1603
-551
-492
-176
690
725
-155
-99
1465
2671
2621
2395
2679
2853
2610
2890
3908
4467
3882
3166
3147
3369
3208
2994
3232
3181
2322
1393
1257
1477
1172
566
289
73
-816
-1760
-1720
-1142
-1424
-2582
-3207
-3026
-3094
-3620
-3554
-2964
-3128
-4055
-4356
-3607
-3020
-3188
-3245
-2706
-2393
-2692
-2685
-1896
-1068
-962
-1075
-689
-229
-151
-39
644
1403
1419
961
1005
1580
1931
1921
1929
2079
1829
1340
1474
1897
1754
1245
1101
1187
880
456
596
916
724
235
-64
-65
44
139
164
258
471
131
-861
-1155
98
1467
1066
-292
-545
-3
-277
-591
560
1748
749
-1359
-1666
-340
158
-290
-170
48
-957
-2220
-1905
-573
-316
-1121
-1432
-1234
-1469
-1939
-1689
-892
-585
-897
-1059
-934
-972
-1057
-640
269
815
487
-45
68
699
1232
1592
1961
2118
1776
1334
1520
2254
2711
2580
2266
2039
1750
1459
1563
1975
2016
1428
749
420
372
290
125
-71
-467
-1037
-1483
-1569
-1529
-1713
-2097
-2395
-2545
-2655
-2688
-2698
-2733
-2776
-2744
-2701
-2781
-2801
-2503
-2030
-1850
-1962
-1970
-1768
-1471
-1088
-621
-367
-448
-421
-31
352
400
386
549
729
740
709
795
719
555
562
711
678
364
136
84
142
156
109
-1
-162
-252
-265
-165
-29
21
-63
-80
70
199
275
401
666
880
916
1022
1259
1379
1343
1487
1869
2082
1936
1774
1840
1881
1785
1699
1695
1619
1387
1226
1157
1025
785
583
555
605
512
248
51
-19
-70
-186
-197
-51
-60
-309
-552
-507
-297
-154
-155
-197
-172
-177
-123
23
180
231
207
282
399
439
384
416
602
799
796
578
445
587
884
944
783
664
617
505
297
254
321
236
-60
-283
-321
-421
-650
-893
-948
-905
-1030
-1279
-1412
-1348
-1322
-1447
-1586
-1534
-1413
-1476
-1546
-1408
-1109
-1065
-1310
-1293
-882
-552
-574
-590
-466
-426
-498
-398
-70
47
-152
-341
-338
-316
-352
-339
-331
-444
-656
-718
-662
-704
-800
-811
-797
-934
-1086
-1010
-739
-574
-603
-671
-696
-634
-385
66
418
456
384
546
949
1262
1378
1482
1713
1911
1918
1915
2024
2156
2184
2122
2067
1962
1809
1651
1612
1663
1528
1185
904
818
713
496
327
330
251
-156
-519
-505
-328
-403
-625
-621
-507
-656
-898
-783
-544
-535
-590
-457
-360
-534
-689
-508
-162
-52
-153
-276
-288
-143
55
202
218
161
137
191
308
430
489
465
421
323
233
270
338
331
247
125
-30
-181
-188
-68
-41
-234
-478
-540
-416
-332
-425
-533
-501
-486
-597
-656
-567
-470
-471
-519
-509
-463
-435
-390
-340
-296
-272
-281
-295
-275
-219
-225
-335
-442
-448
-440
-491
-617
-722
-723
-750
-837
-913
-897
-851
-895
-1009
-1034
-923
-829
-780
-737
-631
-494
-440
-399
-259
-12
200
305
433
675
862
927
1071
1299
1437
1453
1586
1901
2014
1836
1729
1862
1970
1875
1778
1845
1890
1720
1512
1433
1429
1378
1301
1230
1117
968
815
749
753
736
676
597
521
436
361
323
349
345
213
106
123
195
187
113
97
85
28
42
186
281
208
61
-11
-21
7
152
334
329
78
-104
-38
81
111
143
208
116
-139
-266
-119
-5
-116
-265
-338
-460
-630
-603
-429
-413
-635
-841
-817
-710
-631
-584
-628
-727
-778
-694
-527
-450
-462
-468
-528
-647
-600
-379
-238
-320
-524
-628
-641
-637
-588
-561
-692
-879
-944
-949
-998
-1120
-1190
-1211
-1282
-1356
-1344
-1327
-1423
-1471
-1385
-1287
-1354
-1464
-1385
-1167
-1006
-1040
-1067
-925
-711
-608
-541
-379
-207
-107
-58
79
274
448
590
665
702
744
801
839
904
1032
1117
1078
965
924
971
1033
1042
953
846
773
707
602
528
514
445
295
168
142
110
14
-11
50
6
-155
-237
-188
-81
-22
-36
-115
-205
-177
-26
126
197
184
90
32
102
233
362
436
430
384
337
349
432
522
525
449
397
400
356
217
157
249
271
73
-125
-103
-14
-48
-117
-110
-161
-303
-340
-226
-164
-287
-393
-321
-252
-308
-380
-304
-197
-204
-232
-204
-133
-152
-218
-197
-168
-238
-326
-339
-383
-516
-626
-620
-600
-718
-846
-876
-920
-1026
-1082
-964
-898
-1082
-1275
-1203
-1007
-994
-1070
-1047
-997
-1023
-1020
-803
-525
-486
-600
-573
-345
-125
-75
-87
-17
113
185
221
311
420
471
484
518
548
583
691
817
785
618
592
758
866
778
647
608
613
630
663
705
627
457
364
392
484
510
487
470
420
311
226
279
399
459
378
276
274
311
342
427
583
632
507
377
468
679
753
735
788
869
806
707
775
955
1009
903
855
904
896
770
735
887
930
731
540
557
618
572
521
504
433
282
239
351
387
254
113
124
176
134
64
62
75
13
-55
-48
36
45
-89
-212
-221
-200
-265
-349
-334
-342
-532
-779
-888
-872
-886
-974
-1091
-1232
-1410
-1543
-1541
-1438
-1343
-1391
-1496
-1511
-1435
-1366
-1287
-1129
-961
-913
-975
-955
-781
-563
-355
-179
-153
-213
-166
32
276
401
428
462
481
449
445
533
667
687
508
335
292
271
222
239
317
244
-80
-334
-274
-144
-174
-315
-402
-463
-574
-681
-654
-486
-444
-616
-812
-858
-774
-685
-623
-589
-684
-849
-835
-626
-436
-388
-406
-385
-357
-342
-238
-48
107
188
195
189
240
375
593
803
867
814
796
829
898
1029
1185
1228
1080
904
910
1035
1101
1119
1127
1019
823
734
812
944
948
805
659
583
557
579
649
686
626
458
350
432
532
517
464
455
390
201
90
215
342
210
-5
-119
-169
-244
-294
-259
-297
-488
-712
-780
-754
-782
-861
-889
-839
-881
-1007
-1017
-809
-579
-542
-587
-561
-437
-293
-115
93
227
240
214
314
489
625
728
828
871
789
699
763
955
1051
920
712
594
579
579
596
605
494
250
25
7
44
-48
-223
-358
-450
-581
-679
-704
-712
-799
-933
-1030
-1083
-1090
-1025
-908
-894
-988
-1070
-1030
-905
-773
-677
-658
-678
-685
-617
-470
-301
-145
-51
-39
-38
59
254
458
601
635
607
573
570
675
802
884
857
739
672
682
747
774
760
696
582
489
463
512
552
532
457
347
251
265
358
408
378
305
277
318
377
425
427
368
333
344
317
269
305
413
409
217
47
42
130
176
69
-116
-253
-332
-406
-466
-475
-479
-584
-797
-921
-883
-832
-815
-781
-764
-812
-832
-717
-527
-396
-314
-202
-80
11
129
314
459
525
594
710
769
726
758
926
1067
1019
851
767
800
837
808
727
600
438
296
218
183
95
-51
-223
-397
-527
-594
-645
-730
-837
-927
-991
-1042
-1035
-969
-984
-1074
-1108
-983
-824
-798
-832
-797
-694
-636
-576
-475
-410
-398
-433
-419
-347
-286
-255
-218
-180
-214
-279
-275
-160
-60
-71
-100
-93
-58
-50
-63
-31
38
72
41
-15
-27
28
83
86
43
23
72
128
133
135
196
287
341
342
329
339
378
396
376
367
372
371
352
309
301
325
295
183
84
88
116
79
5
-55
-103
-175
-198
-138
-103
-167
-269
-325
-362
-379
-324
-246
-287
-422
-474
-379
-273
-236
-187
-133
-116
-155
-84
140
337
381
321
338
435
553
659
772
864
839
737
703
792
889
890
822
717
595
483
441
516
566
469
278
120
27
-14
-25
-41
-118
-276
-393
-415
-411
-425
-458
-543
-641
-695
-647
-543
-532
-548
-517
-470
-437
-421
-411
-343
-259
-237
-229
-222
-205
-170
-142
-115
-103
-140
-175
-151
-101
-71
-101
-145
-150
-151
-168
-146
-96
-83
-109
-119
-54
38
75
77
91
129
145
121
119
150
206
254
286
277
245
259
298
341
353
366
368
338
280
270
350
381
287
138
74
66
15
-48
-58
-92
-238
-376
-351
-257
-279
-366
-411
-429
-490
-537
-469
-344
-318
-390
-429
-370
-268
-224
-193
-114
-76
-122
-105
45
196
260
269
349
446
461
489
595
715
735
680
657
683
719
734
738
703
608
502
470
494
471
333
177
120
100
82
48
15
-57
-203
-295
-261
-173
-169
-256
-322
-361
-403
-398
-342
-301
-345
-401
-376
-307
-273
-282
-239
-180
-183
-206
-190
-154
-142
-161
-135
-74
-90
-172
-231
-227
-235
-296
-362
-389
-423
-489
-477
-403
-397
-485
-564
-539
-497
-511
-537
-525
-493
-519
-577
-587
-523
-474
-481
-500
-523
-531
-531
-515
-459
-405
-426
-456
-470
-461
-433
-393
-355
-399
-487
-530
-459
-367
-358
-409
-445
-465
-533
-554
-514
-513
-589
-673
-694
-704
-729
-715
-664
-651
-712
-747
-691
-614
-548
-480
-407
-385
-384
-324
-223
-141
-96
-32
48
92
94
129
229
312
314
293
309
315
291
281
288
265
199
135
124
116
61
-20
-68
-113
-192
-241
-212
-183
-251
-335
-333
-246
-180
-172
-150
-100
-67
-53
9
106
208
283
333
411
506
606
699
771
804
804
840
888
915
947
985
1014
1009
967
955
992
1006
995
968
926
848
767
759
788
776
696
585
477
417
421
486
534
477
393
330
334
394
462
505
496
470
437
445
493
541
594
618
585
510
455
486
564
608
573
508
458
466
515
530
510
457
372
312
327
376
379
310
248
234
204
165
152
166
164
126
95
81
84
128
191
232
216
175
202
303
404
455
464
491
560
608
606
640
703
722
696
691
743
764
724
696
699
674
611
572
564
527
462
433
420
341
206
115
115
111
43
-30
-76
-111
-136
-114
-63
-84
-131
-111
-41
8
36
80
96
99
153
269
335
324
305
344
422
446
458
486
516
481
422
416
428
425
381
335
311
268
192
136
131
107
25
-73
-130
-166
-260
-320
-302
-300
-381
-510
-572
-552
-534
-547
-547
-568
-628
-648
-601
-527
-524
-572
-573
-541
-544
-562
-533
-464
-477
-552
-554
-506
-484
-500
-502
-468
-462
-508
-514
-459
-444
-488
-517
-502
-500
-521
-529
-535
-537
-551
-557
-533
-516
-536
-536
-506
-461
-420
-399
-352
-284
-260
-280
-232
-125
-46
-20
-20
13
50
61
100
189
250
209
129
122
138
128
96
60
-15
-142
-221
-219
-222
-302
-419
-497
-531
-614
-696
-704
-704
-751
-839
-875
-853
-864
-878
-823
-747
-729
-752
-688
-543
-427
-390
-336
-217
-130
-94
-27
97
199
263
308
360
400
424
440
440
463
483
490
481
435
382
354
325
299
265
195
101
24
-12
-43
-93
-150
-236
-329
-411
-454
-464
-521
-575
-616
-650
-665
-672
-633
-591
-604
-646
-638
-606
-592
-563
-475
-406
-405
-400
-358
-313
-299
-288
-242
-185
-156
-151
-182
-197
-176
-148
-118
-119
-148
-189
-189
-146
-116
-136
-174
-175
-171
-155
-120
-91
-84
-80
-52
-18
9
33
97
199
268
263
252
316
397
435
453
454
433
396
340
309
341
345
271
187
124
66
1
-36
-34
-78
-201
-292
-300
-312
-373
-419
-420
-419
-445
-462
-414
-343
-303
-254
-191
-139
-110
-47
78
186
217
218
286
379
452
493
553
636
670
676
702
776
835
827
790
759
759
749
734
724
675
597
537
519
478
407
341
316
320
247
142
76
52
11
-63
-123
-171
-219
-286
-328
-341
-354
-353
-355
-374
-387
-355
-289
-251
-266
-266
-206
-146
-115
-80
-14
59
88
74
90
148
198
230
250
229
194
183
171
151
113
88
80
41
-40
-86
-80
-75
-80
-122
-173
-190
-176
-140
-119
-140
-172
-156
-87
-31
-23
-18
37
103
134
129
149
178
188
182
167
173
160
120
73
64
54
21
-25
-74
-123
-173
-201
-251
-281
-331
-402
-461
-519
-567
-566
-512
-490
-492
-490
-487
-475
-421
-332
-264
-233
-229
-231
-171
-77
10
64
88
127
143
172
258
367
437
463
455
454
486
511
528
543
510
451
425
405
388
343
259
200
164
84
-22
-120
-178
-210
-276
-354
-418
-451
-498
-514
-496
-510
-541
-544
-508
-510
-512
-456
-364
-303
-292
-256
-140
-15
59
130
227
316
359
420
501
551
586
630
675
690
679
673
700
728
717
679
639
609
585
566
566
554
501
444
398
377
365
356
346
299
259
259
304
347
362
357
348
370
372
373
391
432
437
382
357
374
380
350
327
325
328
278
209
161
129
85
26
-30
-88
-147
-193
-219
-264
-317
-362
-372
-356
-341
-329
-332
-320
-310
-256
-164
-96
-43
6
63
127
227
340
430
475
499
556
622
687
719
727
743
743
730
710
678
657
614
553
481
407
344
264
180
88
-3
-110
-218
-292
-368
-474
-559
-601
-631
-682
-747
-747
-727
-747
-746
-700
-657
-630
-593
-529
-446
-397
-343
-262
-174
-128
-98
-23
53
123
174
209
233
249
276
301
321
305
278
252
214
181
163
143
128
96
44
-6
-43
-57
-64
-70
-96
-123
-170
-214
-200
-186
-180
-164
-168
-190
-215
-204
-147
-101
-93
-99
-91
-72
-57
-43
-25
-25
-53
-85
-120
-128
-116
-116
-132
-160
-178
-188
-222
-248
-262
-279
-294
-304
-303
-295
-268
-238
-223
-217
-207
-192
-188
-177
-159
-124
-69
-63
-57
-14
31
91
132
135
128
144
154
158
141
107
90
66
46
0
-64
-121
-177
-246
-302
-361
-439
-511
-579
-634
-706
-787
-868
-937
-979
-1023
-1065
-1091
-1118
-1161
-1186
-1168
-1149
-1133
-1123
-1128
-1080
-1028
-963
-885
-817
-726
-640
-555
-461
-370
-314
-229
-139
-79
-4
52
86
106
156
203
255
287
290
330
340
331
328
340
358
347
324
311
294
250
200
149
127
116
101
106
109
107
91
81
101
122
109
95
113
132
126
110
119
140
137
120
121
135
140
126
133
176
199
199
194
174
163
152
154
167
172
160
147
168
184
182
207
267
320
350
393
466
545
594
625
682
764
816
841
889
939
965
987
1015
1065
1104
1119
1129
1135
1117
1077
1047
1027
993
935
871
799
715
614
508
406
308
212
82
-47
-161
-272
-396
-507
-586
-664
-725
-794
-861
-906
-958
-984
-972
-976
-987
-989
-980
-964
-966
-946
-879
-799
-721
-675
-632
-568
-496
-414
-308
-206
-132
-102
-78
-22
36
83
127
164
156
143
184
225
239
275
298
279
233
194
231
272
242
168
117
106
86
48
39
67
59
20
0
1
28
47
28
-4
-39
-45
-25
-2
14
6
-50
-67
-24
8
24
20
54
58
54
53
61
102
145
186
195
222
202
209
258
254
282
370
396
403
420
455
550
584
613
657
682
686
752
819
856
877
856
882
914
935
939
923
907
909
841
812
781
762
752
660
622
528
443
362
285
229
158
-7
-136
-166
-272
-314
-382
-460
-498
-598
-714
-766
-744
-711
-734
-785
-829
-836
-831
-827
-770
-757
-703
-637
-620
-631
-611
-561
-503
-383
-321
-266
-250
-234
-187
-163
-90
-83
-82
-11
-49
-100
-32
-40
-89
-92
-104
-176
-206
-147
-175
-229
-268
-251
-259
-313
-352
-361
-346
-347
-313
-327
-325
-405
-401
-309
-337
-394
-491
-471
-401
-315
-289
-305
-295
-505
-891
-1070
-675
545
516
-1078
-1186
-57
-460
-2391
-877
2384
1108
-2472
-2623
1235
1253
-3026
-1208
3026
1014
-1723
-1388
873
1129
-1508
227
2600
103
-431
829
774
1518
-482
-66
3082
554
-369
1450
1418
1278
-294
-207
2629
507
-1070
2296
1214
-674
-608
-108
3311
-563
-3958
1212
815
1212
-566
-4125
2370
1605
-3673
-1299
294
1602
457
-3150
-40
1922
-2129
-1230
1488
124
197
733
-241
172
42
-85
893
-282
1057
2398
-1174
-362
2502
9
-645
1458
-140
1370
1494
-1232
1544
543
-435
292
-598
797
1137
-419
-915
1779
-249
-3363
1482
730
-2568
1415
856
-2223
-741
-236
-64
151
-2323
3
2269
-1528
-1562
-258
-402
460
62
-1698
266
1064
-1440
-149
-75
-1045
446
485
-1239
-348
180
-702
-292
-1266
-228
1432
-806
-1083
-1021
-1379
1846
88
-2030
-420
1593
1302
-3553
-1001
2149
615
-100
-640
1462
482
-1167
1400
1313
-166
1493
1347
177
1361
1571
1166
682
348
2152
1631
-276
1048
2776
786
-1833
1485
1906
-264
463
-273
1091
869
-2321
-176
1809
-1029
-2132
-517
1044
-499
-1252
-2346
-617
1487
-3433
-987
570
-1795
-85
-838
-1830
-826
73
-596
-1099
-1010
960
518
-2222
-9
1424
-1536
-149
2415
-767
-1192
1628
1724
-529
-1591
1967
3233
-1630
-933
2645
903
348
-15
-1081
2149
2042
-2082
-478
1787
780
-1733
-614
1941
138
-1785
-1352
2600
543
-3912
817
1735
-2134
-513
528
-581
-686
-287
241
-123
-1109
-94
1701
-1999
-1396
3081
-898
-1640
1347
-530
-759
471
252
-158
-1279
-444
864
-198
-1175
-1212
284
-15
-1271
-1373
-253
309
-1504
-1720
-1221
1144
-156
-3295
-1061
618
528
-553
-2528
-301
2429
-1563
-985
778
-170
1685
-446
-1443
1425
1658
120
-728
283
2634
415
-1755
1534
2248
-1399
-297
1874
-509
751
-717
-654
2802
-1974
-1309
2320
-772
-613
853
-810
668
-64
-1672
2328
-701
-1133
2030
-1009
1285
-52
-1939
3614
418
-822
1924
-624
3111
441
-2360
4388
1100
-627
2116
-869
2412
2121
-1512
1450
510
2195
1251
-1611
725
1927
1023
-895
-150
1240
1386
-1784
-211
1815
-809
157
-1038
88
2305
-1820
-1342
1822
328
-999
63
29
-811
1031
-449
-476
-50
-1051
2277
-1475
-3031
3057
1043
-2338
-889
-90
2234
-373
-3153
1124
750
-930
-1077
-678
1158
130
-2553
-117
1273
-1521
-41
-422
-250
-278
-924
909
-1152
-1137
1184
-163
-1285
354
31
301
-451
-1119
2184
-541
-1637
2279
-612
-883
1215
-828
574
94
-440
51
-349
424
-242
-177
-562
825
-467
-866
674
-562
-632
-100
368
-1270
-200
-840
27
600
-2106
274
-785
-428
1412
-2033
-1627
2422
-58
-2355
576
-86
361
388
-1326
538
786
18
364
49
-751
2125
1476
-1907
945
1554
45
355
537
334
965
179
16
964
208
138
788
1144
-453
-1093
1735
1961
-1947
-247
1535
516
-442
-1668
2056
604
-2112
312
628
69
-262
-398
217
-217
-934
922
-369
-1229
683
-227
222
-980
-1097
2094
-929
-1839
1182
314
-164
-761
-501
1024
-652
-944
1265
-882
-186
1097
-1296
-163
-127
659
282
-1646
-414
1282
766
-1557
-1497
719
2461
-2039
-3603
2914
1638
-2834
-1320
423
1643
-1355
-2906
1767
105
-1062
360
-1302
-322
1072
-371
-1455
105
749
-135
-1228
71
1368
-540
-1650
704
1070
-1272
-780
446
1122
-635
-1807
-327
1313
144
-1441
-888
-651
2062
-501
-3459
761
654
-75
-1078
-2169
1924
845
-2144
-348
379
801
487
-1920
393
2086
1
-436
-809
1627
1915
-868
-305
1524
780
1093
430
-1181
2717
1225
-623
346
348
2496
-145
-239
1231
-242
892
1129
98
-848
521
2203
-96
-1582
539
1855
-186
-1733
-156
2650
132
-2434
910
1115
-576
-138
-74
396
225
-132
614
-518
-214
774
271
-469
-182
857
512
-174
-1098
754
1265
-162
-1087
-289
2119
221
-1065
-130
1030
835
-1282
-6
967
676
377
-1205
234
1081
144
-205
-646
490
1149
-26
-641
295
33
336
851
-1022
-467
1412
691
-809
-972
467
969
-693
-513
392
199
-655
-563
1276
-682
-2492
646
2351
-1673
-2704
1226
1427
-1299
-1957
128
932
-516
-994
73
-1011
-10
1476
-1653
-1969
805
1668
-829
-2186
609
1714
-1410
-1419
850
983
91
-1830
527
1639
-1326
-73
585
-589
641
492
-88
-792
-238
2367
-793
-2365
1015
1944
-295
-2209
321
1687
-276
-1640
-63
547
-196
288
-1185
-500
934
-721
-311
-324
-577
922
-978
-347
440
-718
119
-534
-119
84
472
-151
-693
22
335
604
-994
-106
1029
-52
-502
-209
889
7
-1125
1035
339
-331
-55
-460
1306
-297
-860
629
676
-459
-245
332
-1
402
-135
266
-43
-195
244
1018
-734
-696
864
248
429
-1357
613
771
-637
-96
-86
510
-18
-217
-525
64
-74
266
-131
-943
-298
112
208
-692
-1400
42
918
-1550
-1284
322
263
-967
-1553
280
-235
-1019
361
-1361
-1341
602
-246
121
-2226
-880
1682
-645
-1042
-957
400
570
-501
-1350
385
1242
-722
-441
127
664
114
414
-46
-465
994
969
238
-882
565
1615
-190
-783
831
1373
-541
-344
869
660
167
-661
-200
1381
-26
-480
126
-196
866
-104
-874
230
957
-334
-527
224
155
459
-158
-591
304
631
255
-166
-633
1359
432
-253
-252
359
1816
-684
-286
799
1134
-108
-63
531
294
974
-246
39
103
699
971
-505
-554
983
623
-192
-136
389
1027
-401
71
813
-14
125
874
100
-127
178
687
872
-575
-34
798
504
-216
147
447
547
-298
-122
889
-128
194
-219
320
119
-43
321
-158
8
-475
432
-71
-196
188
-214
-252
-141
337
29
-838
-187
859
-337
-292
-309
99
398
-569
44
101
-237
314
165
-770
21
440
89
-309
-585
121
555
199
-1008
-112
809
-319
-304
107
-63
237
-463
-213
612
-448
-103
-179
115
234
-729
218
349
-264
-349
132
603
-231
-817
498
533
-559
79
87
-207
347
-102
-511
397
60
-4
-38
-588
558
398
-366
-682
-23
1037
-17
-911
-403
558
493
-544
-798
-8
302
-204
-336
-525
-15
150
-744
-352
-58
-35
-310
-462
-170
-447
95
-115
-539
-278
17
456
-364
-618
265
366
82
-232
-315
251
566
65
-220
-338
384
811
-214
-236
22
277
499
-107
-432
337
437
-281
46
-139
-272
409
-138
-484
-250
-44
461
-687
-600
169
-282
-63
-464
-283
96
-329
-217
-137
-416
-125
9
-164
-241
-138
8
-181
-438
-31
338
-447
-298
-99
209
-106
-839
77
186
-176
-525
-127
292
-218
-337
-278
161
77
-445
-164
-134
131
18
-534
156
-22
-283
180
76
-87
-43
46
60
214
-74
-94
257
261
-63
-66
237
206
-21
-207
418
321
-52
-20
145
590
181
-255
124
421
212
125
-143
254
485
-102
99
337
-41
139
435
-43
20
202
132
99
46
180
154
122
95
228
212
18
164
217
125
122
249
92
13
353
42
162
212
-153
417
174
-89
91
102
308
193
-151
1
568
185
-133
128
165
354
36
-42
414
-99
7
336
-66
-23
208
18
29
367
51
57
254
50
178
193
49
198
200
125
40
252
249
-53
199
292
23
200
293
121
141
-219
263
461
-136
-9
116
158
43
2
-227
22
151
-160
-211
-149
44
-293
-282
-285
-251
-220
-259
-464
-270
-277
-434
-256
-713
-169
-179
-443
-450
-258
-284
-356
-228
-412
-185
-231
-203
-353
-173
-182
-111
-318
-191
-93
-162
85
-487
-164
-91
-193
-234
-336
-383
78
-278
-420
162
-631
-46
-120
-284
-253
-284
82
-263
-185
-220
-98
-100
50
-139
-185
154
152
-133
-50
256
200
-53
63
434
141
179
126
220
149
284
273
-57
167
193
306
138
16
45
282
101
-22
224
124
-114
43
298
-92
131
49
-55
202
22
29
48
163
4
-22
217
94
119
26
136
205
-139
189
128
68
-17
-6
176
-137
42
-196
-108
64
-79
-53
-449
-214
201
-220
-366
-133
-182
-83
-187
-303
-94
-187
-144
-27
-160
-129
-40
-13
-68
59
69
67
-59
-17
247
111
126
88
306
90
168
357
50
315
86
114
204
104
232
-8
-16
111
43
167
-108
-205
159
-51
-126
-196
-32
197
-297
-305
258
-64
-196
53
-131
172
-67
-186
203
106
-81
16
44
83
179
-177
6
210
321
-143
-157
388
150
115
-180
190
327
17
-124
29
331
73
-49
-9
289
155
92
150
159
86
305
308
109
349
267
452
142
202
325
379
266
83
409
222
398
227
167
117
297
255
-45
192
0
151
175
-74
5
141
-110
37
-12
-80
265
-109
-98
60
57
49
-64
-34
95
-2
-46
103
-92
157
33
8
4
0
195
-176
-52
-143
183
-87
-233
80
-232
57
-52
-198
-251
-45
-67
-280
-158
-89
-6
-176
-86
0
-118
81
-98
-268
221
123
-26
-199
-12
278
-177
-127
-46
2
-73
-259
-218
23
-150
-333
-251
-302
-196
-276
-411
-466
-207
-475
-378
-410
-483
-156
-476
-303
-417
-263
-227
-455
-236
-247
-156
-80
-37
-311
-161
85
-48
7
-41
-47
-34
254
106
-92
95
2
111
68
90
115
-117
81
108
19
110
-247
56
165
-202
-23
20
34
-66
-59
-71
2
24
2
-19
-129
-58
69
-24
-158
-19
-157
10
-18
-108
-146
-158
34
-229
-42
-103
-265
-97
-237
-127
-16
-233
-220
-68
-20
-109
-234
-53
111
-196
-161
97
34
29
-141
74
86
-36
53
121
134
-56
122
-35
91
128
-161
-64
62
230
-67
3
51
16
89
42
84
-46
171
101
32
157
149
60
12
37
281
154
-111
132
41
159
147
-51
-12
136
25
-58
-26
148
83
-178
21
-98
94
110
-117
-96
125
89
-78
53
-19
184
127
44
121
286
255
-70
213
313
111
207
228
95
256
228
163
134
50
217
72
29
197
258
17
4
248
104
39
129
241
218
59
169
388
338
177
211
420
418
292
379
288
348
523
247
318
393
330
280
185
286
247
142
108
-42
57
200
-118
-140
-188
52
33
-182
-141
-178
73
-208
-228
133
36
-144
19
33
31
96
126
-15
12
261
47
176
62
40
185
-58
43
57
-16
89
-149
-110
36
-19
-141
-307
-17
-52
-49
-151
-211
20
-3
-95
-262
-110
140
28
-212
58
99
-16
-61
-106
55
-28
-29
-103
-56
-25
-74
-170
-196
-83
-291
-279
-164
-245
-292
-328
-355
-275
-320
-247
-281
-436
-200
-192
-246
-287
-264
-130
-98
-174
-188
-65
-34
-40
-116
-74
-11
99
-158
-241
76
35
-175
-182
10
-164
-132
-91
-143
-183
-134
-5
-268
-219
-18
-110
-319
-100
112
-82
-201
-64
154
-101
-106
30
-108
-66
-97
-23
-97
-245
-59
-128
-306
-290
-215
-148
-298
-339
-250
-257
-362
-287
-293
-395
-261
-324
-129
-206
-383
-46
-26
-184
-69
77
-10
0
74
151
157
106
113
130
187
-76
14
172
39
-8
-47
124
-44
-17
-55
-157
-35
-102
-115
-124
-90
-143
-72
-227
-37
44
-206
16
-47
93
159
51
13
120
320
202
221
88
305
307
224
239
3
328
278
156
154
31
200
215
-98
46
53
-45
216
-70
-40
105
30
147
-2
68
204
84
225
264
193
271
334
276
325
385
263
328
323
260
337
316
99
143
352
63
-45
148
99
27
-73
-84
-36
-92
-119
-43
-83
-6
21
-157
65
183
93
9
217
326
167
277
198
271
364
355
184
203
493
296
146
204
387
260
94
161
216
142
40
113
33
66
-26
70
97
-34
54
148
181
65
212
192
126
251
280
83
250
212
198
226
58
394
54
128
200
65
70
48
-33
-153
-15
-147
-101
-323
-128
-273
-275
-183
-344
-213
-316
-138
-264
-182
-271
-49
-66
-236
89
-75
-98
57
51
-87
187
161
121
137
132
298
114
51
130
184
154
66
-100
94
101
-33
-96
-138
49
-53
-137
-123
-76
-101
-33
-88
-135
-1
-7
-26
-87
-112
56
84
-136
-62
16
132
6
-178
9
80
-43
-184
-32
-54
-112
-137
-217
-139
-157
-179
-257
-274
-237
-201
-210
-225
-230
-272
-121
-121
-241
-155
-111
-145
-79
-61
-65
-104
-45
72
-101
-81
63
-64
-100
27
-56
-79
-115
-171
-33
-209
-209
-102
-171
-168
-184
-173
-201
-69
-150
-170
-143
-47
29
-183
-36
22
-13
-60
18
-11
-16
-36
-107
-69
-50
27
-304
-247
-142
-206
-282
-442
-308
-276
-429
-409
-416
-334
-262
-412
-295
-310
-181
-239
-214
-97
-84
105
47
90
126
223
225
290
296
372
379
354
387
435
502
199
408
365
307
226
154
243
75
45
-93
134
-48
-142
-130
-113
12
-134
-71
-143
-51
18
31
-72
143
243
81
176
217
390
272
235
372
409
370
384
291
234
341
222
152
117
152
100
-77
-73
28
-140
-190
-209
-302
-177
-247
-328
-398
-243
-192
-304
-276
-221
-82
-180
-156
-93
-10
12
-21
13
-9
161
58
61
27
16
166
-15
-89
-37
-24
-48
-165
-185
-48
-180
-89
-198
-217
-65
-235
-181
-153
-87
-128
-150
-138
50
-34
-123
41
31
46
45
63
-16
118
90
6
25
37
88
-29
-75
-14
-50
-82
-72
-157
-66
-51
-84
-138
-104
-36
-111
-16
-3
58
76
103
50
9
187
163
81
97
233
232
158
167
192
251
140
149
240
173
166
136
109
90
119
40
18
55
68
94
-43
73
22
40
46
18
96
43
81
-6
94
64
-14
24
74
90
27
2
99
103
1
24
28
147
-6
-42
24
-45
9
23
-1
6
50
30
40
2
28
49
69
80
21
23
45
45
-24
-27
47
48
21
29
40
105
36
-28
8
14
49
-73
-41
41
-73
-7
-25
-101
-72
-39
-41
-137
-58
-25
-132
-98
-55
-139
-194
-77
-115
-166
-163
-186
-62
-193
-208
-172
-168
-89
-227
-196
-160
-86
-216
-291
-113
-248
-220
-159
-169
-126
-120
-121
-125
-62
-81
-80
-101
-55
33
-97
-87
-31
-19
26
-81
13
102
36
52
41
6
108
140
-84
6
143
16
35
-64
18
94
-74
48
-29
92
139
-34
110
108
121
93
91
84
150
233
139
134
244
278
240
175
251
318
183
262
226
260
239
256
263
168
265
182
243
155
212
235
216
178
150
238
75
237
65
116
261
104
203
206
227
184
259
235
229
306
306
312
254
317
303
364
314
278
443
380
301
282
360
356
315
268
305
335
190
235
143
157
143
42
91
36
100
40
40
42
33
94
7
33
31
68
-4
26
96
6
34
61
170
43
-8
99
88
-15
-38
-18
-67
-19
-110
-164
-192
-68
-182
-310
-225
-206
-213
-349
-321
-350
-276
-371
-402
-379
-331
-331
-429
-332
-384
-292
-350
-309
-349
-274
-205
-345
-257
-248
-152
-338
-330
-163
-200
-288
-253
-201
-317
-235
-276
-207
-211
-267
-214
-184
-183
-211
-45
-177
-95
-15
-42
-4
-28
93
11
93
142
134
134
121
146
262
163
140
228
125
246
147
192
135
119
227
136
132
163
168
89
118
157
126
111
167
98
143
154
126
143
155
115
109
134
108
166
19
72
109
38
-20
20
-31
-40
-6
-168
-92
-132
-147
-158
-155
-139
-196
-201
-171
-239
-247
-180
-279
-177
-180
-188
-136
-124
-193
-177
-75
-150
-96
-111
-58
-97
-126
-66
-130
-142
-160
-113
-187
-219
-190
-187
-203
-264
-276
-262
-216
-354
-359
-265
-285
-356
-335
-318
-424
-276
-359
-323
-289
-375
-250
-362
-329
-344
-327
-321
-346
-314
-274
-260
-350
-278
-333
-310
-300
-312
-279
-316
-278
-300
-223
-190
-236
-169
-102
-94
-68
-47
-38
35
38
10
89
157
129
133
166
151
209
199
175
190
205
295
227
209
191
225
266
143
226
199
190
212
212
174
162
240
135
200
151
215
271
147
151
171
237
130
122
187
220
153
161
185
193
245
198
228
208
260
197
231
220
242
304
179
256
229
264
237
215
227
235
239
192
230
246
257
170
220
190
178
143
109
171
116
111
76
124
103
133
100
61
136
93
126
56
69
103
85
36
4
80
42
50
-14
55
107
14
45
43
16
5
51
-12
-43
26
-33
-52
-31
-83
-42
-58
-104
-53
-69
-57
29
-40
-25
16
-34
10
-83
-53
8
-59
-103
-77
-87
-103
-162
-173
-93
-192
-125
-203
-210
-172
-239
-223
-277
-204
-267
-286
-278
-216
-238
-253
-206
-215
-106
-124
-143
-120
-44
-79
-66
-85
-68
-11
-79
-51
-82
-41
-60
-49
-74
-74
19
-17
-81
-68
14
0
-17
-24
37
52
62
61
58
137
135
134
152
157
174
251
196
165
215
273
223
162
236
240
229
198
201
145
194
143
152
155
88
167
105
121
47
71
94
94
58
55
98
31
94
26
30
76
73
-11
3
43
20
47
-7
66
30
4
22
30
30
26
40
10
60
-24
18
51
-7
33
-1
1
-9
-34
-41
-6
-25
-14
13
-14
-40
-46
-13
-63
-78
-78
-77
-117
-134
-96
-106
-84
-98
-116
-142
-167
-140
-173
-210
-196
-196
-219
-210
-202
-194
-149
-204
-160
-165
-183
-153
-196
-107
-155
-113
-59
-126
-83
-46
-24
-54
-40
15
32
29
33
36
83
53
13
28
58
117
23
62
112
132
141
119
161
173
229
149
159
199
240
242
154
215
226
225
167
215
236
202
217
191
241
193
199
207
146
135
178
128
90
111
60
137
62
54
70
19
79
68
77
91
148
140
133
126
167
195
116
164
195
207
247
247
223
266
271
287
263
191
239
225
157
103
98
163
124
27
67
71
41
10
-3
13
31
-7
-37
12
-50
12
-16
-69
-69
-16
24
-61
10
27
24
-13
0
27
44
6
-17
25
-18
-5
-100
-68
-54
-88
-99
-141
-91
-147
-159
-223
-226
-205
-272
-304
-326
-282
-271
-288
-322
-255
-261
-261
-270
-299
-207
-255
-267
-285
-261
-273
-335
-311
-297
-277
-301
-318
-286
-255
-308
-294
-326
-311
-259
-309
-308
-276
-229
-281
-287
-254
-213
-213
-226
-186
-173
-112
-132
-171
-108
-112
-112
-87
-106
-74
-84
-70
-55
-87
-80
-43
-58
-85
-41
-50
-59
-59
-51
-44
-36
-59
-62
-43
-61
-46
-35
14
-8
-1
40
36
63
61
87
125
121
145
180
122
165
176
127
171
121
165
173
165
146
126
209
139
142
147
143
131
127
147
89
169
144
115
155
131
160
138
122
178
185
193
207
193
213
196
208
214
181
194
204
191
147
176
196
148
153
139
129
101
64
70
45
38
6
7
2
-2
-2
-29
8
-21
-24
-23
-37
-33
-41
-48
-51
-17
-21
-18
-47
-42
-35
-41
-26
-45
-33
-22
-5
-42
-20
-27
-28
32
-4
-3
10
15
6
20
4
30
51
31
63
12
45
95
33
9
76
58
58
65
-9
28
1
-50
-18
-33
-61
-51
-97
-75
-42
-75
-43
-52
-54
-30
-42
-70
-6
12
-9
39
29
63
86
46
67
95
105
107
89
101
110
87
75
84
84
126
109
96
137
128
128
102
89
93
127
105
117
148
118
104
136
180
123
147
169
183
174
147
180
177
194
138
135
171
144
79
74
123
105
86
20
58
63
6
37
8
-6
-8
-19
-35
-38
-14
-9
-34
-49
-22
-12
-52
-71
-59
-26
-24
-58
-34
-14
12
-14
-43
-9
-35
-57
-70
-97
-85
-104
-130
-107
-135
-139
-151
-185
-173
-191
-195
-181
-229
-247
-218
-252
-257
-224
-203
-206
-200
-202
-191
-182
-202
-192
-174
-159
-175
-189
-203
-176
-200
-229
-195
-197
-214
-206
-181
-212
-192
-212
-231
-220
-240
-218
-207
-193
-210
-202
-167
-175
-166
-160
-156
-155
-151
-134
-114
-67
-80
-66
-54
-61
-73
-96
-79
-105
-99
-98
-107
-136
-161
-164
-146
-129
-132
-94
-95
-83
-109
-106
-110
-122
-91
-79
-72
-84
-65
-56
-15
-23
-22
51
66
59
73
107
114
103
102
118
108
92
64
56
80
66
50
66
68
88
84
49
72
39
31
32
31
53
63
74
61
129
146
142
177
176
195
203
193
212
250
249
241
227
248
242
200
196
229
209
147
138
113
126
88
55
53
42
23
-18
8
-5
2
12
17
4
1
8
-6
0
-6
14
6
16
-2
-25
-23
-43
-42
-42
-18
-11
-15
-19
-20
-29
-47
-30
-27
-65
-68
-47
-33
-41
-57
14
18
2
22
29
61
44
51
48
85
103
84
113
105
98
101
101
99
81
94
104
66
87
76
52
36
22
35
13
26
31
34
53
58
74
69
73
93
89
110
118
112
110
111
125
103
112
120
124
123
120
115
121
125
93
109
95
90
97
65
53
57
28
-1
-13
-21
-8
-33
-25
9
13
21
44
53
52
63
59
67
40
30
31
19
63
54
18
8
35
29
25
37
22
17
-13
-13
-36
-13
15
-19
-5
-4
-2
-10
-12
3
-8
-23
-13
5
9
3
0
-12
4
3
4
11
-5
-1
-40
-56
-47
-58
-71
-78
-95
-107
-98
-112
-95
-111
-96
-92
-109
-94
-98
-87
-92
-93
-99
-73
-93
-92
-81
-78
-48
-47
-10
-16
-6
23
15
-16
-7
19
-17
-22
-18
-26
-20
-10
-15
-1
-8
-36
-37
-31
-35
-47
-39
-37
-46
-63
-27
-37
-60
-36
-50
-57
-89
-68
-54
-63
-61
-16
3
-22
3
-27
-24
-4
-24
-38
-10
-9
0
15
7
23
3
13
-11
-20
-14
-11
-3
-16
28
20
-22
-24
-23
-42
-59
-58
-33
-17
-38
-26
-3
-7
-7
-20
-49
-39
-41
-82
-93
-90
-88
-82
-98
-84
-85
-76
-78
-107
-86
-93
-86
-81
-42
-18
-28
-1
-33
-32
-25
-43
-37
-9
9
15
41
50
62
73
70
88
93
75
69
65
67
77
78
73
75
68
33
24
11
0
5
-15
-5
-13
-20
-10
-35
-32
-46
-56
-43
-55
-46
-13
-15
-11
-9
-10
11
15
16
6
13
18
19
10
0
22
27
30
47
77
74
63
48
39
52
47
46
45
44
57
69
51
76
103
94
94
98
100
91
84
84
82
54
58
54
32
47
32
24
25
20
13
-6
-1
12
21
28
32
30
42
44
39
34
55
52
32
45
46
52
48
39
41
54
50
33
35
34
28
28
13
16
20
8
30
6
-4
7
-22
-53
-50
-39
-68
-59
-35
-45
-44
-43
-30
-6
-32
-25
-22
-47
-38
-56
-79
-84
-78
-77
-67
-62
-52
-45
-47
-36
-24
-8
-4
-10
-26
-31
-26
-31
-34
-23
-41
-48
-49
-59
-51
-62
-35
-22
-25
4
14
12
33
45
30
22
19
15
2
3
14
20
18
21
44
40
27
16
2
-6
-16
-14
-34
-43
-41
-58
-56
-47
-48
-49
-51
-52
-51
-62
-63
-52
-67
-57
-49
-56
-58
-47
-47
-44
-26
-30
-25
-17
-14
-7
2
9
25
19
22
32
34
45
27
15
7
15
18
22
27
21
9
-14
2
-2
-13
2
-6
-11
-20
-18
-25
-37
-20
-17
-15
2
14
1
10
0
-14
-3
-18
-6
-19
-21
-10
-18
-4
11
24
26
44
24
22
10
-14
-14
-13
-1
-12
2
-3
0
18
11
0
-3
-13
-29
-37
-74
-70
-76
-88
-67
-79
-77
-86
-109
-117
-135
-129
-126
-138
-123
-107
-102
-119
-102
-88
-93
-61
-50
-39
-12
-9
-12
