-45
-47
-42
-28
-20
-20
-29
-30
-23
-22
-13
13
38
45
49
47
45
47
58
79
99
115
119
121
124
121
118
106
102
90
66
52
45
38
37
46
45
47
38
29
21
-4
-15
-30
-33
-37
-58
-63
-69
-75
-77
-77
-57
-41
-22
-12
-9
-10
-8
-16
-32
-32
-40
-44
-38
-40
-49
-43
-42
-44
-41
-35
-17
-17
-15
-15
-23
-9
6
8
13
15
5
-2
-9
-4
-6
-6
6
4
2
7
14
22
30
26
15
0
-10
-9
-6
1
5
0
7
25
37
61
73
65
56
46
47
35
31
21
3
0
-10
-15
-14
-5
1
0
-3
-4
0
20
19
-9
-35
-64
-88
-101
-107
-106
-108
-120
-124
-119
-120
-101
-72
-64
-60
-50
-33
-12
3
21
32
47
61
71
79
75
77
71
62
61
64
61
72
82
77
71
62
57
53
55
51
45
29
19
9
-2
7
19
32
38
52
72
75
80
72
67
70
57
58
54
53
56
51
53
47
39
40
38
36
43
44
32
23
17
6
2
0
-9
-21
-27
-40
-50
-42
-39
-41
-35
-21
-8
-14
-20
-23
-16
5
32
51
58
62
50
46
26
13
16
11
18
17
13
18
17
12
14
16
11
2
-2
-14
-31
-39
-42
-42
-43
-49
-46
-46
-36
-28
-23
-22
-23
-17
-16
-13
0
15
10
12
5
-3
-4
-9
-13
-16
-5
-12
-22
-20
-28
-40
-40
-34
-41
-53
-52
-55
-55
-42
-35
-27
-28
-23
-24
-25
-27
-29
-17
-3
4
8
11
9
13
18
15
10
8
-6
-7
0
4
9
7
-2
2
8
6
9
-1
-2
-9
-19
-23
-21
-20
-17
-23
-35
-41
-53
-42
-43
-37
-28
-21
-27
-27
-30
-46
-29
-35
-30
-11
1
-1
-9
-12
-15
-24
-38
-39
-33
-22
-13
-20
-20
-8
-7
6
12
4
2
-6
-6
-8
-6
1
9
19
19
13
24
26
18
27
18
4
8
17
2
-9
-11
-10
-4
2
-2
-9
-10
-9
7
14
8
-1
-12
-20
-38
-51
-60
-64
-72
-68
-55
-46
-39
-36
-30
-23
-23
-30
-26
-22
-8
5
5
19
23
27
35
25
10
-1
9
20
27
45
45
55
56
40
37
36
26
23
9
-7
-12
-14
-19
-26
-37
-52
-53
-57
-58
-57
-57
-48
-40
-29
-7
-2
-2
10
23
38
46
52
49
56
54
44
44
31
25
25
25
19
21
32
54
75
86
84
64
56
31
2
-24
-37
-51
-57
-42
-37
-37
-34
-15
-16
-34
-40
-40
-32
-21
-26
-38
-43
-55
-55
-55
-69
-81
-85
-77
-72
-54
-34
-31
-20
-9
0
1
0
-4
-14
2
12
15
42
60
66
67
60
50
39
42
39
26
41
55
70
74
79
73
60
64
52
43
44
40
33
39
36
27
27
16
2
-9
-21
-26
-21
-20
-17
-19
-21
-21
-23
-13
-8
-13
-10
-8
-4
-2
3
9
2
0
-9
-10
-19
-24
-9
-1
5
16
25
26
22
15
3
-13
-30
-32
-23
-21
-16
-1
2
1
-12
-14
-19
-33
-21
-24
-17
-13
-11
-4
-1
3
8
13
10
24
42
48
53
49
47
47
34
46
55
54
66
65
62
58
55
47
38
27
24
23
17
12
-2
-19
-29
-33
-34
-36
-42
-38
-41
-49
-49
-48
-40
-39
-36
-32
-33
-22
-3
0
5
5
0
6
8
25
32
29
43
39
30
32
25
15
12
4
7
20
28
24
17
2
-12
-21
-21
-21
-18
-22
-40
-40
-53
-52
-56
-55
-37
-33
-23
-25
-12
5
22
39
39
33
35
42
46
45
44
38
28
25
13
17
34
38
33
30
13
-1
-17
-32
-34
-46
-41
-34
-32
-23
-23
-25
-20
-10
-14
-16
-10
-17
-20
-15
-7
-6
5
13
15
34
26
8
5
1
5
8
0
-4
-15
-27
-22
-27
-23
-11
-16
-10
2
0
0
-3
-21
-40
-47
-52
-61
-50
-46
-45
-34
-30
-24
-27
-23
-17
-17
-14
-9
1
1
0
-4
-13
-7
-15
-25
-18
-6
-3
3
0
-22
-28
-38
-42
-39
-41
-33
-26
-18
-4
3
8
10
3
10
-1
-11
-3
-3
-3
0
4
1
2
1
2
13
29
39
40
48
40
30
40
38
34
33
31
38
31
36
46
41
38
33
26
21
24
23
17
18
16
18
31
17
8
1
-1
-2
-19
-22
-32
-20
-13
-17
-23
-33
-43
-50
-52
-58
-43
-40
-33
-34
-39
-25
-33
-25
-17
-19
-28
-36
-37
-34
-24
-17
-5
11
21
24
30
26
21
19
14
11
15
30
43
47
41
33
29
26
30
35
25
27
34
36
38
29
26
28
21
20
25
31
28
25
24
17
17
3
5
9
-6
-10
-26
-52
-70
-83
-95
-97
-96
-90
-82
-72
-73
-75
-77
-89
-87
-93
-100
-79
-63
-47
-34
-33
-24
-19
-18
-14
-2
9
11
9
11
16
16
23
33
33
38
40
43
42
40
40
30
28
20
12
-2
-7
-12
-16
-7
-5
-13
-19
-19
-23
-14
-6
11
24
34
36
40
44
46
49
38
42
35
32
26
28
35
30
33
33
32
40
38
29
31
24
16
14
7
4
6
11
6
4
10
21
14
4
9
4
6
12
17
19
9
11
6
0
6
13
9
0
-1
-10
-16
-18
-14
-9
-5
2
13
14
15
23
27
35
26
24
23
14
19
23
31
37
52
50
47
63
69
73
71
61
54
48
24
15
23
13
11
4
-3
-6
-1
-3
-4
2
-8
-19
-28
-33
-39
-52
-60
-64
-60
-66
-72
-78
-77
-71
-60
-39
-36
-39
-37
-36
-45
-52
-52
-55
-45
-35
-34
-32
-19
-16
-16
-6
10
15
20
27
24
24
27
41
42
45
54
56
63
74
82
73
67
60
49
37
40
27
18
19
13
17
18
12
1
9
3
0
9
1
-20
-36
-40
-46
-49
-44
-33
-47
-63
-62
-62
-74
-81
-82
-92
-85
-81
-80
-73
-74
-67
-57
-63
-80
-82
-86
-88
-81
-83
-75
-64
-50
-26
-23
-14
18
30
24
45
84
124
148
158
177
195
190
197
212
243
270
259
257
259
247
250
242
210
183
127
79
64
54
50
59
32
-35
-73
-106
-108
-107
-145
-154
-160
-184
-198
-217
-252
-224
-203
-216
-228
-291
-273
-234
-202
-162
-167
-133
-109
-131
-127
-76
-43
-17
-36
-33
33
16
-17
-16
-2
2
-36
-41
-23
-23
-8
-3
-2
-17
18
92
72
64
100
96
53
67
75
59
50
35
81
63
57
56
-1
-28
-12
10
3
24
-10
-71
-102
-91
-62
-46
38
48
-32
-6
60
41
-8
-52
-102
-135
-37
39
-37
-71
-38
-718
-1519
-632
834
761
-624
-1256
-811
-903
-1053
149
1336
658
-662
-1219
-936
-269
701
1605
1289
337
-145
-268
-150
765
2058
2240
1103
101
73
356
841
1796
2196
1424
464
151
421
926
1831
1852
87
-1024
307
1635
189
-1219
22
672
-1826
-3090
-283
1213
-1420
-3283
-1579
-987
-2859
-2474
-26
-166
-2261
-2029
-831
-1414
-1457
522
1211
-391
-557
663
209
-424
1318
2728
1142
-222
858
1367
337
679
2113
1568
18
144
781
285
117
1019
938
-246
-385
84
-357
-729
68
454
-403
-890
-479
-392
-797
-488
97
17
-319
-346
-278
-332
-16
393
414
256
322
281
-15
82
519
669
314
117
146
-83
-419
-440
-271
-322
-526
-719
-849
-931
-1108
-2115
-2579
-1161
114
-544
-2183
-2332
-1739
-2168
-2017
-161
771
-413
-1620
-1736
-1100
-333
849
1747
1250
326
13
60
666
2013
2914
2570
1556
1197
1360
1407
2144
3425
3650
2599
1416
1012
1493
2146
2880
3144
2722
1544
-950
-2268
314
3761
2534
-1285
-1816
-708
-2947
-4883
-913
2811
-435
-5103
-4391
-2760
-4257
-3689
258
883
-2877
-4150
-2582
-2591
-2399
760
2527
-26
-1773
-474
-211
-902
1486
4291
2640
-190
419
1561
609
994
3553
3701
987
-2
756
527
389
1830
2294
516
-621
-325
-669
-1228
-36
1083
-37
-1463
-1281
-1052
-1583
-1179
148
474
-454
-982
-1023
-1024
-391
705
1049
536
360
220
-213
-37
973
1450
905
509
516
191
-184
-3
-951
-1704
185
1640
-487
-3568
-3091
-1174
-2000
-2751
-444
426
-2256
-4204
-3321
-1674
-901
25
725
-393
-1836
-1650
-640
923
2722
2887
1388
308
729
1617
2461
3799
4525
3178
1732
1963
2528
2805
3556
4234
3460
1879
1304
1975
2534
1716
-19
-452
1503
2100
-1346
-3549
-1196
-342
-3998
-4736
-370
166
-5365
-7065
-2801
-2127
-5118
-3627
237
-1565
-5549
-3978
-438
-851
-1455
1037
1477
-1082
-1016
1601
1821
1107
3015
4104
1445
10
2545
3709
1943
2041
3865
2619
-18
494
2336
1724
560
1452
1364
-836
-1534
-248
-141
-883
-387
-134
-1750
-2792
-1584
-824
-1518
-1268
-262
-796
-1850
-1402
-358
-158
61
764
658
-48
157
882
1053
915
992
1458
1406
635
114
477
971
444
-348
-132
222
-720
-1592
-1311
-906
-1145
-1585
-1631
-1685
-1937
-1996
-1632
-1248
-1086
-1232
-1417
-1070
-620
-374
-127
273
704
811
639
944
1550
1831
2215
2559
2573
2204
2385
3077
3118
2652
2810
3497
2751
1718
2193
3450
2041
-1634
-1637
2293
3511
-1362
-4491
-1505
-244
-4809
-6406
-722
1237
-5013
-8844
-4803
-2368
-5376
-5137
-792
-981
-5833
-6368
-2206
-620
-1376
-111
1068
-807
-2027
151
1969
1964
2913
4261
2643
288
1850
4489
4138
3118
4314
4605
1929
704
2745
4199
2939
2111
2359
1150
-584
-387
1068
879
17
-371
-1254
-2638
-2497
-957
-1067
-1965
-1959
-1513
-2507
-3223
-1934
-696
-719
-922
-585
-1405
-1757
-320
1196
842
-33
312
314
-167
359
1729
1467
286
-78
105
165
344
927
620
-461
-939
-548
-278
-162
30
-169
-679
-1019
-846
-466
-153
321
365
-85
-371
-251
336
876
1266
1577
1643
1355
1308
1730
2350
2737
2592
2869
2961
2583
2576
2647
3264
3222
899
-909
1218
4418
2159
-3185
-2847
1082
-1308
-6238
-3069
2236
-1650
-9141
-7447
-1557
-3333
-7110
-3796
-494
-4935
-8798
-4876
-204
-1445
-3225
-1116
-509
-2728
-2191
1230
2644
1943
2173
2408
1111
1063
3749
5223
3931
3613
4380
3223
1405
2577
5246
4655
2208
1855
2405
1085
33
1417
2325
728
-1032
-893
-1125
-2095
-1519
-435
-1202
-2723
-2585
-2225
-2897
-2826
-1179
-505
-1788
-2884
-2860
-1442
-81
-207
-1097
-990
-35
-543
-1227
329
2001
707
-944
-196
846
559
185
1007
1331
323
-351
28
580
778
684
432
400
279
69
128
532
993
780
255
323
597
721
934
1301
1372
1349
1444
1348
1173
1411
2504
2775
1930
1579
2027
2222
1734
991
374
995
2345
2149
-1004
-2904
-776
96
-2707
-3698
-381
-109
-5517
-8048
-3954
-1513
-4566
-5528
-2720
-3112
-7167
-7077
-2209
-637
-3310
-3828
-1570
-1749
-3313
-1622
1597
1937
336
666
1685
1492
1916
3934
4870
3612
2982
3646
3964
3673
4529
5529
4445
2978
3137
3687
2842
2333
3118
3011
1270
156
636
419
-529
-528
-295
-1357
-2512
-2188
-1920
-2605
-2963
-2367
-2542
-3761
-3468
-2023
-1985
-3073
-3327
-2493
-2096
-2266
-1552
-625
-834
-1555
-1612
-1007
-33
701
926
882
303
24
495
1529
2268
2073
1426
1235
1471
1614
2012
2188
2301
2144
1657
1274
1430
1937
2313
2285
1711
1692
1529
1124
1062
1713
2352
1893
1157
1121
1292
989
1100
63
-1222
495
3416
1643
-3917
-3858
1015
510
-4532
-2961
2702
-352
-8414
-7393
308
185
-5787
-4807
-146
-3118
-8842
-5737
1156
273
-4933
-4363
-849
-2196
-4365
-1228
2644
1297
-1708
-1169
478
541
1481
3840
3949
1842
1375
2328
2595
3175
5307
5815
2935
1297
2861
3890
2719
3049
4664
3328
131
-219
1961
1956
724
960
989
-1169
-2486
-1115
-261
-1128
-1600
-855
-1970
-4456
-4243
-1133
82
-1974
-3562
-3069
-2466
-3239
-2503
-113
291
-1825
-3141
-2149
-846
-229
493
1383
799
-837
-1051
585
2330
2787
1998
1353
1159
1164
1887
2905
3328
2923
1916
1361
1864
2416
3033
3153
2405
1674
1621
1858
1509
1770
2713
2498
202
-231
1897
1960
-149
-1898
-1077
407
861
-609
-3397
-3585
-1430
-2047
-5453
-3540
965
-1564
-8544
-8284
-1575
-1086
-5609
-4627
-514
-3401
-8403
-5643
965
764
-3924
-3219
-226
-1239
-3413
-704
3578
2896
-349
-734
1373
2133
2504
3914
4332
3250
1609
1722
2933
4054
5212
4172
2418
1367
2265
2724
2036
2814
3125
1879
-801
-582
1140
1063
149
-16
190
-1763
-2667
-1222
265
-535
-1804
-2802
-3342
-1566
-505
-1220
-2698
-2549
-1765
-3061
-2903
-307
130
-2264
-2997
-1907
-1309
-1082
-400
679
-233
-1448
-813
121
999
1491
1309
770
658
803
1520
2481
2915
2571
1480
1552
2627
2958
2872
3515
3443
2464
1843
2298
3524
3674
3027
1694
1289
1993
1784
1284
1644
2587
173
-3636
-2570
1263
1437
-2842
-4886
-2279
-980
-4653
-7010
-3373
-253
-3686
-8554
-6101
-1227
-3344
-7317
-4716
-944
-3448
-6701
-3730
105
-2021
-4719
-2130
623
-875
-2272
-431
1783
1333
234
970
2329
2725
2545
2797
3649
4350
3616
3098
3912
5055
4554
3328
3818
4560
3943
2529
2860
3690
2998
1624
1104
1578
1102
360
280
409
-165
-1245
-1206
-754
-1006
-1649
-2183
-2064
-2020
-1704
-1485
-1940
-2296
-2716
-2325
-1972
-1635
-1389
-1572
-1709
-2013
-1811
-1568
-627
-112
-526
-1079
-1103
-175
170
288
416
852
466
-112
505
1400
1878
1227
1006
1302
1412
1386
1689
2396
2427
1845
1465
1930
2440
2708
2701
2394
2221
1944
1883
2472
2981
2345
1249
1023
1232
431
-552
670
1890
-254
-3042
-2724
-1251
-2090
-3464
-2479
-1890
-4448
-6509
-4954
-3063
-3671
-4967
-4595
-4119
-5427
-5714
-4103
-2446
-2600
-3679
-3447
-2622
-1989
-1705
-460
660
659
82
-134
1205
2588
3377
3556
3399
3071
3060
3634
4565
5342
5049
4407
4122
4072
3914
3955
4241
4165
3526
2505
1894
1720
1600
1492
1086
637
-308
-1212
-1427
-1085
-1144
-1734
-2048
-3681
-4064
-2118
-906
-2226
-4488
-3825
-2427
-3290
-3197
-856
-868
-2947
-3721
-2394
-542
-879
-861
317
-623
-1730
-903
340
1751
1555
74
67
417
1042
1973
1707
1694
1810
751
667
1589
2106
2506
2242
1517
1122
1104
1702
2422
2237
2231
2252
1123
997
1706
2207
2522
2090
1847
756
-641
261
2103
2236
316
-1309
-1174
-950
-1649
-1622
-793
-1634
-3526
-4351
-3840
-3220
-3502
-3490
-3442
-4457
-5433
-5134
-4013
-3285
-3256
-3647
-3874
-3670
-3362
-2600
-1572
-912
-990
-1514
-1176
96
1192
1468
1804
2250
2381
2341
2747
4097
4767
4391
4062
4280
4539
4526
4650
4891
4695
3931
3375
3200
3313
3134
2577
2006
1398
812
259
70
107
48
-654
-1516
-2521
-3240
-1804
-591
-1487
-3260
-4025
-3133
-3104
-3301
-1773
-938
-2701
-4195
-3284
-1726
-1231
-1382
-701
-800
-2248
-2144
-271
1136
949
47
-358
111
320
812
1815
2049
1603
530
384
1482
2397
2270
1731
1723
1473
1013
1213
2180
2748
2080
1497
1434
1570
1987
2051
2154
2032
1757
1561
1213
553
202
1400
2503
1224
-1724
-1704
618
-150
-2528
-1423
582
-1894
-5203
-4102
-1433
-2737
-4733
-3114
-2574
-5353
-6352
-3660
-2054
-3677
-4836
-3753
-3188
-4004
-3545
-1780
-1216
-1788
-2039
-1544
-753
3
746
1204
1284
1380
1661
2256
3126
3782
3906
3846
3949
4087
4363
4446
4813
4971
4531
4004
3646
4007
3910
3618
3136
2608
2116
1453
1544
1411
990
-21
-683
-768
-1563
-2129
-1895
-1405
-2196
-3547
-3781
-3263
-3491
-3938
-3197
-2867
-3752
-4638
-4022
-2870
-2831
-3009
-2644
-2273
-2546
-2338
-1328
-427
-214
-553
-146
270
583
1131
1393
1814
1969
2033
1994
2044
2537
2808
2649
2062
2143
2607
2621
2346
2154
2418
2218
1604
1492
2134
2180
1518
1239
1793
2070
991
364
-32
300
1702
2304
695
-2030
-1986
-129
-165
-1544
-523
339
-2889
-5640
-4188
-1250
-1739
-3621
-3050
-3421
-5861
-6176
-2937
-1176
-2950
-4618
-4525
-3964
-3890
-2410
-743
-1081
-2237
-2731
-1964
-796
379
1197
1393
901
531
730
1568
3370
4222
3728
2890
2732
3454
4014
4722
5153
4702
3621
3221
3840
4363
4506
3862
3302
2616
2010
2201
2444
2334
1374
418
-53
-132
-821
-1524
-1042
-661
-1570
-3533
-3951
-3188
-3175
-3577
-3428
-3246
-4489
-5482
-4683
-3293
-3290
-4000
-3602
-3189
-3427
-3441
-2400
-1094
-951
-1303
-1234
-538
82
741
1413
1644
1896
1764
1917
2414
2981
3399
3265
3097
3042
3204
3100
3515
3856
3422
2978
2704
2957
2843
2769
2864
2875
2521
2253
2597
2008
1165
485
835
2077
2508
1317
-1161
-2039
-664
409
-564
-899
-358
-1994
-4602
-4581
-1810
-977
-2824
-3643
-3478
-4772
-5642
-3590
-1293
-2056
-4211
-4533
-3658
-3207
-2563
-1128
-766
-2131
-2958
-2153
-845
40
545
821
517
-46
141
1220
2717
3454
3191
2556
2296
2859
3723
4603
4939
4502
3712
3503
4058
4513
4685
4363
4044
3498
2689
2611
2931
2970
2019
1031
598
221
-206
-483
-1187
-2483
-2282
-1787
-2494
-4109
-4734
-3771
-4327
-5093
-4218
-4002
-5434
-6111
-5254
-4183
-4132
-4425
-3576
-3859
-4575
-3329
-1769
-1321
-1624
-1705
-1031
-264
-83
932
1759
1546
1545
1552
2206
2764
2917
3022
3172
2933
2573
2922
3087
3522
3362
2850
2592
2340
2594
2742
2741
2494
2255
1914
2085
2543
1892
578
-352
842
2867
2151
-763
-2135
-735
-210
-1608
-1615
236
-595
-4753
-5510
-2516
-1237
-3200
-4081
-2843
-3910
-5978
-4949
-1748
-1695
-4023
-4551
-3388
-2939
-3375
-2065
-707
-1233
-2588
-2488
-1058
-150
215
359
561
255
282
1119
2365
3264
3015
2659
2860
3607
4115
4379
4922
5288
5117
4415
4456
5172
5392
5064
4415
4122
3634
3032
2959
2990
2565
1278
377
117
91
-469
-1863
-2596
-2471
-2447
-3425
-4389
-4558
-4575
-5329
-5776
-4793
-4475
-5298
-6100
-5673
-4754
-4657
-4511
-3784
-3354
-3843
-3654
-2579
-1445
-1098
-1306
-842
-320
70
572
1250
1624
1637
1565
1789
2328
2510
2589
2690
2832
2701
2371
2407
2963
3415
3146
2669
2510
2687
2836
3110
3239
2830
2395
2246
2624
3228
3177
1850
-52
353
3285
4124
927
-1777
-581
606
-896
-1505
584
598
-3695
-5875
-3250
-1146
-2811
-4083
-2610
-3018
-6040
-6311
-2608
-807
-2976
-4622
-3617
-2845
-3580
-2793
-511
-176
-1999
-2724
-1183
205
297
615
1442
1460
688
934
2463
3646
3592
3228
3564
3721
3553
3835
4925
5564
4794
3821
3772
4298
4274
4134
4103
3730
2704
1855
2128
2430
2066
1103
225
-170
-399
-555
-841
-1461
-2441
-3120
-2991
-2689
-3192
-4125
-4509
-4414
-4482
-4645
-4322
-4115
-4524
-4932
-4531
-3738
-3476
-3620
-3550
-2996
-2611
-2350
-1959
-1400
-847
-624
-510
-151
606
1166
1479
1673
1921
2028
1972
2554
3380
3604
2967
2618
3184
3783
3711
3451
3611
3552
3175
2916
3282
3526
2811
2407
2570
2417
1803
1463
1947
1986
333
-1455
-640
1760
1893
-1002
-3123
-1909
-979
-2439
-2615
-528
-931
-4938
-6575
-3628
-1363
-3147
-4502
-3361
-3818
-5947
-5450
-1985
-1011
-3521
-4886
-3412
-2319
-2820
-2138
-472
-370
-1971
-2151
-193
1195
1051
952
1690
1874
1277
1579
3288
4477
3898
2927
3086
3765
4016
4316
4974
4980
3812
2923
3506
4409
4142
3274
2948
2746
1925
1407
1727
1919
1098
9
-308
-362
-642
-915
-951
-1750
-2821
-2731
-2189
-2434
-3380
-3584
-3319
-3800
-4564
-3893
-2943
-3511
-4274
-4338
-3586
-3316
-3404
-2635
-2128
-2807
-3263
-2283
-1141
-628
-758
-515
-82
-202
296
1474
2106
1830
1691
2092
2742
2819
2834
3321
3496
3335
3075
3190
3378
3449
3342
3217
2951
2526
2321
2228
2436
2267
1619
1040
823
877
988
1072
955
-340
-2201
-1439
1020
1505
-1062
-3092
-2073
-1123
-2148
-2240
-118
-279
-3654
-5390
-2765
-362
-1861
-3113
-1953
-1701
-4117
-4381
-1076
608
-1705
-3747
-1977
-557
-1478
-1747
212
988
-809
-1598
160
1698
565
144
1540
2311
1216
508
1880
2856
2414
1883
2699
3079
2409
2243
3065
3581
2865
2426
2740
2928
2351
2024
2298
2347
1786
1154
976
964
702
245
-35
-197
-394
-914
-1310
-1686
-2073
-2434
-2428
-2141
-2554
-3245
-3802
-3742
-3695
-3693
-3296
-3131
-3717
-4527
-4045
-2996
-2350
-2571
-2835
-2502
-2359
-1890
-986
-257
-378
-728
-432
574
1374
1430
1690
1806
1742
1993
2480
2855
2964
3026
3151
2774
1965
2167
2799
3010
2874
2528
1969
1122
954
1407
1903
1807
1041
360
-100
-12
344
458
385
328
206
-752
-1631
-812
964
1039
-818
-1567
-781
-705
-1434
-424
1218
203
-2174
-2512
-697
2
-667
-546
-15
-1170
-2743
-1916
64
432
-994
-1380
-622
-946
-1762
-1090
526
553
-716
-1232
-443
34
-183
359
1077
793
-168
-103
1109
1663
1307
1242
1650
1497
1077
1421
2213
2279
1735
1697
1924
1576
1101
1375
1964
1804
926
438
534
534
260
156
192
-188
-902
-1260
-891
-734
-1577
-2345
-1952
-1325
-1721
-2663
-2728
-2211
-2410
-2801
-2231
-1645
-2186
-2877
-2555
-1486
-1312
-1700
-1469
-1091
-968
-897
-403
189
323
-109
-95
438
916
1019
423
632
1087
961
859
627
839
990
616
320
315
783
762
43
-47
105
-11
-184
-171
358
204
-656
-604
-1
77
-155
-99
334
327
-76
417
1169
976
767
1063
1128
1117
1463
2155
2216
1556
1500
1493
1103
1109
1894
2235
1425
489
352
676
496
732
1172
766
-160
-679
-165
292
138
-2
-31
-335
-705
-556
-160
-195
-505
-411
-52
-193
-600
-559
-152
55
-114
-126
159
138
-130
23
444
477
123
102
539
747
398
126
359
676
589
216
259
368
214
15
58
243
-16
-302
-387
-198
-170
-466
-725
-958
-965
-947
-907
-1106
-1401
-1579
-1633
-1536
-1588
-1559
-1638
-1765
-1762
-1612
-1444
-1345
-1296
-1361
-1247
-1122
-985
-868
-775
-768
-676
-636
-806
-688
-537
-463
-601
-636
-563
-721
-746
-515
-238
-385
-701
-597
-154
97
14
-103
32
243
336
507
732
895
915
885
1088
1429
1604
1642
1655
1817
1904
2035
2291
2280
2167
2195
2383
2308
2065
2104
2373
2448
2059
1837
1991
1898
1511
1353
1541
1474
864
541
770
634
32
-189
27
-3
-571
-794
-440
-386
-746
-1094
-1060
-1036
-1049
-825
-697
-945
-1349
-1327
-909
-610
-725
-920
-872
-654
-501
-488
-380
-147
-49
-144
-54
230
386
201
27
300
636
609
344
240
376
394
188
146
212
81
-186
-223
-33
-213
-494
-492
-448
-552
-718
-697
-706
-911
-1039
-917
-766
-851
-1085
-1131
-1038
-981
-1050
-1219
-1294
-1275
-1182
-1226
-1178
-1166
-1357
-1426
-1388
-1179
-1119
-1171
-1249
-1367
-1443
-1394
-1072
-929
-1026
-1227
-1241
-973
-734
-606
-533
-413
-390
-337
-189
98
444
625
708
755
874
1038
1246
1338
1417
1561
1630
1687
1785
1921
1895
1809
1952
2200
2063
1719
1749
2052
2084
1839
1716
1725
1673
1424
1323
1460
1357
940
768
880
824
428
170
387
392
37
-197
-85
-59
-282
-366
-240
-145
-243
-318
-385
-289
-101
-60
-141
-199
-95
1
-4
20
208
259
154
212
456
610
495
365
458
550
447
466
673
669
388
232
359
423
186
-57
-30
42
-84
-226
-241
-327
-484
-568
-560
-551
-705
-890
-921
-879
-881
-905
-860
-853
-949
-1060
-1030
-978
-999
-980
-944
-1063
-1342
-1456
-1360
-1142
-1181
-1462
-1631
-1699
-1578
-1502
-1565
-1725
-1872
-1894
-1718
-1503
-1582
-1663
-1485
-1191
-1068
-1106
-967
-628
-473
-433
-224
17
209
269
454
754
815
771
882
1032
955
950
1186
1339
1121
863
997
1121
985
836
930
1012
825
631
657
827
763
558
586
713
716
618
648
737
762
767
778
781
772
919
962
884
844
944
1072
910
754
774
863
751
651
678
666
609
511
604
643
425
199
363
640
639
469
389
448
347
358
566
582
356
214
337
493
386
216
284
388
229
1
0
64
21
-197
-282
-302
-468
-581
-599
-519
-586
-796
-926
-854
-699
-670
-761
-904
-966
-973
-870
-716
-650
-735
-870
-850
-777
-693
-668
-684
-706
-780
-785
-768
-735
-710
-760
-812
-867
-955
-937
-825
-722
-664
-750
-817
-761
-656
-541
-460
-411
-433
-524
-550
-388
-271
-331
-400
-343
-204
-297
-446
-358
-149
-120
-328
-401
-285
-298
-480
-419
-166
-167
-361
-349
-112
-77
-207
-47
318
328
110
119
355
562
637
693
710
623
560
735
923
948
880
789
733
693
789
892
869
737
577
495
538
659
684
635
609
594
548
562
802
1018
854
658
810
1067
1077
944
1034
1209
1145
1051
1229
1343
1169
980
1040
1192
1112
935
891
908
772
589
518
549
528
345
263
251
151
7
-58
18
-16
-147
-253
-247
-263
-368
-268
-196
-343
-535
-560
-428
-350
-401
-499
-569
-646
-622
-615
-682
-760
-883
-966
-997
-941
-905
-984
-1142
-1203
-1059
-1008
-1094
-1123
-1025
-1012
-1195
-1185
-940
-748
-781
-926
-973
-945
-833
-658
-562
-606
-713
-737
-669
-571
-461
-441
-483
-503
-404
-297
-341
-362
-235
-83
-171
-332
-272
-115
-73
-122
-124
-106
-210
-252
-60
-12
-206
-353
-271
-172
-277
-331
-187
-149
-333
-411
-291
-256
-346
-334
-201
-165
-320
-300
-76
72
40
-66
32
194
253
292
425
579
622
602
693
896
955
940
1017
1188
1281
1266
1351
1433
1406
1370
1420
1487
1436
1387
1408
1401
1280
1153
1196
1167
944
729
719
731
510
300
249
214
71
-110
-178
-177
-278
-374
-367
-404
-429
-474
-459
-385
-464
-557
-507
-364
-312
-371
-412
-341
-229
-202
-256
-361
-366
-338
-300
-263
-302
-342
-438
-534
-513
-428
-415
-409
-402
-463
-476
-465
-418
-369
-298
-198
-201
-288
-248
-31
56
27
80
245
252
69
94
340
489
327
191
252
236
86
43
179
206
-22
-266
-219
-136
-279
-402
-377
-436
-597
-717
-705
-678
-804
-850
-761
-751
-921
-1018
-931
-826
-842
-897
-836
-828
-864
-805
-651
-569
-602
-556
-431
-366
-332
-269
-193
-148
-76
64
147
157
158
267
414
516
552
589
726
846
871
829
924
1054
1063
1021
1029
1055
997
960
1029
1047
859
722
803
873
750
627
662
654
466
376
524
644
572
385
350
422
460
487
544
623
566
479
507
618
649
585
578
550
448
337
349
458
397
206
74
13
-81
-225
-217
-148
-215
-373
-466
-442
-454
-448
-406
-408
-457
-523
-467
-280
-109
-18
-44
-109
-49
53
174
270
328
299
161
189
382
433
263
200
274
246
126
125
218
89
-191
-256
-98
-121
-306
-383
-327
-378
-590
-640
-606
-653
-836
-944
-877
-892
-1046
-1195
-1139
-1035
-1081
-1240
-1316
-1281
-1268
-1262
-1188
-1072
-1118
-1248
-1201
-1029
-971
-968
-888
-731
-715
-794
-668
-433
-269
-277
-238
-64
45
33
67
192
267
337
418
495
448
425
565
720
774
708
654
601
532
554
700
756
622
533
576
608
600
638
741
730
583
532
584
582
521
542
585
504
319
274
386
375
256
202
231
134
-52
-61
140
232
33
-181
-193
-124
-129
-127
-72
-130
-263
-279
-181
-88
-100
-129
-144
-117
-76
-36
13
23
50
29
9
37
132
221
280
319
278
217
203
335
438
412
327
289
279
280
392
458
350
165
153
276
316
322
346
260
63
-18
115
232
146
-13
-98
-143
-160
-87
-30
-109
-302
-398
-351
-300
-284
-293
-345
-407
-402
-378
-351
-392
-463
-529
-533
-455
-404
-418
-492
-499
-496
-500
-499
-474
-445
-469
-473
-443
-368
-356
-398
-347
-227
-167
-217
-242
-144
-14
-34
-79
-2
56
50
101
226
283
225
209
310
399
385
340
327
295
267
315
449
544
448
235
150
270
369
329
244
167
63
-11
39
144
151
36
-38
-23
-1
11
47
59
13
-78
-127
-30
58
83
94
88
57
66
174
256
218
122
142
220
226
200
248
304
222
103
120
218
153
54
95
181
161
51
92
224
214
131
120
171
125
29
111
274
256
90
86
210
280
256
224
236
152
67
60
105
88
-28
-103
-130
-143
-183
-239
-273
-327
-403
-462
-468
-471
-519
-567
-581
-546
-567
-606
-595
-581
-597
-626
-587
-533
-494
-522
-507
-427
-406
-382
-333
-265
-262
-232
-161
-153
-174
-131
24
90
32
28
117
166
115
87
161
166
90
79
142
222
238
247
286
254
141
135
285
371
304
203
168
120
73
139
233
189
12
-90
-79
-50
-18
13
-28
-187
-296
-241
-128
-81
-146
-229
-257
-252
-216
-235
-266
-249
-216
-192
-241
-288
-251
-202
-171
-151
-202
-276
-240
-99
-3
-20
-82
-96
-55
-17
59
147
155
112
127
204
267
294
296
323
355
400
465
513
507
459
477
567
642
618
559
540
562
567
520
511
474
368
315
351
387
332
244
222
212
109
36
44
29
-24
-60
-44
-50
-81
-85
-88
-114
-157
-173
-145
-130
-144
-170
-182
-190
-212
-215
-196
-160
-150
-155
-150
-143
-166
-186
-163
-169
-213
-265
-220
-138
-161
-262
-338
-320
-283
-280
-280
-290
-302
-310
-272
-179
-175
-240
-285
-250
-196
-192
-174
-126
-52
-49
-60
-18
62
102
44
28
82
117
94
72
95
133
138
131
140
146
185
213
207
193
155
135
152
162
160
133
106
85
81
124
144
92
17
32
68
17
-24
-29
-29
-48
-34
-11
-73
-156
-120
-19
-44
-136
-156
-113
-93
-112
-96
-90
-118
-146
-127
-81
-97
-112
-102
-71
-44
-45
-22
4
36
23
-16
-48
-35
-20
-18
49
102
108
78
74
132
199
231
253
257
251
271
281
308
344
396
429
416
401
435
444
410
428
465
440
331
266
258
233
196
184
182
106
12
-23
0
-12
-77
-138
-219
-298
-301
-284
-318
-400
-487
-522
-559
-577
-534
-466
-478
-536
-542
-529
-509
-481
-414
-374
-429
-476
-375
-249
-252
-298
-274
-185
-166
-168
-124
-88
-66
-49
-15
11
18
13
32
53
63
83
95
117
145
149
150
151
124
126
157
206
224
191
173
188
204
190
174
159
149
138
141
124
75
16
-23
4
18
-6
-85
-139
-138
-147
-163
-219
-281
-328
-348
-328
-310
-377
-455
-452
-386
-335
-353
-390
-394
-355
-320
-250
-188
-157
-147
-153
-89
7
55
52
76
153
232
269
318
368
379
407
512
629
652
590
545
572
599
582
533
501
471
442
453
480
439
310
215
215
249
205
112
69
42
-33
-120
-129
-107
-142
-200
-203
-173
-207
-229
-165
-133
-198
-272
-261
-196
-191
-217
-209
-172
-143
-133
-120
-134
-145
-155
-130
-83
-75
-98
-131
-109
-66
-66
-94
-113
-93
-52
19
90
83
50
42
86
134
143
163
197
208
202
244
284
262
229
248
291
272
238
253
264
210
155
192
208
137
75
81
69
-28
-89
-64
-89
-215
-320
-316
-282
-337
-426
-455
-445
-440
-455
-472
-485
-513
-507
-473
-462
-426
-396
-342
-266
-239
-227
-202
-143
-79
13
107
165
204
254
319
342
359
419
505
537
534
545
564
567
541
520
504
488
455
421
397
373
322
208
104
74
58
-1
-98
-152
-144
-193
-279
-295
-284
-325
-385
-380
-359
-366
-380
-390
-350
-317
-299
-270
-251
-208
-168
-130
-94
-57
-19
-15
-9
-2
0
-17
-27
1
14
-3
-15
3
-2
-44
-54
-50
-23
-5
-5
17
10
-24
-10
48
76
77
76
107
187
241
267
277
277
267
282
345
399
376
318
320
355
366
342
302
238
170
140
146
110
10
-46
-83
-117
-162
-223
-268
-339
-410
-441
-439
-451
-480
-512
-520
-504
-526
-537
-468
-397
-395
-430
-405
-289
-233
-248
-224
-135
-56
-11
64
148
185
175
225
329
398
397
409
467
461
456
496
522
497
426
400
407
380
332
281
239
182
105
56
28
-3
-64
-120
-125
-109
-149
-193
-185
-165
-175
-201
-203
-188
-177
-193
-190
-166
-154
-167
-164
-102
-29
-14
-31
-5
24
37
50
61
53
25
19
28
34
16
-10
-25
-44
-60
-44
-31
-42
-56
-47
-24
-59
-84
-58
-26
-25
-49
-14
33
47
55
97
136
128
102
112
160
188
194
198
181
117
83
120
148
114
51
31
48
23
-1
28
39
-13
-90
-99
-75
-73
-93
-91
-59
-88
-115
-94
-40
2
-2
-2
22
65
117
161
164
143
145
179
194
219
269
286
270
236
248
276
232
187
197
192
145
83
34
32
6
-64
-94
-114
-162
-217
-267
-276
-311
-383
-455
-489
-494
-540
-574
-558
-541
-564
-583
-552
-515
-502
-478
-434
-417
-414
-381
-291
-206
-204
-194
-138
-79
-39
9
66
80
77
101
148
177
171
144
126
123
129
129
118
117
117
105
94
102
81
41
52
67
57
23
5
7
-10
-13
23
46
36
16
7
25
46
56
63
51
17
-3
-9
-7
-19
-57
-70
-85
-111
-133
-129
-108
-121
-147
-146
-145
-178
-195
-165
-121
-129
-160
-141
-77
-36
-20
17
52
69
73
113
189
225
235
277
312
328
360
403
416
378
358
374
390
365
347
356
328
290
293
301
274
199
131
125
120
85
34
-32
-110
-199
-254
-265
-282
-308
-364
-402
-415
-432
-446
-483
-506
-513
-521
-535
-529
-524
-540
-521
-508
-480
-433
-382
-340
-322
-281
-225
-178
-146
-125
-77
-23
-5
27
80
128
145
155
194
252
297
293
300
331
358
376
385
399
406
386
381
366
351
366
377
391
362
318
297
300
288
247
232
205
167
116
87
80
82
77
25
-40
-68
-20
-17
-65
-95
-107
-124
-170
-175
-171
-199
-192
-143
-131
-150
-163
-163
-100
-18
14
58
131
221
265
280
364
437
482
530
612
703
721
733
818
917
951
954
949
978
1015
981
952
945
945
934
884
856
823
749
681
623
563
518
464
321
200
146
74
16
-39
-101
-194
-302
-329
-314
-346
-414
-476
-486
-457
-475
-510
-523
-528
-540
-545
-505
-502
-563
-557
-483
-438
-459
-519
-521
-450
-408
-406
-420
-423
-414
-396
-364
-321
-304
-348
-347
-340
-346
-322
-340
-337
-334
-348
-320
-320
-350
-344
-306
-284
-286
-309
-312
-276
-275
-274
-272
-280
-257
-257
-280
-267
-257
-253
-232
-245
-263
-266
-264
-266
-280
-273
-256
-289
-343
-338
-342
-343
-278
-269
-297
-326
-328
-309
-291
-227
-182
-190
-189
-168
-126
-56
31
69
58
149
253
338
441
500
502
562
649
687
778
832
786
816
813
707
747
812
853
-521
-1262
1790
3138
313
-1740
-116
2702
1129
-1694
-479
1827
2055
269
-1449
-895
1318
661
-351
782
1173
881
-998
-1634
-803
-65
465
-321
-1930
-1823
525
16
-865
-385
-61
883
-448
-655
782
-167
93
991
-469
-435
1046
421
667
698
407
1098
-208
6
-238
-66
898
327
-76
-1666
1104
874
-1352
887
206
312
-579
-286
740
-232
-379
-1406
-116
-133
-433
-837
-1058
33
-2140
-1342
27
-1241
-1575
-1583
-423
-205
-2014
-1633
-277
-361
-1171
-2157
3
1634
-2353
-3217
1436
969
-1710
-1945
929
1830
-2399
-1743
2067
728
-2071
336
360
-115
1255
-320
-605
578
2267
82
-1806
2558
1994
-788
-315
354
3182
-751
-1141
3035
-122
217
1395
178
288
1595
1434
-418
106
1041
1740
302
-1387
1268
1810
374
-329
933
1123
13
1001
915
124
-66
1408
833
-289
-627
862
1334
-923
-646
946
1252
-608
-887
407
-45
-279
503
-112
-733
-994
1270
217
-2614
123
2047
-105
-2060
35
1747
-276
-806
906
-871
309
1472
-471
-746
224
1226
-278
-824
1228
1458
-1497
-289
1897
-140
-904
411
673
302
-1409
-495
1554
-903
-1302
734
-111
-958
-38
-714
-441
-149
-612
-247
-373
-891
-146
-741
-952
1020
-1081
-1536
713
1135
-1608
-1822
1755
593
-972
-1793
556
2138
-2052
-660
502
418
797
-2560
506
2135
-1162
-901
-155
437
624
-1550
-1010
1935
-1825
-1956
1703
-124
-254
-1954
-1535
2913
-105
-3110
304
1134
-354
-413
-2019
1397
2687
-3422
-821
2163
1289
-18
-1979
930
2399
51
-1719
791
1526
-38
190
-776
866
1309
-238
-916
-428
2111
1296
-2311
-969
2445
100
-468
-532
-868
1784
-405
-937
599
-638
475
579
-1241
341
1358
-950
614
513
-1394
742
1275
891
-1346
-823
2379
1438
-1489
-1035
2002
1648
-1295
-723
1820
589
62
-1146
-186
2498
-226
-1209
275
300
734
-162
-1283
502
398
-238
812
-1080
-923
1707
3
-1246
-429
1001
962
-1851
-834
2014
-135
-1757
554
667
-330
-278
21
461
-422
-513
1083
-336
-1312
721
407
-801
-163
-327
693
27
-2045
476
-174
212
431
-1831
-388
774
73
-1675
-3
453
-585
-69
-954
146
200
-1463
390
529
-1173
274
44
-369
339
-1161
564
790
-1044
1183
72
-384
878
-291
852
-185
-722
2028
82
-675
729
126
-25
-15
344
391
122
-307
511
-351
-455
644
-281
96
29
-63
116
509
-845
434
1657
-1116
-438
354
1225
49
-1044
763
609
-58
190
1022
-255
-663
1729
737
-1013
565
1274
776
-146
-771
1113
1951
-637
219
1573
-12
443
848
956
-495
-85
1754
543
-1084
-595
2163
99
-1848
701
665
-438
-6
254
-634
-591
462
713
-890
-1880
1573
1332
-1929
-724
825
376
-445
184
-726
620
228
-744
1644
-1552
208
2049
-1221
770
285
-1215
1968
508
-1163
396
-346
948
347
-1717
410
1214
-385
-899
-236
143
-782
-119
329
-796
-947
-648
-224
202
-937
-1281
515
-711
-1014
389
-541
-1530
23
353
-1559
-787
410
152
-963
-1455
772
525
-1850
135
-186
-973
-184
7
-64
-1767
-740
441
-169
-1343
-293
298
-444
-483
-645
47
-324
-1433
268
1219
-926
-592
-158
1121
282
-2005
719
1718
128
-171
-474
501
1328
-258
-103
508
716
1178
782
-161
-256
988
1254
-135
-526
883
1553
559
-1253
307
967
-266
591
-443
-487
763
47
-268
-282
-648
27
748
117
-679
200
103
-65
92
-780
446
174
-300
382
-406
575
728
-915
118
474
-110
436
-395
27
135
-684
440
23
-26
238
-640
553
461
-105
41
-834
-69
680
25
159
138
-463
-94
478
-39
196
433
-1010
426
924
-710
191
380
-63
209
-165
-254
812
49
-721
-86
-226
-218
561
-404
-930
205
-466
112
-324
-1707
-393
366
-876
-1044
-653
-889
311
-558
-1728
-326
239
-382
-654
-734
-532
-90
-638
-622
201
-430
-731
216
-393
55
246
-754
1063
-145
-1247
1318
827
104
-230
507
1729
29
511
927
519
1326
483
425
476
681
1473
269
-471
1115
1198
-137
752
659
-153
772
663
286
-16
-483
1103
1056
-980
-160
947
162
-76
-117
-323
237
614
-94
-1016
-230
1022
26
-1041
-354
309
719
-155
-174
302
-397
212
503
157
-145
-246
443
705
-122
167
757
524
381
353
249
836
928
293
347
-134
732
750
-185
634
982
-355
-235
804
821
70
-797
570
874
40
-532
-4
505
-137
-278
-70
-40
-294
199
96
-536
-667
-215
184
210
-617
-778
-3
64
-301
-785
-646
-435
-196
-238
-921
-835
-452
-443
-118
-1351
-971
351
-715
-672
-477
-654
-351
-197
-556
-335
-276
-711
511
-19
-1075
248
64
-175
80
-203
120
-148
-66
73
-197
-200
77
440
-118
-357
151
499
486
115
134
-10
272
306
-52
195
-33
318
-97
-401
149
-68
32
-492
-454
86
-372
-362
-365
-503
-298
-238
-225
-352
-577
106
364
-787
-449
-140
-348
297
-623
-707
277
-156
-216
-274
-427
236
400
-174
0
-115
-19
644
318
-18
44
474
517
618
578
95
423
808
411
875
511
163
898
484
528
378
461
628
999
364
-279
747
800
863
-63
-259
814
423
596
236
-203
534
-11
-305
129
331
-86
-490
-273
-199
-155
-572
-287
-53
-639
-437
-505
-523
-102
-499
-783
-496
-434
-559
-214
-483
-518
-598
-829
71
-610
-958
-247
-98
-521
-418
-418
-460
494
-259
-276
63
1
272
183
90
-42
331
160
211
209
50
387
474
108
-106
223
130
195
689
51
-380
673
358
47
366
-221
316
367
-152
159
164
-82
157
11
-166
-111
-162
121
-173
-174
-193
-413
-153
36
-220
-123
31
-285
204
218
-261
-9
-200
97
401
-378
-86
13
242
307
-426
-170
340
492
-106
28
267
-41
76
341
211
242
146
19
876
357
1
479
269
97
382
594
164
119
179
463
426
26
439
443
363
446
-133
260
502
189
330
16
97
201
132
-28
103
119
-31
-231
-154
383
-293
-219
-191
-198
-234
-393
112
-112
-218
-317
-487
-274
147
-370
-338
-312
-155
121
-629
-475
-231
-496
-459
155
-458
-510
-188
-691
153
44
-668
-112
-50
-24
-171
-192
143
-227
-268
-230
24
-190
-40
123
-375
-285
-27
141
105
-93
-392
47
146
-109
43
-353
-314
129
-104
-213
-342
-99
-65
-432
-353
55
46
-120
-228
-445
380
-60
66
177
-358
217
-65
114
252
-122
-296
156
323
-50
-187
155
415
49
-216
-37
257
289
78
-296
100
-184
-152
493
69
-261
-160
157
460
-190
-463
310
148
155
-149
-136
212
127
252
-95
-5
244
354
172
221
133
-13
366
463
227
-116
-59
226
619
-38
-339
168
130
320
-226
-295
199
6
76
-70
-291
-236
168
171
-285
-187
-321
340
474
-263
-13
-106
176
422
138
-183
31
493
223
324
-142
96
554
45
273
88
159
271
51
144
54
-5
140
111
35
97
-149
21
-20
29
144
-351
-54
177
244
-3
-221
21
66
191
3
-152
-95
173
91
202
-87
-218
256
167
138
-190
3
-20
110
309
-197
-147
146
162
-110
-10
-89
-120
96
-70
-192
-259
-292
-25
82
-333
-355
-232
68
178
-306
-415
-259
117
102
-219
-126
-46
-128
33
154
51
-267
-276
67
34
-125
-122
-96
-148
30
-27
-27
21
-110
-102
-126
46
62
-30
19
144
16
-29
68
149
215
-112
150
127
3
215
-26
268
25
-193
199
168
112
-224
-68
362
11
-65
-95
-1
178
-56
-100
53
-105
-276
52
-251
-196
-19
-144
-208
-379
-2
15
-143
-90
-189
-260
170
-35
-94
-152
-203
238
8
-7
-124
29
65
-60
-33
138
117
121
31
-123
273
-17
63
28
-260
41
185
165
59
-253
57
58
-64
66
-237
-39
0
-7
-113
16
-51
-116
-65
-132
0
-177
22
60
-132
-245
-59
-135
-262
-80
-93
-20
-189
-95
38
-69
-105
-199
-183
-107
-132
-135
17
-86
-154
-20
-92
-255
-134
47
-66
-96
1
-5
-6
69
-30
-122
-141
-35
224
31
-136
144
208
148
109
27
-19
164
255
-103
128
203
22
165
-99
73
216
18
-55
29
23
52
102
-154
-11
-183
-197
83
9
-20
-77
34
49
122
65
-193
-2
12
-87
3
87
178
15
103
9
-31
243
-76
-26
185
164
207
146
233
230
23
170
281
127
309
138
38
149
204
200
-107
-23
105
-16
114
92
15
-51
-9
173
-35
-6
-83
14
37
-52
21
31
78
-11
32
96
162
-110
77
146
52
179
2
2
63
-48
-34
47
-5
-32
-104
18
-53
28
-94
-239
-94
-150
-119
-12
13
-133
-102
-103
118
-25
-125
-126
9
253
-60
134
148
70
126
135
143
285
172
82
271
116
166
45
145
40
-44
44
160
311
-179
-13
36
-32
190
-128
-149
-25
-128
74
17
-225
-39
-44
41
9
-137
32
37
-60
66
146
73
-55
-2
196
-90
-81
229
109
-199
-32
158
-45
-103
-92
13
16
-61
-47
-29
-141
-22
-26
-163
-98
-125
0
-15
-97
-96
-120
-23
-64
-80
-38
-109
35
-92
-102
30
-38
-2
-81
94
-51
-59
191
44
24
55
83
20
38
-19
-142
48
1
-163
-18
-25
-83
-34
-23
-49
-21
-46
-45
3
-31
-27
-79
-53
-74
-49
-104
-16
-32
-256
-88
-94
21
-74
-159
32
-111
-26
-19
-6
-22
-159
97
58
-104
-26
-108
51
-75
-267
53
-24
-139
-73
-93
-152
-93
66
-35
-86
-46
-55
81
-27
-83
0
42
82
-66
-28
14
83
-142
14
131
-63
49
-56
104
22
68
37
-164
-39
29
90
-115
-192
48
58
-56
-29
8
29
-26
84
39
-48
67
65
1
-2
-17
-33
22
25
140
42
-36
58
-31
70
200
-81
-75
44
-16
143
-27
26
52
-59
109
46
46
-54
80
177
-64
-8
79
6
-57
-57
22
62
-114
-41
-81
-115
24
16
-8
-202
10
31
-77
27
-60
-103
-52
-3
-36
46
-172
-121
98
-38
55
52
17
116
136
36
134
170
35
98
185
170
57
70
150
85
12
138
77
-26
53
150
134
26
-9
45
195
27
12
32
60
141
2
49
30
96
77
-69
21
162
76
-27
59
24
116
152
5
-5
89
130
115
24
-23
135
5
-35
-26
-68
55
3
-54
-70
-85
24
86
-188
-127
-13
-22
-24
-114
-44
-29
4
-22
-75
-77
-19
-150
-38
61
-36
-97
-66
-71
-156
-67
-161
-78
-155
-52
-64
-72
-39
-150
-28
-157
-104
-40
3
-60
-154
-133
-55
-63
-23
-74
-98
7
8
-7
-56
48
-89
-30
93
-27
-70
-106
-127
35
-71
-103
-65
-181
-64
-197
-155
-218
-232
-55
-148
-162
-188
-217
-58
-61
-215
-269
-152
24
-111
-151
-110
-84
-53
-25
-24
-167
51
138
-34
0
-108
11
78
-2
41
-107
-30
125
56
-17
12
42
124
42
78
100
-11
133
112
33
19
72
103
71
116
97
-59
142
192
117
64
96
318
71
187
153
67
183
115
-6
49
69
-51
180
-3
-58
54
14
24
107
32
79
48
-35
99
-72
100
-19
30
97
10
42
32
55
-43
86
9
83
14
56
-33
-6
88
-90
12
-21
70
-108
-28
65
-10
46
-47
12
15
-21
66
13
-38
70
42
45
14
118
94
35
231
122
58
147
82
161
141
-41
133
200
93
-24
12
169
70
32
-23
6
142
76
16
1
12
94
120
18
31
61
-6
144
101
-38
33
145
132
4
20
65
86
33
79
-7
3
131
32
-23
-29
26
92
107
-3
85
72
56
139
40
28
24
36
69
137
41
44
180
212
163
88
208
307
269
130
149
213
162
175
175
135
74
124
127
102
95
38
-44
32
67
-153
-88
0
-81
-129
-145
-118
-108
-191
-103
-94
-159
-61
-67
-59
-208
-62
-25
-73
42
-118
-42
36
35
-49
-48
22
-41
-31
15
-75
-105
-96
-200
-240
-204
-107
-240
-266
-220
-118
-148
-279
-184
-237
-172
-140
-287
-340
-260
-222
-201
-231
-216
-152
-204
-151
-169
-281
-153
-175
-252
-210
-249
-172
-268
-308
-240
-265
-328
-269
-257
-280
-253
-298
-178
-146
-183
-148
-135
-159
-37
-34
-19
-47
-9
116
71
142
40
53
101
196
137
46
152
93
94
85
58
36
44
32
18
48
14
-74
-76
-52
-99
-149
-52
-103
-179
-61
-101
-58
43
14
0
73
74
142
108
28
170
132
117
258
115
60
206
70
28
11
9
63
-26
-102
-25
5
-56
-70
-135
-6
10
-52
-19
-49
0
40
-2
90
142
29
113
210
181
208
218
80
128
143
205
242
95
150
149
166
169
150
36
34
134
41
62
23
36
148
21
89
171
127
175
91
123
212
235
160
157
163
156
188
70
99
153
97
104
72
8
44
-6
-90
-46
-64
-135
-106
-117
-77
-153
-126
4
-180
-81
-32
20
6
-87
59
103
86
49
162
149
181
237
249
249
190
212
181
223
195
74
85
87
77
62
-63
42
-19
-152
-128
-152
-91
-114
-127
-195
-179
-57
-58
-144
-77
-32
44
105
28
121
179
191
179
182
149
296
226
134
257
180
240
177
80
71
119
4
-41
-68
-103
-1
-194
-144
-76
-84
-133
-157
-81
-53
18
-39
-32
10
-1
-33
77
36
36
113
2
119
153
118
107
40
57
66
41
10
-26
-88
-128
-94
-119
-184
-228
-203
-205
-242
-259
-263
-193
-240
-274
-188
-133
-198
-150
-133
-106
22
-36
10
16
63
94
5
33
76
84
15
-5
3
-1
-23
-112
-122
-79
-92
-133
-178
-132
-181
-210
-89
-195
-277
-216
-223
-220
-171
-151
-212
-210
-108
-64
-111
-113
-43
-74
-96
-55
-100
-36
-17
-134
-60
6
-63
-62
-101
-64
-58
-63
-63
-155
-25
-86
-122
-78
-160
-57
-27
-44
-20
-2
37
44
-14
49
118
123
124
118
136
166
232
163
151
133
151
189
116
185
138
128
167
86
86
69
117
102
30
49
100
76
49
46
33
88
32
48
19
3
79
33
42
92
76
89
146
121
170
186
121
122
131
137
128
86
135
99
79
173
106
113
69
57
146
69
24
76
58
80
55
26
61
38
63
54
132
98
116
149
92
131
96
110
79
96
104
68
107
131
75
40
114
146
134
23
20
45
55
38
-41
48
35
29
22
12
17
-10
-10
-40
-16
-4
35
-32
-17
-29
-20
35
-81
-23
-68
-161
-111
-126
-143
-175
-171
-166
-145
-92
-117
-109
-121
-98
-92
-111
-125
-181
-86
-54
-83
-51
-65
35
68
-6
33
26
32
25
10
31
36
15
35
32
-26
51
22
18
30
-13
15
-5
-19
-6
-51
-61
-24
-52
-25
-16
-34
-19
7
30
27
38
118
106
60
116
109
108
52
56
59
11
23
-11
0
-33
-43
-33
-73
-67
-122
-134
-189
-213
-146
-235
-259
-289
-306
-219
-212
-191
-193
-150
-62
-73
-71
14
38
-16
42
27
-9
25
11
18
-13
36
48
21
33
32
47
8
-23
-38
-63
-131
-148
-149
-143
-123
-178
-156
-162
-177
-133
-165
-137
-106
-72
-25
-31
-6
-24
-66
-78
-65
-47
-34
-14
13
18
43
60
-18
-23
23
-30
-72
-84
-121
-65
-100
-192
-200
-146
-118
-169
-114
-102
-102
-52
-36
-70
-83
-16
-10
-46
-57
-16
18
12
-2
20
35
74
70
40
72
57
50
21
4
43
71
18
39
102
92
57
24
57
49
60
31
51
78
24
88
78
4
53
121
82
100
155
113
132
125
88
94
83
109
92
75
97
94
139
131
88
137
151
163
154
120
166
139
115
133
109
103
139
101
89
121
90
117
72
50
72
51
20
-5
7
-14
-22
-68
-73
-36
-56
-57
-44
-42
-52
-1
5
-27
-17
-3
26
38
24
14
41
66
60
70
29
21
52
32
27
35
52
45
-10
-37
8
6
-42
-36
7
-25
6
41
-30
-19
-20
12
-19
-73
-22
-21
-28
-34
-9
27
13
13
22
-8
11
26
-25
-22
-35
-11
19
-39
-12
1
-40
-36
-45
-59
-27
-27
-21
-14
-37
4
-4
-22
-66
-9
22
-26
-15
-52
-15
-6
-1
-36
-40
-9
3
-3
-28
17
5
-3
-38
-69
-80
-72
-65
-77
-96
-84
-46
-42
-32
-49
-45
-19
-18
-57
-36
-60
-72
-83
-122
-82
-98
-92
-93
-91
-73
-44
-43
-56
-58
-75
-30
-54
-52
-64
-59
-44
-95
-47
-61
-63
-13
-46
-50
-35
-23
-22
-47
-51
-48
-22
-23
-79
-98
-91
-65
-79
-108
-90
-88
-103
-111
-131
-123
-115
-147
-139
-150
-127
-104
-124
-92
-63
-51
-32
-1
-5
10
30
-5
-38
-15
8
-35
-32
-2
-3
-2
-6
-29
1
0
-5
-3
-52
-26
-42
-47
-69
-72
-41
-36
-48
-66
-2
-12
5
10
26
82
70
79
57
45
68
81
73
86
59
81
121
84
94
102
126
131
112
123
131
108
132
108
70
104
57
82
96
103
140
116
153
149
146
166
183
197
178
196
200
174
156
181
175
164
193
207
201
205
214
175
156
160
185
187
171
169
177
174
157
158
123
136
166
147
109
123
129
111
124
101
106
116
117
93
88
96
95
86
64
48
34
43
22
23
30
41
53
61
42
35
29
-8
-11
-32
-19
-24
-35
-44
-29
-1
-17
-10
-33
-41
-15
-10
-36
-40
-42
-34
-84
-81
-34
-82
-53
-52
-72
-70
-33
-33
-75
-56
-93
-54
-37
-75
-62
-91
-66
-44
-97
-94
-79
-83
-88
-106
-95
-106
-124
-110
-108
-93
-74
-65
-64
-78
-89
-75
-59
-82
-89
-76
-76
-66
-90
-124
-137
-121
-131
-140
-126
-131
-113
-146
-133
-108
-114
-105
-106
-116
-107
-81
-128
-104
-83
-110
-97
-80
-59
-69
-59
-43
-34
-41
-39
-45
-72
-61
-53
-79
-70
-70
-83
-97
-114
-86
-103
-126
-125
-123
-137
-128
-108
-147
-140
-135
-137
-126
-144
-122
-118
-103
-75
-84
-69
-71
-42
-22
-42
-35
-26
-22
-33
-34
-16
-13
-20
-5
-28
-40
-17
-28
-48
-54
-56
-51
-43
-74
-86
-79
-67
-43
-48
-70
-53
-36
-41
-32
-43
-22
-24
-56
-28
-10
-18
-33
-63
-49
-34
-43
-25
-9
-10
8
18
13
11
-19
-19
-13
-9
12
-9
-41
-26
5
12
13
7
49
64
43
48
59
33
27
68
24
46
69
48
52
41
49
53
53
49
82
83
78
62
73
76
74
94
78
123
121
133
136
