1	0	0	0	0	
0.630495	0.369505	0	0	0	
0	0.794561	0.205439	0	0	
0	0	0.917317	0.0826828	0	
0	0	0	0.851734	0.148266	
0	0	0	0	1	
0.0125	0.1	0.258333	0.0875	0.3	0.0547717	0.111895	0.075	0	0	0	0	0	0	0	0	0	0	0	0	0	0	0	0	0	0	0	0	0	0	0	0	
1.27037e-099	1.63867e-039	0.1	0.25	0.330772	1.57757e-016	0.169228	0.15	0	0	0	0	0	0	0	0	0	0	0	0	0	0	0	0	0	0	0	0	0	0	0	0	
0.2	0.142451	0.1	8.13573e-028	0.3	2.08491e-146	4.90603e-018	0.257549	0	0	0	0	0	0	0	0	0	0	0	0	0	0	0	0	0	0	0	0	0	0	0	0	
0.0264157	0.0308036	0.315556	0.080811	0.163633	0.0198118	0.139707	0.223262	0	0	0	0	0	0	0	0	0	0	0	0	0	0	0	0	0	0	0	0	0	0	0	0	
0.177017	0.125488	0.117204	0.0975208	0.132771	0.148639	0.141986	0.0593726	0	0	0	0	0	0	0	0	0	0	0	0	0	0	0	0	0	0	0	0	0	0	0	0	

