1
1
1
1
1
1
1
1
1
1
1
1
1
1
1
1
1
1
1
1
1
1
1
6
6
2
2
2
2
2
2
2
2
5
2
2
2
5
4
4
5
5
4
5
5
4
4
5
4
4
4
5
4
4
5
4
5
5
5
5
5
3
3
3
5
3
3
3
3
3
3
3
3
7
3
7
3
3
3
7
3
7
7
7
7
7
7
7
7
7
7
7
7
7
7
7
7
7
7
7
7
7
7
7
7
7
7
7
7
7
7
7
7
7
7
7
7
7
7
7
7
7
7
7
7
7
7
7
7
7
3
7
7
3
3
3
6
6
6
0
7
7
7
3
7
7
7
6
0
6
6
0
6
6
6
0
6
0
0
0
0
6
0
6
0
6
6
6
6
6
0
