0.470109
-0.332375
0.504807
0.034817
0.159913
-0.0234392
0.147704
0.397789
0.20677
-0.170078
-0.0572505
-0.0373323
0.255594
-0.28285
0.573691
0.117632
0.229792
-0.0246555
0.229077
0.551113
0.145046
-0.236284
0.00906206
-0.0383017
0.167177
-0.256332
0.501193
0.148391
0.323779
-0.0719306
0.274078
0.510802
0.104442
-0.284649
0.0688544
-0.0441372
0.194161
-0.361728
0.24835
0.257226
0.506427
-0.0314767
0.21206
0.363928
0.132347
-0.291448
0.132223
-0.0971599
0.133155
-0.407937
0.235812
0.2011
0.574615
0.0144482
0.214837
0.272029
0.0540811
-0.264163
0.114108
-0.0322094
0.00966096
-0.487551
0.255711
0.0321387
0.506389
0.10953
0.178729
0.144797
0.0592391
-0.22258
0.0110368
0.0813862
-0.168274
-0.635097
0.196587
-0.253459
0.448063
0.193083
0.111869
0.171237
0.0924094
-0.213176
-0.0730216
0.119952
-0.114163
-0.694296
0.243816
-0.446299
0.423494
0.128829
0.14082
0.274013
0.0168802
-0.181438
-0.101322
0.173502
-0.139692
-0.594632
0.203128
-0.462382
0.348263
0.119006
0.142137
0.307221
0.0304778
-0.204023
-0.0815441
0.162329
-0.182138
-0.40753
0.162168
-0.48982
0.247103
0.104497
0.161263
0.294069
0.0558807
-0.191496
-0.0746892
0.0736374
-0.182238
-0.297562
0.0429793
-0.461572
0.258149
0.0213697
0.174935
0.264295
0.14282
-0.113068
-0.0885058
0.0311717
-0.136845
-0.209205
0.00534409
-0.440138
0.0670495
-0.00182782
0.20812
0.132674
0.279541
-0.169053
0.0236738
0.00521846
-0.179498
-0.215424
-0.0446388
-0.412608
0.148976
-0.010406
0.249475
0.145496
0.278717
-0.140185
-0.0418595
0.0511348
-0.148794
-0.110481
-0.122186
-0.477593
0.189639
-0.0398798
0.249837
0.165503
0.195471
-0.147591
-0.00279265
0.0910154
-0.0875005
-0.061842
-0.0950561
-0.496003
0.15453
-0.0515215
0.302561
0.182762
0.163822
-0.122786
-0.00677877
0.082127
0.0239223
-0.0551834
-0.0626243
-0.541428
0.193947
-0.0733356
0.206895
0.162132
0.114428
-0.127905
-0.0532005
0.109677
0.064009
-0.0197577
-0.0345965
-0.68593
0.20184
-0.0184367
0.226907
0.149816
0.0724293
-0.0819773
-0.084258
0.123706
0.170618
-0.0102379
0.027918
-0.767725
0.197065
-0.00653933
0.15969
0.143086
0.0727078
-0.0407038
-0.0894351
0.111504
0.197805
-0.0504291
-0.0144659
-0.822614
0.190189
-0.0754087
0.166851
0.229014
0.064588
-0.0433652
-0.128305
0.069513
0.239826
-0.0374459
0.00869558
-0.828008
0.185489
-0.109883
0.186174
0.245973
0.0331878
-0.0417599
-0.11193
0.0566376
0.384858
-0.117056
0.14745
-0.810827
0.108437
-0.193774
0.0338569
0.393207
0.0565446
-0.0497863
-0.143179
0.0282002
0.655295
0.143246
0.230069
-0.637197
0.270187
-0.127573
0.109607
0.41723
0.0575398
0.0533216
-0.0471586
0.0508279
0.827078
0.555178
0.432462
-0.196127
0.37641
0.115993
0.187391
0.325656
0.116216
0.0975661
0.0293728
-0.0231508
1.2812
0.623779
0.507198
-0.23686
0.292719
0.0694218
0.190377
0.365283
0.149969
0.048565
0.0832549
-0.0529305
1.66506
0.702554
0.596157
-0.482366
0.324392
0.0206152
0.302302
0.446525
0.150746
0.051062
0.0591848
0.00214896
1.50521
0.529513
0.248926
-0.0779736
0.256082
0.182567
0.253281
0.327959
0.139491
0.0892918
0.0397588
-0.0236505
1.52834
0.753566
0.162166
-0.0870067
0.182168
0.130172
0.334354
0.373945
0.146773
0.0193005
0.00692041
-0.0550044
1.63435
0.621323
0.14587
-0.0675296
0.256756
0.17421
0.316104
0.382507
0.172069
0.0188903
-0.0212282
-0.0513895
1.40114
0.531338
0.163655
0.0574025
0.108788
0.196591
0.299752
0.293015
0.148738
-0.0316484
0.0319454
-0.0290582
1.48247
0.492395
0.126204
0.0540308
0.249018
0.229171
0.368599
0.335576
0.163847
-0.0089156
-0.0595622
-0.0426405
1.85266
0.561242
-0.0219237
-0.00323004
0.291488
0.114469
0.358317
0.385542
0.201412
-0.0551118
-0.0393744
0.00908836
1.43575
0.423025
0.0538994
0.0866998
0.21671
0.270366
0.335798
0.300893
0.147194
-0.000766436
0.00802046
-0.0136404
1.46287
0.477181
0.0827717
0.0695073
0.210706
0.262053
0.324719
0.298464
0.122005
-0.0222761
0.00279649
-0.00885543
1.88013
0.364957
-0.138845
-0.00172079
0.291897
0.24572
0.281254
0.414953
0.194223
-0.0630767
-0.0125176
0.0238335
2.13879
0.259227
-0.301398
-0.0203328
0.401695
0.175456
0.278471
0.47057
0.225097
-0.0218566
-0.0800278
0.0424329
1.5379
0.26594
-0.087461
0.0541808
0.2295
0.274583
0.32878
0.361367
0.170441
-0.0851963
0.0286929
0.0144015
1.80247
0.0896938
-0.240712
0.0891541
0.350853
0.207627
0.321206
0.452682
0.220521
-0.108748
-0.0482584
0.0578789
2.30007
-0.308401
-0.201687
0.106314
0.461222
0.163542
0.374165
0.466157
0.212509
-0.0842474
-0.109192
0.101297
1.50646
-0.0991565
-0.23756
0.226298
0.415775
0.286435
0.265736
0.426517
0.22388
-0.114317
-0.0443557
0.0545191
1.92286
-0.303098
-0.181803
0.17006
0.412812
0.282224
0.330877
0.464345
0.21013
-0.148962
-0.0787325
0.117871
1.68153
-0.309553
-0.229202
0.230162
0.451316
0.37154
0.292415
0.465004
0.219875
-0.189118
-0.0788094
0.136978
1.7526
-0.3361
-0.0626659
0.104673
0.447288
0.310141
0.349787
0.420806
0.238549
-0.211503
-0.0948408
0.175655
1.30145
-0.158249
-0.222454
0.290563
0.480865
0.318355
0.337806
0.395146
0.166335
-0.214042
-0.0231953
0.141107
1.59331
-0.42643
-0.1021
0.170415
0.558297
0.314933
0.380258
0.402188
0.183884
-0.2499
-0.0768202
0.225751
1.51603
-0.255344
-0.0673521
0.199149
0.506235
0.27935
0.380562
0.387455
0.190376
-0.273444
-0.0664176
0.21927
1.59122
-0.370888
-0.00847594
0.216181
0.46615
0.25587
0.427891
0.363213
0.179729
-0.250575
-0.0949557
0.231033
1.47178
-0.0755945
-0.0262059
0.226725
0.399623
0.252645
0.311488
0.324269
0.217794
-0.319296
-0.0512426
0.188554
1.29997
0.0980026
0.0638562
0.250131
0.402676
0.20816
0.265034
0.334019
0.195636
-0.300641
-0.0327492
0.136284
1.42642
-0.0958901
0.100992
0.125792
0.462936
0.23166
0.293953
0.327632
0.273562
-0.332682
-0.0129659
0.238878
1.36511
0.0349226
0.120319
0.192796
0.432823
0.213401
0.257717
0.314137
0.291969
-0.32654
0.0348574
0.192858
1.42132
-0.155222
0.250337
0.153727
0.526573
0.222009
0.242267
0.366533
0.237633
-0.240518
-0.024136
0.219848
1.18952
0.0891328
0.211487
0.423889
0.274634
0.274648
0.234552
0.289188
0.226056
-0.205485
-0.0344771
0.131036
1.33132
0.0476704
0.183514
0.433736
0.42763
0.160352
0.325034
0.326398
0.16946
-0.209265
-0.0621988
0.172557
1.28088
-0.0897205
0.222561
0.383057
0.394159
0.186685
0.287677
0.412364
0.168406
-0.2003
-0.0739134
0.172201
1.32676
-0.0464942
0.265409
0.356335
0.351952
0.248535
0.290871
0.388205
0.186011
-0.250459
-0.068886
0.187661
1.35483
-0.179093
0.278135
0.413761
0.367337
0.242998
0.325627
0.369313
0.162205
-0.188038
-0.0612053
0.195982
1.20707
0.176121
0.28421
0.39637
0.340485
0.204078
0.252036
0.373563
0.164377
-0.188083
-0.0473104
0.131449
1.57959
0.0418826
0.173513
0.529778
0.382556
0.24244
0.344158
0.301729
0.160676
-0.186669
-0.0439455
0.189243
1.4407
0.0861981
0.127537
0.486068
0.40249
0.24685
0.280332
0.359723
0.115515
-0.153494
-0.0184894
0.177929
1.59343
-0.0137305
0.149183
0.41214
0.404148
0.267934
0.326838
0.351314
0.169257
-0.187155
-0.0321406
0.20291
1.31127
0.277988
0.112158
0.34007
0.393596
0.20802
0.274118
0.336539
0.0989818
-0.192389
0.0412565
0.139779
1.56403
0.21101
0.0545948
0.344691
0.426258
0.28515
0.239106
0.319627
0.186874
-0.167988
-0.00171967
0.150049
1.57661
0.137751
0.0235448
0.356161
0.446606
0.285571
0.242546
0.3159
0.248477
-0.191421
0.00154247
0.180109
1.38072
0.19251
0.0782517
0.381895
0.498814
0.24687
0.229458
0.332357
0.163292
-0.137416
0.0116335
0.153961
1.37614
0.249483
0.219783
0.438344
0.380887
0.218171
0.183164
0.301427
0.284843
-0.0371685
-0.0656557
0.0668792
1.35486
0.346579
0.208155
0.302605
0.361684
0.227299
0.242684
0.265024
0.155139
-0.0301889
0.0269598
0.0809159
1.78193
0.177361
0.129374
0.269489
0.446499
0.299526
0.260762
0.276723
0.24704
-0.170899
0.00522719
0.206927
1.37804
0.372066
0.142081
0.260247
0.376551
0.330154
0.268263
0.271946
0.148233
-0.105287
0.0335432
0.102348
1.99554
0.0294712
0.0452264
0.2137
0.460125
0.238367
0.379005
0.31736
0.265178
-0.101485
-0.0235387
0.232922
1.3429
0.316513
0.1139
0.273105
0.416479
0.310199
0.283198
0.297862
0.163126
-0.0188899
0.0266962
0.0955267
1.83297
0.267234
0.138111
0.330643
0.399808
0.213248
0.368241
0.365131
0.250914
-0.0949012
-0.0457795
0.125138
1.75037
0.259365
0.1721
0.369783
0.446018
0.285544
0.391766
0.331043
0.205661
-0.115739
-0.0533381
0.137637
1.27496
0.416094
0.21458
0.277912
0.341796
0.350051
0.32107
0.275023
0.137392
-0.033554
0.0133575
0.0816422
1.26838
0.455731
0.219275
0.322537
0.411591
0.34015
0.28142
0.299027
0.136516
-0.0794122
-0.0169759
0.0849627
1.51096
0.437449
0.216098
0.258156
0.420301
0.399896
0.318393
0.264135
0.0958592
-0.0543038
-0.0165653
0.0782849
1.84894
0.334431
0.223797
0.231775
0.467342
0.353739
0.314749
0.224341
0.198469
-0.100169
-0.0481176
0.0928358
1.18037
0.440716
0.231848
0.239066
0.303112
0.275866
0.227457
0.192856
0.113798
-0.0297348
-0.0370906
0.0142655
1.31495
0.472393
0.264516
0.320148
0.344144
0.326362
0.335677
0.247065
0.127546
-0.0493976
-0.0110984
0.0725945
1.19903
0.435162
0.253886
0.313571
0.333339
0.291813
0.285125
0.246472
0.14167
-0.0169706
0.0562359
0.0781735
1.78616
0.282455
0.291356
0.283022
0.457121
0.218216
0.408333
0.361009
0.167531
-0.0805917
-0.014195
0.151068
1.39293
0.506754
0.331656
0.360574
0.350952
0.307685
0.36652
0.321995
0.149772
-0.0577026
0.0442138
0.103218
1.23461
0.493516
0.31782
0.31089
0.291251
0.2841
0.299478
0.256738
0.128053
0.0215451
0.0598823
0.0721664
1.18137
0.503232
0.337974
0.307243
0.300982
0.313803
0.315631
0.262075
0.132442
0.041692
0.0463353
0.0777878
1.32103
0.528253
0.360516
0.383335
0.328177
0.284716
0.282718
0.271992
0.171562
-0.0044131
0.0618226
0.0870814
1.1627
0.553259
0.362112
0.336121
0.256268
0.237551
0.245684
0.235484
0.169567
0.0547942
0.062293
0.055677
1.22002
0.542904
0.378854
0.333363
0.326719
0.284496
0.2836
0.237146
0.127763
0.0390652
0.100774
0.0780663
1.87788
0.322825
0.444887
0.360539
0.467773
0.172498
0.44107
0.294731
0.184826
-0.123214
-0.00207094
0.216356
1.26931
0.552073
0.345854
0.299914
0.316755
0.289549
0.286666
0.214043
0.0718865
0.0231351
0.115163
0.0778935
1.15491
0.545022
0.333906
0.266022
0.230865
0.226659
0.213174
0.187841
0.0918477
0.0313269
0.070988
0.0511068
1.25458
0.556686
0.359939
0.311159
0.309997
0.266486
0.29879
0.267824
0.127599
-0.0279014
0.0432782
0.078168
1.27409
0.561959
0.372197
0.308194
0.294237
0.280024
0.296581
0.238726
0.085749
0.0212406
0.0734995
0.0829035
1.12168
0.557657
0.38318
0.293825
0.229032
0.211347
0.174687
0.139704
0.102528
0.079782
0.0625867
0.058937
1.26576
0.667401
0.482269
0.356141
0.303639
0.217386
0.251316
0.217317
0.13388
0.0963766
0.0966589
0.0806083
1.21048
0.65343
0.460929
0.359542
0.269746
0.251798
0.278116
0.17664
0.129179
0.102234
0.109192
0.0781826
1.18507
0.640107
0.463392
0.357105
0.271476
0.2079
0.2507
0.220843
0.152233
0.106278
0.102773
0.0802516
1.10946
0.581443
0.39192
0.280194
0.226054
0.183158
0.177532
0.156551
0.131986
0.0947932
0.0910272
0.0535722
1.33363
0.612423
0.466144
0.302689
0.28435
0.244526
0.257971
0.225757
0.119067
0.0612113
0.0820662
0.071119
1.19663
0.58828
0.403994
0.295238
0.271561
0.180164
0.164673
0.147492
0.0828848
0.0661216
0.0415418
0.0520657
1.4762
0.663231
0.456833
0.260167
0.302665
0.137812
0.221799
0.238537
0.174825
0.00181133
0.0965378
0.0753613
1.29051
0.653576
0.44862
0.258774
0.279817
0.164973
0.216702
0.246249
0.156365
0.0645913
0.0889433
0.0672453
