0.248835
-0.507483
0.431065
-0.119368
0.195611
0.174059
0.125217
0.25956
-0.162975
-0.0538306
0.0764669
-0.21273
0.174709
-0.63548
0.540812
-0.31049
0.259372
0.0574029
0.125399
0.19135
-0.203294
0.0419995
0.0190571
-0.174161
0.0235751
-0.580107
0.487318
-0.313709
0.23276
-0.0319911
0.249753
0.198644
-0.232174
0.0978282
0.0217601
-0.0857093
-0.126836
-0.60407
0.490022
-0.270436
0.243072
-0.084584
0.25879
0.224592
-0.260663
0.123268
0.0195962
-0.112878
-0.285539
-0.587936
0.447727
-0.260885
0.280758
-0.100467
0.285176
0.23899
-0.2637
0.116383
0.0675315
-0.0866715
-0.51465
-0.594832
0.370718
-0.19516
0.346947
-0.17834
0.358463
0.245562
-0.256289
0.0564334
0.0315794
-0.0422115
-0.699913
-0.748595
0.208232
-0.0727892
0.59964
-0.174336
0.287332
0.154654
-0.145878
0.140346
0.0767691
-0.0552063
-0.660288
-0.732912
0.218385
-0.0605841
0.606175
-0.159804
0.261344
0.119893
-0.104308
0.142199
0.0789068
-0.052202
-0.601166
-0.699881
0.131415
-0.0360378
0.655251
-0.175194
0.263663
0.0823754
-0.0787364
0.145712
0.0625976
-0.0357012
-0.465009
-0.620761
0.0822958
-0.0851782
0.678125
-0.0734256
0.248202
0.00780645
-0.0413546
0.176147
0.0554563
-0.0478701
-0.312693
-0.62205
0.107233
-0.135861
0.594919
0.0154781
0.284293
0.00469368
-0.119473
0.155364
0.0939497
-0.00207597
-0.200086
-0.5847
0.0763487
-0.254781
0.633463
0.0670177
0.291402
0.0267157
-0.152542
0.0878644
0.0592755
-0.00942243
-0.191421
-0.508132
-0.0713732
-0.220375
0.493778
0.0926518
0.321455
0.0372045
-0.171226
0.0116611
0.136515
-0.0648448
-0.2553
-0.368506
-0.226789
-0.198791
0.399324
0.205547
0.337231
0.0746788
-0.0893205
-0.0622112
0.131408
-0.159299
-0.301536
-0.304322
-0.249423
-0.225139
0.381168
0.21169
0.433469
0.0479433
-0.0621983
-0.0274968
0.110447
-0.184383
-0.298845
-0.274262
-0.242255
-0.275463
0.353397
0.222635
0.468491
-0.0025842
-0.020057
-0.032773
0.0924926
-0.155011
-0.341776
-0.276176
-0.257121
-0.322667
0.262945
0.189553
0.500384
0.0588806
-0.0208399
-0.0697705
0.0815461
-0.135136
-0.473402
-0.3806
-0.290018
-0.27372
0.277792
0.203953
0.488698
0.0927248
0.0350136
-0.0744871
0.0859794
-0.102761
-0.490355
-0.461959
-0.246215
-0.270549
0.254021
0.144944
0.502402
0.0512219
0.00725833
-0.0649523
0.113962
-0.142247
-0.526376
-0.394092
-0.286723
-0.276306
0.236197
0.0583061
0.513128
0.0610952
-0.0214692
-0.0544102
0.0904917
-0.146015
-0.544639
-0.344719
-0.258642
-0.264564
0.281797
0.0637162
0.532175
0.0793338
0.000804017
-0.023046
0.140849
-0.137533
-0.515127
-0.309922
-0.180029
-0.228072
0.334744
0.0441904
0.558256
0.0885386
0.0102888
0.00354413
0.125798
-0.129197
-0.122096
0.0943703
0.0639773
-0.133647
0.402047
0.092206
0.522194
0.0765585
0.0702534
-0.00749358
0.0924685
-0.159743
0.106948
0.206113
0.252608
-0.0674399
0.499878
0.209484
0.589467
0.126582
0.147111
0.0150062
0.128377
-0.112789
0.675891
0.418433
0.167489
-0.142917
0.360784
0.198214
0.581377
0.175191
0.169845
-0.00758778
0.0871136
-0.0416416
0.922704
0.477403
0.0302239
-0.135184
0.2609
0.300117
0.542995
0.106625
0.188925
-0.0183839
0.130222
-0.0304048
1.20851
0.517926
-0.0219392
-0.133166
0.257692
0.315152
0.514828
0.133145
0.229588
-0.0295115
0.0781915
-0.0121072
1.58891
0.42766
-0.232781
-0.189389
0.401308
0.324017
0.524972
0.131305
0.313077
-0.0937401
0.0655514
-0.000713667
1.53798
0.417304
-0.155809
-0.143388
0.354306
0.317492
0.450418
0.144889
0.272616
-0.0476298
0.0420223
-0.0207269
1.37345
0.44999
-0.185905
-0.0114875
0.292824
0.343639
0.456321
0.168433
0.224399
-0.0436591
0.0341615
-0.0497852
1.71416
0.462092
-0.349104
-0.124555
0.454207
0.348843
0.406485
0.131798
0.315405
-0.05564
0.0597553
-0.0725812
1.63651
0.35247
-0.232928
-0.0597106
0.437476
0.344859
0.405512
0.128025
0.288897
-0.0151248
0.0209379
-0.0457148
1.76411
0.424837
-0.277876
-0.0382242
0.419994
0.331475
0.342534
0.111971
0.305981
-0.033475
0.0316117
-0.0687897
1.56683
0.325437
-0.220659
0.0280272
0.357693
0.365036
0.340737
0.213293
0.251429
-0.0142516
-0.0118874
-0.0758855
2.07215
0.242109
-0.528518
0.119239
0.447399
0.247809
0.433223
0.183296
0.420089
-0.0613562
-0.0479852
-0.0945519
1.67311
0.285158
-0.196519
0.0659176
0.387177
0.257392
0.291109
0.284253
0.29627
-0.0772585
-0.0695168
-0.0558845
1.78817
0.278889
-0.294682
0.0871237
0.382946
0.300994
0.259618
0.329667
0.271122
-0.047636
-0.066825
-0.0462689
1.57825
0.126226
-0.264795
0.0921245
0.502071
0.303721
0.318382
0.353491
0.234791
-0.0571566
-0.0780787
-0.0233353
1.9101
0.037794
-0.471492
0.23592
0.521772
0.241984
0.400043
0.345193
0.269527
-0.0902724
-0.109247
0.0427242
1.58248
0.195033
-0.189419
0.168624
0.400346
0.280386
0.277143
0.327886
0.253345
-0.105734
-0.0762023
0.00576916
1.5991
0.0311475
-0.366579
0.238354
0.51705
0.303239
0.336408
0.363204
0.234383
-0.0813896
-0.0807431
0.0373482
1.92445
-0.104126
-0.536012
0.344914
0.607045
0.237656
0.421023
0.284267
0.25934
-0.109075
-0.0637659
0.10287
1.72527
-0.0701325
-0.42994
0.309874
0.556833
0.318871
0.339078
0.306443
0.218311
-0.0894617
-0.0445874
0.0919031
1.69364
-0.102514
-0.396131
0.273598
0.612782
0.313359
0.32725
0.315082
0.19885
-0.0685871
-0.0526836
0.0944051
1.77634
-0.154844
-0.394095
0.308278
0.59077
0.302618
0.344542
0.291076
0.176123
-0.0752729
-0.0267811
0.117808
1.76086
-0.0178875
-0.323122
0.308105
0.52055
0.286974
0.330401
0.31225
0.155432
-0.056441
-0.0260939
0.0986133
1.87559
-0.1204
-0.416835
0.293021
0.628424
0.23697
0.390805
0.288319
0.195769
-0.0715314
-0.0603589
0.114261
1.90272
-0.199644
-0.416182
0.376189
0.555609
0.256571
0.376672
0.280605
0.184296
-0.0916085
-0.0375931
0.0990844
1.69312
-0.0710914
-0.249837
0.339041
0.50964
0.251723
0.3513
0.301178
0.158537
-0.0767822
-0.0489598
0.0830246
1.63988
-0.0876002
-0.298853
0.352547
0.541564
0.239971
0.329341
0.291722
0.145392
-0.102963
-0.063304
0.0941142
1.50107
0.0769569
-0.12246
0.374067
0.46611
0.250978
0.266439
0.30559
0.0967077
-0.0874858
-0.068393
0.0887903
1.51055
0.0601055
-0.188208
0.360094
0.492147
0.207362
0.32468
0.339918
0.151664
-0.1134
-0.0601645
0.10996
1.48826
-0.102964
-0.23325
0.379286
0.518776
0.234114
0.379711
0.309913
0.197102
-0.147073
-0.0477331
0.117507
1.96477
-0.190952
-0.412829
0.540204
0.563714
0.0836838
0.518443
0.237739
0.248676
-0.167386
-0.00256894
0.118747
1.32619
0.104764
-0.0768353
0.378614
0.443425
0.231253
0.277849
0.270008
0.118545
-0.0794846
0.00329641
0.0926376
1.39492
0.128154
-0.0478249
0.392384
0.432529
0.242824
0.277959
0.30504
0.146764
-0.0846621
-0.0377626
0.0954474
1.28934
-0.0536742
-0.0625177
0.413864
0.468987
0.228648
0.336346
0.341828
0.133187
-0.0493424
-0.0657043
0.0898693
1.50415
-0.0142714
-0.0739316
0.452468
0.426453
0.220931
0.325489
0.294784
0.10609
-0.0510507
-0.0149225
0.114986
1.47574
-0.185526
-0.185063
0.541985
0.488881
0.250173
0.45212
0.299824
0.0297018
-0.040849
0.0507981
0.151431
1.52301
-0.187847
-0.139637
0.541481
0.443822
0.239764
0.451016
0.28104
0.0235468
-0.0483882
0.0452313
0.129107
2.02129
-0.360908
-0.231154
0.69052
0.50015
0.0977884
0.587182
0.219755
0.0697038
-0.1264
0.0982251
0.12512
1.5149
-0.0330857
-0.0247352
0.469792
0.34291
0.222417
0.440548
0.271121
-0.0551439
-0.0705402
-0.00336944
0.087278
1.3414
0.106752
0.047255
0.379544
0.32258
0.26075
0.416187
0.282818
0.00630593
-0.0501603
-0.00925318
0.0793098
2.00074
-0.218061
0.066309
0.460285
0.326811
0.164869
0.543026
0.281205
0.0844954
-0.0357841
-0.0321737
0.0216708
1.67538
0.0550367
0.0292754
0.488832
0.428341
0.202349
0.369447
0.308661
0.133896
-0.0270924
-0.0256194
0.0867029
1.46228
0.269681
0.0907687
0.369268
0.423179
0.254181
0.265368
0.281291
0.184623
-0.00691211
-0.0274586
0.0610474
1.18633
0.407731
0.236192
0.302557
0.284761
0.198593
0.185097
0.207914
0.121252
0.0181076
0.0216531
0.0367827
1.86059
-0.102404
-0.0382823
0.336397
0.46867
0.260578
0.352279
0.261898
0.255521
-0.0143672
-0.028536
0.109635
1.34057
0.275924
0.0370527
0.252175
0.394642
0.321948
0.288709
0.264162
0.125153
0.0244941
0.0519504
0.0679922
1.33717
0.396937
0.14257
0.273476
0.302998
0.243717
0.267559
0.287108
0.18078
-0.0108819
0.0276484
0.0424098
1.42588
0.319013
0.0235796
0.29139
0.380289
0.242822
0.290488
0.315491
0.188948
-0.0535615
0.0339169
0.0782091
1.62512
0.0719041
0.0113685
0.300115
0.458321
0.256543
0.396853
0.327103
0.20515
-0.101864
-0.0428931
0.129543
1.30048
0.308206
0.127823
0.342376
0.380472
0.254093
0.277046
0.320851
0.217055
-0.0936113
-0.0670785
0.0665018
1.35234
0.311692
0.0771303
0.259947
0.361713
0.28896
0.264437
0.260687
0.184675
-0.0882801
-0.137174
0.0123817
1.48617
0.137065
-0.00169324
0.301115
0.42774
0.315776
0.243661
0.308862
0.199085
-0.0804788
-0.14965
0.020003
1.53723
0.119831
0.0496897
0.330906
0.460801
0.296098
0.237475
0.306131
0.217711
-0.109252
-0.156104
0.0521113
1.40363
0.290778
0.0372824
0.255864
0.367077
0.298506
0.281404
0.236813
0.137836
-0.06666
-0.110922
0.0178853
1.55242
0.241137
0.108776
0.341059
0.41273
0.240658
0.213312
0.305092
0.220813
-0.0681992
-0.0581817
0.0725265
1.79283
0.152324
0.107901
0.37348
0.533573
0.22814
0.243437
0.249889
0.27687
-0.0480869
-0.0515712
0.118069
1.61071
0.154316
0.106394
0.401095
0.497336
0.287718
0.229147
0.235824
0.276196
-0.0322097
-0.00881283
0.115155
1.24975
0.236712
0.19196
0.384463
0.500165
0.321108
0.193918
0.268026
0.221011
-0.0253822
-0.00844621
0.109551
1.33124
0.274019
0.177516
0.373578
0.438823
0.305123
0.233123
0.226094
0.150461
-0.00967825
0.00699168
0.096551
1.38287
0.234341
0.165599
0.266534
0.416871
0.258089
0.219437
0.205285
0.170224
-0.0875352
0.000757176
0.106038
1.36236
0.277036
0.176325
0.337246
0.385498
0.274815
0.252276
0.186836
0.202899
-0.0149536
0.0270058
0.0940539
1.19931
0.489878
0.319639
0.345019
0.325533
0.257071
0.238411
0.196494
0.184932
0.0473305
0.0695872
0.0762718
1.32101
0.431722
0.384187
0.454303
0.484192
0.29501
0.233937
0.192216
0.207593
0.0533702
0.0583526
0.101066
1.40137
0.507592
0.372247
0.365797
0.474793
0.267054
0.192757
0.190118
0.251044
0.059607
0.0620516
0.0760601
1.17463
0.509611
0.397115
0.367282
0.342155
0.23038
0.13832
0.199997
0.204367
0.131847
0.108197
0.0667542
1.21204
0.496146
0.356191
0.392394
0.369621
0.243623
0.207256
0.223713
0.139505
0.091036
0.0635088
0.0713204
1.57109
0.385399
0.520385
0.343241
0.510185
0.156288
0.32038
0.218026
0.249265
0.0501264
0.00167014
0.1325
1.52075
0.389854
0.444495
0.297683
0.452775
0.21362
0.294021
0.21868
0.227016
0.00192799
0.0542301
0.128774
