-0.697361
-0.349326
0.756032
-0.191347
0.154891
0.0684017
0.27265
0.0622398
0.165874
0.0685338
0.069677
-0.108184
-0.755714
-0.426558
0.699293
-0.302943
0.21346
0.039143
0.328336
0.0599892
0.12458
0.103405
-0.0149176
-0.0750618
-0.696067
-0.520448
0.5102
-0.343927
0.207373
0.0216672
0.31598
0.0208905
0.0636027
0.0813579
-0.0558781
-0.113273
-0.519109
-0.674833
0.445803
-0.128303
0.27167
-0.0451762
0.395355
0.00933372
0.00186426
0.144464
-0.0864424
-0.0360015
-0.445124
-0.666492
0.247819
-0.124746
0.272264
0.000340496
0.431164
0.0100194
-0.047939
0.120416
-0.0459976
-0.0384158
-0.269754
-0.785804
0.122639
-0.0247271
0.34901
-0.0223704
0.37478
-0.0273466
-0.0324991
0.161084
-0.0615644
-0.0574307
-0.272785
-0.704704
0.0203115
0.0359138
0.344636
0.016377
0.341326
-0.0548446
-0.00912361
0.107735
0.0170086
-0.133385
-0.186975
-0.676815
-0.0427598
-0.0899808
0.490941
-0.0425438
0.318222
-0.0499723
-0.0754796
0.0770987
-0.0278691
-0.128932
-0.200407
-0.685738
-0.0112126
-0.109584
0.526529
-0.0349957
0.312882
-0.0659247
-0.0753143
0.0934948
-0.0229734
-0.130563
-0.101037
-0.567675
0.0250489
-0.152699
0.524136
0.0177677
0.388702
-0.0226864
-0.0973772
0.0539043
0.0390038
-0.117009
-0.0187621
-0.393214
0.0194784
-0.24536
0.490443
0.140001
0.34098
-0.0260225
-0.0184212
0.0376326
-0.0679676
-0.03209
0.00550732
-0.311304
0.0169937
-0.206165
0.400183
0.170943
0.320155
-0.0271164
0.0342067
0.0179803
-0.0782676
-0.12616
0.0463242
-0.375515
0.0623655
-0.178428
0.331145
0.181858
0.239411
0.0501554
0.115716
-0.00658686
-0.045829
-0.190624
-0.0402063
-0.410458
-0.0853065
-0.262558
0.262677
0.108235
0.215459
0.132501
0.162108
-0.0317465
0.0194567
-0.215126
-0.0602075
-0.430488
-0.0117988
-0.405567
0.275157
0.108173
0.261582
0.163912
0.148091
0.0237345
0.027323
-0.193708
-0.0108302
-0.419565
0.00998906
-0.472404
0.230871
0.0843069
0.318977
0.21322
0.0764252
-0.0147826
0.0386574
-0.173322
-0.00808367
-0.417355
0.044702
-0.437244
0.243519
0.112947
0.3053
0.223652
0.0586478
0.00591496
0.0438023
-0.223478
0.253667
-0.339229
0.16302
-0.368802
0.368662
0.128746
0.35259
0.238497
-0.0190353
0.0280403
0.0758951
-0.200568
0.449349
-0.0636736
0.268569
-0.147046
0.494025
0.235725
0.458528
0.3077
0.0637038
0.0331388
0.124215
-0.194144
0.773036
0.120547
0.272779
-0.210291
0.405451
0.234614
0.459736
0.327355
0.0229828
0.023175
0.211687
-0.127862
0.984018
0.250313
0.180762
-0.186814
0.372351
0.255976
0.398361
0.340598
0.0586366
0.0204571
0.165546
-0.0776715
1.18561
0.39785
0.169497
-0.1893
0.236217
0.282481
0.385532
0.302739
0.120328
-0.00600945
0.155043
-0.0413984
1.37559
0.318207
0.11616
-0.117378
0.25879
0.35135
0.28108
0.272208
0.151487
0.081024
0.0841639
-0.0461341
1.55197
0.286853
0.00771325
-0.172636
0.326533
0.377649
0.31984
0.338231
0.159492
0.0206932
0.060164
-0.0409996
1.68226
0.313861
-0.0393763
-0.0958089
0.293354
0.335518
0.321367
0.302529
0.225074
-0.0224828
0.020525
-0.0268302
1.71506
0.269642
-0.130628
-0.0538285
0.303371
0.377083
0.342326
0.292361
0.219978
-0.0420123
0.00109994
-0.0259748
1.55167
0.332565
-0.121153
-0.0117315
0.348395
0.363681
0.306756
0.323684
0.198765
-0.0372487
-0.0152557
-0.0462096
1.33576
0.2054
-0.0517504
0.0850305
0.325275
0.391887
0.315433
0.298408
0.217096
-0.0346792
-0.0294486
-0.0445822
1.92089
0.153823
-0.0536392
-0.0606226
0.400122
0.325678
0.270883
0.354495
0.31808
-0.0515062
-0.0739655
-0.0255511
1.51226
0.248819
-0.0356315
0.0975869
0.334713
0.351021
0.320154
0.34531
0.244118
-0.0250508
-0.0567395
-0.0370242
1.45474
0.277993
0.0834874
0.153166
0.236692
0.309
0.355834
0.311476
0.222781
-0.00971531
-0.0546011
-0.0285104
1.20254
0.228373
0.127707
0.224444
0.263586
0.329532
0.372881
0.304773
0.15418
-0.0106089
-0.0624392
0.00742238
1.44555
0.132952
0.0242646
0.282457
0.351805
0.235971
0.36038
0.345348
0.200802
-0.0387335
-0.0702032
0.0162385
1.3923
0.166098
0.0713768
0.291272
0.353971
0.266834
0.342858
0.33745
0.11148
-0.0225269
-0.0487732
0.0354474
1.72448
-0.0448138
0.0485914
0.246447
0.393013
0.269384
0.362458
0.335594
0.157649
-0.0586473
-0.0592433
0.0567666
1.40554
0.105164
-0.0322647
0.229181
0.403812
0.344137
0.32304
0.272249
0.131688
-0.0973331
-0.039744
0.0613454
1.47565
0.0271718
-0.0357044
0.236449
0.411774
0.344921
0.345434
0.286247
0.121411
-0.0994119
-0.0331261
0.0832701
1.46017
-0.233941
-0.058146
0.204949
0.513188
0.352781
0.352862
0.28661
0.168067
-0.0998581
-0.0351387
0.0970767
1.72086
-0.145952
0.0895313
0.174688
0.42855
0.357528
0.324557
0.257455
0.182498
-0.0805622
-0.064107
0.097066
1.48775
0.0447686
-0.00402086
0.292299
0.410314
0.342608
0.288586
0.253939
0.145941
-0.0432978
-0.0281879
0.0572027
1.49272
-0.206632
0.00558201
0.273365
0.443
0.341517
0.318673
0.293106
0.187417
-0.0538655
-0.0465525
0.0550052
1.47446
-0.00419686
0.0400612
0.254039
0.34487
0.33114
0.332799
0.297059
0.145186
-0.0854177
-0.0125652
0.0676909
1.7311
-0.374287
0.0268585
0.199845
0.414352
0.298862
0.483911
0.249628
0.0814275
-0.0689117
-0.0149852
0.119038
1.54389
0.0897015
-0.0533056
0.210422
0.327795
0.265921
0.322531
0.296725
-0.00634581
-0.0848202
0.00786518
0.0935793
1.35926
-0.0955381
-0.0410788
0.234931
0.399884
0.341566
0.539498
0.27058
0.0144826
-0.0324244
0.105581
0.133307
1.47066
0.0298659
-0.0200202
0.262739
0.403141
0.325094
0.458823
0.262719
0.0562945
-0.0384937
0.0771535
0.139598
1.36288
0.0308606
0.0397535
0.389591
0.387364
0.298316
0.448049
0.241253
0.124795
-0.0145063
0.0348495
0.113099
1.24182
0.236277
0.183145
0.341608
0.339691
0.270602
0.347204
0.271173
0.0766807
-0.0206149
0.06179
0.10556
1.48116
0.0844441
0.200315
0.353263
0.367182
0.26445
0.422822
0.297494
0.0857921
-0.0352567
0.00808339
0.104663
1.36691
0.0643652
0.173553
0.342644
0.364654
0.313859
0.416006
0.296495
0.0791738
-0.0442341
0.0151876
0.112647
1.28391
0.19989
0.172341
0.360313
0.349589
0.347369
0.395109
0.2932
0.0947759
-0.0608732
0.00451902
0.11622
1.23236
0.351732
0.188824
0.319482
0.307597
0.33343
0.385674
0.256513
0.0623116
-0.0246015
0.0315716
0.0888018
1.43137
0.422553
0.198276
0.27436
0.381129
0.343426
0.358258
0.267599
0.106882
-0.0318229
-0.00631937
0.0800232
1.39199
0.40123
0.159949
0.287394
0.333933
0.339933
0.323426
0.238715
0.105897
-0.032982
0.0387565
0.0815001
1.80113
0.245831
0.0755095
0.313227
0.423296
0.312428
0.408313
0.235729
0.073679
-0.0602144
0.0643005
0.16184
1.54307
0.434853
0.282825
0.298851
0.528323
0.397077
0.39128
0.202814
0.0984422
0.00923371
0.00310701
0.109986
1.36343
0.52492
0.285934
0.277897
0.349852
0.306996
0.295003
0.246143
0.112738
0.0130269
0.08869
0.0878284
1.24285
0.523945
0.31544
0.311786
0.272745
0.283142
0.304903
0.266864
0.145503
0.0472338
0.0341555
0.064272
1.47827
0.487127
0.282911
0.293715
0.457601
0.357172
0.290481
0.296569
0.185566
-0.0236366
0.00637597
0.0841349
1.38379
0.427929
0.225099
0.323832
0.371068
0.288928
0.287537
0.275569
0.17856
-0.0279474
-0.059368
0.0609395
1.80708
0.325961
0.158725
0.257968
0.504228
0.268613
0.284266
0.28883
0.238106
-0.0433236
-0.0828511
0.0580204
1.27976
0.493581
0.226913
0.226584
0.34905
0.292539
0.250246
0.237573
0.183038
0.0172074
-0.0483604
0.0402726
1.28416
0.462805
0.254725
0.281241
0.278548
0.283152
0.26655
0.244951
0.195324
0.0337067
-0.0378499
0.045775
1.24029
0.493443
0.301796
0.222076
0.262597
0.352743
0.323337
0.217258
0.114523
0.0497919
0.0593585
0.078677
1.76304
0.488039
0.281905
0.189697
0.237325
0.332566
0.369136
0.236369
0.133555
0.0218438
0.0479664
0.0777067
1.21726
0.543426
0.310121
0.212272
0.194362
0.22771
0.281506
0.203714
0.105367
0.0490401
0.0493076
0.0372191
1.2246
0.544925
0.329759
0.240361
0.25922
0.288563
0.238545
0.157353
0.0811524
0.000586003
-0.00824292
0.0362955
1.23321
0.592107
0.348213
0.226527
0.235858
0.229217
0.209418
0.157757
0.0655759
0.00185006
-0.0145431
0.0278229
1.38141
0.675152
0.424539
0.328114
0.261512
0.204801
0.185087
0.0973338
0.04906
0.0425484
0.103432
0.0599484
1.28348
0.687614
0.466058
0.315429
0.244147
0.169662
0.120698
0.0761996
0.0770785
0.0993849
0.114261
0.0595201
1.17662
0.638966
0.411508
0.300128
0.240478
0.174304
0.152482
0.105608
0.0937236
0.0841509
0.108708
0.048842
1.25402
0.664387
0.464849
0.299017
0.233805
0.15712
0.125422
0.12295
0.123438
0.129578
0.145054
0.0710663
