-67
-178
142
-273
287
-347
-90
239
-410
306
-320
152
-101
-8
113
-286
524
-507
370
129
-457
638
-316
184
206
-147
220
25
128
-112
196
-62
95
98
-225
204
21
-53
21
-101
34
188
-424
194
-114
-92
290
-424
122
-146
85
-272
-109
83
-204
193
-252
173
22
32
134
-137
12
201
-102
-51
192
-138
298
-172
171
179
-93
317
-287
364
122
-175
188
51
17
8
161
-282
209
93
-412
283
-152
-14
56
-403
200
-130
-44
-83
-154
113
-340
-81
-214
-2
-109
-147
82
-9
121
-27
145
-49
19
120
95
-113
195
15
91
330
-261
421
-3
99
176
-121
166
101
84
-135
176
-75
39
-40
-307
84
-46
-254
-81
-76
-182
3
-170
-190
183
-266
-164
135
-355
247
-51
-240
249
12
48
-2
67
63
119
-32
-50
119
98
69
-105
167
264
-150
64
123
-8
77
-175
-38
80
-47
-12
-60
-29
111
79
-204
-126
283
-283
-98
150
-395
456
-155
-298
588
-316
101
25
-214
264
-247
82
-93
176
131
-320
460
-47
-109
125
-217
116
-142
-29
44
-96
194
-494
305
-28
-262
289
-553
288
-182
-45
-44
51
213
-105
286
-229
381
-166
92
-126
-184
448
-180
243
132
19
153
235
-399
168
141
-402
386
70
-111
100
221
-323
103
206
-448
236
126
-330
167
-58
-262
343
-76
72
67
-38
137
-263
-3
-31
27
95
-42
141
129
12
-81
-69
-40
-184
335
-144
-101
517
-238
94
50
-412
275
82
-486
320
21
60
-90
-327
137
102
0
-336
482
-355
50
-193
-349
436
-436
324
-306
293
-130
-407
384
-318
-70
0
222
7
177
-148
4
322
-108
-233
333
160
-188
307
-289
428
-65
-242
305
-180
474
-102
-35
-60
-25
-58
-352
46
-317
541
-202
-271
179
-236
13
-279
0
-76
449
-228
-110
55
-146
313
-395
364
19
412
215
-494
395
-34
24
-193
176
160
151
327
-454
105
-73
-347
-117
-249
375
-24
226
466
-767
361
-188
-357
279
-248
148
-160
646
-602
-31
221
-493
595
-650
333
63
132
-66
-282
446
-343
250
-424
463
89
1
89
-462
540
-208
115
-26
334
300
-291
203
-163
-30
25
-180
343
22
124
165
-401
49
-251
-166
161
274
-74
-139
131
-196
-63
-189
-75
154
45
-26
30
-101
2
-21
-195
131
-81
68
238
-168
-89
-91
-36
-83
54
41
75
304
-231
-4
-37
-207
-40
-120
-6
180
93
-250
-43
-128
-140
-77
-117
116
140
-35
-323
-16
-107
-354
54
-174
124
-131
-54
42
-132
80
-402
434
-256
73
259
-393
411
-101
-127
3
110
164
-132
57
309
-208
124
-227
-142
301
-18
186
-69
333
-252
259
80
-320
424
-341
250
236
-280
136
148
2
83
75
46
161
110
-59
-168
119
-31
-62
41
47
49
-51
-1
-347
176
-105
-99
334
-420
185
-46
-144
-197
-218
148
-104
385
-331
0
346
-437
33
-79
-128
448
2
-228
71
32
166
-171
64
126
107
323
-291
134
175
-142
10
-20
277
15
-74
158
-101
204
-163
-144
550
-399
167
88
-259
246
-400
84
-24
268
-61
-98
405
-438
322
-348
-160
415
-372
229
-233
96
-11
-31
-95
-94
313
-135
227
-322
193
-96
-131
35
-58
15
-185
134
-361
172
-165
-50
5
98
-49
-130
126
-313
282
-20
24
-20
130
67
-72
144
49
119
32
-51
-81
137
-50
4
30
240
-174
237
-65
-323
197
-254
53
-462
305
-220
-26
79
-609
501
-224
49
-141
-127
392
-139
-72
-9
-171
15
130
-168
11
390
52
-147
367
-5
25
304
-48
-36
322
-228
-3
245
-89
227
-48
537
-132
25
420
-445
199
129
-395
411
-192
-628
74
-120
25
-346
405
-371
191
102
-738
473
-509
184
-202
-56
-39
-180
376
-283
213
-90
178
282
-159
-31
180
121
140
200
72
331
139
4
-212
322
149
-229
260
-27
74
-103
80
-166
80
207
-300
109
90
-168
179
-159
-449
289
-423
341
-623
-184
302
-613
275
-802
491
-140
-208
204
-111
290
-228
172
-243
249
165
-252
278
-99
-363
314
-42
155
-6
249
-129
-25
167
-586
878
-602
263
273
-46
395
-526
412
-482
480
-292
35
173
-321
283
-581
596
-358
326
-40
67
358
-515
742
-603
225
-225
-183
89
-554
310
-650
193
-366
-111
320
-519
40
-381
203
9
-229
-6
-306
61
-42
-264
241
-18
51
-63
-87
469
-182
-52
-198
357
-150
342
143
10
716
-541
383
0
315
38
55
-147
120
160
-437
577
-634
528
-19
-36
284
-621
443
-437
136
105
-292
467
-361
60
132
-316
318
191
-127
-35
411
-410
-11
199
-558
564
-269
-173
523
-216
-81
-222
182
-54
-306
257
-494
94
278
-316
-8
0
-49
-316
496
-401
-27
642
-594
182
73
-178
111
218
-406
348
324
-395
437
-230
41
139
-95
-156
391
-32
-147
349
-185
240
-22
44
-132
37
-14
-177
-157
171
87
71
183
-243
162
-24
-29
-193
430
-246
280
223
-320
690
-353
154
-9
-31
-76
28
108
-60
536
-228
283
105
-193
-8
-379
86
53
-122
-17
-105
-247
-16
-202
-299
171
34
-164
145
134
-230
165
-299
-308
307
-206
16
80
-32
123
46
-137
150
-164
42
180
-87
360
-63
251
44
-57
-108
323
-147
37
227
-410
645
-322
104
-221
280
-124
-257
462
-564
500
-578
198
-12
-277
279
-397
198
-246
-78
-143
-62
-223
35
163
-62
-76
-118
58
-312
208
-55
96
218
-73
83
-39
32
-179
236
-21
-55
136
-118
141
-237
21
162
84
222
-74
195
-15
-240
-40
102
57
-111
-21
111
26
-46
-320
49
205
-129
100
-93
140
35
-80
-171
230
4
-252
403
-101
131
98
-76
86
164
-110
-43
357
-289
8
-60
-119
374
-116
-105
27
38
-219
-96
-10
-123
284
-186
-109
-31
58
-121
-220
42
-198
148
-479
-119
-9
0
52
-273
80
-373
-43
-223
155
357
-135
199
2
-230
16
-136
19
156
-35
61
-29
-66
-132
17
-207
120
-19
87
-42
-291
161
131
9
-335
266
-264
-141
-325
-286
178
-415
-41
-110
451
52
-268
-52
64
-44
-191
-133
-85
279
-54
149
-89
517
-100
-314
191
-259
294
-24
25
-211
230
-106
-196
245
-52
218
222
97
0
202
-289
215
-91
315
470
-185
163
-246
238
-177
186
498
436
373
-227
136
48
121
-66
26
484
46
191
69
-93
393
-108
43
192
21
-16
-305
-192
20
45
-300
16
106
-238
-18
-359
-147
-67
-315
-61
-115
-25
-414
65
-163
-63
-180
23
223
-346
307
-155
705
-69
157
177
-120
378
-257
827
104
374
259
317
511
75
359
279
281
-241
338
244
177
136
81
193
222
30
-464
22
-280
-289
-344
-310
-113
-373
-375
-461
-335
-342
-222
-210
-513
-473
-543
-1138
-763
-495
-432
88
169
-88
-131
-6
-614
72
197
-117
293
-224
33
-25
177
287
143
477
416
631
372
438
196
145
155
-101
180
74
284
53
56
140
-3
-13
161
227
-45
98
-133
-196
-176
-157
-253
-150
-53
-136
-73
-270
-297
-156
-131
-322
-250
-278
-83
-219
-237
-85
-236
-14
-116
-94
2
47
-110
39
15
0
351
51
256
381
297
297
228
353
116
184
191
212
377
285
360
336
309
224
239
413
419
322
334
292
123
196
184
124
273
202
250
260
167
310
276
260
229
133
107
135
72
94
12
-72
-7
58
105
37
68
-90
-135
-137
-261
-190
-73
-105
-47
-92
-34
-56
-121
-107
-241
-61
-150
-182
-93
3
-67
28
121
-95
185
73
-70
96
6
94
121
129
110
193
314
79
139
58
75
37
-57
51
35
-84
-211
-208
-295
-168
-359
-308
-261
-409
-379
-491
-531
-540
-647
-751
-736
-703
-588
-661
-440
-559
-525
-474
-525
-388
-589
-505
-568
-394
-453
-344
-406
-305
-203
-407
-131
-262
11
-70
16
230
239
470
476
465
330
345
533
634
643
908
1061
1297
1232
1297
1413
1393
1437
1266
1505
1541
1634
1692
1691
1853
1758
1806
1806
1700
1850
1721
1841
1802
1490
1528
1382
1449
1379
1347
1313
1374
1381
1426
1718
1629
1663
1565
992
207
-466
-792
-1223
-2218
-3053
-3429
-3671
-4292
-4781
-4650
-4332
-4376
-4606
-4415
-4163
-3781
-3731
-3573
-3679
-3773
-3457
-3194
-3104
-3006
-2294
-1791
-1199
-1013
-427
368
784
1157
1098
1295
1181
1268
1294
901
702
623
532
195
-38
-38
-14
45
-94
-138
-45
-9
24
-42
-251
-532
-527
-808
-949
-1009
-983
-640
-676
-536
-223
70
372
585
682
758
846
890
863
868
887
1025
1128
1070
1278
1603
1820
2171
2520
2659
3034
3229
3432
3589
3614
3697
3747
3797
3722
3894
3893
4102
4152
4213
4314
4060
4106
4004
3818
3709
3552
2871
1650
323
-389
-1038
-2141
-3424
-4627
-5153
-6064
-6963
-7193
-6901
-6471
-6733
-6911
-6737
-6267
-5545
-5177
-5111
-5079
-4852
-4353
-3867
-3504
-2870
-2029
-1330
-801
-260
642
1687
2440
2530
2581
2686
2847
2942
2627
2504
1990
1763
1518
1299
1346
1256
1562
1372
1230
971
969
1226
1047
753
189
-188
-539
-958
-1249
-1328
-1552
-1605
-1559
-1431
-1040
-674
-260
37
137
206
433
470
466
321
26
-117
-37
24
327
567
736
1264
1525
1912
2362
2804
3086
3198
3159
3109
3136
3105
3151
2990
2947
2905
2995
3082
3130
3341
3384
3558
3641
3800
4136
4225
4294
4236
4093
4074
4040
3964
3654
2576
1188
-239
-1234
-2004
-3438
-4884
-6277
-6967
-7767
-8648
-8735
-8478
-7965
-8340
-8586
-8198
-7495
-6738
-6682
-6573
-6383
-6047
-5208
-4659
-4073
-3307
-2301
-1130
-612
472
1679
2950
3813
3748
4052
4072
4332
4390
3954
3616
3021
2631
2420
2014
1880
1925
1839
1741
1412
1454
1552
1599
1465
927
349
-127
-353
-850
-1459
-2026
-2320
-2492
-2539
-2476
-2233
-1691
-1387
-1141
-713
-264
185
467
479
396
141
119
-12
-210
-315
-310
-149
28
437
837
1373
1810
2190
2517
2728
2957
3148
3099
3045
2844
2692
2732
2535
2601
2573
2735
2898
2951
3445
3727
4055
4348
4479
4774
4749
4755
4717
4743
4636
4223
3477
1888
396
-894
-1768
-3081
-4807
-6214
-7281
-7784
-8752
-9274
-9041
-8704
-8514
-8722
-8404
-7522
-6749
-6275
-6180
-5924
-5450
-4711
-3730
-3101
-2444
-1636
-585
352
1076
2030
2995
3753
3880
3673
3597
3596
3444
2992
2314
1618
1037
656
334
-58
-156
-226
-185
-188
-303
-29
220
431
319
129
75
-24
48
-298
-708
-1278
-1848
-1700
-1468
-1237
-1127
-778
-331
-41
271
570
1205
1426
1356
989
679
687
415
185
-316
-574
-278
141
633
994
1532
2335
2703
3004
3485
3957
4215
4146
3917
3593
3538
3495
3630
3547
3516
3727
3992
4448
4638
5086
5552
5885
6005
6020
6086
5978
5854
5548
5171
4493
3642
2342
542
-1009
-2134
-3261
-5088
-6866
-8135
-8731
-9495
-10273
-10314
-10170
-9743
-9956
-9617
-8807
-7950
-7220
-7119
-6661
-6272
-5411
-4435
-3804
-3200
-2347
-1333
-199
601
1468
2590
3311
3787
3684
3854
3890
3801
3291
2386
1679
960
419
-130
-525
-884
-1061
-1167
-1095
-1007
-654
-335
-118
-43
-241
-204
-311
-275
-554
-833
-993
-1094
-1060
-1173
-1019
-654
-276
-24
217
641
1140
1396
1508
1482
1544
1332
1196
889
480
314
-49
-52
-314
-234
155
661
1146
1481
2140
2838
3472
3834
4176
4427
4637
4670
4696
4603
4523
4566
4520
4594
4471
4657
4999
5098
5197
5161
5246
5355
5246
4995
4570
4172
3975
3588
2773
1721
357
-1076
-2707
-3875
-4825
-6152
-7606
-9024
-9416
-9832
-10182
-10042
-9657
-9133
-9264
-8912
-7993
-7081
-6398
-6157
-5712
-5269
-4684
-3615
-2902
-2241
-1705
-992
35
642
1465
2275
2923
3095
2998
2932
2958
2818
2427
1685
797
235
-312
-482
-975
-1089
-1262
-1302
-1093
-921
-324
-53
496
647
782
833
1033
1359
1298
1181
913
996
1036
1112
1310
1390
1238
1262
1366
1638
1662
1437
1422
1139
957
544
415
348
96
-84
-400
-419
-349
19
380
535
859
1320
2018
2589
2978
3654
4120
4450
4682
4829
5138
5195
5260
5010
4747
4515
4296
4281
3840
3391
3019
2708
2397
2133
1980
1808
1603
1231
1083
1114
1061
753
105
-904
-2168
-3317
-4055
-4706
-6016
-7432
-8388
-8643
-8817
-9041
-8544
-7892
-7288
-7235
-6875
-5788
-4983
-4407
-4374
-4238
-3901
-3590
-3014
-2693
-2510
-2303
-1844
-1128
-655
-5
769
1294
1521
1538
1713
1932
1940
1666
1118
493
96
-124
-261
-563
-687
-627
-440
69
568
1340
1917
2408
2788
3041
3284
3420
3655
3484
3148
2786
2586
2499
2328
2060
1938
1750
1526
1488
1382
1363
1075
829
445
96
-141
-387
-537
-801
-965
-1037
-911
-715
-429
-196
168
593
1080
1617
2244
2864
3345
3812
4148
4540
4710
4809
4698
4525
4206
3789
3492
3084
2714
2192
1792
1411
1123
1006
983
939
853
827
782
837
865
1006
918
590
274
-331
-1204
-2370
-3221
-3624
-4518
-5764
-6790
-6989
-6999
-7574
-7727
-7492
-6916
-6577
-6515
-5858
-5301
-4925
-4782
-4759
-4577
-4475
-3979
-3423
-3306
-3269
-3069
-2332
-1594
-1209
-612
-55
333
553
779
1193
1428
1609
1554
1436
1401
1474
1768
1888
1949
2028
2329
2657
3127
3577
3974
4293
4348
4495
4565
4614
4454
4184
3727
3299
2885
2455
2023
1606
1315
690
167
-402
-650
-937
-1353
-1513
-1895
-1903
-1982
-1871
-1661
-1782
-1477
-1169
-874
-509
-252
183
438
592
896
1152
1650
2044
2382
2629
2626
2904
3042
3133
3033
2683
2428
2088
1790
1405
990
646
349
215
156
87
211
483
866
1197
1569
2014
2318
2571
2629
2800
2850
2783
2634
1938
849
-293
-851
-1254
-2215
-3545
-4723
-5318
-5897
-6814
-7266
-7295
-7252
-7551
-7865
-7532
-7155
-6748
-6648
-6581
-6370
-6132
-5497
-4839
-4392
-3930
-3257
-2462
-1751
-1181
-336
445
1144
1640
2162
2748
3131
3688
3936
4131
4194
4213
4258
4176
4052
3864
3733
3638
3550
3471
3472
3329
3274
3109
2955
2754
2435
2185
1816
1467
1061
713
396
222
21
-251
-434
-531
-510
-555
-620
-525
-489
-434
-373
-450
-420
-611
-560
-458
-454
-403
-477
-261
-139
-83
30
215
615
950
1186
1399
1531
1755
1954
1979
1921
1845
1877
1789
1524
1366
1296
1304
1344
1364
1491
1484
1576
1687
1725
1792
1739
1734
1526
1264
1058
1022
1185
1202
1135
964
468
-281
-1023
-1416
-1754
-2661
-3922
-5070
-5721
-6366
-6995
-7372
-7555
-7472
-7468
-7150
-6617
-5960
-5382
-4947
-4540
-4260
-3707
-3068
-2498
-2332
-2342
-2159
-1663
-1077
-659
-207
221
768
1343
2013
2611
3156
3643
4041
4330
4525
4808
5028
5207
5069
4867
4790
4946
5092
5020
4879
4635
4517
4341
4094
3764
3375
3036
2624
2097
1574
1100
699
306
-142
-557
-884
-986
-1134
-1500
-2033
-2367
-2325
-2356
-2554
-2834
-3011
-3048
-3062
-2927
-2649
-2326
-1970
-1645
-1331
-963
-533
-32
312
458
615
809
1159
1348
1340
1330
1140
1143
1189
1178
1209
1065
991
860
674
626
611
675
595
395
236
121
241
319
344
339
283
392
616
990
1413
1676
1924
1964
1470
855
555
600
116
-962
-1979
-2664
-3126
-3805
-4218
-4449
-4788
-5194
-5382
-5117
-4743
-4555
-4416
-4256
-4303
-4143
-3803
-3353
-3188
-3336
-3200
-2876
-2385
-1832
-1202
-571
-11
690
1605
2597
3542
4214
4785
5289
5667
6077
6348
6527
6440
6148
5782
5437
5138
4755
4316
3851
3292
2725
2400
2072
1622
1069
579
216
-137
-503
-824
-1072
-1461
-1906
-2311
-2595
-2675
-2778
-3103
-3589
-3847
-3785
-3620
-3572
-3550
-3316
-3057
-2747
-2347
-1819
-1329
-1016
-721
-391
-61
217
557
791
806
763
907
1100
1117
1086
1115
1177
1229
1308
1400
1483
1538
1622
1606
1569
1523
1500
1448
1297
1134
903
750
668
639
647
716
759
841
987
1268
1670
2056
2468
2707
2784
2469
2117
1934
1724
1152
1
-977
-1741
-2527
-3426
-4236
-4756
-5321
-5837
-6053
-5978
-5801
-5710
-5564
-5370
-5265
-5045
-4634
-4182
-3915
-3816
-3490
-2952
-2256
-1431
-684
103
820
1660
2658
3581
4409
4959
5422
5761
5950
6062
5984
5867
5634
5187
4681
4186
3858
3470
3003
2479
1901
1522
1162
813
369
-184
-699
-1104
-1545
-2054
-2486
-2775
-2977
-3211
-3290
-3342
-3226
-3012
-2779
-2506
-2364
-2049
-1655
-1351
-1088
-867
-648
-426
-212
28
223
393
498
545
595
583
591
637
598
480
338
251
209
174
177
84
-47
-179
-144
-30
-46
-92
-92
-42
3
142
258
406
516
577
685
789
964
1202
1454
1630
1803
2031
2331
2736
3201
3559
3779
3847
3599
3149
2779
2477
1894
825
-366
-1312
-2180
-3118
-3983
-4523
-4989
-5558
-5927
-5897
-5612
-5354
-5086
-4825
-4461
-4044
-3487
-2779
-2316
-1990
-1714
-1295
-738
-263
152
558
1049
1477
1892
2414
3026
3559
3898
4223
4512
4758
4828
4775
4663
4291
3760
3225
2745
2222
1574
936
372
-113
-491
-728
-889
-1113
-1262
-1161
-1021
-974
-837
-549
-290
-165
-152
-47
99
193
115
-267
-640
-799
-782
-931
-1265
-1500
-1632
-1673
-1710
-1663
-1579
-1624
-1661
-1668
-1606
-1521
-1460
-1366
-1498
-1701
-1722
-1565
-1306
-1155
-1100
-1010
-806
-434
37
453
736
937
1120
1324
1618
1855
1952
1907
1732
1640
1638
1697
1822
1869
1873
1980
2205
2550
2943
3329
3666
3846
3941
4166
4510
4482
3943
3218
2658
2241
1549
579
-441
-1243
-1928
-2613
-3151
-3452
-3670
-4036
-4284
-4333
-4280
-4236
-4250
-4304
-4422
-4572
-4535
-4337
-4257
-4201
-4109
-3729
-3245
-2714
-2000
-1261
-555
101
855
1692
2374
2848
3274
3515
3620
3530
3420
3353
3166
2965
2582
2301
2152
2090
2079
2054
2094
2110
2134
2188
2287
2213
1991
1746
1506
1209
823
489
211
-149
-547
-842
-1121
-1278
-1446
-1608
-1801
-2061
-2189
-2302
-2399
-2614
-2852
-3025
-3169
-3248
-3270
-3185
-3117
-3012
-2843
-2567
-2206
-1868
-1522
-1180
-819
-448
-40
393
811
1138
1421
1714
2019
2253
2422
2621
2815
3042
3133
3190
3218
3110
3026
2903
2683
2410
2195
2052
1914
1695
1536
1528
1639
1786
2021
2382
2727
3177
3609
3762
3409
2902
2670
2447
1781
491
-759
-1716
-2605
-3643
-4605
-5205
-5737
-6221
-6630
-6714
-6615
-6537
-6463
-6473
-6476
-6425
-6175
-5807
-5512
-5413
-5162
-4611
-3848
-2998
-2168
-1252
-353
555
1426
2412
3385
4154
4651
4995
5362
5516
5635
5619
5447
5061
4549
4232
4013
3797
3466
3167
2826
2494
2300
2253
2194
1887
1516
1184
909
535
164
-136
-499
-972
-1427
-1695
-1822
-1942
-2167
-2474
-2886
-3159
-3229
-3171
-3202
-3380
-3474
-3466
-3267
-2931
-2546
-2216
-1928
-1703
-1458
-1076
-624
-213
64
237
354
584
917
1337
1651
1783
1918
2134
2449
2640
2694
2629
2517
2368
2147
1952
1761
1571
1303
988
698
571
651
792
945
1082
1310
1650
2078
2549
2938
3271
3536
3714
3825
3810
3727
3388
2548
1535
637
-51
-911
-2117
-3217
-4103
-4759
-5375
-5815
-5948
-6116
-6326
-6445
-6347
-6153
-6005
-5881
-5781
-5732
-5578
-5190
-4565
-3959
-3455
-2775
-1882
-835
216
1290
2283
3078
3676
4072
4466
4729
4794
4582
4142
3732
3326
2983
2730
2532
2325
2158
2173
2388
2695
2940
3080
3080
2959
2784
2601
2330
1903
1360
781
211
-307
-685
-973
-1220
-1456
-1543
-1535
-1632
-1721
-1747
-1780
-2030
-2510
-2861
-3018
-3205
-3455
-3659
-3667
-3533
-3294
-2923
-2445
-1880
-1316
-766
-301
66
400
764
1011
1060
1024
943
908
974
1088
1122
1098
1176
1341
1512
1641
1667
1642
1536
1412
1305
1160
980
789
651
535
540
720
970
1225
1541
1904
2323
2742
3162
3597
3884
4047
4033
3994
3882
3688
3266
2331
1376
640
59
-737
-1786
-2677
-3398
-3973
-4490
-4790
-4972
-5246
-5487
-5661
-5699
-5740
-5723
-5608
-5603
-5626
-5545
-5179
-4607
-3956
-3263
-2575
-1788
-919
3
920
1695
2357
2850
3140
3447
3695
3857
3905
3843
3816
3698
3676
3847
4112
4261
4221
4193
4150
4100
4030
3866
3498
2834
2085
1485
946
376
-247
-823
-1340
-1802
-2030
-2069
-1968
-1901
-1917
-1961
-2076
-2125
-2150
-2209
-2376
-2643
-2840
-2950
-2890
-2717
-2490
-2215
-1910
-1558
-1249
-882
-469
-156
-4
-39
-119
-194
-265
-310
-459
-691
-870
-865
-712
-594
-442
-283
-76
174
461
769
962
1129
1209
1314
1352
1368
1588
1794
2018
2151
2310
2589
2889
3250
3458
3610
3654
3657
3763
3834
3839
3669
3524
3434
3209
2930
2692
2510
2016
972
-182
-969
-1511
-2311
-3403
-4339
-5075
-5699
-6157
-6252
-6017
-5962
-6084
-6125
-5831
-5356
-5059
-4814
-4667
-4504
-4249
-3839
-3165
-2376
-1585
-880
-177
565
1412
2403
3261
3830
4034
4121
4327
4513
4598
4493
4355
4242
4043
3881
3842
3921
3918
3760
3624
3471
3319
3201
3034
2689
2083
1487
1043
658
237
-187
-521
-822
-1090
-1200
-1182
-1171
-1241
-1358
-1495
-1762
-1966
-2147
-2350
-2665
-3161
-3544
-3787
-3857
-3949
-4003
-3939
-3866
-3781
-3652
-3359
-3116
-2992
-2941
-2889
-2753
-2673
-2568
-2344
-2066
-1694
-1243
-674
-87
492
1115
1626
2052
2292
2413
2559
2622
2529
2314
2177
2154
2148
2110
2161
2304
2423
2501
2529
2583
2539
2421
2290
2034
1655
1255
980
825
703
651
706
842
1151
1497
1837
2182
2492
2498
1868
1071
526
149
-609
-1673
-2351
-2702
-3053
-3540
-3678
-3327
-2982
-2879
-3024
-3125
-3161
-3159
-3179
-3366
-3556
-3585
-3420
-3096
-2638
-1960
-1046
-138
653
1297
1913
2574
3125
3400
3355
3296
3307
3272
3228
3376
3743
4094
4390
4715
5031
5228
5325
5327
5035
4324
3474
2641
1719
646
-345
-1066
-1723
-2381
-2931
-3193
-3246
-3257
-3244
-3329
-3461
-3633
-3797
-3927
-4143
-4373
-4552
-4600
-4572
-4431
-4099
-3627
-3076
-2649
-2287
-1909
-1396
-871
-521
-275
-79
196
492
779
979
1163
1427
1720
1928
1890
1754
1690
1610
1384
1088
782
481
215
24
-21
24
148
315
411
447
480
565
660
670
568
404
313
296
375
557
802
1136
1483
1831
2190
2558
2918
3274
3587
3738
3739
3716
3747
3682
3523
3512
3517
2986
1861
891
458
79
-810
-1802
-2267
-2473
-3018
-3781
-3997
-3724
-3478
-3612
-3968
-4154
-4251
-4243
-4241
-4171
-3807
-3274
-2699
-2173
-1501
-464
811
1945
2614
3001
3402
3814
4011
3845
3639
3609
3577
3333
2988
2914
3065
3192
3152
2947
2608
2116
1587
1032
411
-188
-736
-1293
-1967
-2556
-2731
-2587
-2370
-2268
-2161
-1971
-1889
-1864
-1823
-1687
-1570
-1573
-1606
-1577
-1366
-1053
-701
-424
-244
-12
278
522
608
608
652
608
342
-28
-416
-707
-983
-1291
-1588
-1901
-2169
-2474
-2692
-2805
-2833
-2816
-2809
-2734
-2670
-2579
-2443
-2293
-2121
-1920
-1672
-1480
-1368
-1210
-947
-585
-224
78
421
820
1215
1551
1893
2373
2838
3175
3371
3495
3695
3867
3947
3927
3878
3866
3851
3799
3713
3677
3693
3666
3621
3567
3377
3102
2906
2834
2543
1765
740
-169
-881
-1616
-2303
-2618
-2690
-2990
-3587
-3970
-3836
-3575
-3560
-3752
-3841
-3837
-3958
-4063
-3996
-3588
-2950
-2289
-1750
-1303
-700
-70
402
655
825
1009
1070
984
914
1097
1530
2005
2277
2504
2876
3212
3322
3225
3134
2960
2614
2141
1686
1369
1152
1078
1058
1043
1110
1213
1213
1090
880
665
382
-65
-527
-901
-1110
-1275
-1439
-1484
-1419
-1297
-1242
-1182
-1133
-1205
-1381
-1635
-1901
-2146
-2343
-2465
-2520
-2501
-2433
-2328
-2182
-2081
-2043
-2016
-2041
-2183
-2407
-2572
-2674
-2737
-2751
-2619
-2360
-2161
-1928
-1551
-1024
-537
-198
76
334
641
950
1245
1587
1982
2428
2883
3269
3611
3964
4320
4546
4582
4519
4519
4568
4468
4292
4125
3988
3750
3367
2987
2609
2149
1560
949
370
-94
-411
-613
-727
-763
-703
-574
-358
-115
73
-46
-543
-1241
-1921
-2352
-2593
-2653
-2639
-2640
-2622
-2554
-2370
-2092
-1776
-1660
-1734
-1842
-1934
-2029
-2187
-2243
-2154
-1923
-1568
-1070
-532
-136
130
256
291
227
169
240
396
682
1061
1460
1792
2095
2448
2762
3022
3170
3116
2891
2537
2147
1815
1603
1537
1568
1682
1800
1838
1673
1303
841
320
-236
-869
-1515
-2117
-2601
-2899
-3059
-3095
-3028
-2951
-2940
-2976
-3045
-3158
-3314
-3517
-3808
-4044
-4107
-3959
-3662
-3305
-2869
-2494
-2200
-2008
-1933
-1942
-2026
-2090
-2144
-2186
-2171
-2040
-1758
-1390
-972
-533
-44
446
825
1122
1308
1438
1534
1598
1693
1862
2100
2436
2803
3050
3240
3340
3267
3024
2793
2629
2384
2001
1497
1126
876
602
422
397
448
506
517
411
245
111
-27
-150
-183
-141
-64
10
185
333
349
480
684
860
1059
1315
1575
1838
1987
1982
2076
2191
2294
2368
2211
1846
1471
1105
765
581
430
376
398
433
537
682
820
809
721
626
563
480
287
108
-12
-109
-189
-188
-129
-77
-47
-21
24
92
180
255
310
357
350
296
234
143
-35
-279
-473
-622
-771
-917
-1012
-1083
-1178
-1257
-1260
-1231
-1236
-1205
-1178
-1257
-1398
-1518
-1592
-1651
-1676
-1605
-1511
-1397
-1255
-1177
-1090
-1007
-950
-967
-1069
-1136
-1190
-1204
-1207
-1177
-1067
-920
-716
-478
-248
-19
168
261
217
75
-79
-275
-437
-539
-603
-575
-510
-457
-363
-203
-80
10
60
24
-51
-184
-321
-392
-462
-566
-586
-510
-394
-244
-76
145
379
586
747
872
949
981
1010
997
1036
1066
1022
989
980
994
1045
1140
1185
1170
1083
987
869
675
474
256
58
-110
-239
-356
-407
-389
-298
-131
105
396
660
884
1059
1225
1382
1552
1660
1726
1745
1741
1741
1660
1624
1573
1514
1485
1434
1368
1278
1206
1092
931
739
524
312
71
-145
-373
-621
-843
-1023
-1138
-1211
-1187
-1093
-958
-801
-628
-467
-375
-288
-212
-217
-317
-459
-674
-913
-1144
-1299
-1383
-1466
-1456
-1405
-1318
-1245
-1136
-1029
-1014
-1065
-1168
-1266
-1431
-1564
-1687
-1862
-1945
-1933
-1931
-1964
-1997
-2029
-1999
-1921
-1814
-1719
-1661
-1593
-1480
-1343
-1126
-818
-530
-277
-108
30
150
238
292
272
206
144
131
90
16
2
26
3
-45
-29
32
102
144
120
53
-70
-177
-210
-210
-189
-164
-213
-265
-232
-224
-144
-7
110
298
481
625
779
845
868
964
1008
1089
1192
1201
1159
1083
1043
1114
1202
1243
1346
1406
1479
1527
1472
1406
1323
1228
1116
1089
1108
1197
1274
1321
1349
1352
1465
1531
1609
1649
1587
1484
1315
1120
1045
1049
998
986
912
837
886
932
952
974
999
994
924
807
751
642
429
218
38
-5
50
90
90
65
45
99
112
21
-22
-102
-208
-269
-306
-367
-374
-351
-397
-373
-353
-312
-300
-359
-395
-421
-439
-476
-428
-320
-247
-119
11
55
95
117
66
-28
-109
-218
-329
-398
-482
-534
-630
-730
-792
-886
-1013
-1096
-1098
-1155
-1309
-1520
-1645
-1670
-1634
-1579
-1560
-1510
-1452
-1434
-1428
-1372
-1285
-1291
-1314
-1276
-1298
-1314
-1261
-1203
-1174
-1148
-1073
-920
-780
-760
-728
-645
-593
-546
-522
-555
-541
-499
-466
-393
-340
-255
-126
-128
-207
-214
-112
-2
33
71
131
277
363
431
750
1053
1134
1071
982
1035
1233
1305
1298
1263
1062
882
731
674
759
829
861
879
819
735
730
662
565
563
607
735
962
1098
1184
1219
1120
1006
1005
1121
1264
1381
1395
1283
1032
846
837
931
981
912
963
1122
1193
1132
1001
911
878
792
756
844
958
995
883
685
505
374
223
164
171
176
152
49
-59
-203
-360
-496
-555
-597
-618
-614
-677
-789
-1013
-1224
-1350
-1454
-1532
-1540
-1581
-1713
-1923
-2147
-2273
-2325
-2249
-2110
-1975
-1894
-1763
-1607
-1555
-1564
-1658
-1594
-1396
-1239
-1170
-1070
-938
-949
-1027
-1031
-797
-524
-426
-444
-495
-590
-722
-810
-756
-664
-665
-672
-741
-793
-947
-1161
-1256
-1309
-1268
-1063
-798
-645
-587
-609
-574
-570
-557
-363
-133
7
28
41
98
278
480
804
1162
1176
1075
1148
1207
1039
870
774
795
711
603
933
1167
892
485
395
600
676
494
512
686
496
230
347
779
1069
974
992
1344
1582
1615
1658
1668
1556
1307
1302
1759
2101
2191
2243
2293
2247
2131
2212
2338
2220
1934
1747
1614
1501
1440
1359
1321
1259
1242
1406
1491
1368
1149
773
323
52
38
157
296
329
266
101
-151
-325
-491
-722
-918
-1031
-1060
-1005
-908
-788
-695
-655
-614
-556
-549
-583
-705
-970
-1273
-1491
-1553
-1430
-1190
-1015
-862
-763
-697
-714
-876
-1000
-1010
-945
-876
-782
-685
-550
-465
-492
-569
-644
-617
-532
-471
-535
-602
-621
-756
-926
-956
-851
-706
-688
-914
-1137
-1336
-1597
-1744
-1876
-1980
-1933
-1947
-1986
-1901
-1806
-1663
-1523
-1544
-1463
-1195
-1013
-889
-755
-662
-505
-336
-194
74
309
408
482
527
533
498
467
449
403
311
222
253
272
136
60
43
7
1
55
195
312
358
405
502
568
595
580
543
603
764
865
925
1011
1148
1345
1412
1464
1642
1708
1573
1511
1554
1504
1333
1216
1380
1535
1446
1459
1622
1635
1518
1382
1424
1616
1584
1513
1615
1674
1697
1711
1768
1912
1918
1823
1815
1907
1928
1795
1569
1344
1171
878
628
464
191
-83
-320
-523
-716
-885
-982
-1057
-1270
-1625
-1967
-2288
-2547
-2722
-2777
-2769
-2747
-2678
-2567
-2375
-2158
-1937
-1800
-1728
-1611
-1421
-1211
-1073
-920
-787
-711
-608
-477
-267
-117
-164
-281
-389
-408
-393
-342
-246
-125
-7
48
43
-67
-241
-479
-714
-896
-988
-992
-1004
-994
-991
-1025
-1024
-1020
-1027
-1058
-1079
-1047
-1073
-1196
-1317
-1338
-1337
-1303
-1208
-1121
-1035
-981
-974
-905
-878
-969
-957
-816
-585
-362
-231
-110
40
118
168
271
309
404
561
707
876
1017
1092
1130
1141
1239
1433
1533
1544
1503
1509
1463
1351
1403
1553
1664
1717
1784
1933
2088
1949
1676
1574
1531
1576
1599
1492
1483
1383
1186
1195
1212
1195
1256
1241
1297
1394
1328
1416
1587
1592
1521
1483
1507
1549
1468
1319
1322
1264
1208
1206
1191
1254
1245
1196
1212
1088
816
643
488
342
209
107
123
56
-85
-195
-299
-444
-606
-719
-806
-841
-840
-798
-753
-724
-664
-645
-673
-752
-855
-875
-917
-1049
-1103
-1139
-1226
-1357
-1504
-1542
-1479
-1475
-1593
-1697
-1750
-1758
-1730
-1738
-1738
-1754
-1765
-1729
-1767
-1864
-1956
-2038
-2093
-2068
-1964
-1770
-1577
-1450
-1306
-1115
-953
-906
-886
-839
-751
-743
-785
-752
-701
-690
-739
-757
-760
-748
-700
-623
-548
-488
-454
-375
-225
-185
-158
-41
126
235
204
149
132
56
-78
-96
67
189
197
241
329
319
180
143
244
335
365
446
629
761
808
899
1084
1140
1080
1126
1219
1189
1095
1067
1169
1256
1201
1243
1439
1535
1499
1505
1453
1366
1249
1064
1045
1065
959
916
864
690
646
595
471
503
545
547
569
481
354
445
552
617
771
819
882
1001
965
922
971
965
980
996
952
979
933
777
683
578
457
426
421
361
358
291
146
28
-172
-356
-507
-669
-782
-841
-961
-1128
-1276
-1408
-1446
-1443
-1384
-1341
-1312
-1272
-1259
-1217
-1233
-1264
-1225
-1187
-1116
-981
-928
-877
-830
-831
-738
-719
-769
-679
-533
-422
-349
-343
-319
-302
-352
-374
-343
-362
-433
-472
-478
-481
-520
-542
-565
-568
-543
-528
-504
-521
-589
-634
-696
-784
-801
-820
-820
-799
-790
-754
-728
-728
-706
-657
-586
-439
-307
-180
-62
-42
-21
76
172
266
353
433
586
647
594
633
768
848
835
761
724
799
755
652
693
734
719
692
708
851
978
909
799
858
960
965
932
976
1110
1182
1192
1306
1491
1588
1580
1582
1639
1658
1638
1683
1789
1833
1823
1876
1856
1709
1624
1582
1535
1419
1239
1212
1213
1032
820
677
550
418
243
145
76
-128
-368
-603
-745
-773
-719
-627
-636
-726
-765
-715
-677
-705
-732
-728
-718
-778
-836
-741
-646
-643
-634
-610
-574
-519
-493
-466
-408
-431
-472
-479
-485
-469
-441
-481
-506
-468
-445
-413
-445
-489
-479
-518
-631
-747
-844
-930
-1026
-1142
-1147
-1055
-1047
-1139
-1178
-1210
-1275
-1321
-1387
-1347
-1266
-1346
-1428
-1479
-1495
-1390
-1307
-1270
-1205
-1170
-1182
-1151
-1148
-1173
-1133
-1119
-1120
-1048
-968
-914
-834
-833
-905
-973
-1091
-1142
-1067
-1062
-1086
-968
-822
-670
-512
-417
-303
-174
-99
28
163
216
255
245
284
445
563
684
936
1186
1396
1512
1538
1598
1615
1553
1561
1710
1817
1864
1838
1810
1864
1810
1692
1620
1577
1573
1482
1257
1086
968
842
787
833
848
786
625
396
356
344
303
307
261
233
211
179
220
310
404
489
538
607
659
648
608
595
669
743
767
776
781
856
960
985
957
904
891
881
826
774
691
601
459
279
143
68
41
-16
-110
-218
-335
-500
-719
-901
-973
-967
-925
-886
-956
-1010
-984
-976
-958
-992
-1016
-940
-919
-971
-948
-940
-940
-864
-826
-774
-700
-683
-634
-641
-777
-854
-892
-999
-1092
-1089
-1024
-927
-946
-1028
-1003
-1036
-1150
-1212
-1257
-1240
-1122
-1047
-959
-921
-1017
-1055
-953
-793
-638
-490
-392
-294
-201
-195
-123
71
243
450
619
732
904
897
756
737
770
852
930
969
1054
1020
886
791
694
602
470
393
390
349
341
326
285
245
191
253
417
498
513
531
525
492
449
463
591
721
798
927
990
927
860
762
772
878
882
951
1003
888
836
847
848
931
999
1009
1064
1065
1061
1098
1092
1073
1071
1175
1246
1174
1146
1055
943
897
765
738
778
682
609
542
436
392
282
92
26
-12
-98
-128
-215
-335
-405
-443
-458
-486
-548
-599
-605
-629
-688
-754
-707
-657
-665
-658
-635
-521
-459
-509
-529
-526
-544
-539
-564
-610
-630
-705
-764
-746
-737
-761
-814
-868
-918
-991
-1042
-1072
-1126
-1174
-1191
-1204
-1135
-1124
-1198
-1218
-1192
-1194
-1228
-1232
-1219
-1198
-1284
-1341
-1312
-1297
-1306
-1269
-1199
-1129
-1024
-997
-984
-931
-876
-801
-670
-620
-588
-476
-486
-510
-443
-393
-356
-294
-269
-205
-106
-68
-26
23
72
163
231
160
164
244
214
251
266
229
319
348
317
410
437
435
501
471
474
470
439
440
439
454
452
467
462
458
537
610
640
752
817
835
934
956
1014
1155
1229
1291
1368
1379
1410
1489
1493
1542
1614
1628
1697
1787
1791
1766
1735
1729
1747
1731
1694
1658
1596
1461
1369
1265
1142
1065
963
834
674
546
440
302
123
-51
-202
-321
-433
-537
-636
-719
-770
-834
-871
-920
-917
-892
-909
-892
-859
-852
-861
-873
-920
-922
-934
-937
-858
-816
-794
-735
-714
-743
-753
-787
-783
-758
-781
-814
-834
-859
-914
-973
-1093
-1206
-1238
-1255
-1248
-1228
-1237
-1232
-1223
-1288
-1277
-1176
-1115
-1040
-984
-959
-903
-855
-805
-717
-638
-546
-414
-299
-182
-92
-49
19
56
94
154
230
316
338
331
321
331
326
298
269
262
265
260
247
200
210
222
185
149
110
78
55
4
-54
-60
-71
-35
33
68
129
207
254
292
372
460
568
692
792
869
947
1005
1077
1176
1250
1332
1429
1485
1508
1528
1514
1533
1566
1581
1629
1641
1629
1631
1619
1549
1458
1416
1376
1322
1224
1083
983
898
824
755
673
582
465
365
265
167
89
-1
-69
-113
-170
-201
-197
-235
-285
-363
-461
-542
-628
-705
-791
-814
-848
-876
-877
-930
-968
-1020
-1058
-1048
-1026
-1015
-988
-977
-991
-983
-985
-968
-944
-925
-950
-971
-986
-1047
-1068
-1039
-1015
-981
-926
-917
-901
-895
-917
-857
-790
-763
-710
-652
-624
-613
-639
-662
-639
-603
-617
-630
-646
-682
-663
-697
-723
-704
-707
-690
-731
-824
-881
-898
-916
-972
-1038
-1044
-1012
-990
-953
-885
-821
-798
-810
-776
-706
-641
-551
-444
-281
-143
-21
120
250
393
543
713
888
1061
1209
1308
1395
1499
1602
1732
1830
1919
2019
2033
2060
2085
2108
2131
2100
2045
1995
1916
1807
1697
1553
1408
1262
1151
1056
943
839
738
668
603
550
502
478
432
339
261
167
111
95
79
68
74
64
35
26
23
51
60
38
29
7
-6
-12
-22
-54
-68
-72
-83
-94
-98
-99
-124
-168
-208
-204
-220
-241
-234
-224
-238
-279
-309
-352
-359
-327
-300
-258
-210
-202
-204
-210
-242
-242
-234
-243
-251
-254
-278
-311
-349
-401
-427
-418
-410
-433
-475
-528
-569
-628
-719
-783
-839
-891
-932
-968
-991
-1039
-1088
-1156
-1223
-1257
-1297
-1266
-1198
-1190
-1175
-1167
-1155
-1117
-1110
-1078
-1019
-952
-869
-785
-702
-617
-544
-469
-356
-229
-97
47
151
264
375
478
595
683
766
839
896
950
1001
1035
1056
1078
1102
1124
1113
1122
1141
1126
1099
1050
1018
995
944
923
902
873
853
804
748
721
673
628
607
573
543
502
453
431
411
356
318
282
262
266
238
215
204
171
147
139
120
117
97
66
26
-7
-32
-59
-84
-96
-78
-84
-83
-57
-13
12
11
4
-4
-3
-3
30
43
57
98
139
170
178
194
213
241
264
275
280
287
300
291
258
227
198
157
119
64
-8
-84
-166
-236
-308
-404
-508
-574
-624
-694
-742
-785
-855
-936
-1021
-1078
-1130
-1183
-1228
-1296
-1349
-1380
-1385
-1384
-1386
-1380
-1384
-1358
-1343
-1302
-1242
-1204
-1135
-1090
-1019
-904
-806
-685
-562
-463
-348
-226
-125
-27
64
138
226
285
324
378
427
479
516
535
552
563
569
556
548
559
548
533
537
534
519
522
511
476
443
416
419
411
393
377
362
346
337
353
363
363
363
379
406
450
466
458
463
464
497
523
539
568
586
593
591
605
638
684
723
749
766
742
711
688
669
677
697
724
740
751
749
760
776
801
812
796
783
760
749
720
687
685
682
646
609
561
506
470
432
404
368
300
231
158
95
50
-8
-76
-146
-235
-326
-387
-455
-525
-572
-628
-672
-736
-800
-838
-896
-928
-954
-994
-1022
-1060
-1104
-1135
-1161
-1218
-1255
-1268
-1291
-1295
-1297
-1280
-1239
-1197
-1176
-1161
-1120
-1050
-975
-914
-830
-729
-634
-548
-463
-377
-287
-176
-99
-32
54
101
140
165
187
232
233
228
233
221
212
194
156
128
96
45
-6
-70
-147
-224
-281
-321
-356
-381
-418
-476
-508
-514
-519
-502
-487
-464
-435
-397
-334
-253
-179
-109
-38
0
83
159
212
289
358
430
476
518
563
609
632
669
714
732
746
752
763
753
731
730
728
713
681
663
658
656
638
632
610
565
560
554
563
584
617
632
638
633
623
635
644
659
669
674
658
638
603
579
577
564
526
470
383
306
243
159
89
-11
-120
-222
-320
-412
-493
-588
-686
-748
-832
-885
-937
-981
-1017
-1065
-1090
-1090
-1060
-1050
-1023
-992
-971
-926
-878
-829
-774
-727
-698
-630
-564
-492
-433
-399
-330
-271
-225
-195
-176
-188
-199
-206
-230
-247
-274
-320
-361
-406
-447
-482
-516
-523
-544
-555
-556
-524
-483
-456
-419
-400
-359
-333
-300
-250
-190
-120
-40
35
90
175
261
347
440
520
594
641
689
756
797
864
920
953
983
964
919
878
844
789
754
729
729
719
670
639
606
590
585
582
563
548
538
513
494
475
490
510
512
511
524
562
585
612
647
671
681
719
750
754
771
771
773
787
796
795
808
796
798
799
805
807
760
753
714
686
683
665
643
581
526
472
442
392
327
262
193
160
137
100
65
48
24
20
1
-9
-19
-42
-49
-75
-89
-110
-143
-181
-211
-243
-270
-293
-334
-352
-371
-385
-384
-424
-472
-523
-596
-667
-740
-794
-855
-920
-974
-1017
-1084
-1135
-1163
-1198
-1216
-1265
-1283
-1281
-1273
-1238
-1201
-1154
-1121
-1114
-1109
-1065
-1032
-1002
-961
-912
-844
-790
-754
-710
-650
-573
-478
-414
-354
-301
-272
-220
-181
-138
-101
-78
-59
-56
-54
-55
-33
-11
9
8
-11
-37
-53
-41
-6
48
87
105
103
130
172
215
268
315
345
395
458
487
531
564
603
636
654
668
665
653
645
649
642
627
584
538
494
437
388
335
283
222
143
83
29
-25
-79
-136
-176
-204
-233
-264
-277
-268
-238
-196
-161
-141
-105
-45
21
97
176
252
322
395
460
510
553
573
592
597
609
615
593
584
563
530
525
500
423
368
300
223
158
85
7
-66
-128
-204
-277
-346
-425
-490
-537
-580
-625
-671
-686
-688
-679
-682
-688
-675
-665
-628
-591
-549
-515
-482
-435
-418
-394
-370
-336
-289
-234
-198
-198
-204
-197
-182
-183
-195
-205
-239
-277
-307
-354
-381
-412
-431
-418
-435
-436
-429
-428
-406
-389
-386
-370
-357
-334
-300
-280
-243
-225
-207
-151
-113
-96
-63
-18
23
70
92
96
100
104
120
113
96
92
80
90
110
123
145
149
160
179
201
235
266
305
358
397
440
479
505
561
600
631
674
680
688
718
744
752
761
775
807
840
861
879
861
839
831
823
821
807
771
735
693
638
582
519
454
390
329
278
226
158
77
16
-51
-107
-143
-187
-243
-302
-342
-390
-436
-480
-531
-563
-558
-563
-571
-581
-597
-611
-632
-659
-700
-714
-721
-716
-723
-727
-735
-729
-711
-693
-655
-628
-589
-568
-542
-515
-487
-460
-440
-410
-392
-376
-356
-328
-306
-273
-261
-256
-256
-260
-245
-248
-243
-233
-223
-203
-209
-227
-248
-260
-261
-288
-315
-327
-340
-371
-407
-439
-455
-458
-450
-447
-442
-436
-436
-417
-408
-394
-411
-419
-409
-398
-361
-356
-331
-298
-262
-211
-142
-88
-40
30
57
110
172
207
258
312
376
424
458
497
538
563
578
607
624
647
678
710
732
745
780
809
820
840
841
824
831
850
864
883
901
906
912
897
878
873
869
867
863
848
811
769
754
726
687
651
592
556
525
486
452
406
356
320
289
249
231
204
174
142
103
74
45
32
22
21
28
20
38
52
53
50
38
52
56
72
113
137
137
127
148
159
163
158
145
137
109
74
36
29
-1
-26
-26
-36
-51
-81
-110
-144
-167
-182
-187
-211
-250
-279
-310
-317
-314
-326
-329
-345
-369
-384
-394
-380
-355
-339
-331
-335
-322
-279
-248
-226
-222
-222
-217
-213
-200
-190
-188
-166
-136
-114
-87
-75
-72
-50
-10
-4
1
18
18
21
31
48
58
81
120
159
193
226
254
306
346
385
422
446
486
528
580
615
661
700
714
733
750
765
775
770
763
763
745
735
707
678
662
615
589
564
507
459
396
324
282
238
207
178
146
129
108
96
81
71
76
62
42
27
7
9
18
34
55
65
83
107
122
130
167
197
218
235
226
203
176
151
122
60
-10
-83
-144
-180
-243
-307
-370
-435
-503
-566
-621
-678
-737
-798
-859
-921
-970
-1030
-1070
-1097
-1123
-1136
-1136
-1140
-1140
-1134
-1139
-1133
-1119
-1103
-1094
-1082
-1095
-1097
-1081
-1074
-1042
-1025
-1020
-1004
-997
-970
-943
-947
-941
-915
-903
-908
-908
-900
-891
-879
-872
-895
-907
-901
-894
-868
-846
-844
-835
-817
-806
-776
-742
-703
-657
-607
-567
-530
-485
-437
-385
-329
-276
-241
-188
-132
-79
-23
30
76
111
148
173
207
233
262
311
355
411
447
472
505
533
568
593
613
654
706
755
803
839
852
874
911
925
943
956
957
1001
1059
1094
1127
1143
1145
1159
1166
1189
1208
1213
1210
1202
1196
1183
1162
1136
1117
1092
1073
1050
1041
1049
1054
1030
985
950
909
879
838
805
759
710
665
613
574
530
506
492
469
443
415
361
306
267
218
165
131
96
59
31
-1
-19
-44
-62
-97
-147
-204
-241
-255
-277
-279
-278
-302
-333
-352
-384
-408
-420
-456
-505
-540
-566
-589
-603
-622
-635
-669
-704
-735
-775
-810
-841
-872
-902
-930
-955
-936
-918
-902
-887
-887
-887
-889
-858
-848
-837
-816
-798
-761
-725
-687
-628
-576
-535
-502
-470
-420
-372
-325
-274
-237
-215
-195
-171
-147
-122
-96
-102
-107
-95
-80
-73
-75
-42
-14
5
23
15
21
29
25
30
40
53
75
109
143
178
231
277
344
408
450
504
551
605
636
654
694
716
748
784
801
823
817
806
792
777
779
784
777
767
768
746
724
689
627
572
528
488
457
430
399
374
325
286
236
189
160
124
92
59
37
24
31
17
-3
-14
-51
-86
-115
-138
-155
-168
-178
-177
-186
-206
-213
-215
-227
-238
-273
-326
-357
-392
-439
-476
-515
-545
-563
-583
-614
-648
-670
-697
-715
-729
-744
-763
-774
-772
-752
-728
-715
-705
-693
-678
-652
-630
-618
-579
-549
-532
-499
-469
-439
-403
-380
-359
-334
-343
-346
-335
-327
-303
-301
-298
-299
-297
-291
-297
-295
-316
-333
-357
-389
-418
-432
-430
-446
-459
-483
-498
-504
-514
-516
-516
-510
-506
-493
-477
-446
-415
-379
-336
-311
-274
-245
-218
-169
-131
-83
-38
0
35
64
96
117
154
186
205
236
282
321
333
365
393
426
475
503
537
556
568
587
607
643
688
716
751
781
809
841
855
873
891
897
902
919
901
898
910
907
906
883
867
855
828
822
822
813
799
764
726
686
654
634
607
569
528
499
469
436
407
385
368
348
337
328
307
276
249
245
226
200
181
163
159
153
163
160
156
146
111
92
99
100
103
101
100
85
58
43
20
0
-24
-49
-93
-96
-101
-117
-101
-106
-96
-104
-111
-122
-141
-147
-142
-135
-158
-162
-171
-179
-186
-192
-184
-186
-196
-205
-202
-214
-226
-232
-242
-270
-280
-296
-313
-322
-342
-345
-354
-353
-371
-391
-425
-448
-465
-470
-457
-481
-486
-498
-519
-541
-539
-541
-547
-547
-552
-549
-545
-534
-533
-530
-530
-537
-528
-517
-527
-538
-536
-545
-543
-557
-566
-553
-544
-531
-550
-562
-573
-596
-612
-634
-640
-643
-653
-664
-672
-677
-653
-638
-625
-608
-615
-606
-591
-583
-584
-581
-560
-535
-497
-470
-456
-449
-424
-376
-329
-288
-262
-235
-199
-165
-119
-93
-68
-36
-20
22
65
101
140
180
208
244
283
324
370
385
402
418
426
445
474
492
509
514
524
549
563
575
582
602
629
647
671
696
695
702
723
729
737
738
747
754
766
782
774
774
791
803
821
836
847
852
856
865
847
848
851
842
845
838
822
815
799
792
794
793
803
811
817
819
822
820
816
804
798
790
763
746
714
709
716
721
721
715
707
679
675
689
701
693
676
658
629
619
619
601
584
561
530
506
490
481
464
456
449
445
425
407
396
361
333
299
268
248
228
206
186
173
146
140
123
110
100
72
67
67
68
74
85
84
78
68
65
43
25
14
-5
0
10
18
16
1
-16
-19
-33
-29
-24
-28
-26
-45
-55
-66
-72
-65
-60
-68
-71
-75
-86
-105
-120
-127
-142
-151
-171
-175
-172
-172
-183
-186
-208
-235
-244
-259
-266
-285
-294
-304
-312
-313
-308
-299
-317
-314
-323
-344
-355
-384
-389
-405
-432
-453
-473
-482
-498
-516
-547
-561
-571
-587
-597
-627
-655
-683
-714
-739
-777
-817
-837
-850
-872
-892
-905
-913
-908
-907
-892
-878
-852
-813
-795
-779
-770
-767
-754
-738
-727
-717
-712
-698
-667
-631
-602
-595
-589
-578
-578
-578
-570
-560
-559
-560
-561
-574
-586
-600
-598
-579
-567
-579
-579
-573
-572
-563
-567
-568
-566
-570
-556
-549
-551
-534
-522
-505
-482
-466
-445
-426
-404
-380
-357
-332
-304
-282
-273
-280
-280
-265
-251
-225
-203
-199
-195
-199
-189
-167
-153
-143
-128
-119
-112
-93
-89
-89
-72
-48
-34
-21
-18
-7
19
31
62
87
107
120
123
116
105
100
74
56
39
15
-3
-19
-33
-48
-77
-98
-126
-172
-204
-247
-308
-374
-433
-492
-542
-582
-620
-658
-704
-737
-769
-800
-828
-847
-857
-853
-848
-862
-863
-855
-851
-841
-852
-854
-834
-824
-800
-774
-739
-697
-653
-609
-569
-536
-503
-460
-424
-374
-315
-267
-222
-183
-147
-115
-78
-24
20
69
120
163
207
248
310
373
433
494
556
611
672
740
793
866
925
976
1021
1062
1116
1160
1204
1246
1275
1298
1321
1346
1371
1403
1418
1420
1424
1425
1435
1438
1447
1445
1436
1430
1418
1412
1404
1415
1432
1453
1465
1475
1483
1485
1476
1465
1456
1449
1455
1470
1500
1519
1536
1538
1547
1558
1550
1545
1535
1528
1501
1469
1450
1435
1395
1371
1349
1311
1281
1240
1207
1179
1152
1117
1080
1041
997
953
912
870
845
821
785
758
730
706
676
643
610
578
531
493
440
400
375
340
319
297
280
237
202
151
92
52
12
-17
-66
-115
-165
-209
-246
-274
-311
-359
-392
-434
-471
-515
-551
-589
-625
-654
-691
-718
-738
-754
-767
-777
-789
-803
-823
-839
-858
-889
-920
-955
-969
-979
-1006
-1017
-1035
-1060
-1070
-1089
-1109
-1112
-1129
-1144
-1161
-1182
-1193
-1221
-1231
-1223
-1229
-1246
-1277
-1306
-1323
-1327
-1320
-1308
-1299
-1286
-1275
-1263
-1240
-1225
-1216
-1197
-1173
-1162
-1135
-1109
-1091
-1048
-1018
-986
-955
-933
-899
-867
-834
-805
-774
-733
-692
-687
-658
-617
-601
-584
-565
-540
-518
-493
-481
-459
-447
-443
-441
-440
-419
-400
-383
-361
-348
-344
-332
-323
-300
-279
-259
-235
-211
-195
-193
-174
-167
-153
-154
-167
-158
-151
-138
-113
-104
-85
-72
-56
-26
-11
19
42
56
65
76
88
95
101
105
134
154
164
174
186
204
219
230
245
265
271
283
293
298
308
311
310
317
311
315
318
319
330
331
325
300
288
259
231
216
198
191
178
178
176
160
143
133
128
117
100
77
88
94
88
90
79
64
60
53
47
59
67
69
73
70
77
90
101
112
116
118
129
152
162
172
180
175
189
177
167
158
147
153
137
124
126
139
148
166
197
219
235
255
271
282
300
309
324
333
338
346
359
374
383
401
411
420
423
422
427
442
456
456
464
460
456
463
466
459
452
440
427
422
405
384
367
358
347
327
314
311
294
294
310
314
327
326
328
335
339
343
351
370
371
380
375
353
347
334
314
291
302
318
307
306
297
277
269
273
276
272
268
253
237
227
206
188
173
163
151
134
133
131
119
112
106
107
104
98
98
92
86
103
101
98
103
88
74
51
27
13
-2
-7
-26
-32
-41
-56
-63
-68
-65
-65
-65
-66
-69
-83
-109
-132
-151
-163
-171
-187
-203
-218
-226
-234
-235
-225
-218
-207
-200
-198
-198
-183
-180
-180
-189
-216
-222
-225
-214
-196
-183
-169
-149
-135
-134
-130
-128
-126
-116
-123
-129
-133
-133
-129
-124
-119
-111
-99
-94
-80
-72
-64
-66
-63
-60
-73
-60
-52
-43
-41
-43
-46
-41
-20
-15
-5
11
20
8
14
35
28
33
33
17
25
23
25
36
27
24
31
34
28
22
0
-21
-29
-34
-40
-31
-37
-54
-53
-56
-57
-58
-43
-37
-53
-66
-73
-76
-76
-67
-66
-63
-63
-65
-68
-65
-55
-49
-37
-27
-24
-34
-54
-64
-68
-71
-80
-81
-82
-92
-98
-104
-118
-129
-127
-131
-138
-151
-166
-185
-185
-178
-164
-156
-156
-137
-132
-121
-109
-103
-105
-115
-131
-141
-147
-158
-166
-178
-186
-189
-193
-203
-192
-198
-219
-219
-210
-207
-223
-238
-257
-280
-299
-304
-302
-293
-269
-253
-234
-205
-202
-210
-202
-206
-190
-167
-168
-157
-155
-152
-133
-113
-91
-56
-19
1
28
33
37
39
44
47
31
33
26
18
15
15
12
17
34
57
74
99
130
138
151
155
157
146
124
121
104
103
122
135
160
177
178
190
199
209
221
237
252
253
244
232
225
220
216
218
217
222
230
242
251
248
250
245
240
241
240
236
231
230
232
233
217
199
189
177
162
158
175
186
203
217
205
183
160
157
151
151
153
148
151
129
109
91
65
57
56
59
63
70
59
57
54
35
28
10
-5
-26
-42
-64
-93
-103
-125
-141
-147
-157
-153
-142
-146
-145
-148
-150
-152
-162
-165
-162
-168
-169
-170
-181
-162
-152
-142
-134
-133
-118
-111
-109
-105
-105
-112
-117
-120
-109
-105
-114
-117
-130
-130
-132
-146
-150
-146
-150
-152
-155
-167
-184
-196
-200
-208
-206
-210
-217
-197
-184
-174
-152
-136
-119
-97
-73
-59
-48
-35
-22
-14
1
3
3
5
-1
12
17
27
40
24
20
12
5
13
16
22
13
13
6
-6
5
5
11
30
51
73
93
126
147
156
175
194
204
202
220
233
248
257
257
268
266
250
228
219
213
204
207
211
203
195
180
151
140
122
117
115
107
105
97
89
89
91
81
85
94
110
119
123
130
117
117
124
118
111
121
124
118
111
98
88
85
71
58
50
37
34
27
4
-22
-56
-81
-108
-127
-125
-117
-110
-98
-84
-67
-46
-23
9
22
32
35
41
56
63
67
58
52
40
39
48
64
74
75
88
89
88
66
42
31
17
7
-6
-28
-48
-61
-69
-81
-78
-70
-61
-46
-38
-16
-4
5
8
7
13
14
