-20
6
32
49
78
100
112
123
131
127
117
93
62
48
30
28
32
35
35
21
12
7
0
-9
-13
-22
-30
-34
-39
-42
-21
9
34
61
75
90
112
122
126
135
144
153
157
157
167
169
164
175
174
169
150
119
95
78
68
62
57
40
33
39
48
61
83
110
116
123
127
132
135
140
164
183
207
249
279
299
331
343
360
372
370
363
341
311
288
283
271
270
255
235
235
231
222
201
172
132
100
72
50
54
64
67
91
102
112
131
134
149
176
195
226
249
236
219
209
200
194
184
162
142
120
123
122
107
98
93
81
61
38
16
-14
-50
-68
-94
-110
-113
-116
-114
-94
-73
-60
-50
-59
-53
-40
-30
-20
-15
-15
-26
-39
-39
-28
-8
-3
-12
-22
-45
-55
-68
-90
-100
-125
-142
-153
-171
-188
-210
-227
-259
-277
-278
-270
-249
-243
-234
-238
-256
-253
-246
-248
-241
-234
-231
-231
-226
-224
-234
-234
-220
-204
-206
-200
-191
-200
-213
-221
-232
-248
-260
-275
-284
-302
-316
-341
-362
-361
-359
-338
-303
-265
-235
-210
-188
-169
-162
-158
-140
-125
-123
-122
-131
-147
-153
-161
-160
-151
-141
-126
-126
-123
-121
-124
-132
-151
-169
-177
-174
-167
-156
-155
-153
-139
-122
-93
-65
-48
-43
-46
-50
-44
-34
-26
-14
-9
-10
2
19
24
29
37
42
45
51
62
59
41
27
21
15
15
3
-6
-5
-5
12
22
28
43
58
79
94
113
117
110
111
133
135
145
178
173
177
178
165
145
136
128
115
108
111
107
92
79
61
42
35
16
-9
-15
-17
-17
-15
-10
-3
4
15
23
39
42
45
62
82
106
127
135
135
132
144
135
125
123
101
78
59
46
46
41
14
2
4
-1
6
15
4
2
17
33
49
56
67
76
96
121
141
155
179
205
211
243
266
273
264
249
240
219
217
194
172
162
154
155
162
146
131
131
110
110
101
83
81
70
74
99
107
115
124
127
142
159
189
198
208
223
241
255
257
260
250
232
212
202
191
176
157
139
132
125
115
112
105
84
70
68
70
71
75
71
68
74
85
97
118
127
135
140
114
102
89
76
67
61
62
66
57
56
62
37
27
17
4
-6
-23
-57
-71
-81
-105
-105
-108
-109
-109
-119
-130
-145
-144
-133
-129
-117
-95
-100
-103
-101
-114
-123
-158
-185
-188
-204
-224
-236
-220
-206
-197
-175
-156
-150
-146
-154
-170
-177
-190
-192
-205
-224
-203
-197
-217
-213
-198
-183
-173
-180
-184
-185
-200
-211
-218
-239
-263
-281
-295
-300
-297
-283
-260
-241
-234
-233
-222
-220
-232
-240
-269
-290
-290
-299
-281
-252
-234
-192
-173
-169
-156
-162
-179
-172
-166
-185
-196
-221
-237
-228
-209
-191
-181
-166
-149
-146
-138
-124
-117
-116
-154
-162
-147
-166
-171
-176
-181
-191
-182
-161
-134
-90
-66
-48
-33
-10
12
40
71
109
120
117
121
108
114
120
121
125
144
145
155
183
184
194
183
143
131
159
156
155
161
149
134
115
97
98
111
107
110
105
114
108
90
77
77
92
97
128
141
118
88
107
104
74
54
42
50
39
38
49
70
56
38
35
18
30
46
31
40
56
25
14
-9
-20
-4
-22
-12
16
-6
-27
4
19
36
46
48
36
27
34
40
55
42
41
38
55
83
131
157
120
115
110
108
114
99
101
103
81
73
62
70
88
58
45
44
58
57
46
71
63
45
48
47
38
49
70
65
94
98
82
92
69
81
95
80
85
71
56
45
51
74
66
51
67
62
63
76
69
86
70
53
53
45
49
53
42
30
45
25
11
8
24
71
73
88
99
69
70
77
71
93
77
78
79
36
63
70
54
47
42
24
16
22
28
34
-22
-48
-33
-19
-30
2
31
15
-7
-13
6
11
23
11
40
31
37
50
13
10
10
-18
-44
-3
-16
-46
-53
-38
-37
-74
-71
-56
-83
-103
-48
-61
-63
-81
-126
-127
-170
-156
-119
-114
-94
-83
-108
-72
-61
-76
-68
-85
-60
-90
-118
-131
-108
-105
-138
-156
-158
-106
-110
-73
-76
-83
-91
-131
-119
-142
-181
-177
-177
-204
-176
-194
-164
-177
-229
-217
-185
-136
-166
-130
-124
-85
-80
-118
-72
-92
-114
-81
-63
-73
-43
-40
-24
-43
-40
-17
-27
-34
-113
-67
-22
-42
-34
-44
-3
6
-30
9
63
21
18
47
50
46
17
4
26
10
-38
2
0
-11
2
-8
24
30
33
36
84
83
31
38
85
87
61
57
92
106
-4
-7
91
86
50
93
107
120
124
122
180
148
131
163
131
100
58
27
68
11
9
2
-23
23
-18
7
21
6
6
-26
30
111
64
97
146
104
75
63
107
102
81
76
140
165
102
131
100
70
63
8
100
133
98
186
131
101
155
72
132
149
51
35
-36
-18
-9
-61
-47
-21
26
36
63
124
99
122
166
99
123
184
160
169
159
99
114
101
16
16
-32
-9
103
-20
-67
-3
-49
-59
-91
-75
-17
-66
-119
-57
-36
-80
-48
-52
-96
-126
-38
22
11
48
4
8
-4
-87
37
175
129
112
66
108
139
133
156
205
193
-63
16
121
28
94
46
-46
-55
-100
-28
48
0
-39
-31
37
-72
-44
104
24
30
70
-28
52
83
-15
87
38
-4
119
51
-1
104
87
58
129
26
22
149
13
2
87
-37
41
80
-116
-91
-73
-73
-89
-166
-127
-120
-123
-163
-141
-93
-105
-184
-142
-164
-215
-87
-113
-115
-149
-174
-126
-148
-214
-148
-53
-49
-100
-189
-57
14
-107
-144
-53
-5
-117
-202
-34
55
-131
-164
-136
-203
-144
-193
-282
-107
-212
-326
-157
-260
-261
-129
-227
-167
-148
-244
-26
-108
-295
-136
-47
-118
-238
-207
-114
-96
-121
-197
-49
85
-184
-148
-17
-63
-68
-172
-58
-69
-274
-163
-17
-66
-174
-133
-54
-221
-199
-152
-133
-144
-222
-157
-192
-80
-9
-7
107
-32
-28
113
-82
4
46
-116
59
48
-46
117
73
-15
143
93
84
177
120
149
258
118
53
269
124
88
168
80
282
194
54
138
13
101
118
21
128
22
124
164
-33
119
123
191
281
52
203
334
221
244
108
253
259
98
156
-22
144
253
-10
121
120
129
284
32
253
321
63
180
153
-6
124
216
94
113
-69
-17
-72
-127
82
76
83
51
58
82
-24
65
251
-27
-49
19
71
65
-129
150
133
-106
72
104
87
94
-53
115
-57
-101
168
-137
-51
-58
-192
50
-120
-6
27
-172
-48
-187
-60
77
22
116
-202
-165
150
-227
-30
249
-59
46
-60
-104
254
53
65
285
-166
-54
59
-11
62
-17
127
11
-98
-108
-34
90
-95
-137
51
-228
-71
32
-236
82
-22
-248
-108
-87
-144
-86
-143
4
-18
-212
20
64
-1
-144
-141
159
-36
-168
167
-29
-81
-15
-165
152
84
-147
167
19
-94
163
-40
-30
123
-21
-128
-40
-47
-13
8
-124
-70
2
11
-73
23
-38
-54
184
-62
-54
198
-21
-69
-63
-204
71
84
-84
56
-24
-79
14
54
1
90
127
73
170
-11
83
210
-72
-97
-60
-56
-21
-79
32
76
-51
-30
-102
6
-19
-128
-16
39
16
-202
-95
-21
-102
-51
-33
-62
-43
-148
-146
8
-62
67
-8
-32
56
-145
-78
22
-77
39
-65
-172
62
-174
-81
37
-75
87
-128
-169
8
-135
-3
201
-140
0
-70
-272
133
-88
-39
237
70
-6
35
-42
149
193
-104
205
227
7
-56
-35
188
33
-16
188
122
99
-94
-32
402
-39
-44
227
22
113
-130
-98
205
80
-136
57
75
-46
155
25
6
147
104
-40
16
18
-9
148
103
76
116
160
63
108
73
110
319
122
135
144
-65
20
72
-73
123
77
0
220
11
-29
80
140
97
87
7
57
35
-104
163
171
149
15
80
53
-36
144
84
233
216
-131
54
254
75
253
33
40
90
-191
89
44
4
59
-22
-163
-188
23
-20
-96
-143
-7
-50
-191
-73
-7
15
-200
-257
-106
-147
-200
-60
16
-64
-77
-169
-112
155
-48
10
205
-190
126
30
-223
230
-160
42
171
-248
181
132
-62
-83
12
182
-23
-121
-58
61
-94
-169
-35
46
-159
-288
-33
3
1
-8
16
90
-17
-194
-56
178
33
-12
144
-27
-38
140
-79
-2
140
59
107
65
22
95
-5
30
198
-36
59
4
-58
7
-58
163
13
-46
-18
5
-58
96
63
-74
-74
-284
-43
-68
-49
62
170
-30
-72
89
-47
51
-18
56
101
-90
-40
269
-65
-242
185
104
-103
-137
-166
141
-58
-401
130
9
-298
-190
-113
-71
-182
-89
-172
-171
-53
-273
-171
-61
-9
-68
-274
-111
-58
-338
-200
45
-120
-131
-125
82
-153
-165
126
-61
50
-116
-222
20
-112
-251
33
-100
-22
-43
-460
-119
-73
-197
8
-100
-136
-132
-243
-133
-172
74
-34
-394
35
-184
-212
126
-228
-69
-10
-449
-229
-108
-338
-45
-143
-203
-35
-171
42
21
-271
-48
-126
-242
142
-293
70
164
-215
193
-183
-11
73
-23
-11
30
178
73
216
12
5
-21
-102
72
27
-54
142
225
19
206
85
-55
162
-91
-39
240
-48
132
231
-9
118
88
233
201
-20
70
161
-43
338
199
108
479
-216
264
187
-167
245
210
341
91
28
247
265
-61
137
217
-19
-46
10
163
16
155
186
284
77
46
141
-254
180
187
-60
278
229
12
-25
56
330
121
33
291
246
317
125
304
331
180
70
45
285
165
190
134
298
163
80
197
131
229
146
131
316
207
-103
129
154
60
-53
67
228
-49
-145
137
296
-57
91
211
113
-52
-120
240
126
-21
168
119
99
117
-67
123
59
-118
15
-39
217
22
-81
278
18
-209
-129
-56
-81
161
-30
23
271
-150
-56
68
-88
-84
34
-133
-152
-83
62
112
-53
23
-16
127
-64
-171
139
26
21
278
21
1
252
-366
-222
129
-316
311
226
-206
106
-213
-5
-108
-356
169
80
-49
17
-175
99
3
-87
1
-250
46
-45
-273
-134
96
-56
-72
182
-25
79
34
-196
-19
30
-208
57
-63
-121
-74
-384
-12
-210
-327
-230
-121
-94
-274
-169
-136
17
-358
-199
-82
-369
-44
-258
-208
-5
-231
-169
-112
36
-1
-123
-20
-118
-2
-5
-120
147
111
-214
-112
-5
-125
-40
-70
50
26
-198
-32
-63
-28
-143
-109
-9
-168
35
-137
-238
-44
-100
-161
36
-125
-42
223
-174
-123
12
6
-2
-241
-204
106
29
-15
46
-35
0
-259
-233
201
-11
-215
-20
-245
-181
-156
-259
125
2
-239
70
0
-157
234
-148
-275
121
-135
-86
-334
123
332
-436
-6
24
-21
190
-122
170
226
-145
244
54
-145
253
-87
-126
165
23
-125
179
136
-9
60
-90
182
220
-176
170
301
-120
74
-100
-162
74
73
162
46
135
68
56
140
-8
-83
-136
157
163
4
8
173
348
-380
-545
16
328
283
107
18
-92
-89
-462
-58
265
60
182
12
-73
-85
226
30
-69
-119
-410
-35
-100
208
166
-217
71
75
-166
14
237
-62
184
-35
-241
-45
-78
74
49
37
139
308
-103
-62
204
111
134
-10
-84
116
195
-6
-2
199
273
0
-97
-245
135
307
34
107
-98
-60
-26
-71
43
204
182
140
-238
-264
250
144
43
-149
-36
237
22
18
347
141
-101
228
-37
185
192
-91
340
201
-21
-32
117
238
225
-94
290
416
112
130
-127
591
336
-162
459
210
-43
338
244
252
504
151
242
399
60
325
548
367
528
421
148
219
262
22
-24
482
398
-10
171
282
145
220
205
-71
209
229
-322
375
536
-204
158
-424
-391
309
-197
267
211
-321
27
-241
-224
193
40
218
-194
-290
157
-194
-139
-229
21
386
-265
-82
216
-261
-136
-47
-194
-146
-197
-298
-61
78
33
-135
-356
-254
-174
-188
-162
220
180
-256
-353
-228
-229
-269
-349
-457
-346
-60
-217
-582
-209
-83
-460
-387
-193
-365
-109
-533
-598
-98
-554
-206
-225
-533
-126
-383
-466
-28
-93
-130
-281
-108
35
-342
-311
-265
20
50
34
187
-239
-324
-73
-98
10
194
-23
-301
-395
-412
-47
215
24
-32
50
-207
-254
7
-12
24
-258
-246
-158
-290
0
-34
-290
-316
-204
-400
-143
234
44
-66
-299
-495
-169
46
60
151
-30
-255
-345
-117
-50
160
261
-21
-140
-69
21
-94
-67
-50
91
-6
65
244
297
231
-18
-94
6
370
198
95
167
-9
-51
-46
114
256
10
102
82
109
423
146
171
-122
-180
182
44
267
278
-80
-108
-243
-105
311
157
106
188
52
45
37
-115
93
128
-19
84
-89
129
156
-166
126
159
-26
186
269
128
38
7
123
79
-119
30
-24
-2
115
-41
50
16
-92
-8
119
224
355
218
12
-254
-326
-114
-41
86
141
266
16
-151
-51
34
160
295
304
359
283
-229
-59
25
92
267
224
235
-22
-63
58
142
324
382
131
106
-26
-3
284
118
178
148
-220
-51
59
61
360
80
-33
-7
-163
120
190
234
233
-21
-88
-120
7
165
81
91
-11
-170
-46
81
110
25
-53
-118
-209
-123
-48
29
33
-129
-238
-228
-171
-131
-108
-27
39
-133
-205
-217
-213
-250
-124
-47
-261
-128
-172
-247
-115
-64
37
53
92
72
66
167
115
106
188
161
77
27
-19
-31
75
48
-40
49
26
-56
-2
62
164
141
38
107
39
-4
157
127
156
65
54
172
5
83
122
147
274
264
310
279
139
217
228
153
272
332
300
175
185
222
153
137
199
165
166
76
-14
35
-87
-88
-183
-185
-270
-322
-171
-208
-93
-151
-331
-348
-362
-489
-464
-461
-610
-780
-949
-922
-939
-918
-811
-757
-738
-687
-649
-592
-487
-463
-494
-427
-480
-447
-294
-297
-246
-252
-207
-182
-205
-148
-49
35
105
71
99
108
42
123
178
216
148
273
315
311
381
477
573
480
521
459
507
583
590
620
627
732
673
733
826
860
974
949
1177
1174
1101
1267
1123
1162
1174
1120
1116
1076
1049
947
1015
1035
1040
1058
1011
1056
1049
1108
1007
1065
1179
1087
1126
769
311
-178
-429
-596
-1044
-1440
-1871
-2402
-3017
-3235
-3025
-2628
-2530
-2324
-2172
-2372
-2210
-1746
-1135
-904
-933
-854
-888
-1007
-793
-400
-216
-102
-40
-6
54
270
664
905
948
963
740
611
630
797
979
914
828
581
363
247
362
438
283
129
-16
-238
-398
-309
-188
-151
-392
-407
-431
-546
-457
-490
-480
-576
-772
-915
-907
-899
-856
-753
-726
-618
-654
-581
-295
-163
50
218
247
280
270
388
552
661
745
700
744
862
775
891
1161
1218
1294
1272
1289
1491
1524
1552
1614
1538
1443
1478
1467
1386
1402
1363
1301
1294
1302
1321
1369
1369
1543
1742
1756
1733
1236
381
-325
-702
-969
-1567
-2163
-2771
-3556
-4073
-4275
-3928
-3434
-3289
-3054
-2831
-2754
-2563
-1937
-1166
-849
-778
-712
-608
-565
-334
268
668
760
684
835
1057
1274
1653
1971
2117
1908
1784
1734
1717
1794
1739
1547
1229
878
579
338
194
121
-70
-298
-569
-871
-1143
-1055
-772
-784
-890
-964
-1064
-1145
-1003
-901
-920
-1056
-1268
-1429
-1612
-1661
-1598
-1435
-1387
-1461
-1333
-1111
-913
-575
-254
-155
-71
22
149
259
285
356
459
411
410
553
608
818
1000
1125
1295
1406
1665
1889
2096
2124
2102
2096
1904
1853
1727
1594
1488
1452
1418
1299
1372
1404
1459
1618
1772
1881
1990
1740
920
-19
-791
-1165
-1581
-2449
-3185
-3892
-4691
-5120
-4860
-4157
-3787
-3468
-3102
-2775
-2512
-2064
-1111
-424
-348
-499
-354
-223
-160
221
684
863
770
758
999
1342
1603
2084
2384
2209
1976
1789
1761
1762
1738
1466
1112
849
528
393
281
300
311
192
48
-45
-44
2
291
506
450
263
211
145
211
263
163
15
-422
-648
-816
-912
-972
-1107
-1205
-1403
-1582
-1573
-1401
-1135
-903
-930
-851
-871
-697
-387
-192
-74
-105
5
-13
157
387
714
1025
1140
1295
1483
1753
2081
2512
2751
2831
2753
2713
2634
2541
2507
2385
2306
2165
2079
1985
2053
2134
2088
2070
2002
1961
1838
1486
678
-516
-1601
-2206
-2759
-3581
-4413
-5068
-5619
-6140
-6132
-5474
-4842
-4488
-4044
-3584
-3238
-2901
-2191
-1310
-1139
-1295
-1307
-1142
-991
-749
-198
138
196
170
392
768
1091
1544
1875
1837
1571
1396
1424
1564
1526
1439
1288
988
842
809
808
826
844
791
702
542
456
585
831
1007
1044
910
706
713
739
707
644
512
154
-261
-632
-1027
-1235
-1327
-1442
-1641
-1919
-1995
-1833
-1649
-1307
-944
-774
-759
-504
-198
54
366
586
840
740
727
976
1296
1555
1707
1913
2052
2204
2393
2705
2926
3004
2877
2636
2356
2188
2072
1920
1782
1523
1394
1306
1415
1538
1564
1585
1611
1610
1455
1117
221
-912
-1939
-2549
-2978
-3804
-4645
-5212
-5671
-5973
-5831
-5060
-4356
-4110
-3747
-3290
-2809
-2427
-1724
-1029
-1061
-1324
-1423
-1091
-853
-658
-233
-71
-143
-177
84
520
916
1259
1414
1289
1045
978
1179
1338
1329
1151
866
698
624
769
890
899
900
726
717
679
658
822
917
935
812
619
539
602
612
590
401
145
-105
-348
-402
-592
-1052
-1449
-1519
-1510
-1601
-1653
-1454
-1236
-1140
-891
-479
-50
288
656
976
1172
1332
1629
2032
2173
2192
2292
2391
2509
2593
2638
2700
2661
2561
2549
2469
2290
2101
1923
1650
1259
908
674
574
478
421
442
525
576
657
858
1077
1237
1269
1054
291
-810
-1649
-1827
-2100
-2986
-3849
-4517
-4960
-5291
-5075
-4301
-3868
-3823
-3627
-3216
-2928
-2556
-1779
-1162
-1272
-1528
-1422
-932
-559
-243
257
339
222
243
622
1054
1229
1476
1592
1387
1168
1226
1600
1921
1945
1861
1616
1586
1653
1813
1891
1669
1556
1198
1040
966
914
956
779
749
556
357
374
451
537
379
101
-163
-431
-515
-635
-951
-1417
-1976
-2163
-2093
-1982
-1895
-1770
-1568
-1421
-1168
-778
-172
389
732
929
937
1010
1329
1663
1759
1662
1424
1340
1418
1497
1625
1558
1380
1291
1250
1212
1235
1218
1028
813
531
229
125
229
422
557
585
668
850
1017
1329
1755
1988
1980
1621
770
-312
-1100
-1368
-1750
-2701
-3753
-4569
-5215
-5619
-5501
-4912
-4623
-4727
-4629
-4291
-3835
-3376
-2525
-1847
-1904
-2028
-1939
-1407
-968
-584
-47
43
16
240
720
1281
1747
2162
2342
2232
2147
2359
2810
3007
2960
2812
2456
2292
2312
2400
2437
2204
1949
1609
1279
1075
1034
1156
1069
778
414
153
188
376
498
402
15
-331
-526
-593
-544
-691
-974
-1378
-1813
-2017
-1868
-1592
-1453
-1444
-1469
-1347
-1107
-620
19
400
451
367
396
688
1016
1246
1370
1196
944
913
1074
1281
1387
1397
1319
1134
984
1030
1200
1259
1184
959
688
550
631
996
1277
1382
1514
1690
1934
2165
2472
2749
2662
2437
1919
910
-215
-980
-1178
-1847
-3202
-4413
-5146
-5655
-6154
-6042
-5576
-5528
-5708
-5633
-5139
-4574
-3979
-2996
-2398
-2323
-2156
-1729
-929
-358
152
592
656
718
951
1495
1930
2190
2407
2377
2323
2399
2706
3132
3245
3224
3007
2683
2692
2733
2824
2638
2190
1675
1087
794
648
610
392
65
-160
-427
-519
-384
-146
-13
-250
-584
-710
-682
-565
-616
-733
-1123
-1572
-1733
-1663
-1285
-1095
-1090
-1122
-1153
-904
-430
128
616
776
732
689
840
1196
1514
1730
1628
1440
1326
1408
1754
1936
1987
1886
1665
1560
1524
1623
1696
1564
1324
990
764
720
848
1083
1150
1117
1094
1157
1352
1569
1710
1658
1491
1256
750
-94
-1105
-1882
-2343
-2987
-3983
-5030
-5701
-6189
-6631
-6578
-6152
-5823
-5824
-5687
-5129
-4398
-3659
-2766
-1910
-1629
-1473
-1006
-279
358
733
1104
1294
1303
1453
1874
2276
2449
2563
2553
2363
2302
2524
2892
3032
2865
2721
2554
2520
2622
2639
2387
1888
1403
919
582
384
192
-63
-425
-766
-933
-938
-736
-479
-458
-681
-934
-1003
-909
-716
-730
-927
-1182
-1388
-1566
-1751
-1657
-1373
-1197
-1300
-1360
-1227
-976
-664
-244
128
162
156
276
586
836
1006
1233
1256
1181
1214
1428
1666
1737
1651
1471
1240
1135
1168
1193
1117
912
757
568
561
763
903
1010
1017
1080
1212
1358
1532
1667
1756
1739
1547
1292
814
-19
-1029
-1833
-2216
-2912
-3955
-4850
-5370
-5693
-6012
-5762
-5250
-5022
-4988
-4672
-3936
-3286
-2724
-1871
-1201
-1054
-873
-360
418
814
1008
1236
1285
1350
1509
1973
2246
2316
2382
2387
2527
2765
3142
3403
3417
3348
3273
3206
3264
3301
3202
2735
2079
1522
1009
846
651
280
-284
-816
-981
-991
-842
-671
-506
-570
-837
-915
-840
-711
-649
-689
-770
-1036
-1279
-1246
-1017
-732
-642
-648
-672
-707
-595
-386
-171
-115
-214
-259
-275
-162
98
387
624
706
814
971
1229
1534
1702
1745
1534
1307
1224
1195
1166
1041
920
830
745
659
708
897
1155
1363
1528
1702
1882
2135
2298
2474
2526
2486
2385
2118
1617
644
-397
-1161
-1588
-2265
-3257
-4050
-4702
-5224
-5566
-5384
-4965
-4829
-4859
-4620
-4080
-3556
-2904
-2118
-1535
-1388
-1217
-674
-130
169
371
575
682
757
958
1289
1620
1928
2216
2382
2544
2868
3206
3444
3536
3540
3399
3110
2979
2875
2604
2043
1432
938
444
120
-125
-477
-988
-1346
-1416
-1344
-1240
-1186
-1184
-1257
-1341
-1315
-1094
-898
-759
-792
-883
-790
-663
-584
-615
-530
-462
-533
-631
-602
-504
-599
-727
-812
-784
-726
-632
-408
-210
-99
72
335
581
823
1074
1236
1195
1006
834
748
637
496
328
140
-4
-108
-132
-23
169
424
668
892
1189
1451
1743
1987
2144
2143
2001
1905
1700
1507
1155
368
-834
-1845
-2062
-2225
-2976
-4024
-4727
-5132
-5540
-5505
-4963
-4596
-4692
-4645
-4140
-3489
-2845
-2016
-1254
-1056
-1076
-745
-121
360
734
1039
1166
1249
1487
1997
2503
2864
3122
3193
3176
3334
3642
3852
3895
3864
3671
3251
2998
2954
2794
2323
1635
1053
501
72
-202
-558
-1023
-1455
-1654
-1758
-1843
-1852
-1801
-1779
-1869
-1863
-1670
-1354
-1031
-861
-763
-628
-430
-186
65
282
255
-33
-263
-271
-267
-485
-732
-829
-935
-1045
-968
-641
-260
7
297
618
883
1109
1400
1571
1406
1137
898
705
544
379
213
-12
-172
-157
43
319
641
995
1202
1373
1663
2074
2430
2612
2600
2436
2241
2110
2051
1866
1556
952
-86
-1133
-1592
-1572
-2050
-3141
-4009
-4457
-4861
-5100
-4739
-4149
-4133
-4389
-4123
-3450
-2899
-2338
-1578
-1159
-1236
-1204
-617
114
605
1031
1392
1607
1834
2315
2927
3407
3701
3759
3623
3607
3827
4040
4012
3805
3504
3092
2795
2798
2766
2335
1706
1163
637
126
-210
-448
-898
-1563
-2001
-2167
-2325
-2411
-2294
-2117
-2149
-2180
-1906
-1383
-871
-550
-317
-85
128
308
451
583
615
447
224
75
-37
-204
-311
-297
-330
-439
-475
-271
0
157
288
393
425
429
452
478
344
77
-126
-303
-393
-450
-449
-401
-299
-48
186
489
749
1011
1273
1446
1648
1825
2013
2124
2179
2139
2015
1934
1880
1819
1687
1359
606
-382
-1093
-1300
-1538
-2361
-3390
-4083
-4543
-4963
-5076
-4844
-4729
-4905
-4914
-4521
-4006
-3517
-2840
-2099
-1755
-1603
-1163
-444
248
720
1112
1397
1567
1873
2303
2740
2983
3063
3013
2950
3109
3287
3347
3265
3127
2899
2542
2389
2433
2291
1772
1121
573
-13
-501
-827
-1234
-1846
-2523
-2882
-3025
-3042
-2879
-2608
-2368
-2216
-1854
-1268
-690
-237
102
415
648
769
829
887
920
789
454
158
-11
-186
-386
-551
-655
-849
-980
-851
-625
-563
-637
-575
-475
-438
-398
-301
-247
-369
-510
-508
-419
-339
-209
-65
78
198
345
613
918
1211
1383
1538
1810
2125
2432
2675
2885
3030
3066
3088
3076
2980
2757
2505
2242
1556
469
-504
-943
-1282
-2139
-3173
-3898
-4346
-4824
-5018
-4634
-4263
-4335
-4439
-4078
-3544
-3100
-2513
-1780
-1416
-1420
-1189
-524
197
722
1194
1485
1615
1802
2193
2613
2848
2923
2771
2585
2590
2782
2945
2953
2876
2720
2449
2259
2284
2194
1779
1153
592
47
-510
-908
-1295
-1819
-2346
-2623
-2642
-2574
-2351
-1922
-1458
-1076
-703
-190
380
851
1196
1401
1496
1527
1523
1568
1571
1348
977
647
469
312
99
-134
-396
-754
-1040
-1096
-1074
-1086
-1140
-1158
-1135
-1046
-893
-707
-561
-519
-521
-498
-412
-285
-124
-1
126
260
381
605
990
1408
1725
2008
2295
2589
2810
3010
3232
3297
3225
3082
2832
2482
2193
2010
1711
1258
664
-163
-1054
-1639
-1853
-2215
-3024
-3799
-4318
-4766
-5046
-4865
-4459
-4500
-4770
-4662
-4205
-3681
-3076
-2274
-1731
-1564
-1210
-448
388
1025
1559
1924
1990
2071
2393
2727
2853
2841
2845
2739
2670
2899
3168
3278
3214
3115
2908
2606
2470
2318
1843
1057
280
-385
-1010
-1478
-1784
-2112
-2489
-2694
-2583
-2302
-1941
-1468
-984
-595
-300
12
289
470
586
589
505
396
318
223
43
-232
-462
-598
-718
-900
-1196
-1517
-1794
-2012
-2150
-2116
-2020
-1988
-1967
-1867
-1618
-1343
-1075
-840
-727
-703
-667
-534
-312
-97
33
72
177
480
854
1271
1656
2013
2298
2450
2634
2799
2908
2908
2800
2632
2409
2270
2148
1922
1659
1454
1331
1162
936
532
-200
-882
-1159
-1210
-1685
-2585
-3256
-3639
-3975
-4206
-4051
-3828
-4009
-4209
-3971
-3447
-2944
-2335
-1575
-1126
-970
-616
67
737
1121
1427
1607
1576
1630
1910
2296
2523
2623
2664
2616
2656
2901
3185
3281
3148
2837
2391
2027
1912
1706
1109
333
-224
-618
-1033
-1270
-1271
-1343
-1625
-1741
-1522
-1257
-1086
-845
-524
-412
-466
-358
-23
262
371
455
484
444
419
512
618
497
257
-44
-370
-710
-973
-1103
-1326
-1638
-1918
-1997
-1939
-1833
-1606
-1364
-1172
-1053
-869
-578
-304
-69
85
164
214
330
571
847
1109
1347
1583
1831
2066
2369
2663
2862
2940
2887
2825
2722
2603
2482
2331
2161
1894
1622
1413
1337
1336
1239
1120
885
366
-376
-913
-1080
-1409
-2200
-3122
-3693
-4101
-4575
-4747
-4539
-4390
-4519
-4481
-4065
-3567
-3027
-2257
-1479
-1158
-1060
-641
20
622
1059
1372
1480
1455
1639
1961
2254
2444
2540
2480
2282
2309
2468
2493
2378
2188
1875
1353
1016
966
769
371
64
-87
-362
-650
-614
-466
-523
-638
-579
-518
-583
-530
-329
-253
-324
-335
-231
-110
62
263
351
353
411
560
682
748
659
355
-50
-342
-493
-747
-1085
-1435
-1793
-2159
-2385
-2345
-2211
-2102
-2047
-1954
-1781
-1500
-1109
-741
-508
-376
-188
92
471
856
1084
1145
1197
1359
1559
1715
1801
1811
1717
1534
1405
1337
1302
1264
1172
1029
907
928
1004
1012
958
945
927
825
717
528
-3
-762
-1229
-1372
-1703
-2411
-3060
-3465
-3875
-4161
-3993
-3582
-3460
-3512
-3288
-2801
-2301
-1757
-1066
-568
-467
-381
-70
369
772
1103
1289
1239
1243
1448
1720
2010
2272
2367
2184
2026
2136
2239
2177
2089
1972
1649
1247
1141
1179
979
663
499
346
-17
-302
-325
-349
-532
-748
-880
-1021
-1101
-922
-635
-528
-565
-435
-105
279
623
873
1074
1205
1258
1292
1315
1277
1037
580
83
-295
-571
-867
-1196
-1567
-1935
-2173
-2162
-1952
-1760
-1642
-1536
-1368
-1111
-707
-235
132
317
374
508
754
1054
1297
1408
1449
1488
1558
1683
1865
1992
2008
1926
1793
1678
1583
1521
1490
1391
1186
967
854
894
968
1040
1092
1092
1054
1015
995
734
133
-478
-815
-1087
-1667
-2367
-2861
-3243
-3629
-3725
-3376
-3049
-3028
-2940
-2547
-2124
-1808
-1346
-824
-664
-789
-703
-374
-149
-19
225
454
539
672
969
1331
1600
1806
1953
1963
1931
1956
2010
2026
1949
1713
1335
1081
1059
1004
783
544
374
87
-248
-385
-406
-520
-711
-779
-816
-887
-763
-403
-103
13
133
396
661
811
966
1085
1032
814
588
409
232
-12
-399
-851
-1217
-1416
-1561
-1715
-1804
-1824
-1872
-1896
-1779
-1582
-1404
-1237
-1089
-1002
-941
-727
-351
-53
129
351
679
990
1263
1555
1783
1899
1927
1914
1788
1545
1300
1079
833
520
252
52
-143
-231
-176
-72
2
144
414
689
879
971
1054
1148
1225
1252
1110
697
64
-539
-897
-1055
-1381
-1962
-2486
-2831
-3074
-3151
-2948
-2693
-2743
-2926
-2830
-2515
-2258
-2000
-1608
-1345
-1340
-1184
-690
-144
224
540
856
1010
1123
1405
1770
1983
1989
1884
1701
1571
1626
1740
1647
1418
1247
1051
904
973
1067
897
570
365
227
1
-184
-237
-347
-616
-778
-650
-492
-365
-146
94
199
192
293
419
418
306
149
-94
-455
-741
-862
-911
-960
-1058
-1245
-1464
-1568
-1483
-1299
-1205
-1299
-1468
-1585
-1583
-1480
-1369
-1203
-1022
-911
-805
-573
-222
162
550
885
1149
1324
1515
1719
1801
1737
1575
1333
956
584
359
230
109
0
-34
-12
151
495
870
1189
1501
1872
2182
2350
2458
2499
2471
2393
2343
2232
1962
1652
1221
596
17
-225
-388
-865
-1503
-1983
-2405
-2886
-3103
-2975
-2915
-3138
-3265
-3141
-2961
-2702
-2203
-1565
-1194
-989
-588
-12
511
947
1352
1547
1555
1611
1798
1962
2043
2085
2058
1980
1961
2070
2164
2216
2232
2173
2033
1895
1819
1638
1349
1038
761
448
120
-35
-92
-240
-446
-507
-470
-448
-413
-333
-278
-354
-482
-561
-640
-771
-900
-991
-1050
-1097
-1098
-1007
-848
-611
-398
-258
-184
-191
-296
-462
-594
-757
-1028
-1380
-1668
-1847
-1974
-1954
-1722
-1414
-1203
-1070
-888
-622
-367
-159
-54
-124
-314
-522
-647
-694
-684
-639
-564
-426
-207
143
591
1078
1569
1946
2170
2323
2454
2561
2609
2563
2444
2287
2173
2168
2189
2172
2142
2157
2181
2116
1912
1472
753
-87
-730
-1189
-1869
-2808
-3643
-4241
-4709
-4882
-4640
-4245
-4008
-3848
-3453
-2895
-2358
-1740
-1062
-619
-463
-330
-49
332
700
1033
1218
1254
1317
1504
1787
2058
2270
2280
2116
2024
2068
2127
2159
2187
2110
1887
1690
1661
1638
1509
1378
1241
904
458
173
-11
-275
-587
-780
-958
-1236
-1392
-1330
-1229
-1284
-1342
-1286
-1262
-1287
-1252
-1115
-966
-853
-734
-614
-518
-365
-165
8
106
78
-138
-572
-969
-1175
-1274
-1398
-1606
-1815
-2038
-2219
-2158
-1825
-1490
-1348
-1336
-1326
-1328
-1321
-1161
-917
-801
-858
-876
-737
-511
-162
309
748
1023
1239
1508
1830
2151
2458
2690
2721
2590
2409
2304
2336
2492
2650
2652
2557
2504
2473
2460
2485
2451
2143
1533
889
164
-749
-1622
-2190
-2579
-3165
-3763
-4062
-4186
-4217
-3958
-3363
-2850
-2706
-2598
-2323
-2050
-1848
-1570
-1229
-1113
-1123
-996
-675
-219
335
983
1517
1920
2331
2749
3113
3429
3671
3718
3539
3284
3049
2824
2706
2710
2690
2536
2360
2257
2149
2060
1952
1699
1227
688
261
-148
-594
-963
-1182
-1397
-1628
-1680
-1563
-1426
-1278
-1027
-775
-703
-705
-628
-461
-278
-172
-102
-78
-85
-46
24
135
197
124
-112
-402
-692
-1043
-1324
-1493
-1678
-1948
-2205
-2347
-2400
-2367
-2178
-1888
-1669
-1578
-1454
-1193
-865
-469
-62
301
594
860
1225
1644
2005
2227
2384
2485
2479
2418
2282
2133
1980
1796
1601
1426
1288
1143
1054
1046
1067
1034
902
747
570
331
112
-11
-100
-300
-585
-782
-929
-1192
-1528
-1679
-1626
-1605
-1711
-1912
-2126
-2361
-2501
-2420
-2276
-2305
-2480
-2529
-2437
-2234
-1854
-1316
-748
-278
201
739
1244
1695
2116
2473
2691
2757
2691
2594
2557
2534
2515
2490
2452
2373
2242
2174
2240
2292
2196
1958
1619
1145
602
119
-341
-873
-1487
-2028
-2445
-2767
-2945
-2929
-2775
-2562
-2336
-2116
-1901
-1691
-1410
-1146
-1006
-1022
-1113
-1184
-1206
-1089
-862
-652
-506
-316
-44
176
315
390
351
155
-137
-510
-975
-1424
-1699
-1762
-1777
-1796
-1739
-1581
-1287
-872
-334
167
511
768
958
1105
1206
1362
1520
1498
1314
1120
1049
1019
1002
1055
1104
1011
806
690
735
785
759
685
546
318
86
-45
-70
-88
-140
-149
-97
-8
117
283
461
610
711
786
822
730
448
-70
-654
-1081
-1309
-1434
-1586
-1719
-1855
-1960
-1927
-1718
-1404
-1181
-1055
-993
-1019
-1018
-843
-524
-242
-14
263
597
979
1404
1870
2341
2681
2873
2940
2885
2748
2587
2435
2194
1860
1504
1186
969
859
844
813
672
437
142
-161
-484
-843
-1209
-1557
-1821
-1999
-2098
-2077
-1937
-1693
-1428
-1171
-923
-726
-589
-513
-461
-485
-588
-691
-755
-688
-534
-317
-36
237
498
714
911
1065
1113
1108
1065
923
638
297
27
-99
-66
45
139
171
107
53
63
75
85
7
-154
-396
-687
-909
-995
-1001
-1020
-1010
-975
-905
-799
-657
-438
-266
-206
-234
-307
-349
-342
-257
-80
131
310
464
645
858
1116
1366
1500
1535
1492
1411
1361
1310
1256
1191
1119
1129
1200
1283
1359
1375
1248
922
514
215
43
-113
-315
-601
-1003
-1364
-1483
-1417
-1233
-1031
-867
-730
-614
-339
97
528
856
1113
1355
1480
1511
1486
1396
1252
1116
1029
852
596
399
332
406
567
759
838
737
593
451
280
89
-165
-522
-1025
-1561
-1986
-2292
-2455
-2455
-2283
-2087
-1913
-1723
-1560
-1424
-1320
-1223
-1207
-1327
-1480
-1557
-1523
-1372
-1052
-602
-114
408
937
1413
1764
2000
2157
2116
1865
1511
1123
756
418
183
20
-199
-499
-794
-987
-1078
-1176
-1332
-1589
-1976
-2382
-2714
-2855
-2839
-2753
-2628
-2504
-2361
-2186
-1928
-1620
-1306
-1033
-807
-569
-322
-44
263
590
928
1272
1595
1886
2185
2446
2621
2739
2811
2813
2720
2563
2416
2236
1962
1653
1406
1225
1074
946
839
767
716
712
764
806
794
711
507
105
-356
-658
-701
-576
-448
-329
-294
-314
-278
-161
19
125
139
44
-212
-484
-637
-649
-547
-370
-67
235
420
516
546
574
564
535
435
180
-152
-456
-633
-641
-465
-193
-20
48
85
156
259
328
354
279
119
-9
-98
-164
-232
-217
-119
-33
57
158
207
131
-2
-82
-99
-132
-206
-221
-187
-149
-92
8
175
325
405
427
370
255
102
-35
-200
-471
-804
-1152
-1454
-1727
-1971
-2153
-2357
-2576
-2763
-2858
-2840
-2773
-2710
-2700
-2638
-2472
-2239
-1946
-1587
-1166
-765
-383
57
565
1046
1438
1780
2074
2295
2418
2485
2460
2340
2257
2221
2145
2007
1856
1756
1666
1582
1550
1496
1377
1192
1006
836
660
504
361
258
211
269
403
535
722
971
1224
1503
1808
2029
2075
1913
1535
1003
561
387
444
596
675
636
445
134
-85
-100
-76
-179
-415
-680
-892
-1072
-1210
-1236
-1128
-884
-571
-312
-184
-165
-207
-240
-176
1
223
383
439
441
471
597
775
875
845
687
492
296
108
18
24
38
1
-6
51
145
178
71
-90
-273
-436
-592
-817
-1064
-1316
-1502
-1574
-1542
-1411
-1255
-1114
-1030
-994
-996
-1056
-1146
-1308
-1491
-1643
-1738
-1769
-1767
-1698
-1586
-1475
-1388
-1307
-1220
-1159
-1127
-1159
-1260
-1339
-1314
-1187
-995
-744
-472
-269
-112
66
300
559
747
866
932
976
1026
1052
1094
1143
1198
1218
1206
1184
1133
1062
921
767
601
453
410
366
291
198
103
61
22
13
15
-26
-46
-62
-53
-61
-47
9
87
252
436
637
807
997
1323
1688
2015
2227
2243
2046
1696
1370
1160
1091
1097
1102
1027
807
514
182
-65
-237
-396
-527
-712
-856
-928
-986
-995
-966
-844
-642
-391
-105
50
63
19
42
149
349
608
746
758
645
511
400
248
47
-206
-456
-676
-784
-805
-838
-882
-907
-887
-837
-773
-719
-748
-871
-1045
-1194
-1243
-1250
-1239
-1197
-1146
-1086
-1033
-1006
-1010
-1048
-1100
-1184
-1278
-1323
-1327
-1314
-1273
-1172
-1052
-889
-702
-537
-395
-287
-191
-108
-39
37
141
250
353
460
564
633
644
623
598
558
493
385
254
152
71
58
56
34
-2
-66
-98
-135
-203
-304
-439
-570
-670
-741
-751
-692
-626
-537
-379
-192
-23
110
236
393
579
801
1026
1234
1363
1423
1487
1548
1629
1657
1606
1496
1345
1263
1250
1228
1162
1060
1024
1115
1312
1510
1609
1567
1365
1107
882
766
800
919
1090
1255
1395
1446
1386
1308
1241
1188
1096
901
669
472
336
242
120
-27
-204
-386
-582
-793
-1019
-1303
-1602
-1922
-2197
-2329
-2335
-2226
-2026
-1763
-1473
-1219
-993
-768
-599
-469
-357
-279
-194
-103
19
155
249
358
526
693
767
706
551
361
125
-135
-413
-683
-890
-1016
-1020
-936
-826
-720
-636
-562
-486
-383
-298
-274
-289
-319
-331
-307
-252
-196
-156
-119
-53
21
27
-47
-182
-374
-560
-699
-787
-842
-875
-867
-842
-788
-708
-619
-557
-558
-585
-638
-686
-701
-687
-672
-664
-569
-457
-375
-318
-297
-258
-222
-153
-62
9
64
128
244
309
370
507
633
726
842
990
1089
1081
1024
992
970
957
1011
1057
1004
907
807
720
688
768
986
1202
1334
1424
1497
1577
1712
1937
2152
2294
2360
2341
2253
2118
1983
1807
1591
1361
1138
947
793
698
657
571
409
178
-146
-540
-929
-1271
-1569
-1817
-2025
-2186
-2297
-2305
-2172
-1945
-1688
-1469
-1342
-1335
-1368
-1361
-1278
-1110
-912
-732
-620
-560
-446
-266
-97
16
66
74
44
40
70
76
53
26
-2
-57
-109
-200
-319
-439
-541
-568
-555
-515
-428
-330
-237
-156
-59
37
76
71
0
-126
-243
-313
-360
-398
-431
-484
-507
-469
-352
-232
-177
-172
-249
-377
-525
-700
-872
-1050
-1214
-1304
-1299
-1208
-1045
-861
-686
-505
-351
-248
-223
-296
-440
-578
-623
-554
-432
-278
-106
37
157
307
473
616
672
654
665
687
709
768
806
786
759
707
650
605
530
477
419
335
325
376
436
537
650
725
784
907
1143
1424
1685
1906
2068
2156
2176
2183
2189
2168
2160
2160
2146
2122
2082
1970
1835
1782
1748
1719
1640
1447
1159
759
348
13
-272
-546
-820
-1085
-1349
-1563
-1727
-1858
-1941
-2018
-2099
-2191
-2298
-2356
-2404
-2452
-2455
-2418
-2308
-2157
-1945
-1690
-1459
-1215
-920
-560
-191
171
531
840
1047
1175
1253
1240
1147
1024
884
728
595
516
466
408
334
285
237
149
26
-136
-350
-592
-817
-1014
-1177
-1272
-1291
-1243
-1171
-1113
-1058
-1010
-1017
-1025
-1022
-1052
-1102
-1172
-1230
-1237
-1183
-1104
-1047
-1042
-1076
-1099
-1099
-1079
-1027
-982
-965
-907
-853
-790
-681
-551
-372
-232
-134
-56
-21
-23
-21
30
104
207
344
495
630
740
856
982
1106
1206
1263
1275
1259
1254
1251
1243
1237
1181
1115
1040
955
914
865
793
765
800
853
919
1015
1097
1149
1195
1249
1323
1360
1331
1273
1177
1094
1098
1154
1222
1361
1484
1530
1525
1430
1301
1144
946
784
609
383
176
-40
-297
-542
-707
-738
-703
-697
-715
-754
-828
-855
-837
-733
-592
-516
-473
-476
-491
-469
-395
-258
-87
49
158
274
373
468
537
518
421
273
109
-29
-150
-246
-335
-395
-410
-381
-338
-329
-331
-375
-453
-545
-665
-796
-944
-1077
-1179
-1228
-1221
-1217
-1220
-1223
-1176
-1062
-934
-820
-708
-600
-533
-520
-554
-640
-768
-944
-1107
-1204
-1262
-1263
-1217
-1134
-1035
-960
-911
-872
-829
-809
-802
-809
-836
-882
-949
-999
-982
-881
-738
-550
-341
-140
46
218
436
642
825
1000
1121
1224
1271
1275
1251
1182
1177
1199
1173
1132
1081
1030
976
885
868
918
895
838
805
756
721
681
616
547
446
369
332
292
281
354
484
619
774
928
1062
1141
1184
1202
1143
1088
1070
1065
1063
1089
1133
1122
1095
1084
1039
982
978
959
865
717
564
454
351
260
293
391
427
388
295
171
34
-41
-86
-96
-99
-150
-146
-126
-93
23
155
291
434
497
435
293
134
0
-126
-221
-269
-326
-440
-585
-714
-828
-925
-964
-976
-1062
-1197
-1319
-1408
-1487
-1523
-1512
-1562
-1648
-1731
-1764
-1755
-1729
-1666
-1623
-1605
-1557
-1470
-1382
-1296
-1229
-1185
-1174
-1187
-1180
-1183
-1232
-1252
-1206
-1148
-1059
-951
-840
-742
-693
-665
-642
-623
-598
-591
-615
-606
-553
-492
-491
-478
-391
-313
-223
-111
-4
96
144
172
289
425
529
683
830
918
990
1025
999
951
867
792
772
722
691
704
662
642
673
651
616
578
510
458
389
284
144
-16
-107
-104
-22
57
138
267
333
365
459
611
798
976
1146
1304
1410
1468
1481
1516
1577
1653
1766
1804
1743
1664
1549
1453
1425
1425
1480
1505
1467
1427
1364
1334
1330
1301
1225
1101
956
795
662
565
495
468
427
371
350
346
335
340
361
380
386
351
216
-13
-274
-538
-762
-925
-1053
-1157
-1269
-1388
-1425
-1431
-1456
-1487
-1568
-1649
-1734
-1822
-1857
-1870
-1865
-1804
-1691
-1576
-1445
-1303
-1186
-1077
-981
-897
-812
-736
-651
-537
-464
-402
-349
-332
-343
-419
-547
-677
-810
-928
-1055
-1205
-1299
-1385
-1423
-1341
-1206
-1008
-771
-576
-406
-236
-97
69
227
309
386
452
482
536
574
587
640
655
629
631
614
599
612
596
584
532
403
300
149
-5
-98
-201
-257
-275
-243
-149
-58
25
106
156
182
196
156
134
131
100
108
173
283
439
590
735
882
984
1048
1084
1072
1032
1003
994
999
1046
1074
1067
1100
1162
1275
1414
1537
1626
1644
1584
1514
1472
1415
1372
1325
1263
1209
1153
1075
1008
942
838
725
610
480
366
228
49
-126
-316
-485
-611
-712
-789
-894
-1058
-1225
-1353
-1441
-1492
-1535
-1566
-1565
-1556
-1520
-1453
-1367
-1274
-1169
-1069
-959
-837
-763
-721
-701
-691
-642
-575
-490
-409
-356
-331
-345
-388
-445
-479
-504
-552
-620
-682
-747
-802
-839
-832
-774
-727
-701
-702
-741
-827
-924
-983
-975
-943
-892
-816
-765
-708
-669
-614
-535
-470
-419
-380
-370
-377
-364
-366
-360
-354
-367
-369
-375
-390
-385
-362
-345
-316
-300
-284
-260
-261
-265
-244
-235
-216
-165
-130
-83
-50
0
73
137
238
358
464
571
653
729
825
869
905
958
975
977
982
966
963
965
978
1058
1114
1101
1118
1127
1111
1106
1065
1025
1003
983
1006
1044
1053
1088
1138
1171
1230
1276
1282
1258
1188
1125
1084
1070
1089
1075
1041
1008
984
978
988
979
937
845
695
575
490
417
374
316
237
169
110
59
4
-65
-143
-234
-349
-438
-489
-521
-562
-597
-611
-619
-623
-631
-633
-649
-674
-694
-706
-728
-768
-787
-832
-892
-906
-895
-858
-836
-867
-906
-924
-926
-881
-817
-748
-708
-717
-692
-660
-603
-563
-529
-507
-548
-570
-535
-484
-433
-379
-396
-419
-371
-315
-233
-158
-148
-147
-184
-196
-148
-129
-124
-152
-222
-269
-271
-287
-292
-317
-360
-366
-384
-357
-295
-266
-218
-176
-145
-76
-22
19
76
132
207
341
455
565
688
768
901
1028
1126
1265
1323
1310
1268
1159
1083
1050
1010
966
868
722
605
494
417
424
414
396
359
258
203
152
103
141
208
299
410
467
523
615
693
836
957
1025
1097
1071
1030
1016
968
966
974
924
875
770
622
544
455
375
339
228
93
-31
-165
-218
-281
-371
-424
-501
-561
-565
-583
-583
-572
-595
-594
-612
-637
-612
-642
-675
-666
-682
-684
-693
-724
-696
-695
-744
-760
-796
-842
-831
-811
-762
-682
-662
-621
-563
-518
-427
-344
-280
-207
-175
-172
-133
-108
-66
-5
28
87
60
-19
-97
-269
-429
-562
-723
-819
-946
-1112
-1202
-1309
-1390
-1405
-1474
-1538
-1572
-1659
-1704
-1701
-1682
-1585
-1477
-1342
-1151
-985
-796
-603
-452
-292
-160
-74
43
163
278
438
535
625
723
746
803
849
863
917
917
858
814
738
691
661
619
632
618
581
588
618
669
747
756
754
744
716
727
741
788
837
831
821
838
838
855
863
810
746
645
520
433
348
272
228
146
88
47
-11
-64
-138
-201
-243
-274
-324
-378
-440
-481
-477
-415
-306
-232
-188
-176
-196
-180
-120
-17
128
218
259
250
213
221
237
262
299
321
281
206
157
122
143
195
234
281
284
283
268
215
210
217
192
196
197
167
147
96
42
33
17
-16
-58
-147
-242
-302
-359
-382
-403
-458
-523
-591
-640
-657
-667
-697
-747
-807
-834
-843
-806
-727
-657
-585
-551
-507
-443
-361
-259
-181
-143
-153
-198
-251
-263
-228
-122
-27
13
10
-40
-44
-17
5
42
57
-18
-136
-244
-271
-208
-117
-19
55
95
129
197
295
404
476
493
482
466
469
466
503
580
643
743
842
900
938
887
776
699
617
549
498
388
261
158
78
57
91
111
100
45
-34
-46
-33
-20
17
18
-19
-42
-34
38
129
211
286
340
421
480
519
556
562
563
579
598
634
687
683
666
659
631
582
530
477
418
344
253
185
120
59
27
-15
-47
-58
-109
-162
-190
-197
-163
-155
-168
-175
-205
-215
-243
-289
-286
-311
-365
-399
-423
-412
-395
-402
-377
-341
-354
-378
-398
-423
-462
-533
-567
-581
-597
-574
-558
-518
-450
-400
-336
-271
-225
-164
-137
-159
-156
-142
-123
-99
-62
2
45
48
50
72
75
35
-6
-53
-112
-170
-257
-334
-377
-441
-496
-558
-617
-625
-638
-631
-616
-625
-640
-648
-620
-567
-494
-425
-355
-305
-236
-175
-144
-80
-46
-44
-29
-20
-25
-17
-40
-38
25
62
104
147
164
187
181
178
199
184
169
158
147
170
209
256
315
346
365
411
448
514
575
584
601
576
550
572
575
587
610
594
582
585
554
552
536
482
476
457
408
362
283
189
131
93
96
126
130
153
139
124
138
179
247
286
295
294
270
212
190
178
175
156
98
62
32
2
-7
16
49
65
68
68
46
-11
-75
-111
-128
-131
-143
-193
-229
-276
-311
-298
-264
-197
-147
-151
-145
-145
-163
-179
-206
-237
-256
-286
-314
-305
-301
-313
-336
-350
-358
-364
-366
-354
-354
-409
-465
-524
-578
-598
-599
-615
-647
-688
-737
-771
-784
-757
-705
-635
-556
-484
-437
-425
-415
-397
-376
-347
-285
-234
-216
-192
-178
-128
-48
18
130
238
291
352
404
423
444
449
463
487
486
509
518
484
444
393
340
294
232
179
134
70
21
-13
-36
-34
-15
11
24
14
13
8
-21
-33
-29
-6
34
103
184
263
359
420
462
515
577
664
726
751
767
777
822
885
920
952
959
946
932
915
893
847
773
709
663
605
584
565
525
487
449
418
413
400
361
341
320
299
287
269
244
221
175
142
144
128
115
86
23
-24
-81
-155
-211
-254
-281
-304
-363
-418
-450
-483
-520
-571
-614
-669
-751
-814
-888
-933
-949
-1007
-1015
-991
-990
-963
-929
-905
-878
-887
-922
-911
-896
-865
-809
-773
-731
-673
-591
-478
-367
-289
-244
-217
-179
-146
-133
-114
-124
-149
-156
-141
-110
-81
-75
-76
-77
-92
-67
-27
-26
-33
-51
-93
-102
-85
-97
-103
-107
-98
-90
-89
-61
-21
-13
-32
-42
-28
0
25
38
39
38
53
77
91
104
98
98
133
167
224
290
328
364
390
419
472
537
598
624
648
673
707
749
798
860
872
866
849
825
788
749
739
706
662
623
578
564
591
628
650
616
552
513
473
409
350
313
256
186
120
111
146
170
186
189
199
221
201
138
95
56
24
-1
-19
-11
-26
-56
-88
-107
-131
-169
-244
-342
-419
-460
-466
-480
-471
-472
-507
-553
-577
-559
-515
-480
-481
-473
-450
-433
-413
-386
-384
-358
-322
-294
-261
-244
-240
-281
-311
-347
-378
-394
-420
-456
-483
-494
-504
-503
-522
-543
-568
-604
-623
-625
-666
-704
-726
-764
-745
-710
-658
-574
-500
-473
-433
-389
-360
-329
-326
-328
-337
-323
-301
-270
-211
-168
-130
-98
-79
-35
25
53
69
80
88
107
134
157
193
238
276
350
437
525
592
650
727
794
850
902
947
955
966
991
1007
1016
1006
968
906
842
785
723
658
587
533
494
423
364
316
248
209
184
162
167
146
110
106
110
117
123
133
160
196
236
284
349
422
449
467
501
532
555
545
519
499
456
383
321
272
225
166
95
20
-47
-108
-161
-221
-295
-344
-362
-381
-386
-392
-430
-474
-500
-476
-432
-417
-416
-418
-412
-368
-303
-258
-260
-294
-323
-342
-349
-333
-327
-332
-340
-347
-342
-331
-303
-301
-308
-314
-335
-329
-320
-308
-309
-325
-346
-361
-358
-345
-336
-341
-336
-316
-292
-287
-313
-348
-375
-383
-368
-348
-339
-344
-360
-371
-352
-324
-283
-252
-256
-244
-220
-194
-144
-82
-39
-10
34
106
187
235
257
280
300
303
303
318
318
332
373
400
428
445
425
388
352
313
282
251
223
210
188
157
170
215
253
305
345
346
338
326
351
382
382
404
425
466
496
527
578
618
653
678
699
690
663
623
579
515
447
404
361
331
296
262
230
214
180
150
146
105
55
14
-2
0
-6
-24
-32
-56
-90
-88
-62
-17
18
38
62
85
89
91
91
56
0
-50
-86
-96
-87
-90
-85
-125
-179
-206
-239
-262
-291
-321
-360
-418
-474
-514
-557
-595
-613
-642
-683
-700
-684
-671
-684
-692
-685
-673
-644
-622
-592
-569
-559
-554
-527
-474
-438
-389
-353
-333
-318
-305
-263
-220
-197
-176
-162
-154
-147
-131
-116
-122
-139
-150
-157
-166
-159
-168
-172
-180
-205
-195
-184
-184
-190
-247
-298
-310
-329
-331
-323
-322
-308
-286
-250
-180
-103
-48
-1
36
88
145
182
230
277
322
373
421
480
562
621
670
727
755
798
825
815
812
779
703
614
550
532
510
471
422
368
332
326
322
318
323
291
256
243
226
216
196
167
173
202
244
286
312
331
343
373
424
481
519
537
539
501
478
470
438
399
337
283
235
183
142
101
39
-33
-90
-140
-178
-230
-285
-352
-400
-431
-470
-480
-482
-487
-495
-509
-520
-520
-518
-520
-538
-550
-553
-549
-527
-494
-457
-422
-380
-337
-278
-225
-180
-151
-146
-143
-149
-142
-131
-120
-127
-146
-146
-147
-150
-132
-118
-115
-127
-147
-154
-167
-186
-214
-243
-268
-295
-302
-316
-330
-330
-319
-301
-291
-280
-272
-253
-232
-205
-172
-135
-85
-36
25
91
158
217
260
321
371
403
437
458
457
446
424
398
394
382
363
351
356
377
387
389
391
390
366
355
332
304
280
233
199
190
200
217
234
245
264
305
346
385
437
468
473
475
481
486
491
475
451
436
410
393
365
337
301
274
263
242
229
206
169
129
77
29
5
-32
-80
-119
-147
-165
-185
-199
-216
-239
-238
-223
-208
-188
-172
-164
-155
-149
-139
-130
-124
-116
-101
-98
-96
-100
-99
-90
-108
-133
-150
-182
-214
-214
-209
-233
-263
-285
-324
-371
-416
-452
-487
-534
-568
-599
-635
-656
-661
-663
-662
-633
-598
-581
-569
-562
-551
-546
-545
-541
-546
-551
-554
-557
-551
-519
-483
-451
-401
-356
-321
-300
-303
-306
-302
-297
-297
-291
-273
-247
-225
-217
-212
-207
-200
-166
-121
-91
-85
-83
-64
-25
18
51
103
159
230
290
325
363
400
441
462
486
496
515
543
557
589
611
609
602
599
609
609
611
610
590
564
511
464
417
370
314
259
218
196
211
194
184
183
170
176
201
221
233
243
225
222
232
238
237
241
258
260
271
299
340
359
366
375
390
418
434
451
430
376
327
279
260
251
219
159
81
9
-42
-78
-125
-186
-233
-291
-332
-357
-390
-426
-461
-487
-496
-508
-516
-507
-500
-497
-506
-505
-516
-521
-503
-494
-501
-503
-488
-485
-469
-454
-453
-449
-445
-460
-472
-478
-468
-462
-481
-504
-528
-537
-537
-530
-550
-553
-543
-538
-521
-496
-458
-432
-419
-407
-395
-393
-389
-367
-338
-292
-234
-163
-89
-29
26
77
133
180
222
272
310
341
365
393
422
449
471
475
472
473
480
487
492
507
528
530
531
523
512
517
529
531
532
529
527
542
561
588
603
603
612
621
646
667
676
689
693
698
704
703
726
745
743
740
726
720
708
703
705
698
680
664
668
639
606
570
525
481
447
436
409
365
317
269
219
171
142
100
37
-5
-49
-89
-132
-184
-229
-281
-319
-357
-374
-385
-409
-420
-437
-457
-473
-489
-514
-556
-587
-597
-613
-627
-626
-615
-598
-583
-572
-564
-542
-533
-536
-534
-534
-546
-564
-572
-592
-598
-602
-601
-586
-573
-535
-502
-479
-443
-406
-377
-353
-345
-355
-386
-413
-424
-443
-441
-413
-368
-338
-304
-256
-215
-172
-141
-121
-111
-110
-129
-153
-179
-206
-213
-215
-203
-178
-165
-160
-149
-134
-113
-83
-51
-25
-8
1
12
26
36
35
37
46
43
31
24
23
17
21
33
45
66
84
105
124
135
161
197
231
259
276
284
289
302
308
313
322
330
342
359
374
412
466
503
517
532
547
545
550
536
517
485
447
427
393
354
334
308
277
245
216
198
178
153
124
105
94
85
61
32
25
12
0
-14
-35
-43
-53
-77
-100
-118
-125
-125
-125
-128
-140
-126
-115
-106
-106
-123
-137
-174
-229
-278
-320
-375
-420
-437
-454
-473
-476
-475
-469
-459
-456
-455
-462
-460
-440
-425
-423
-419
-406
-387
-370
-356
-340
-323
-304
-277
-243
-235
-227
-209
-203
-213
-228
-232
-240
-235
-216
-202
-189
-180
-185
-188
-189
-186
-173
-176
-179
-182
-164
-135
-122
-102
-74
-22
39
89
117
133
153
163
177
177
163
167
172
175
200
231
253
273
283
294
313
320
316
325
339
339
342
342
343
360
371
371
374
377
386
404
416
430
452
461
471
498
502
485
452
431
405
372
367
367
361
364
368
357
352
345
314
288
265
250
236
208
203
204
209
224
225
227
233
238
232
219
193
177
175
184
207
198
181
156
127
103
67
40
13
-13
-46
-75
-99
-118
-126
-158
-174
-183
-222
-259
-288
-307
-317
-338
-348
-357
-369
-358
-348
-334
-323
-304
-286
-275
-268
-264
-246
-226
-199
-172
-159
-155
-149
-136
-123
-116
-101
-80
-72
-82
-82
-79
-93
-114
-138
-145
-172
-211
-250
-293
-335
-359
-371
-387
-387
-387
-382
-379
-376
-375
-385
-395
-394
-390
-392
-388
-373
-332
-290
-248
-208
-160
-107
-60
-1
47
86
105
112
123
124
136
153
159
149
148
153
164
168
173
183
191
195
199
208
198
191
176
157
149
142
128
120
143
174
216
259
288
316
330
332
333
333
326
314
301
278
253
241
232
217
207
191
171
147
117
85
56
26
-12
-42
-81
-126
-160
-175
-188
-203
-207
-210
-199
-198
-196
-194
-196
-188
-189
-193
-195
-203
-200
-187
-175
-159
-148
-148
-143
-144
-158
-163
-156
-146
-130
-126
-126
-130
-134
-128
-99
-85
-84
-79
-81
-67
-39
-33
-34
-28
-32
-30
-24
-24
-37
-67
-103
-124
-139
-163
-190
-211
-222
-239
-247
-253
-260
-260
-273
-281
-291
-291
-287
-281
-269
-255
-241
-221
-206
-180
-141
-108
-61
-23
18
65
97
129
155
177
209
236
251
268
280
292
295
292
295
300
294
281
265
242
213
192
183
174
165
149
121
104
106
102
102
111
116
107
114
135
152
165
155
151
150
153
167
178
191
205
222
241
260
263
267
276
262
253
242
233
221
197
182
164
144
117
84
71
59
27
0
-29
-53
-55
-63
-71
-83
-94
-106
-121
-130
-137
-148
-165
-162
-158
-153
-130
-124
-108
-83
-72
-64
-34
-14
-9
9
20
37
37
35
38
37
30
4
-28
-68
-94
-114
-141
-152
-154
-157
-154
-154
-143
-137
-140
-150
-175
-192
-205
-220
-233
-225
-208
-207
-199
-187
-163
-133
-128
-129
-135
-126
-104
-93
-79
-82
-73
-53
-30
4
26
36
30
16
4
0
2
4
8
7
14
25
36
55
65
70
72
65
75
84
79
86
81
84
81
74
85
84
89
109
123
142
176
194
209
231
233
234
240
249
242
227
219
197
192
191
179
174
176
182
196
206
207
206
201
200
199
194
188
182
172
168
167
165
160
160
167
172
179
183
176
161
136
125
117
100
72
38
8
-29
-55
-82
-112
-114
-120
-131
-139
-148
-156
-150
-164
-181
-183
-199
-202
-200
-175
-142
-111
-94
-90
-77
-68
-58
-60
-54
-57
-67
-75
-104
-114
-129
-144
-139
-135
-154
-164
-160
-175
-188
-218
-264
-304
-331
-356
-380
-395
-414
-418
-415
-399
-380
-364
-336
-330
-327
-306
-284
-255
-223
-200
-176
-163
-169
-154
-124
-107
-77
-58
-48
-22
-6
22
62
75
96
116
112
122
148
167
191
205
210
211
198
175
176
178
165
156
146
139
134
144
149
153
160
160
167
168
169
168
170
169
156
159
171
180
198
208
210
211
215
205
208
201
183
183
181
187
196
207
192
167
140
95
59
28
-11
-40
-64
-93
-113
-128
-141
-152
-142
-127
-124
-121
-115
-104
-90
-81
-78
-78
-79
-65
-54
-43
-30
-13
16
53
72
94
121
125
134
137
134
130
130
149
146
121
110
91
77
66
42
12
-18
-57
-91
-113
-139
-143
-145
-149
-166
-184
-189
-203
-222
-223
-233
-239
-244
-271
-270
-256
-249
-220
-186
-167
-145
-132
-128
-109
-113
-109
-95
-97
-95
-85
-80
-85
-89
-100
-87
-76
-79
-61
-56
-46
-31
-34
-37
-37
-32
-47
-62
-60
-54
-44
-41
-37
-38
-19
0
9
37
64
86
106
125
153
183
191
191
208
218
232
236
239
260
251
236
236
230
232
226
214
223
242
250
264
277
272
266
260
235
224
215
196
181
157
166
164
145
132
107
89
74
69
76
75
66
60
37
32
40
41
49
51
45
39
21
27
32
28
34
23
21
19
13
14
4
17
18
14
14
7
12
2
-13
-26
-25
-31
-43
-47
-55
-61
-66
-68
-64
-54
-60
-68
-69
-64
-51
-42
-27
-19
-11
0
11
9
13
25
16
20
24
29
34
35
47
44
43
34
22
3
-15
-31
-49
-49
-33
-12
-8
-12
-6
-5
-6
11
7
0
-1
-12
-6
-13
-15
-11
-6
-14
-3
15
10
8
5
0
13
31
22
10
-16
-30
-36
-66
-77
-92
-109
-124
-138
-158
-167
-179
-189
-196
-203
-196
-196
-193
-187
-179
-173
-165
-147
-123
-110
-122
-122
-130
-139
-125
-122
-105
-89
-84
-69
-47
-26
-10
-3
1
14
0
-9
-5
-1
7
20
36
41
39
41
62
82
92
92
75
72
76
81
81
81
89
75
63
70
69
49
39
22
4
11
12
21
25
20
23
25
17
27
43
19
11
-2
-23
-17
-4
0
3
0
-8
-12
-25
-22
-22
-38
-50
-51
-61
-60
-58
-60
-59
-77
-86
-98
-110
-106
-117
-140
-141
-129
-136
-136
-122
-107
-92
-79
-67
-53
-49
-39
-35
-26
-4
8
24
27
26
34
34
42
57
57
61
70
73
88
93
92
77
54
48
38
27
7
-17
-40
-58
-64
-61
-62
-57
-43
-31
-2
12
29
37
27
42
36
16
13
-1
-14
-15
-31
-33
-34
-31
-40
-49
-40
-33
-27
-44
-49
-58
-80
-84
-91
-85
-76
-80
-76
-73
-79
-80
-84
-81
-77
-81
-76
-57
-25
-14
-1
4
9
31
42
60
56
43
39
34
37
40
35
24
14
0
3
7
4
16
27
32
41
52
56
73
91
94
100
107
122
127
135
155
162
178
199
206
219
211
194
178
149
130
128
125
118
111
100
73
42
27
19
0
-17
-33
-40
-45
-54
-49
-49
-35
-16
0
27
43
45
48
58
66
66
56
50
45
32
34
33
32
37
32
27
23
12
8
7
-8
-31
-54
-70
-79
-80
-93
-100
-111
-120
-106
-85
-64
-56
-51
-41
-24
-9
5
16
17
10
8
-4
-2
1
-5
11
2
9
23
28
54
67
67
59
44
38
48
45
50
53
55
68
68
84
100
95
95
96
102
115
115
110
107
84
60
48
39
23
2
-14
-31
-52
-60
-67
-91
-124
-146
-164
-174
-175
-183
-189
-188
-191
-184
-161
-129
-99
-73
-54
-38
-15
2
13
18
24
28
15
2
3
20
25
8
-5
-23
-45
-57
-65
-77
-84
-91
-97
-114
-127
-150
-177
-186
-189
-186
-179
-151
-140
-119
-97
-81
-46
-5
39
91
142
177
201
223
229
233
224
191
186
177
165
160
162
163
142
118
84
63
49
37
37
42
34
16
-10
-34
-51
-63
-72
-88
-97
-93
-78
-55
-36
-37
-37
-34
-34
-19
-17
-15
-15
-27
-27
-14
-22
-36
-31
-41
-56
-63
-61
-43
-25
-25
-27
-33
-50
-49
-41
-28
-4
22
46
83
114
135
143
128
121
116
119
119
115
105
85
77
59
53
53
52
59
47
42
31
15
-4
-30
-54
-81
-101
-105
-102
-95
-92
-91
-79
-67
-46
-24
0
16
32
53
63
75
82
95
96
91
89
94
100
100
109
113
116
109
95
73
44
22
11
-5
-31
-53
-70
-87
-99
-103
-98
-81
-69
-49
-31
-17
-2
-7
-25
-28
-29
-20
-4
2
17
27
26
32
43
45
44
51
52
57
48
31
30
15
-9
-8
-15
-31
-30
-26
-10
-3
12
35
34
35
33
37
28
20
19
20
18
13
17
8
10
4
-10
-8
-12
-15
-11
-15
-22
-37
-56
-61
-77
-98
-112
-112
-108
-92
-68
-55
-39
-35
-18
0
12
37
50
48
40
28
21
13
1
-4
-10
-20
-22
-32
-52
-50
-39
-34
-31
-34
-50
-51
-57
-90
-103
-107
-117
-122
-121
-105
-94
-80
-36
-10
-3
16
31
32
43
58
73
77
67
58
46
31
28
27
10
-5
-16
-24
-29
-32
-20
-13
-28
-48
-53
-59
-56
-47
-35
-28
-15
-1
8
18
36
66
79
85
89
105
111
107
106
97
87
88
88
88
91
77
64
50
26
9
-6
-22
-53
-80
-90
-101
-98
-89
-84
-69
-43
-23
1
9
20
48
67
83
83
87
90
82
77
70
64
64
66
53
27
14
2
-12
-14
-8
-20
-36
-53
-79
-101
-126
-149
-164
-167
-170
-150
-126
-102
-78
-56
-20
0
31
65
103
121
133
150
159
168
164
159
145
137
123
102
69
35
7
-34
-68
-91
-126
-144
-152
-178
-178
-188
-207
-196
-190
-183
-170
-159
-152
-139
-129
-126
-109
-85
-72
-43
-11
29
53
74
110
114
127
137
137
139
128
108
86
68
48
33
23
2
-12
-30
-41
-36
-26
-7
9
30
46
60
66
75
89
102
112
104
93
96
113
126
150
164
165
181
178
169
164
157
146
131
119
100
93
78
54
39
4
-32
-68
-93
-118
-134
-124
-119
-103
-89
-86
-73
-65
-43
-20
-4
10
24
41
59
60
45
39
34
34
33
17
-6
-25
-34
-40
-42
-50
-53
-53
-65
-65
-68
-63
-58
-49
-46
-53
-47
-50
-43
-29
-36
-43
-38
-26
0
22
42
55
66
80
84
79
71
60
49
48
38
10
-7
-26
-36
-41
-45
-51
-63
-58
-70
-87
-90
-104
-101
-92
-90
-99
-96
-93
-84
-55
-50
-46
-37
-28
-13
3
20
39
47
40
37
16
4
-1
-24
-41
-47
-58
-62
-66
-84
-94
-99
-114
-122
-125
-123
-110
-104
-98
-83
-70
-57
-42
-33
-9
20
35
60
79
102
116
114
115
105
89
88
95
75
67
80
76
70
63
53
25
4
-4
-5
8
7
4
0
-11
-11
-9
-6
4
27
57
80
97
106
98
95
110
119
121
117
111
103
85
89
89
91
84
70
73
50
32
3
-18
-34
-45
-38
-42
-34
-22
-10
5
11
26
37
37
43
34
23
7
