-382
266
124
8
250
-295
9
10
128
102
134
181
91
156
-68
24
-38
37
-11
3
136
27
-125
8
44
-85
-54
4
124
-55
-27
-141
126
182
-297
186
-73
-154
59
-324
149
95
-120
-11
54
74
-20
18
68
-61
-154
246
-66
46
72
-248
89
-57
91
221
-2
2
-66
-108
33
-34
50
54
-10
-124
-6
227
-227
-311
130
172
-98
-43
-42
-103
-132
-58
35
77
59
11
-13
-163
-25
123
49
131
67
-11
54
-27
164
34
117
123
-12
53
-5
232
140
119
-68
-158
33
-74
31
-22
-19
21
-147
49
-121
-34
64
-80
-8
-91
1
-174
-129
-59
-127
-10
27
-8
60
-31
-6
39
-80
154
63
-6
8
-59
-30
-25
-78
54
-15
-102
-8
-78
117
-16
62
1
-103
-37
-126
37
13
-19
-140
-130
-96
36
100
66
64
0
-3
17
114
138
123
-52
-55
-27
-35
59
67
155
52
-54
9
22
150
69
153
88
-18
17
-108
58
-39
-27
-81
-118
-43
-66
-91
-81
2
-80
-19
40
38
-24
-16
-48
-8
37
18
30
-70
-38
9
10
90
105
120
125
52
29
112
120
0
137
124
-14
-44
-14
-68
-28
50
-105
-46
-77
-100
-91
-46
-46
-145
-88
-114
-108
-56
-84
-93
-88
-191
-135
-132
-99
-5
-72
-9
-43
36
2
-23
114
74
166
53
17
152
110
193
57
118
60
-82
71
-62
-59
-187
-102
-237
-257
-191
-414
-230
-392
-340
-394
-390
-360
-416
-293
-502
-355
-401
-392
-300
-457
-277
-338
-268
-276
-319
-245
-250
-49
-128
16
-28
-57
98
39
215
309
372
479
466
420
470
539
628
614
643
608
508
544
632
624
584
630
493
590
622
731
878
799
848
757
833
818
786
908
810
754
764
630
746
799
800
961
938
1057
996
1080
1205
1139
1208
1098
769
390
16
-117
-262
-828
-1226
-1684
-2215
-2535
-2719
-2739
-2830
-2923
-2858
-2782
-2656
-2428
-1999
-1505
-1274
-1012
-731
-398
-214
37
376
452
495
497
584
680
812
1050
1115
1171
1236
1233
1420
1522
1578
1534
1453
1193
839
665
224
-119
-599
-1032
-1360
-1872
-2168
-2383
-2395
-2406
-2376
-2141
-2035
-1745
-1284
-875
-498
-297
-56
222
324
496
603
588
654
544
545
568
451
607
660
726
852
860
1118
1246
1369
1544
1639
1699
1543
1635
1567
1466
1346
1246
1209
1026
1032
948
1059
985
1139
1304
1515
1841
1928
2238
2212
2360
2444
2453
2351
2013
1381
605
157
-388
-1013
-1973
-2902
-3768
-4499
-4953
-5166
-5198
-5407
-5449
-5347
-4992
-4495
-3843
-2947
-2426
-1980
-1509
-1156
-601
-141
296
560
479
537
632
897
1323
1708
2047
2269
2467
2660
3035
3420
3654
3696
3549
3237
2788
2429
1895
1419
905
107
-449
-1094
-1571
-1738
-2024
-1973
-2120
-2330
-2244
-2212
-1865
-1640
-1443
-1357
-1385
-1249
-1262
-1032
-879
-703
-610
-682
-527
-501
-228
-23
131
374
379
577
700
912
1036
1024
1080
883
797
632
571
647
558
518
489
466
601
798
1091
1347
1462
1668
1790
1963
2055
2069
2067
2024
1967
1864
1948
1895
1822
1885
1893
2039
2042
2140
2122
1679
1231
611
166
-436
-1353
-2420
-3534
-4449
-5278
-5783
-6066
-6296
-6485
-6396
-6041
-5389
-4579
-3679
-2607
-1844
-1166
-477
204
970
1420
1834
2056
2041
2114
2139
2389
2586
2621
2708
2854
2954
3142
3368
3489
3561
3357
3142
2786
2345
1833
1290
738
-75
-742
-1361
-1871
-2239
-2439
-2519
-2574
-2457
-2282
-1963
-1528
-1014
-651
-408
-398
-334
-139
-153
-203
-473
-652
-858
-1093
-1102
-1010
-906
-875
-657
-381
-184
116
510
746
784
724
771
796
688
596
479
223
-26
-113
-87
73
150
377
664
972
1241
1567
2048
2290
2504
2570
2624
2547
2398
2394
2361
2141
1898
1953
1849
1795
1858
2006
2222
2158
2092
1718
1082
482
38
-413
-1447
-2720
-3916
-4852
-5653
-6255
-6511
-6650
-6917
-6957
-6463
-5718
-4816
-3792
-2606
-1871
-1383
-750
46
803
1172
1384
1385
1184
1033
1142
1364
1562
1619
1755
1831
2004
2400
2905
3360
3431
3482
3328
3163
2952
2766
2456
1807
1165
356
-162
-647
-1050
-1179
-1365
-1505
-1491
-1292
-924
-481
-50
322
385
383
351
271
26
-441
-862
-1405
-1934
-2387
-2735
-2778
-2742
-2633
-2320
-1944
-1598
-1156
-517
26
371
645
948
1130
1185
1322
1417
1471
1500
1647
1755
1861
2110
2346
2646
2832
2934
3092
3206
3178
3123
2983
2749
2418
2002
1629
1107
756
386
73
-187
-490
-482
-574
-481
-240
-12
141
91
-119
-450
-840
-1089
-1269
-2012
-2980
-4000
-4756
-5263
-5724
-5812
-5894
-6153
-6192
-5825
-5145
-4358
-3645
-2641
-1911
-1561
-958
-274
467
852
922
965
788
732
852
1071
1266
1273
1392
1629
2015
2570
3111
3620
3968
4092
4219
4376
4368
4255
3926
3309
2549
1780
1172
584
6
-583
-1182
-1633
-1916
-1980
-1911
-1747
-1639
-1550
-1540
-1434
-1216
-1173
-1134
-1392
-1692
-2028
-2193
-2120
-2170
-2150
-2236
-2097
-1773
-1291
-642
38
725
1283
1876
2429
2917
3376
3706
3758
3686
3508
3325
3136
2817
2534
2041
1512
1178
926
787
579
377
252
54
-94
-217
-289
-258
-364
-588
-788
-975
-995
-892
-753
-550
-402
-99
335
901
1589
2207
2663
2913
2935
2648
2295
2046
1754
866
-489
-1852
-3093
-4166
-5121
-5768
-6353
-7152
-7657
-7581
-7290
-6728
-6003
-5125
-4375
-3849
-3012
-2027
-974
-135
452
812
962
1304
1795
2223
2529
2740
2867
3054
3385
3904
4574
5133
5487
5710
5782
5752
5639
5436
4959
3982
2861
1786
727
-300
-1384
-2324
-3169
-3910
-4294
-4431
-4355
-4005
-3507
-2944
-2420
-1818
-1056
-363
279
632
609
527
455
561
577
349
111
-185
-389
-403
-127
270
570
729
877
1080
1265
1697
2002
2008
1736
1226
816
410
47
-279
-807
-1377
-1855
-2035
-1932
-1760
-1412
-1093
-701
-225
309
991
1625
2082
2337
2401
2313
2267
2278
2255
2079
1734
1492
1350
1257
1316
1378
1592
1723
1664
1595
1153
636
300
-104
-841
-2047
-3328
-4348
-5339
-6291
-6968
-7435
-7898
-8242
-8087
-7468
-6617
-5600
-4362
-3127
-2112
-965
313
1535
2577
3225
3715
3945
4059
4226
4343
4369
4220
4159
4100
4219
4474
4826
5146
5281
5352
5293
5242
4949
4542
3946
2989
1831
666
-446
-1614
-2648
-3596
-4386
-4983
-5245
-5098
-4722
-4190
-3523
-2645
-1788
-975
-98
692
1214
1434
1357
1080
790
361
-120
-710
-1397
-1948
-2367
-2474
-2396
-2192
-1836
-1446
-1042
-609
-55
529
968
1100
1032
816
552
314
44
-294
-709
-1040
-1226
-1195
-1027
-686
-303
162
703
1174
1674
2133
2508
2615
2545
2257
1898
1498
973
394
-239
-710
-971
-1034
-992
-753
-460
-3
683
1404
2062
2552
2889
2801
2388
1926
1614
1031
-136
-1532
-2823
-3931
-4898
-5449
-5661
-5931
-6213
-6064
-5454
-4491
-3447
-2273
-1120
-382
326
1068
1868
2493
2786
2943
2750
2427
2315
2398
2540
2515
2482
2547
2665
2946
3415
3965
4303
4419
4390
4211
3971
3652
3153
2385
1314
212
-741
-1591
-2346
-3040
-3589
-4010
-4198
-4038
-3641
-3058
-2395
-1720
-1114
-615
-79
400
825
959
800
426
-97
-572
-1069
-1407
-1790
-2051
-2280
-2381
-2176
-1900
-1389
-847
-385
-72
193
461
665
667
511
261
-159
-511
-839
-1133
-1363
-1523
-1507
-1450
-1325
-1034
-619
-189
216
600
847
1061
1284
1527
1583
1422
1208
960
811
675
586
461
412
487
720
1096
1494
1949
2374
2933
3442
3847
4120
4253
4150
3530
2648
1784
1093
172
-1235
-2841
-4197
-5338
-6241
-6614
-6720
-6813
-6992
-6630
-5672
-4610
-3430
-2205
-1065
-278
390
1205
1965
2578
2951
2936
2610
2285
2236
2399
2443
2362
2220
2152
2300
2685
3225
3574
3724
3782
3785
3792
3728
3549
3142
2447
1579
662
-133
-764
-1296
-1845
-2426
-2826
-3016
-2855
-2436
-1918
-1425
-1031
-592
-203
166
444
560
467
123
-345
-835
-1362
-1929
-2415
-2766
-3059
-3331
-3372
-3242
-3039
-2750
-2324
-1868
-1554
-1200
-797
-458
-281
-187
-127
-222
-371
-413
-337
-303
-336
-297
-155
-12
209
561
898
1204
1459
1726
1946
2114
2255
2257
2148
1957
1757
1570
1411
1262
1060
856
708
645
709
923
1221
1463
1680
1877
2091
2422
2870
3225
3163
2563
1707
1126
820
324
-788
-2124
-3311
-4325
-5005
-5276
-5174
-5216
-5358
-5123
-4431
-3486
-2501
-1408
-476
9
317
788
1384
1861
2036
1883
1519
1132
1000
1118
1357
1506
1577
1686
1890
2418
3051
3638
4027
4131
4060
3974
3949
3812
3461
2825
1986
1076
303
-269
-749
-1254
-1824
-2270
-2516
-2585
-2491
-2329
-2151
-2102
-2119
-2106
-2095
-2037
-2057
-2163
-2473
-2813
-3022
-3091
-3003
-3018
-3068
-3040
-2874
-2523
-2094
-1619
-1107
-657
-242
205
605
959
1236
1413
1422
1285
1158
1043
1007
877
703
486
207
97
102
201
200
224
311
399
510
629
799
867
863
824
774
687
631
643
632
508
384
371
456
684
943
1265
1518
1760
2102
2441
2728
2915
3055
3104
3033
2882
2431
1572
674
73
-350
-1166
-2317
-3261
-3921
-4513
-4935
-4943
-4881
-5036
-5079
-4699
-4033
-3346
-2625
-1812
-1237
-861
-476
10
534
883
1138
1211
1194
1341
1707
2172
2632
3034
3428
3843
4322
4930
5482
5884
6089
6063
5826
5430
4990
4445
3594
2533
1386
236
-822
-1710
-2442
-3188
-3836
-4277
-4521
-4547
-4417
-4210
-3999
-3795
-3621
-3449
-3225
-2969
-2741
-2722
-2801
-2825
-2782
-2636
-2431
-2192
-1975
-1619
-1096
-559
-68
402
944
1390
1702
1911
2012
1974
1814
1601
1257
769
245
-177
-617
-979
-1195
-1300
-1242
-1129
-867
-555
-138
379
901
1336
1592
1783
1874
1963
1965
1833
1606
1284
1007
818
723
699
783
890
1052
1287
1555
1892
2223
2548
2762
2793
2697
2567
2398
2150
1922
1639
1050
26
-1009
-1546
-1721
-2073
-2842
-3672
-4297
-4757
-4895
-4583
-4236
-4343
-4641
-4552
-4008
-3342
-2642
-1867
-1275
-960
-599
75
927
1774
2477
2969
3222
3379
3773
4376
4936
5227
5244
5063
4847
4746
4736
4661
4274
3535
2638
1802
1121
545
-76
-836
-1703
-2557
-3203
-3572
-3707
-3802
-3940
-4110
-4220
-4107
-3794
-3294
-2844
-2609
-2442
-2211
-1859
-1362
-807
-398
-164
-14
170
366
625
960
1108
972
661
400
275
174
76
-145
-546
-922
-1105
-1108
-1077
-1016
-894
-792
-758
-623
-265
170
509
738
889
940
991
1140
1349
1372
1178
983
855
763
661
600
567
479
351
296
342
433
507
482
343
170
55
-30
-153
-285
-388
-434
-441
-310
-23
343
774
1193
1592
2009
2502
2917
2905
2307
1636
1283
1008
397
-647
-1704
-2695
-3510
-3926
-3915
-3778
-3898
-3975
-3680
-3012
-2185
-1251
-277
430
762
999
1468
2079
2544
2748
2832
2743
2540
2500
2739
3092
3258
3203
3034
2884
2850
2998
3122
2929
2415
1809
1298
840
366
-135
-744
-1514
-2282
-2859
-3168
-3360
-3535
-3652
-3747
-3799
-3750
-3456
-3016
-2614
-2308
-2122
-1984
-1780
-1482
-1197
-1053
-1100
-1184
-1205
-1078
-912
-925
-1014
-955
-698
-438
-261
-25
207
298
427
738
1057
1119
1042
1012
955
786
621
567
513
346
103
-103
-286
-429
-449
-373
-423
-656
-913
-1025
-1025
-1083
-1123
-1142
-1201
-1261
-1132
-850
-574
-321
-28
396
773
1066
1379
1771
2150
2411
2650
2829
3011
3169
3335
3495
3479
3373
3217
3084
2957
2891
2761
2194
1136
156
-266
-492
-945
-1665
-2433
-3184
-3764
-3818
-3372
-2961
-2927
-2973
-2771
-2272
-1613
-875
-184
255
442
629
945
1373
1838
2202
2455
2531
2471
2507
2826
3320
3618
3551
3261
2988
2808
2719
2618
2296
1697
1037
520
140
-200
-571
-950
-1338
-1741
-2110
-2408
-2617
-2717
-2835
-3028
-3242
-3419
-3465
-3398
-3293
-3214
-3171
-3107
-2900
-2579
-2269
-1985
-1651
-1262
-868
-519
-157
212
485
720
877
914
908
926
871
647
389
207
42
-188
-429
-663
-941
-1180
-1273
-1298
-1408
-1586
-1683
-1719
-1747
-1707
-1635
-1604
-1607
-1559
-1429
-1309
-1230
-1093
-881
-655
-441
-236
57
371
706
1059
1384
1651
1834
2043
2241
2359
2389
2390
2387
2362
2302
2295
2368
2444
2514
2567
2593
2526
2494
2574
2743
2841
2676
2123
1292
660
459
438
140
-419
-1004
-1558
-1886
-1738
-1179
-775
-864
-1113
-1138
-911
-617
-301
-22
19
-196
-374
-300
18
433
844
1192
1340
1430
1634
1987
2326
2526
2557
2318
1862
1394
1126
903
544
75
-364
-751
-1137
-1441
-1618
-1763
-1959
-2100
-2217
-2412
-2686
-2902
-2919
-2819
-2727
-2719
-2705
-2602
-2322
-1885
-1446
-1102
-786
-347
78
403
706
1094
1486
1633
1602
1541
1455
1270
1078
931
628
41
-585
-1068
-1519
-1979
-2391
-2699
-3062
-3509
-3872
-4056
-4032
-3958
-3876
-3826
-3867
-3835
-3540
-2996
-2493
-2162
-1887
-1538
-1078
-529
114
771
1308
1734
2175
2647
3112
3525
3897
4196
4257
4105
3901
3747
3593
3340
2992
2571
2088
1638
1348
1201
1128
1071
1060
1079
1108
1174
1232
1260
1260
1284
1348
1404
1164
545
-54
-198
31
88
-105
-270
-443
-773
-948
-647
-190
-59
-216
-429
-741
-1023
-947
-476
-112
-103
-137
-111
-55
163
695
1263
1526
1483
1270
999
838
928
1139
1190
969
696
507
534
747
969
1136
1192
1115
822
446
175
-44
-298
-604
-1002
-1551
-2091
-2303
-2197
-2071
-1955
-1757
-1569
-1503
-1399
-1111
-848
-703
-546
-495
-720
-1040
-1088
-892
-739
-695
-800
-1035
-1213
-1158
-1082
-1274
-1510
-1668
-2010
-2582
-3026
-3097
-3080
-3130
-3085
-3019
-3014
-2825
-2318
-1742
-1275
-757
-218
44
125
379
848
1291
1618
1873
1976
1996
2190
2558
2893
3058
3099
3000
2739
2469
2208
1931
1696
1453
1058
555
237
175
153
155
229
269
161
35
51
87
155
380
599
608
542
709
1084
1435
1939
2627
3122
3151
2768
2446
2387
2448
2398
2027
1482
728
-207
-949
-1151
-849
-697
-937
-1319
-1657
-1791
-1616
-1166
-807
-740
-733
-700
-749
-706
-330
315
853
1103
1127
1037
1127
1438
1792
2034
2139
2115
1823
1437
1198
1077
1019
974
764
170
-680
-1318
-1676
-2000
-2266
-2478
-2727
-3111
-3417
-3416
-3225
-2849
-2385
-1992
-1780
-1630
-1324
-1000
-702
-376
-146
-85
-138
-184
-234
-296
-269
-316
-586
-945
-1241
-1470
-1745
-1933
-1992
-2129
-2306
-2341
-2220
-2004
-1747
-1458
-1212
-988
-636
-296
-90
46
229
455
612
794
1011
1145
1265
1470
1772
2032
2197
2289
2127
1822
1581
1451
1280
879
384
-97
-531
-790
-895
-953
-1029
-1082
-1019
-971
-912
-718
-390
-46
154
279
455
759
1173
1616
2060
2476
2813
3058
3224
3360
3484
3588
3708
3644
3181
2396
1640
1228
1035
854
702
548
165
-393
-713
-567
-258
-173
-279
-528
-935
-1276
-1301
-1031
-740
-479
-134
203
470
761
1149
1566
1928
2191
2286
2102
1650
1131
658
275
-72
-465
-973
-1518
-2011
-2364
-2434
-2303
-2110
-2043
-2040
-2024
-2024
-1924
-1703
-1449
-1333
-1303
-1197
-1040
-1011
-1073
-1036
-901
-754
-711
-789
-990
-1200
-1247
-1186
-1099
-1020
-915
-837
-859
-907
-928
-926
-902
-876
-882
-943
-981
-984
-1054
-1097
-975
-708
-451
-288
-182
-202
-310
-390
-320
-162
-71
-76
-222
-445
-518
-358
-180
-156
-217
-239
-254
-326
-413
-450
-409
-326
-256
-211
-108
51
282
576
896
1206
1419
1526
1581
1639
1682
1813
2038
2152
2096
2011
2075
2219
2339
2450
2520
2523
2495
2494
2503
2478
2389
2300
2223
2249
2474
2732
2786
2508
2004
1496
1187
1145
1169
1139
981
656
259
-65
-56
198
407
405
146
-205
-545
-876
-1152
-1403
-1601
-1694
-1760
-1835
-1983
-2111
-2128
-2052
-1876
-1709
-1559
-1483
-1546
-1603
-1544
-1361
-1157
-1053
-927
-704
-396
-54
226
389
405
400
461
520
547
540
459
264
34
-57
-30
-32
-164
-428
-749
-1070
-1376
-1695
-2032
-2346
-2577
-2686
-2658
-2555
-2409
-2204
-1966
-1704
-1474
-1274
-1117
-979
-840
-670
-498
-354
-215
-119
-41
21
106
168
198
178
92
-17
-141
-232
-271
-267
-300
-369
-419
-433
-426
-472
-560
-664
-702
-644
-556
-534
-595
-585
-455
-229
32
295
548
778
987
1191
1389
1570
1778
1946
2057
2117
2161
2245
2357
2467
2501
2452
2355
2249
2159
2046
1896
1727
1585
1496
1511
1648
1837
2021
2205
2370
2468
2593
2693
2697
2570
2308
2046
1870
1856
1966
2092
2125
2018
1776
1494
1267
967
449
-220
-832
-1281
-1603
-1893
-2180
-2491
-2769
-2907
-2886
-2767
-2710
-2750
-2905
-3142
-3312
-3339
-3242
-3098
-2954
-2775
-2467
-2016
-1490
-990
-586
-301
-125
5
154
267
261
199
160
148
124
116
179
287
350
360
350
297
193
16
-228
-528
-795
-901
-903
-885
-890
-855
-720
-559
-408
-291
-170
-69
-9
-4
-44
-110
-244
-385
-466
-551
-685
-861
-1040
-1163
-1263
-1368
-1484
-1584
-1657
-1683
-1640
-1561
-1422
-1240
-1104
-1061
-1097
-1212
-1345
-1418
-1394
-1320
-1272
-1212
-1121
-940
-712
-421
19
500
931
1260
1453
1579
1688
1804
1886
1878
1774
1639
1539
1482
1461
1437
1438
1455
1434
1371
1298
1236
1176
1109
1052
1064
1119
1220
1378
1548
1700
1876
2070
2249
2384
2493
2612
2681
2747
2822
2896
2931
2893
2878
2907
2901
2833
2744
2572
2307
2011
1713
1445
1187
894
554
147
-324
-781
-1236
-1725
-2210
-2698
-3109
-3344
-3456
-3530
-3548
-3501
-3420
-3307
-3168
-3023
-2854
-2670
-2470
-2260
-2053
-1803
-1467
-1065
-650
-217
244
670
1035
1347
1596
1792
1871
1810
1668
1445
1190
908
611
348
140
-31
-173
-295
-410
-469
-527
-572
-628
-732
-838
-952
-1101
-1255
-1360
-1421
-1443
-1452
-1444
-1425
-1407
-1409
-1413
-1402
-1437
-1504
-1560
-1616
-1690
-1756
-1780
-1737
-1671
-1654
-1661
-1646
-1608
-1500
-1354
-1260
-1217
-1210
-1179
-1067
-924
-751
-477
-150
155
456
791
1162
1509
1785
2017
2186
2244
2202
2171
2102
1923
1733
1546
1414
1355
1313
1284
1267
1262
1315
1399
1448
1464
1487
1537
1594
1602
1533
1460
1380
1295
1275
1294
1316
1359
1434
1526
1637
1766
1929
2135
2294
2312
2199
2011
1829
1699
1544
1307
998
701
446
214
8
-223
-488
-756
-939
-1036
-1175
-1424
-1653
-1816
-1949
-1970
-1850
-1634
-1458
-1339
-1207
-1042
-831
-604
-403
-273
-185
-60
92
252
384
440
505
592
639
674
672
656
639
547
425
310
136
-78
-300
-496
-661
-824
-972
-1141
-1358
-1575
-1753
-1881
-1971
-2004
-1965
-1890
-1813
-1724
-1618
-1487
-1346
-1225
-1167
-1151
-1133
-1162
-1264
-1419
-1564
-1712
-1883
-1971
-2003
-2061
-2101
-2116
-2140
-2176
-2211
-2187
-2120
-2107
-2092
-2011
-1927
-1813
-1638
-1430
-1211
-1004
-761
-473
-173
132
462
804
1131
1450
1753
2004
2249
2539
2767
2884
2973
3033
3023
3002
2969
2814
2485
2097
1786
1513
1205
933
737
582
532
592
641
681
790
963
1041
1004
982
876
687
558
526
541
527
580
761
969
1173
1372
1534
1642
1706
1720
1601
1374
1161
953
702
483
314
106
-65
-117
-72
-17
5
75
215
310
387
504
580
598
562
520
509
495
466
400
315
296
347
410
530
664
712
686
607
547
506
446
341
166
-15
-175
-309
-396
-492
-668
-854
-988
-1078
-1150
-1264
-1372
-1454
-1557
-1652
-1747
-1840
-1881
-1894
-1940
-2027
-2097
-2136
-2181
-2245
-2306
-2315
-2255
-2127
-1974
-1810
-1678
-1555
-1386
-1177
-991
-876
-787
-733
-690
-651
-622
-576
-548
-527
-501
-513
-509
-477
-421
-357
-368
-424
-507
-599
-659
-672
-631
-568
-527
-516
-540
-629
-686
-606
-434
-232
21
307
589
901
1261
1589
1775
1857
1916
1959
1953
1857
1663
1415
1179
981
856
752
687
653
536
449
435
398
322
188
83
71
69
139
236
242
270
308
384
588
872
1132
1330
1523
1742
1965
2137
2255
2341
2369
2338
2343
2373
2343
2230
2119
2054
1982
1930
1904
1878
1788
1615
1440
1359
1314
1229
1091
885
786
791
860
993
1080
1164
1211
1166
1120
1052
931
815
670
526
375
146
-101
-445
-883
-1303
-1699
-2017
-2247
-2464
-2672
-2868
-3027
-3125
-3230
-3300
-3272
-3249
-3267
-3292
-3309
-3275
-3186
-3021
-2736
-2391
-2043
-1699
-1413
-1133
-851
-652
-479
-318
-175
-58
27
104
160
163
108
-3
-190
-407
-609
-790
-934
-1071
-1240
-1405
-1509
-1537
-1528
-1467
-1360
-1239
-1120
-1007
-893
-748
-566
-388
-242
-165
-134
-126
-127
-122
-102
-59
17
150
283
363
376
380
405
403
387
328
238
136
-16
-137
-248
-369
-449
-457
-377
-301
-230
-153
-46
161
431
680
820
882
1000
1148
1232
1271
1303
1310
1264
1221
1265
1341
1392
1460
1519
1554
1678
1881
2090
2256
2359
2453
2530
2567
2562
2518
2472
2442
2413
2445
2517
2541
2532
2514
2576
2713
2816
2886
2891
2797
2642
2432
2153
1853
1553
1288
1011
649
298
-40
-379
-684
-1025
-1366
-1650
-1909
-2125
-2369
-2642
-2820
-2929
-2986
-3005
-3010
-2984
-2926
-2899
-2885
-2774
-2607
-2430
-2262
-2125
-1966
-1796
-1659
-1527
-1395
-1268
-1124
-952
-752
-575
-415
-272
-208
-209
-264
-350
-434
-533
-619
-762
-997
-1220
-1362
-1442
-1543
-1682
-1768
-1766
-1667
-1520
-1413
-1308
-1176
-1022
-827
-625
-421
-261
-189
-179
-202
-225
-228
-235
-216
-176
-159
-116
-50
21
45
24
8
26
51
6
-78
-171
-257
-339
-383
-412
-489
-597
-676
-728
-763
-764
-682
-532
-412
-249
-28
226
501
754
944
1026
1074
1159
1261
1342
1428
1551
1687
1781
1836
1888
1917
1933
1949
2005
2071
2070
2059
2037
2002
2049
2112
2152
2169
2161
2142
2090
2056
2054
2008
1938
1931
2037
2187
2255
2253
2166
2006
1938
1884
1709
1525
1395
1282
1159
1013
926
851
680
494
359
246
75
-122
-356
-615
-817
-956
-1034
-1155
-1322
-1456
-1545
-1538
-1523
-1514
-1442
-1377
-1345
-1312
-1242
-1114
-999
-952
-969
-1025
-1070
-1091
-1107
-1137
-1232
-1361
-1494
-1616
-1688
-1722
-1745
-1740
-1718
-1699
-1657
-1614
-1536
-1421
-1332
-1264
-1224
-1187
-1113
-1009
-919
-843
-748
-625
-495
-379
-292
-213
-88
47
111
94
40
-64
-228
-435
-633
-803
-982
-1150
-1308
-1488
-1711
-1927
-2059
-2157
-2236
-2247
-2246
-2218
-2133
-2022
-1874
-1699
-1463
-1135
-772
-379
31
417
790
1140
1486
1782
1988
2158
2311
2461
2582
2603
2537
2437
2319
2175
2031
1903
1752
1540
1299
1109
953
797
649
505
362
243
203
217
218
214
265
393
580
765
916
1027
1120
1268
1453
1606
1732
1806
1833
1863
1884
1876
1833
1715
1543
1361
1199
1088
981
838
678
589
497
385
301
177
82
17
-60
-56
-34
-42
-52
-78
-25
49
81
136
146
143
139
91
44
-38
-139
-188
-280
-377
-424
-467
-492
-557
-666
-790
-880
-899
-896
-892
-867
-824
-785
-718
-627
-521
-433
-414
-408
-397
-378
-352
-384
-461
-542
-623
-684
-792
-947
-1136
-1368
-1624
-1872
-2066
-2239
-2369
-2466
-2551
-2584
-2594
-2630
-2661
-2656
-2620
-2548
-2480
-2417
-2381
-2328
-2156
-1888
-1591
-1277
-921
-550
-192
137
421
680
915
1138
1327
1440
1505
1511
1471
1411
1357
1319
1226
1083
963
861
787
721
631
557
472
387
351
328
326
331
288
204
116
76
98
128
158
176
213
307
407
500
589
701
792
859
902
918
936
907
887
883
896
901
852
760
650
565
536
604
672
725
776
807
868
953
1051
1146
1197
1215
1255
1313
1394
1462
1499
1571
1639
1644
1620
1582
1535
1487
1411
1318
1208
1068
918
801
713
666
591
440
251
45
-104
-237
-319
-346
-390
-505
-628
-663
-635
-565
-520
-493
-497
-522
-548
-593
-632
-626
-590
-567
-536
-526
-543
-604
-714
-817
-919
-990
-1031
-1091
-1172
-1243
-1270
-1239
-1210
-1201
-1198
-1188
-1169
-1172
-1152
-1108
-1073
-1047
-1050
-1036
-1012
-982
-938
-891
-833
-791
-761
-750
-754
-739
-697
-681
-670
-652
-660
-685
-754
-830
-922
-1028
-1099
-1164
-1168
-1111
-1036
-960
-897
-813
-708
-576
-429
-283
-135
17
145
260
381
498
630
719
728
678
625
555
448
322
233
217
203
202
175
115
66
52
68
82
108
98
39
-21
-41
1
106
253
388
487
568
685
847
1016
1177
1331
1492
1665
1835
1972
2066
2117
2133
2133
2098
2027
1942
1846
1755
1656
1581
1524
1469
1388
1284
1239
1209
1173
1139
1068
979
898
814
787
809
820
798
732
669
594
488
398
340
270
227
223
195
146
77
-12
-91
-175
-253
-297
-360
-431
-517
-611
-685
-732
-756
-778
-793
-749
-699
-717
-724
-743
-801
-844
-859
-816
-739
-690
-667
-686
-768
-845
-895
-936
-973
-1033
-1111
-1222
-1320
-1389
-1469
-1548
-1636
-1723
-1811
-1921
-1998
-2028
-2057
-2070
-2041
-1991
-1894
-1762
-1635
-1498
-1377
-1260
-1132
-1052
-996
-930
-845
-706
-558
-427
-298
-177
-80
-35
-40
-47
-52
-75
-87
-133
-194
-232
-259
-240
-183
-131
-98
-77
-80
-83
-58
-6
71
124
188
290
357
427
511
563
589
608
633
677
705
734
763
766
765
764
766
779
803
812
793
770
721
650
614
632
690
765
836
896
934
962
1001
1043
1111
1218
1339
1480
1610
1720
1834
1897
1894
1891
1912
1959
2010
2030
2011
1948
1874
1836
1804
1733
1632
1483
1313
1124
964
846
694
513
337
199
101
3
-130
-263
-402
-577
-736
-869
-979
-1055
-1096
-1101
-1062
-997
-920
-851
-808
-789
-761
-721
-691
-666
-632
-573
-506
-461
-430
-414
-439
-487
-570
-690
-804
-910
-987
-1019
-1075
-1146
-1219
-1279
-1285
-1303
-1314
-1345
-1421
-1472
-1497
-1493
-1456
-1392
-1307
-1200
-1125
-1061
-979
-935
-883
-827
-775
-683
-594
-512
-433
-402
-402
-392
-371
-365
-383
-404
-420
-427
-408
-400
-381
-364
-384
-400
-407
-421
-429
-421
-413
-388
-343
-293
-212
-102
16
102
158
191
219
241
234
243
269
301
368
458
544
607
669
729
778
829
874
926
1002
1082
1166
1260
1356
1476
1600
1687
1761
1820
1860
1896
1897
1859
1815
1775
1729
1685
1631
1567
1506
1433
1355
1285
1209
1126
1040
948
859
776
694
609
536
461
382
323
278
231
160
79
3
-56
-94
-85
-47
-24
-9
8
-1
-46
-69
-103
-158
-190
-233
-287
-360
-462
-560
-673
-804
-907
-985
-1042
-1088
-1127
-1153
-1174
-1176
-1183
-1212
-1249
-1288
-1307
-1280
-1266
-1273
-1284
-1302
-1294
-1253
-1184
-1092
-999
-925
-894
-882
-886
-859
-793
-749
-721
-712
-674
-627
-601
-562
-569
-578
-585
-617
-629
-658
-687
-686
-675
-647
-610
-570
-538
-540
-569
-611
-629
-634
-657
-680
-724
-777
-814
-816
-775
-732
-697
-668
-653
-632
-587
-511
-424
-331
-227
-129
-19
117
262
422
557
663
750
850
991
1129
1262
1373
1474
1573
1628
1666
1713
1762
1796
1817
1811
1772
1724
1653
1576
1512
1420
1309
1177
1032
901
768
649
560
515
488
483
501
491
471
465
467
473
495
540
591
610
611
643
670
687
688
687
703
699
689
682
655
616
596
572
539
527
518
487
417
313
193
61
-62
-189
-291
-346
-386
-422
-450
-489
-532
-565
-601
-605
-611
-639
-656
-695
-726
-737
-774
-814
-870
-913
-955
-1002
-1031
-1087
-1145
-1221
-1279
-1280
-1254
-1202
-1169
-1146
-1109
-1083
-1062
-1050
-1035
-1003
-975
-923
-856
-813
-784
-778
-786
-767
-759
-749
-722
-705
-695
-683
-667
-647
-619
-581
-528
-485
-458
-449
-434
-401
-347
-269
-171
-58
72
212
337
485
625
763
885
996
1088
1150
1204
1229
1273
1304
1320
1303
1261
1231
1188
1142
1071
987
864
724
583
447
313
195
115
37
-20
-54
-79
-88
-85
-91
-67
-7
77
182
284
374
459
559
675
788
898
1008
1092
1168
1225
1258
1268
1239
1207
1141
1051
970
851
710
557
392
249
112
-7
-106
-164
-233
-328
-403
-474
-532
-578
-606
-583
-542
-484
-405
-329
-247
-185
-143
-124
-113
-87
-61
-24
19
57
82
105
118
111
91
64
1
-68
-114
-147
-149
-163
-192
-218
-262
-292
-294
-301
-312
-354
-427
-486
-525
-557
-598
-663
-731
-794
-855
-894
-923
-959
-1003
-1065
-1108
-1142
-1163
-1171
-1188
-1187
-1157
-1090
-1010
-933
-850
-757
-643
-512
-378
-238
-114
-39
14
51
105
168
210
239
253
247
245
248
224
201
154
87
19
-67
-155
-246
-352
-484
-593
-653
-695
-714
-731
-725
-688
-638
-564
-450
-320
-188
-48
110
290
458
620
777
924
1046
1169
1274
1351
1410
1445
1475
1487
1490
1495
1489
1432
1360
1286
1188
1080
978
851
714
584
423
282
158
50
-44
-122
-165
-202
-224
-240
-239
-217
-162
-89
-14
74
148
207
237
247
246
266
304
332
357
365
353
328
300
262
191
106
46
-3
-37
-49
-67
-83
-111
-168
-238
-299
-346
-383
-424
-479
-534
-553
-524
-496
-480
-456
-447
-423
-385
-358
-333
-312
-281
-248
-221
-206
-208
-227
-266
-306
-339
-350
-367
-389
-372
-376
-393
-386
-379
-365
-354
-359
-390
-418
-442
-486
-537
-594
-634
-696
-757
-780
-786
-771
-753
-734
-721
-685
-666
-636
-567
-507
-449
-394
-363
-355
-345
-328
-293
-230
-143
-50
48
136
212
302
399
497
597
693
763
816
875
943
1007
1053
1040
995
939
877
842
797
755
721
673
632
583
544
526
509
494
463
417
399
396
379
364
332
300
303
319
331
349
374
413
463
491
522
545
588
643
691
757
798
830
845
853
827
780
738
654
557
457
355
267
192
138
61
-39
-119
-204
-288
-360
-435
-478
-499
-503
-505
-539
-570
-581
-561
-493
-416
-336
-262
-197
-137
-96
-50
20
90
136
178
206
201
189
164
109
40
-17
-109
-203
-304
-437
-543
-667
-788
-896
-1018
-1133
-1250
-1353
-1436
-1494
-1522
-1531
-1555
-1565
-1560
-1557
-1501
-1414
-1297
-1169
-1053
-936
-831
-713
-597
-459
-326
-220
-105
-18
45
104
161
225
289
347
385
420
449
462
451
420
399
385
363
323
284
272
281
292
325
349
351
362
372
373
372
392
411
426
448
480
524
561
600
637
662
672
682
671
625
592
568
533
492
450
406
359
303
252
190
125
77
38
1
-27
-11
3
10
24
39
59
62
68
75
73
91
143
198
247
301
353
396
445
472
491
518
548
598
625
612
611
607
594
581
547
498
435
381
336
285
227
161
82
-14
-89
-147
-221
-301
-386
-477
-585
-694
-773
-832
-877
-907
-950
-975
-975
-957
-934
-923
-900
-865
-826
-777
-732
-696
-673
-652
-608
-571
-537
-497
-457
-415
-382
-347
-334
-340
-337
-318
-297
-270
-224
-173
-122
-87
-66
-64
-42
-17
-12
15
35
59
107
164
207
237
266
293
322
349
361
380
404
417
438
455
474
486
494
499
512
514
496
476
444
420
368
315
268
216
176
143
131
118
133
157
149
145
148
143
133
131
121
105
89
82
113
151
181
191
180
175
178
195
198
186
200
219
223
250
282
308
325
333
358
386
411
411
419
426
428
437
449
472
499
540
571
608
634
655
671
657
645
627
583
532
476
406
321
248
178
87
-8
-95
-180
-285
-396
-493
-577
-660
-735
-797
-858
-907
-963
-1001
-1031
-1068
-1066
-1050
-1049
-1043
-1040
-1036
-1009
-977
-926
-867
-815
-765
-720
-666
-618
-570
-526
-513
-499
-486
-490
-490
-490
-487
-488
-459
-412
-369
-327
-298
-293
-299
-282
-266
-242
-207
-167
-123
-85
-53
-10
45
106
164
190
196
204
229
254
268
270
260
247
229
215
209
198
169
142
113
72
33
-1
-17
-12
-7
-6
-11
-12
2
11
29
49
89
159
221
273
327
367
397
432
473
533
573
599
636
671
725
773
814
859
889
900
891
887
880
859
838
808
765
743
721
687
640
581
541
501
467
446
437
424
405
393
386
393
372
333
298
247
220
209
168
112
59
28
0
-38
-78
-122
-163
-215
-259
-300
-359
-406
-451
-506
-564
-611
-641
-655
-672
-694
-717
-708
-685
-657
-610
-565
-521
-471
-414
-382
-367
-351
-332
-298
-255
-212
-175
-137
-123
-134
-132
-137
-161
-189
-217
-244
-260
-278
-303
-321
-365
-401
-422
-435
-427
-422
-402
-371
-339
-319
-291
-248
-220
-177
-129
-76
-27
17
55
106
155
191
226
240
242
233
222
220
219
211
192
165
122
79
52
32
-4
-38
-82
-124
-130
-129
-118
-107
-106
-86
-42
20
81
115
154
188
231
295
358
416
466
520
578
647
709
751
785
805
805
793
790
788
772
750
712
663
618
577
531
480
436
391
350
329
319
332
332
312
307
289
281
270
256
253
244
232
214
189
162
145
121
82
13
-74
-138
-190
-241
-306
-380
-435
-473
-510
-550
-584
-613
-631
-646
-659
-673
-687
-686
-685
-682
-668
-642
-590
-538
-512
-506
-521
-524
-515
-495
-474
-472
-472
-459
-438
-408
-383
-383
-402
-421
-422
-429
-447
-470
-477
-469
-472
-463
-469
-459
-439
-410
-361
-326
-296
-275
-249
-235
-209
-172
-139
-116
-112
-95
-77
-67
-53
-42
-40
-19
-11
-25
-34
-49
-61
-70
-89
-100
-101
-110
-113
-96
-70
-42
0
43
81
121
167
210
249
278
301
316
325
354
379
413
425
392
367
358
346
336
328
318
322
327
343
370
384
388
389
372
353
353
369
398
403
420
438
458
482
507
539
559
590
624
672
699
706
708
709
696
669
665
679
685
666
638
608
573
531
495
453
404
357
318
276
234
208
170
147
128
95
65
45
17
-16
-35
-55
-75
-93
-105
-114
-114
-121
-139
-162
-196
-219
-233
-230
-236
-252
-267
-289
-297
-307
-331
-332
-326
-310
-293
-291
-286
-276
-280
-298
-303
-310
-317
-306
-300
-289
-269
-273
-280
-271
-280
-305
-322
-341
-358
-380
-413
-461
-516
-559
-602
-638
-668
-692
-704
-731
-758
-767
-771
-769
-755
-719
-685
-638
-592
-561
-510
-449
-384
-316
-245
-175
-111
-38
35
95
164
207
241
299
347
392
434
457
465
479
488
490
496
505
527
550
568
576
603
622
646
668
688
695
671
654
619
587
557
542
547
542
538
537
529
516
501
482
463
426
380
353
318
276
226
180
151
111
77
51
15
-3
-25
-59
-87
-128
-163
-179
-171
-166
-162
-153
-142
-118
-103
-87
-83
-70
-57
-61
-61
-73
-86
-97
-116
-141
-151
-164
-175
-193
-208
-228
-254
-271
-303
-330
-358
-384
-398
-399
-395
-394
-404
-400
-388
-411
-428
-426
-421
-420
-411
-399
-401
-401
-394
-378
-382
-395
-398
-403
-409
-412
-404
-410
-430
-448
-471
-478
-498
-515
-510
-505
-502
-502
-499
-499
-495
-485
-470
-463
-462
-447
-434
-404
-379
-363
-337
-309
-278
-249
-211
-170
-124
-59
-2
33
65
85
102
123
139
158
187
210
246
277
297
314
316
324
343
374
404
437
463
489
515
531
546
562
585
605
627
634
634
644
640
632
620
607
597
590
583
560
542
520
487
461
437
425
423
428
435
432
433
422
406
390
366
363
353
340
338
338
344
352
353
346
344
332
327
316
315
322
316
295
253
218
179
151
121
94
75
55
32
16
0
-46
-97
-136
-176
-213
-242
-273
-279
-276
-292
-306
-304
-306
-314
-291
-275
-268
-261
-270
-278
-276
-273
-268
-261
-257
-249
-254
-261
-260
-261
-257
-255
-268
-283
-287
-297
-315
-319
-335
-360
-374
-379
-379
-370
-352
-330
-296
-262
-242
-219
-210
-209
-185
-151
-120
-86
-48
-33
-28
-12
-5
0
8
18
25
30
30
26
30
29
24
-2
-12
-11
-13
-14
-7
3
7
6
-5
3
-2
13
28
30
57
77
101
111
112
97
99
114
119
145
161
165
180
190
199
220
230
232
234
256
274
270
269
267
263
262
256
239
225
219
207
192
179
163
163
181
207
218
209
209
195
171
158
136
117
116
93
71
57
43
19
-10
-39
-68
-84
-81
-60
-53
-42
-25
-12
8
31
44
40
19
9
11
-3
-2
12
6
2
2
6
0
-19
-42
-67
-101
-145
-181
-201
-204
-218
-230
-241
-258
-275
-300
-328
-358
-370
-385
-388
-375
-362
-347
-332
-310
-290
-259
-224
-198
-172
-149
-114
-71
-35
0
27
42
41
23
1
-34
-56
-62
-71
-73
-68
-65
-75
-87
-88
-91
-85
-80
-78
-74
-77
-73
-69
-57
-49
-37
-25
-39
-48
-29
-3
9
24
47
75
92
124
152
173
203
213
228
236
240
230
218
210
191
182
176
169
178
175
168
167
142
144
149
163
179
177
173
169
179
180
187
197
200
189
187
185
158
134
119
105
93
90
92
94
84
80
76
72
73
75
73
64
64
66
75
76
69
73
73
73
83
99
112
130
143
143
141
129
124
120
103
80
78
85
84
87
72
57
51
37
30
26
3
-8
-18
-33
-32
-34
-38
-34
-26
-22
-14
-9
-14
-23
-37
-34
-20
-3
2
12
8
5
1
-10
-27
-34
-38
-48
-54
-73
-82
-115
-148
-172
-193
-204
-222
-233
-238
-242
-253
-256
-248
-259
-263
-249
-250
-250
-251
-250
-246
-237
-237
-239
-239
-247
-247
-246
-244
-237
-219
-197
-186
-177
-162
-156
-155
-152
-157
-157
-154
-148
-149
-150
-143
-141
-153
-167
-168
-169
-162
-157
-158
-152
-152
-136
-126
-117
-106
-98
-90
-89
-78
-78
-78
-70
-78
-76
-65
-59
-49
-30
-6
16
42
66
82
82
98
134
148
162
180
187
208
233
255
264
267
290
308
301
302
305
290
273
266
261
260
262
256
254
232
211
214
219
227
228
216
195
182
183
178
169
165
165
174
188
188
191
183
179
182
181
178
165
162
151
140
134
125
123
114
111
100
77
56
27
-12
-41
-57
-76
-94
-107
-112
-119
-131
-136
-147
-152
-154
-165
-177
-196
-209
-213
-210
-218
-213
-204
-210
-209
-218
-209
-201
-208
-204
-201
-207
-225
-236
-234
-244
-249
-255
-264
-275
-277
-261
-249
-245
-252
-257
-259
-257
-244
-243
-244
-241
-242
-235
-225
-212
-202
-193
-175
-162
-139
-127
-123
-106
-83
-78
-67
-49
-36
-28
-24
-30
-33
-13
4
8
13
26
44
51
63
79
86
98
121
140
149
169
178
196
228
261
290
320
344
356
365
368
377
373
369
377
382
386
375
389
401
404
415
399
380
379
368
352
354
355
334
313
305
295
286
278
285
273
249
234
223
206
196
194
174
164
145
124
103
88
88
78
70
65
68
74
86
87
85
81
52
25
9
-6
-11
-15
-14
-13
-28
-25
-23
-35
-43
-50
-54
-47
-58
-81
-79
-75
-82
-90
-105
-119
-125
-133
-147
-152
-164
-183
-191
-204
-214
-227
-245
-260
-282
-303
-326
-351
-365
-380
-396
-431
-446
-456
-471
-473
-482
-498
-501
-492
-494
-485
-471
-457
-449
-436
-421
-400
-373
-366
-346
-333
-315
-288
-278
-266
-243
-215
-196
-183
-164
-145
-125
-108
-89
-66
-47
-27
0
26
31
38
46
70
100
118
146
168
179
186
200
204
215
238
247
257
270
282
287
292
308
325
332
333
336
333
321
329
336
332
342
344
341
331
322
320
302
295
289
276
255
245
245
253
268
271
281
285
285
271
251
237
229
228
217
222
227
228
222
223
227
203
186
166
142
127
111
84
60
44
22
6
-2
-4
-15
-27
-39
-47
-52
-62
-73
-90
-113
-138
-144
-158
-173
-183
-202
-222
-245
-264
-281
-293
-305
-321
-340
-341
-330
-334
-331
-323
-323
-326
-332
-340
-344
-357
-365
-367
-375
-369
-362
-361
-354
-355
-366
-375
-366
-343
-325
-312
-309
-308
-312
-317
-301
-289
-284
-262
-252
-251
-238
-236
