39
132
-52
123
15
94
22
42
194
62
206
44
47
180
-17
206
190
23
217
-69
-67
130
-33
154
106
-26
106
-181
-48
101
-116
139
-12
-74
3
-146
40
89
30
49
7
-39
19
33
57
129
55
17
22
21
21
27
86
-11
-17
-5
-64
23
63
-25
28
24
-86
93
32
88
116
-168
19
-25
-111
142
32
0
33
-72
-61
-13
19
69
91
-57
55
36
-24
158
-5
79
119
99
119
-40
100
-36
20
143
17
88
-92
-66
61
14
162
142
-9
32
-159
-170
-10
77
139
2
3
-125
-188
-129
-10
88
26
6
-122
-156
-34
-23
34
109
-64
-138
-138
-161
-60
-54
-15
-73
-199
-267
-210
-123
-203
-14
-103
-218
-155
-156
-124
-99
-2
-30
134
-33
-173
-85
-128
-108
-57
18
138
48
-228
-111
-58
-53
-6
54
-26
-48
-96
-63
93
-1
121
-44
-76
41
-93
-37
50
-14
-19
-64
-85
-85
-111
-13
-76
-67
-81
-26
-56
-139
-16
-138
-93
-43
-194
-58
-87
-53
-35
-82
67
-102
-103
-98
-141
-108
-149
-77
-75
-68
-52
-106
-43
6
-129
-136
-72
-39
-80
9
-1
-115
-16
-120
-12
156
21
116
50
-61
17
-84
61
36
13
98
-6
20
-126
-3
77
-65
56
9
-21
52
-3
71
99
-100
5
80
-93
126
88
42
184
-63
-11
25
-39
86
40
92
226
32
52
26
-154
-47
-107
54
84
51
87
-34
-40
-87
-89
42
64
5
112
-78
9
-11
-51
176
-62
119
159
-79
114
159
92
193
62
16
27
-24
44
102
118
140
211
84
24
-12
27
17
110
224
38
107
-24
-101
150
-47
8
279
-44
114
178
24
327
-114
-82
221
-163
110
201
123
180
-44
103
49
31
13
76
280
-141
72
229
51
137
75
206
105
41
65
141
157
-18
108
42
-29
121
48
92
106
94
125
-22
58
27
7
185
76
200
268
-87
22
82
-140
165
194
52
55
-76
51
49
-17
109
95
-132
-66
-22
59
72
-94
70
-126
-200
-36
-49
-95
-23
-79
-58
3
-134
-115
-144
-129
-99
98
-44
78
90
-205
99
-143
-115
114
-187
-18
-54
-142
50
-81
38
-132
-96
22
-192
-69
-133
-2
26
-82
29
-46
-144
-54
-12
-86
-42
59
3
44
136
-26
-38
-102
-164
114
59
-30
116
-26
-159
-114
-50
-114
3
39
-71
-54
-131
-57
-101
-71
21
-34
-132
-157
-131
-237
-109
-3
-70
-80
-183
-170
-148
-290
-4
-18
-96
125
-218
-220
-81
-228
16
33
-93
43
-150
-88
-35
-27
89
-108
55
-96
-56
154
-82
57
79
-9
-84
-48
-26
-127
109
-66
-169
150
-92
-46
98
-139
47
-9
-50
68
-66
15
12
34
20
-38
60
-156
4
251
-15
119
-34
-108
-36
-232
-16
34
77
17
-82
-4
28
-102
-39
18
-120
20
-41
-109
-1
-47
-87
-5
-184
-86
-49
-159
1
-94
-62
-15
-51
-46
-142
-181
71
-98
-41
187
-96
40
-61
-143
124
25
47
89
-169
-124
-9
-6
93
43
-77
39
-62
-48
115
-48
149
-42
-130
141
-150
6
117
-33
161
77
102
47
-48
36
95
320
142
186
212
-175
41
199
-32
320
189
-36
264
-158
0
292
-2
132
92
-83
110
109
111
187
147
106
2
66
26
80
126
181
167
-14
72
45
48
11
96
237
162
99
-24
-15
-62
55
226
73
114
121
1
-18
-100
76
194
-26
34
50
-50
127
-30
1
192
-102
83
79
-125
181
72
-68
83
29
110
55
44
91
3
25
58
150
-29
1
19
7
-43
37
161
-81
8
41
-71
-40
80
-10
49
0
17
54
28
110
-26
21
-76
-5
-19
8
181
65
28
-15
-141
-22
92
91
180
4
-35
40
-30
-26
34
111
52
-50
-134
-12
162
-55
58
135
-161
-31
-51
-187
66
73
-61
-55
-146
-94
-68
-54
-55
-56
-15
-125
-34
-34
-96
6
-80
-172
-23
-62
-164
-9
-40
-65
-108
-111
-12
-72
-160
-126
-35
-95
-66
-85
-35
-59
-222
-169
-151
-75
-150
-192
35
-116
-211
39
-54
-82
-60
-125
21
27
-81
-39
19
-134
-66
64
-12
31
-52
-199
-88
-26
-73
127
151
-37
-22
-127
-191
-78
48
43
-14
-26
-114
-31
-205
-81
62
-147
19
-47
-18
19
57
-87
-315
54
146
21
75
158
13
-122
-59
62
114
16
7
-45
-70
-56
142
73
-128
-81
-332
-209
124
74
140
130
-112
-99
-177
20
260
73
70
-3
16
61
90
142
39
-44
-5
13
144
94
-74
31
-84
-76
117
131
-23
-27
22
-75
75
200
228
-14
-74
15
-147
167
132
126
211
-122
-60
74
132
89
154
50
-13
75
-59
107
92
-92
132
-86
-276
217
65
-24
119
26
68
-135
-34
209
122
61
57
-20
-41
-44
89
119
-18
57
19
-72
4
31
87
191
17
-37
25
-59
41
127
69
97
16
12
101
-4
55
188
9
31
97
-30
113
-36
44
262
24
31
3
-155
-16
27
17
159
8
-39
-65
-55
-1
-72
-27
-102
-104
-46
-80
-61
-12
-85
-76
0
-32
-19
-33
-55
52
-61
-67
29
-63
-50
-86
-64
-60
-27
16
54
14
-42
-70
-83
11
-14
-33
-18
2
0
-6
-70
-14
-23
-61
10
36
54
33
-76
-110
-49
-55
108
105
143
109
-46
-39
-110
-51
33
59
151
117
-29
-20
-108
-35
94
49
125
41
-48
41
96
91
80
64
1
-81
-58
-27
18
55
-21
-72
-28
-91
-63
2
-121
-31
-16
-15
1
-22
11
20
22
2
15
-102
-40
-50
8
83
19
32
-30
-26
-55
-31
15
33
-4
-30
-85
-56
-60
-91
-18
-63
-40
-116
-165
-187
-218
-132
-172
-195
-147
-126
-211
-190
-172
-202
-178
-254
-154
-164
-146
-145
-160
-86
-115
-24
44
109
23
97
43
35
170
154
238
108
95
83
76
66
106
56
52
64
-58
76
33
50
66
29
49
51
70
141
149
112
110
121
219
187
259
195
180
204
194
249
210
249
170
175
94
134
261
188
209
187
147
159
186
111
124
109
51
21
-43
-61
-121
-83
-179
-242
-264
-373
-389
-504
-565
-612
-699
-715
-745
-768
-835
-813
-805
-830
-750
-702
-681
-601
-505
-428
-306
-294
-156
-69
-47
76
117
228
248
283
358
353
416
473
460
584
634
666
705
675
687
698
757
726
741
763
765
809
793
764
783
785
828
828
802
800
843
941
857
890
874
802
854
918
1000
980
973
880
828
842
849
935
983
1019
1026
997
1024
1059
1075
1142
1219
1222
938
531
209
17
-101
-420
-875
-1356
-1859
-2356
-2723
-2785
-2787
-2954
-3009
-3109
-3235
-3184
-2905
-2523
-2216
-1945
-1850
-1695
-1532
-1252
-845
-562
-325
-261
-299
-189
-6
175
440
567
675
705
688
794
859
997
1108
1089
942
695
475
311
163
-27
-329
-631
-985
-1279
-1468
-1561
-1580
-1647
-1579
-1568
-1432
-1248
-1027
-702
-460
-197
-4
146
249
422
539
640
761
754
727
764
810
891
922
969
1109
1155
1205
1213
1335
1410
1446
1477
1399
1333
1260
1258
1208
1154
1104
1100
1106
1110
1162
1238
1407
1598
1784
1947
1982
1985
1983
2066
2224
2342
2298
1805
1160
625
425
123
-503
-1023
-1689
-2484
-3312
-3629
-3510
-3601
-3782
-3873
-3801
-3815
-3679
-3117
-2441
-1980
-1812
-1654
-1391
-1149
-941
-494
-47
123
50
76
430
708
1020
1389
1723
1871
1898
2029
2203
2394
2455
2423
2270
1961
1628
1339
1038
806
497
83
-360
-783
-1050
-1313
-1349
-1498
-1783
-1952
-2081
-2047
-1979
-1907
-1860
-1826
-1836
-1753
-1632
-1462
-1302
-1079
-930
-843
-624
-586
-270
-8
154
384
495
662
766
912
1114
1273
1249
1254
1302
1340
1403
1496
1528
1542
1525
1527
1649
1674
1797
1846
1893
1913
1954
2015
2001
2109
2134
2181
2093
1958
1909
1837
1861
1855
1592
934
94
-332
-506
-1055
-1751
-2468
-3158
-4032
-4929
-4988
-4858
-4962
-5147
-5181
-4802
-4693
-4246
-3353
-2550
-1950
-1765
-1341
-769
-435
56
652
1025
1182
1057
1293
1723
2019
2445
2673
2913
2965
2918
3151
3311
3325
3317
3080
2809
2440
1918
1494
1037
610
141
-357
-831
-1219
-1409
-1460
-1572
-1580
-1619
-1628
-1539
-1481
-1194
-1068
-974
-894
-918
-923
-908
-760
-508
-380
-308
-174
-130
107
313
488
752
831
895
927
940
1078
1057
1053
1078
981
917
887
982
1036
1016
1015
1033
1045
1170
1291
1442
1539
1624
1735
1756
1919
2029
2185
2228
2207
2197
2068
1991
1929
1940
2014
1833
1178
276
-335
-471
-754
-1500
-2454
-3310
-4182
-5067
-5533
-5544
-5574
-5913
-6205
-6049
-5753
-5359
-4569
-3643
-2858
-2511
-2152
-1527
-932
-430
107
475
499
383
281
549
876
1143
1381
1488
1606
1724
1991
2406
2603
2707
2650
2496
2315
1853
1546
1214
796
354
-249
-758
-1016
-1194
-1214
-1187
-1178
-1046
-960
-682
-367
-156
29
183
364
358
162
98
-21
-144
-157
-268
-315
-407
-372
-160
-58
79
255
397
555
641
822
862
838
869
801
758
632
648
752
879
994
1136
1296
1603
2005
2324
2710
2995
3262
3436
3657
3824
3829
3751
3661
3526
3245
2945
2562
2266
2000
1896
1749
1112
162
-623
-897
-1231
-1977
-2900
-3846
-4815
-5799
-6431
-6571
-6696
-7079
-7344
-7160
-6686
-6175
-5344
-4201
-3259
-2630
-2088
-1379
-601
2
517
993
1096
950
782
800
1063
1198
1288
1291
1284
1398
1634
1986
2193
2172
2130
2108
1979
1711
1280
983
651
98
-398
-902
-1259
-1456
-1538
-1475
-1376
-1255
-1020
-642
-211
233
486
628
714
835
914
748
507
283
130
-138
-483
-622
-570
-579
-524
-508
-418
-237
-142
139
354
518
636
701
812
883
936
1092
1261
1476
1672
1817
2150
2507
2891
3254
3574
3834
4034
4187
4300
4342
4285
4125
3909
3663
3201
2709
2285
1862
1510
1142
829
518
-215
-1181
-1935
-2342
-2639
-3267
-4128
-4935
-5719
-6460
-6903
-6833
-6666
-6818
-6917
-6708
-6062
-5265
-4426
-3353
-2435
-1786
-1139
-507
196
844
1286
1676
1637
1497
1340
1226
1435
1415
1311
1177
1024
1133
1268
1384
1588
1591
1658
1697
1530
1528
1307
1124
959
547
265
-114
-462
-595
-711
-676
-641
-599
-364
-176
156
523
688
831
802
730
713
508
278
-51
-540
-886
-1257
-1479
-1500
-1547
-1461
-1380
-1214
-871
-578
-171
247
567
918
1175
1513
1806
1950
2160
2297
2388
2543
2666
2868
3077
3199
3316
3336
3403
3503
3544
3448
3227
2972
2724
2406
2045
1704
1291
845
349
-25
-337
-617
-732
-883
-1356
-2058
-2559
-2607
-2589
-2955
-3507
-4079
-4515
-4960
-5179
-4936
-4865
-5041
-5197
-5021
-4487
-4003
-3430
-2722
-2187
-1823
-1515
-1042
-432
-82
171
291
249
182
-50
-25
194
362
459
309
284
470
688
1139
1527
1675
1812
1931
2150
2289
2209
2111
1942
1733
1519
1206
1007
793
619
668
631
628
646
692
893
1019
1146
1165
869
589
318
186
53
-425
-831
-1261
-1634
-1847
-2018
-1864
-1765
-1776
-1592
-1429
-1054
-587
-169
394
705
969
1276
1578
2005
2190
2273
2406
2429
2546
2580
2507
2574
2483
2392
2343
2214
2178
1987
1754
1541
1199
904
651
439
329
60
-332
-640
-897
-906
-797
-638
-642
-1042
-1497
-1718
-1543
-1397
-1635
-2124
-2671
-3197
-3626
-3781
-3669
-3737
-4167
-4522
-4564
-4365
-4103
-3699
-3148
-2739
-2542
-2376
-2014
-1453
-932
-549
-364
-421
-476
-411
-148
202
362
408
483
681
1043
1511
2056
2566
2886
3123
3355
3573
3751
3738
3688
3544
3268
2936
2446
2047
1721
1424
1230
908
544
344
230
267
266
139
76
-71
-304
-619
-945
-1056
-1169
-1447
-1778
-2111
-2286
-2293
-2172
-1810
-1438
-1169
-852
-461
60
628
1131
1579
1872
2028
2140
2252
2415
2450
2337
2196
2006
1946
1882
1792
1827
1776
1726
1678
1597
1553
1485
1373
1216
1059
938
781
640
528
334
150
35
63
198
284
351
283
-70
-528
-756
-696
-823
-1375
-2107
-2829
-3548
-4293
-4720
-4877
-5194
-5811
-6393
-6507
-6250
-5881
-5383
-4907
-4555
-4136
-3677
-2945
-2123
-1524
-993
-604
-317
-62
163
579
1089
1444
1761
1971
2279
2735
3186
3774
4211
4459
4669
4844
5059
5087
4879
4672
4299
3768
3192
2514
1946
1330
729
282
-255
-679
-1021
-1259
-1271
-1409
-1587
-1652
-1678
-1522
-1571
-1834
-1917
-1902
-1736
-1735
-1826
-1754
-1758
-1582
-1229
-814
-349
-144
147
615
980
1444
1815
2096
2284
2247
2261
2257
2200
2186
2029
1828
1674
1518
1483
1393
1373
1415
1260
1210
1153
1105
1144
1041
1023
946
730
664
638
643
551
314
283
267
249
363
363
175
-355
-892
-1010
-1104
-1458
-2058
-2809
-3519
-4309
-4921
-5115
-5306
-5645
-6159
-6507
-6386
-6075
-5548
-4850
-4286
-3820
-3398
-2784
-1953
-1182
-439
153
522
864
1209
1630
2079
2436
2769
2939
3090
3357
3658
4010
4246
4354
4363
4300
4270
4287
4233
4024
3611
3075
2536
2014
1563
1117
618
99
-432
-898
-1282
-1592
-1764
-1865
-1958
-2081
-2217
-2232
-2152
-2148
-2172
-2154
-2022
-1855
-1813
-1762
-1678
-1505
-1251
-912
-508
-213
23
226
466
834
1216
1510
1627
1592
1610
1668
1652
1632
1610
1527
1391
1260
1237
1185
1165
1201
1189
1180
1090
1051
1128
1143
1099
994
803
670
604
642
674
552
429
305
256
368
526
699
787
577
118
-378
-593
-586
-848
-1494
-2297
-3055
-3740
-4254
-4402
-4466
-4811
-5277
-5488
-5163
-4617
-4059
-3435
-2897
-2420
-1948
-1322
-508
223
668
950
1195
1383
1505
1704
2045
2347
2425
2334
2361
2588
2935
3275
3577
3765
3805
3853
4022
4182
4147
3911
3503
3015
2511
2029
1495
836
134
-511
-1126
-1654
-2018
-2244
-2393
-2546
-2589
-2564
-2483
-2335
-2170
-1971
-1879
-1816
-1655
-1413
-1203
-1101
-1076
-1036
-944
-817
-600
-300
-24
111
234
459
707
939
1144
1293
1351
1336
1310
1301
1259
1131
979
910
840
717
601
480
463
473
393
306
252
261
255
246
249
204
147
108
180
308
321
290
319
426
597
756
894
828
399
-128
-376
-341
-504
-1080
-1825
-2574
-3269
-3799
-4021
-4014
-4228
-4704
-5022
-4868
-4376
-3888
-3359
-2834
-2418
-2004
-1510
-869
-171
353
743
1048
1246
1408
1569
1930
2409
2748
2894
3004
3294
3708
4072
4375
4614
4728
4786
4777
4752
4653
4295
3810
3258
2659
1999
1235
529
-122
-728
-1228
-1703
-2134
-2468
-2652
-2665
-2643
-2594
-2445
-2260
-2106
-1964
-1751
-1527
-1439
-1444
-1422
-1330
-1222
-1181
-1146
-1158
-1226
-1230
-1070
-784
-565
-408
-254
-56
193
465
719
886
968
990
1043
1107
1098
1023
940
848
714
566
423
359
334
262
182
129
89
46
78
171
232
248
292
417
585
678
676
636
630
699
803
909
815
389
-166
-463
-451
-491
-896
-1524
-2168
-2731
-3067
-3105
-2969
-3105
-3523
-3821
-3763
-3463
-3085
-2655
-2296
-2103
-1952
-1633
-1193
-674
-158
282
600
741
947
1312
1760
2247
2619
2836
3032
3311
3681
4010
4273
4483
4538
4479
4378
4276
4140
3813
3346
2840
2271
1704
1160
606
13
-648
-1221
-1646
-1970
-2195
-2390
-2515
-2559
-2557
-2450
-2258
-2049
-1910
-1811
-1692
-1607
-1530
-1387
-1207
-1114
-1133
-1129
-1028
-895
-680
-367
-78
97
240
484
795
1108
1335
1532
1630
1598
1582
1576
1537
1402
1188
949
642
331
86
-156
-352
-503
-625
-727
-765
-675
-549
-422
-245
-27
194
426
669
930
1067
1125
1195
1277
1355
1393
1481
1476
1153
560
103
54
131
-137
-784
-1504
-2179
-2745
-3035
-2998
-3098
-3701
-4372
-4627
-4456
-4198
-3991
-3677
-3388
-3173
-2815
-2185
-1367
-617
-40
481
991
1471
1940
2395
2921
3361
3593
3680
3762
3990
4208
4320
4358
4289
4124
3951
3874
3821
3489
2844
2183
1587
1027
449
-197
-869
-1619
-2292
-2795
-3197
-3452
-3602
-3611
-3550
-3473
-3231
-2873
-2441
-1985
-1569
-1168
-871
-657
-418
-164
73
246
268
209
147
134
256
439
619
697
765
854
919
1025
1111
1152
1063
849
593
317
53
-222
-552
-878
-1181
-1422
-1520
-1533
-1471
-1330
-1151
-877
-572
-249
108
416
712
943
1109
1232
1312
1443
1550
1558
1512
1459
1489
1635
1872
2145
2194
1897
1490
1235
1228
1165
701
-61
-931
-1782
-2539
-3086
-3395
-3780
-4342
-4868
-5053
-4819
-4374
-3780
-3126
-2553
-2038
-1491
-804
-7
741
1331
1661
1806
1964
2173
2389
2610
2801
2871
2802
2785
3000
3326
3541
3574
3485
3311
3108
2937
2676
2181
1514
815
115
-612
-1343
-2028
-2603
-3008
-3240
-3419
-3566
-3547
-3293
-2881
-2450
-1991
-1480
-980
-516
-82
263
509
734
957
1122
1080
827
641
647
748
748
587
394
161
-19
-63
-23
-3
-196
-497
-736
-943
-1105
-1200
-1256
-1411
-1701
-1909
-1912
-1775
-1564
-1325
-1089
-858
-589
-180
298
766
1184
1478
1669
1817
1983
2145
2254
2315
2333
2303
2318
2438
2583
2602
2548
2604
2712
2820
2951
2943
2467
1544
768
529
382
-245
-1286
-2328
-3284
-4117
-4493
-4375
-4298
-4674
-5106
-5051
-4544
-3877
-3160
-2439
-1881
-1557
-1249
-735
-93
540
1053
1344
1428
1453
1543
1803
2244
2648
2754
2607
2564
2787
3062
3172
3181
3061
2743
2378
2105
1859
1487
992
507
11
-573
-1086
-1376
-1525
-1663
-1731
-1677
-1599
-1478
-1185
-708
-228
66
287
582
860
1026
1092
1138
1102
888
598
371
115
-311
-872
-1323
-1506
-1616
-1834
-2126
-2403
-2628
-2732
-2586
-2258
-2047
-2089
-2226
-2209
-1990
-1710
-1424
-1194
-1077
-1049
-985
-701
-259
187
591
918
1162
1373
1640
2038
2446
2705
2784
2693
2564
2451
2364
2305
2219
2018
1711
1457
1314
1261
1202
1179
1219
1241
1299
1354
1171
592
7
-202
-258
-573
-1269
-2080
-2899
-3677
-4093
-4019
-3822
-3971
-4320
-4374
-3986
-3353
-2658
-1938
-1329
-931
-614
-155
457
1021
1422
1680
1807
1774
1692
1788
2135
2511
2610
2438
2285
2332
2552
2817
2971
2918
2663
2336
2136
2070
1919
1581
1146
740
363
31
-228
-440
-641
-854
-988
-1044
-1041
-945
-801
-717
-720
-694
-614
-558
-569
-626
-717
-833
-919
-970
-1052
-1224
-1423
-1566
-1713
-1850
-1879
-1853
-1931
-2083
-2139
-2114
-2070
-1997
-1843
-1673
-1561
-1399
-1101
-755
-435
-144
142
457
774
1090
1347
1562
1732
1850
1929
1988
2026
1956
1796
1650
1546
1383
1199
1033
886
721
565
538
605
656
721
885
1081
1211
1263
1371
1522
1641
1735
1813
1699
1126
330
-169
-308
-512
-1102
-1861
-2552
-3235
-3732
-3798
-3517
-3377
-3533
-3572
-3308
-2858
-2325
-1710
-1116
-750
-580
-395
-139
182
500
710
779
721
710
851
1119
1483
1819
2010
2128
2310
2573
2803
2955
3032
2934
2715
2477
2255
1964
1493
1017
602
188
-149
-363
-516
-717
-887
-866
-735
-654
-591
-449
-316
-355
-464
-486
-466
-509
-614
-743
-851
-925
-985
-1024
-1022
-897
-723
-627
-577
-561
-669
-973
-1192
-1071
-878
-985
-1252
-1376
-1430
-1479
-1315
-854
-439
-319
-300
-150
104
386
692
900
906
762
631
615
673
739
728
644
550
505
513
573
762
958
974
869
845
982
1157
1289
1369
1351
1283
1364
1623
1820
1828
1792
1832
1917
1990
1983
1719
1019
210
-241
-453
-872
-1575
-2277
-2922
-3612
-4126
-4140
-3840
-3718
-3796
-3774
-3575
-3224
-2649
-1936
-1406
-1197
-1070
-820
-464
-16
481
838
962
1030
1163
1369
1721
2175
2464
2424
2305
2361
2449
2429
2429
2413
2183
1839
1683
1689
1598
1446
1362
1214
925
680
576
407
81
-227
-498
-854
-1216
-1387
-1419
-1559
-1786
-1919
-1896
-1786
-1673
-1551
-1412
-1248
-1091
-932
-702
-445
-218
-24
124
213
294
421
383
-2
-434
-590
-640
-779
-948
-1048
-1216
-1420
-1232
-699
-282
-130
-38
46
33
112
319
382
185
-78
-271
-482
-591
-462
-254
-99
65
311
549
788
1179
1569
1701
1642
1615
1641
1593
1543
1522
1411
1272
1284
1446
1581
1616
1616
1671
1773
1881
1915
1774
1307
426
-486
-1037
-1322
-1763
-2418
-2963
-3427
-3887
-4031
-3627
-3066
-2831
-2839
-2759
-2604
-2343
-1852
-1399
-1266
-1307
-1211
-1036
-827
-344
317
809
1106
1467
1855
2177
2658
3298
3665
3602
3507
3558
3525
3435
3496
3499
3162
2748
2499
2243
1831
1444
1076
492
-256
-870
-1311
-1775
-2199
-2500
-2744
-2955
-2971
-2767
-2535
-2353
-2115
-1816
-1572
-1365
-1122
-899
-799
-707
-564
-412
-235
78
500
814
971
1058
1151
1163
1114
1013
647
-33
-700
-1119
-1558
-2152
-2604
-2777
-2915
-3049
-2874
-2432
-2031
-1698
-1281
-877
-620
-375
-16
229
227
161
176
255
390
639
865
982
1145
1397
1605
1785
1993
2129
2094
1969
1894
1766
1542
1383
1309
1144
932
905
1018
1047
969
938
927
841
813
968
1113
982
533
-75
-523
-685
-724
-869
-1210
-1691
-2236
-2646
-2701
-2443
-2187
-2146
-2168
-2107
-1948
-1591
-995
-329
178
540
927
1331
1696
2094
2486
2736
2796
2708
2558
2404
2368
2376
2222
1971
1792
1747
1700
1612
1575
1437
1128
788
468
73
-454
-977
-1393
-1833
-2270
-2508
-2581
-2562
-2404
-2083
-1746
-1501
-1218
-853
-552
-397
-358
-415
-564
-678
-688
-702
-771
-790
-738
-670
-516
-225
97
286
317
219
-1
-253
-423
-584
-902
-1418
-1958
-2285
-2328
-2130
-1824
-1532
-1263
-1003
-727
-407
-56
226
331
263
63
-154
-241
-190
-47
84
210
355
562
927
1368
1707
1780
1609
1332
1010
709
456
194
-122
-453
-648
-598
-379
-53
253
465
636
823
1052
1217
1286
1256
1083
857
751
849
996
1121
1253
1138
707
406
549
801
665
314
127
-88
-463
-646
-401
-80
-73
-168
-166
-153
-107
49
226
194
85
182
382
575
786
976
1093
1182
1337
1468
1492
1535
1573
1380
1025
818
794
679
487
430
358
142
-26
-3
-72
-467
-806
-920
-1082
-1413
-1713
-1861
-2053
-2252
-2263
-2196
-2286
-2410
-2322
-2161
-2124
-2099
-1924
-1673
-1432
-1149
-790
-406
49
552
907
1119
1369
1675
1844
1809
1703
1544
1254
964
743
497
217
82
-121
-686
-1185
-1193
-1042
-1269
-1638
-1753
-1942
-2415
-2694
-2569
-2452
-2555
-2558
-2431
-2412
-2185
-1578
-958
-627
-368
125
616
966
1290
1507
1600
1658
1724
1641
1475
1603
1841
1820
1671
1677
1758
1667
1575
1625
1569
1334
1190
1219
1175
1062
1164
1389
1463
1457
1655
2042
2315
2492
2685
2667
2235
1645
1354
1279
1049
713
581
622
434
61
-33
167
322
222
-88
-524
-1017
-1424
-1730
-2032
-2210
-2127
-1903
-1679
-1396
-982
-576
-223
65
146
56
37
90
-91
-501
-741
-695
-669
-693
-543
-269
-70
55
194
172
-57
-242
-329
-540
-916
-1177
-1217
-1231
-1229
-1087
-772
-399
-91
163
343
528
727
810
830
859
880
815
706
727
815
824
769
675
481
183
-78
-275
-540
-854
-1135
-1386
-1692
-2008
-2174
-2226
-2294
-2398
-2533
-2665
-2753
-2779
-2711
-2542
-2301
-2071
-1859
-1577
-1166
-619
-89
328
652
860
1058
1279
1482
1638
1714
1758
1783
1821
1887
1992
2074
2074
2026
1943
1787
1535
1226
916
666
474
340
246
247
402
630
878
1118
1325
1531
1745
1933
2098
2214
2211
2132
2057
2023
2085
2254
2452
2535
2337
1897
1463
1151
1031
1018
964
758
247
-347
-815
-1134
-1294
-1456
-1671
-1987
-2333
-2485
-2538
-2563
-2531
-2398
-2057
-1621
-1136
-783
-690
-588
-425
-197
68
283
424
342
239
274
382
519
614
812
1038
1211
1423
1537
1505
1301
1040
922
817
675
415
32
-327
-695
-959
-1046
-1067
-1096
-1261
-1487
-1681
-1852
-1959
-2093
-2233
-2377
-2482
-2473
-2448
-2426
-2468
-2540
-2480
-2292
-2025
-1727
-1428
-1065
-751
-449
-93
282
657
958
1233
1396
1353
1133
785
447
204
107
132
156
134
71
44
92
109
94
-1
-163
-328
-477
-475
-440
-495
-607
-677
-511
-196
132
343
289
88
-103
-139
-36
24
64
134
251
481
793
1131
1369
1488
1593
1694
1858
1954
1871
1657
1364
1161
1040
1078
1304
1494
1580
1595
1681
1890
2037
2165
2227
2152
2029
1840
1718
1637
1586
1623
1696
1849
1975
2004
1898
1629
1291
926
547
191
-173
-492
-697
-780
-771
-823
-929
-1090
-1301
-1502
-1732
-1979
-2290
-2615
-2834
-2973
-3020
-2906
-2637
-2286
-1929
-1540
-1070
-574
-157
106
241
302
331
345
305
231
197
190
169
111
8
-115
-245
-396
-544
-680
-829
-1033
-1273
-1459
-1547
-1527
-1464
-1404
-1349
-1289
-1191
-1075
-936
-793
-673
-569
-456
-307
-156
-7
138
258
332
388
435
439
410
361
254
76
-92
-243
-425
-668
-874
-953
-1004
-1072
-1149
-1212
-1290
-1383
-1430
-1435
-1393
-1344
-1268
-1116
-946
-805
-654
-444
-150
150
402
638
868
1083
1225
1304
1371
1409
1394
1324
1277
1222
1125
1037
964
935
945
933
870
756
607
479
364
314
378
470
589
773
1058
1418
1821
2277
2728
3123
3441
3688
3842
3913
3955
3976
3942
3772
3475
3122
2767
2442
2116
1757
1345
930
546
191
-145
-495
-852
-1227
-1603
-1939
-2241
-2490
-2683
-2775
-2765
-2698
-2596
-2464
-2302
-2141
-1905
-1601
-1316
-1103
-921
-711
-515
-397
-327
-257
-233
-192
-105
15
134
187
222
219
169
101
24
-57
-152
-265
-416
-529
-562
-570
-609
-714
-835
-954
-1073
-1149
-1198
-1239
-1251
-1208
-1122
-1038
-932
-815
-697
-618
-598
-583
-569
-576
-580
-597
-607
-578
-550
-525
-539
-603
-641
-655
-701
-791
-896
-1004
-1091
-1146
-1199
-1257
-1318
-1332
-1278
-1210
-1108
-990
-860
-714
-580
-436
-265
-37
207
411
572
756
964
1115
1210
1268
1315
1316
1268
1230
1191
1160
1135
1122
1136
1124
1077
1092
1149
1176
1152
1135
1148
1062
935
872
903
935
892
899
953
1019
1108
1279
1509
1685
1826
1952
2022
2019
1945
1893
1837
1688
1522
1319
1094
948
855
776
634
434
240
26
-196
-360
-474
-620
-820
-1031
-1293
-1550
-1719
-1778
-1732
-1656
-1513
-1315
-1092
-833
-596
-408
-250
-71
149
384
586
761
903
989
1079
1184
1267
1315
1279
1174
1063
923
754
553
291
17
-255
-516
-753
-996
-1265
-1526
-1746
-1888
-1885
-1796
-1709
-1666
-1666
-1595
-1461
-1343
-1264
-1235
-1204
-1157
-1164
-1189
-1177
-1117
-1035
-961
-878
-853
-892
-896
-832
-776
-816
-891
-978
-1123
-1309
-1453
-1524
-1578
-1648
-1706
-1708
-1658
-1555
-1415
-1226
-970
-695
-442
-252
-123
-10
59
40
20
33
39
47
113
236
383
548
768
1002
1129
1203
1272
1299
1237
1097
941
853
779
670
551
454
485
596
707
823
940
1016
1027
1040
1062
1097
1172
1271
1389
1500
1578
1690
1834
1934
1992
2019
1995
1962
1943
1853
1707
1499
1320
1237
1138
989
873
801
669
487
322
231
179
58
-32
10
104
214
359
492
633
738
757
787
827
857
890
902
900
895
842
802
844
842
755
620
418
194
-2
-167
-264
-369
-512
-597
-697
-848
-1024
-1224
-1416
-1649
-1917
-2112
-2219
-2274
-2279
-2267
-2210
-2055
-1839
-1633
-1422
-1229
-1071
-944
-884
-811
-730
-704
-677
-648
-658
-696
-746
-770
-781
-818
-848
-817
-770
-742
-751
-843
-982
-1135
-1313
-1490
-1630
-1742
-1829
-1895
-1868
-1728
-1518
-1248
-979
-759
-596
-451
-260
-45
85
146
188
226
283
350
393
381
291
180
146
153
175
193
202
207
169
164
232
312
307
219
153
152
157
133
161
243
323
432
578
693
734
715
719
781
823
831
842
873
910
948
995
1082
1183
1222
1290
1416
1548
1618
1609
1678
1807
1879
1907
1962
2041
2105
2152
2187
2262
2315
2344
2396
2426
2405
2323
2234
2171
2079
1883
1607
1293
993
817
788
840
846
768
634
455
233
-79
-450
-848
-1239
-1550
-1765
-1879
-1986
-2150
-2302
-2354
-2257
-2141
-2081
-2038
-2047
-2030
-1981
-1930
-1833
-1752
-1660
-1546
-1445
-1333
-1226
-1164
-1171
-1234
-1253
-1153
-957
-725
-551
-489
-523
-588
-624
-666
-777
-954
-1116
-1223
-1282
-1274
-1234
-1223
-1295
-1448
-1553
-1522
-1384
-1225
-1113
-1057
-1011
-916
-780
-610
-446
-329
-226
-87
75
243
402
500
549
543
538
601
688
769
764
645
445
212
24
-165
-368
-536
-661
-716
-719
-668
-579
-542
-573
-684
-798
-801
-734
-607
-472
-338
-176
11
244
493
739
926
1051
1154
1223
1273
1332
1360
1415
1518
1625
1772
1931
2118
2273
2294
2250
2184
2120
2091
2137
2222
2249
2232
2189
2133
2059
1998
1997
2031
2133
2291
2488
2626
2649
2575
2431
2321
2311
2436
2610
2675
2517
2168
1791
1468
1225
1037
863
643
309
-89
-490
-917
-1438
-2037
-2610
-3056
-3300
-3349
-3275
-3202
-3205
-3218
-3174
-3030
-2822
-2620
-2425
-2259
-2113
-1961
-1788
-1594
-1413
-1227
-1007
-709
-358
-11
294
498
569
555
545
579
589
516
351
76
-268
-605
-901
-1123
-1362
-1642
-1856
-1985
-1979
-1881
-1778
-1658
-1585
-1557
-1515
-1444
-1378
-1346
-1307
-1284
-1244
-1173
-1095
-981
-860
-708
-523
-330
-140
-3
6
-80
-196
-298
-366
-472
-574
-686
-836
-991
-1136
-1206
-1176
-1078
-981
-898
-813
-707
-565
-422
-285
-151
-70
32
182
310
433
497
548
606
679
848
1046
1226
1357
1429
1472
1522
1612
1673
1655
1589
1581
1647
1705
1736
1759
1786
1846
1892
1988
2141
2231
2305
2374
2469
2613
2751
2866
2976
3059
3076
3024
2914
2795
2725
2652
2555
2459
2299
2113
1911
1667
1401
1117
868
629
392
165
-91
-379
-699
-995
-1236
-1447
-1646
-1785
-1833
-1807
-1723
-1598
-1480
-1401
-1349
-1281
-1182
-1111
-1079
-1045
-1038
-1040
-1046
-1079
-1118
-1175
-1242
-1292
-1306
-1295
-1291
-1316
-1341
-1384
-1434
-1435
-1458
-1498
-1521
-1504
-1449
-1396
-1358
-1324
-1293
-1212
-1081
-915
-757
-614
-463
-374
-313
-305
-327
-342
-392
-449
-526
-617
-711
-810
-933
-1044
-1139
-1224
-1274
-1293
-1332
-1416
-1493
-1561
-1603
-1631
-1604
-1555
-1532
-1481
-1416
-1337
-1238
-1143
-1019
-852
-678
-417
-84
237
560
818
1033
1241
1462
1674
1812
1887
1904
1914
1913
1901
1887
1825
1736
1654
1587
1543
1488
1408
1316
1206
1117
1030
952
866
738
646
613
635
709
807
879
935
986
1046
1130
1216
1305
1407
1492
1558
1613
1663
1721
1760
1794
1804
1741
1641
1544
1438
1340
1243
1121
997
892
808
719
597
457
328
186
49
-73
-198
-296
-382
-454
-507
-514
-488
-492
-528
-583
-620
-575
-483
-366
-240
-165
-119
-58
-6
-8
-74
-187
-301
-394
-464
-495
-517
-541
-553
-577
-592
-590
-616
-693
-807
-924
-1052
-1199
-1317
-1366
-1400
-1365
-1283
-1223
-1173
-1168
-1196
-1254
-1341
-1430
-1502
-1543
-1564
-1579
-1622
-1675
-1720
-1785
-1835
-1876
-1929
-1992
-2068
-2102
-2103
-2093
-2059
-2020
-1962
-1881
-1784
-1657
-1523
-1423
-1336
-1243
-1114
-920
-681
-395
-105
180
444
668
858
1015
1129
1188
1252
1321
1377
1416
1427
1392
1321
1220
1126
1061
995
928
859
766
663
591
524
435
378
357
371
410
446
504
558
585
616
667
789
973
1171
1303
1390
1503
1604
1679
1711
1732
1772
1806
1806
1791
1750
1656
1547
1441
1357
1307
1256
1230
1218
1225
1285
1339
1351
1320
1252
1169
1125
1112
1082
993
867
734
613
532
473
466
465
431
383
308
224
116
0
-87
-176
-257
-290
-296
-305
-323
-359
-414
-484
-537
-536
-509
-472
-417
-368
-341
-312
-269
-259
-262
-292
-344
-411
-515
-635
-764
-872
-978
-1065
-1104
-1126
-1150
-1195
-1278
-1388
-1473
-1520
-1543
-1553
-1576
-1610
-1601
-1553
-1494
-1431
-1382
-1332
-1263
-1192
-1111
-1024
-939
-851
-743
-614
-509
-415
-349
-346
-376
-421
-467
-525
-571
-598
-625
-666
-727
-771
-795
-795
-787
-788
-774
-734
-694
-626
-552
-487
-396
-274
-125
21
128
220
310
380
446
508
564
636
711
780
880
958
997
1027
985
902
809
723
685
662
636
601
561
524
462
395
353
362
417
515
619
717
803
852
901
961
1051
1157
1247
1313
1356
1350
1318
1302
1271
1254
1234
1211
1220
1194
1132
1049
928
800
713
674
675
714
725
704
694
647
608
555
487
455
411
406
437
459
495
506
467
437
401
332
234
80
-104
-272
-406
-512
-599
-693
-767
-850
-985
-1093
-1183
-1287
-1374
-1461
-1517
-1545
-1583
-1574
-1521
-1454
-1365
-1271
-1170
-1084
-997
-900
-851
-811
-761
-729
-660
-598
-562
-545
-601
-679
-749
-825
-860
-877
-920
-947
-945
-907
-868
-857
-871
-925
-999
-1074
-1106
-1073
-1017
-933
-825
-718
-578
-411
-262
-119
0
97
188
236
281
317
331
353
363
347
328
283
214
138
-10
-202
-348
-475
-557
-632
-712
-744
-777
-763
-700
-652
-618
-597
-575
-542
-468
-355
-206
-60
59
186
337
519
726
912
1018
1108
1196
1252
1303
1340
1344
1317
1314
1338
1376
1415
1428
1421
1384
1330
1324
1355
1403
1458
1493
1491
1480
1472
1475
1511
1533
1544
1567
1585
1595
1594
1584
1535
1453
1351
1229
1125
1053
967
851
727
614
517
413
296
192
96
-2
-101
-206
-334
-457
-551
-656
-716
-752
-786
-779
-776
-774
-754
-782
-807
-755
-680
-576
-465
-413
-373
-329
-300
-256
-242
-258
-276
-336
-409
-444
-464
-509
-567
-615
-655
-703
-778
-870
-949
-1050
-1167
-1242
-1304
-1349
-1369
-1372
-1338
-1281
-1217
-1124
-1010
-926
-856
-791
-726
-642
-555
-483
-434
-388
-361
-348
-340
-332
-314
-307
-312
-338
-364
-391
-416
-415
-393
-373
-343
-310
-294
-288
-296
-298
-288
-258
-211
-160
-92
-7
98
201
288
374
429
483
557
622
694
753
789
822
843
868
892
888
902
919
926
929
890
844
815
771
738
711
686
667
647
651
661
647
618
589
571
555
568
606
628
639
640
640
649
677
680
670
677
682
705
720
702
674
623
544
481
426
377
333
275
216
188
164
122
86
30
-52
-145
-225
-299
-383
-462
-515
-551
-577
-588
-598
-603
-619
-637
-670
-710
-730
-751
-773
-780
-785
-788
-777
-751
-731
-706
-696
-699
-701
-713
-709
-698
-683
-691
-715
-733
-760
-787
-822
-854
-876
-911
-933
-942
-962
-966
-956
-940
-914
-866
-812
-762
-695
-642
-608
-572
-539
-487
-404
-329
-250
-164
-104
-50
12
89
172
234
263
289
310
319
325
288
225
163
96
33
-26
-80
-143
-213
-267
-306
-332
-349
-366
-362
-348
-359
-359
-367
-357
-301
-241
-168
-81
17
126
213
292
399
501
598
706
823
952
1062
1142
1215
1270
1301
1321
1323
1320
1316
1303
1288
1271
1257
1244
1222
1191
1149
1088
1030
971
901
844
780
727
693
680
687
694
716
743
757
755
752
751
741
735
726
730
736
735
730
709
687
649
587
494
394
294
199
102
9
-89
-202
-315
-418
-524
-626
-711
-790
-872
-948
-995
-1040
-1056
-1054
-1040
-997
-949
-899
-837
-772
-720
-652
-591
-527
-444
-358
-275
-207
-172
-150
-115
-91
-77
-85
-117
-156
-193
-234
-278
-318
-363
-417
-475
-533
-593
-641
-681
-715
-763
-806
-833
-865
-903
-933
-944
-959
-966
-946
-904
-860
-825
-764
-712
-674
-634
-594
-531
-467
-401
-323
-246
-179
-105
-31
35
116
187
254
309
352
413
466
501
524
547
580
598
624
655
673
701
719
727
742
734
722
742
736
728
723
697
681
668
645
632
635
625
608
589
567
554
519
475
446
416
376
347
297
251
212
171
157
137
118
100
86
71
58
61
53
38
15
-4
-10
-32
-60
-76
-84
-98
-98
-98
-133
-151
-156
-165
-169
-168
-150
-138
-142
-147
-144
-120
-105
-96
-89
-97
-105
-117
-107
-106
-111
-115
-141
-151
-156
-170
-202
-247
-302
-357
-395
-429
-461
-492
-525
-544
-565
-583
-596
-624
-656
-699
-755
-793
-847
-924
-965
-1011
-1062
-1087
-1109
-1121
-1146
-1172
-1202
-1232
-1245
-1238
-1240
-1239
-1200
-1142
-1087
-1012
-921
-839
-753
-674
-577
-473
-360
-223
-74
81
230
368
510
655
783
908
1021
1106
1160
1209
1245
1276
1301
1293
1293
1278
1244
1214
1203
1175
1127
1068
999
936
881
824
761
703
634
575
525
486
469
450
468
507
547
589
632
671
687
715
753
780
809
828
833
824
798
765
727
670
613
540
456
376
290
239
190
127
84
36
-24
-82
-152
-241
-312
-358
-358
-332
-307
-247
-176
-95
1
96
193
278
342
382
421
428
426
415
376
334
302
273
215
150
89
24
-32
-92
-147
-196
-242
-290
-346
-400
-448
-493
-544
-605
-666
-706
-711
-714
-690
-631
-597
-566
-534
-514
-502
-516
-534
-545
-561
-582
-629
-682
-736
-786
-829
-885
-937
-984
-1010
-1034
-1033
-995
-962
-917
-871
-816
-755
-706
-670
-632
-591
-536
-473
-406
-322
-241
-156
-69
19
97
159
230
289
334
376
407
416
395
367
326
259
183
113
47
-3
-43
-77
-91
-86
-57
-25
30
89
149
206
239
292
336
379
418
452
490
532
584
635
685
717
750
768
770
777
782
786
753
712
668
607
566
510
452
401
332
274
238
195
144
109
77
68
84
100
120
137
176
224
265
301
328
369
410
438
465
494
502
493
481
441
400
354
301
264
205
143
89
9
-67
-132
-185
-231
-274
-303
-347
-412
-475
-542
-592
-613
-633
-649
-653
-665
-677
-697
-719
-730
-745
-756
-746
-731
-714
-701
-687
-663
-641
-620
-598
-573
-582
-594
-604
-600
-586
-588
-586
-599
-604
-588
-568
-546
-518
-497
-482
-456
-435
-422
-409
-390
-365
-337
-316
-312
-302
-284
-261
-244
-234
-192
-164
-141
-110
-85
-58
-46
-22
3
31
53
69
104
148
188
233
286
331
364
394
408
424
444
462
481
489
500
513
510
532
563
588
635
661
687
723
750
786
799
805
821
825
838
844
831
834
846
841
831
822
804
791
778
765
762
767
757
727
697
680
660
643
637
605
585
570
558
555
543
538
524
518
510
506
509
506
518
518
509
501
498
475
430
371
303
228
134
55
-20
-107
-185
-244
-309
-368
-435
-507
-563
-611
-661
-705
-718
-731
-737
-740
-743
-738
-731
-711
-691
-663
-636
-610
-583
-547
-519
-520
-522
-513
-505
-515
-516
-524
-527
-563
-615
-645
-692
-737
-794
-850
-920
-1007
-1062
-1095
-1116
-1129
-1132
-1125
-1120
-1084
-1018
-947
-862
-774
-679
-587
-493
-392
-281
-163
-80
2
63
110
160
194
225
244
271
287
305
317
306
292
270
254
237
229
212
184
143
91
42
4
-22
-55
-85
-116
-127
-120
-97
-50
1
49
102
169
235
319
397
468
525
567
621
657
706
758
798
826
833
846
856
873
883
901
908
886
860
810
751
689
614
540
471
420
389
372
356
347
338
322
320
330
360
388
399
403
408
420
433
439
432
433
399
346
301
242
182
129
80
39
0
-37
-54
-87
-141
-198
-263
-322
-366
-396
-442
-485
-530
-569
-609
-646
-691
-746
-798
-849
-876
-895
-884
-862
-837
-799
-767
-738
-713
-695
-684
-666
-656
-650
-636
-626
-602
-586
-558
-529
-504
-475
-462
-436
-399
-353
-325
-292
-252
-218
-190
-174
-159
-161
-161
-161
-160
-139
-118
-113
-108
-96
-75
-48
-13
17
42
59
70
89
106
120
131
161
167
172
198
229
258
284
327
344
365
403
437
461
492
508
512
518
509
522
518
506
489
451
421
383
345
317
288
266
252
243
237
224
211
181
176
178
191
241
272
295
313
343
370
385
412
440
445
469
516
561
618
664
696
734
773
825
844
842
827
792
758
728
686
636
592
507
426
360
277
207
127
53
-6
-68
-118
-166
-220
-269
-324
-387
-446
-500
-548
-582
-592
-597
-600
-584
-568
-545
-514
-485
-452
-412
-390
-375
-364
-360
-367
-392
-417
-465
-503
-520
-528
-526
-519
-524
-539
-548
-558
-579
-596
-624
-657
-674
-685
-691
-716
-736
-763
-784
-777
-753
-711
-658
-591
-529
-441
-338
-252
-193
-146
-118
-105
-81
-49
-16
-2
-14
-25
-39
-42
-35
-54
-83
-105
-117
-132
-122
-120
-114
-101
-112
-105
-101
-81
-51
-25
3
46
74
117
185
234
293
358
427
478
517
549
587
615
636
652
643
636
625
614
621
629
627
641
629
610
600
575
572
566
565
565
569
573
572
574
567
566
550
537
529
520
518
514
503
469
413
334
247
176
115
62
14
-35
-86
-150
-210
-253
-296
-339
-385
-412
-430
-450
-450
-449
-448
-445
-440
-426
-396
-363
-348
-334
-311
-281
-238
-201
-179
-143
-110
-92
-73
-77
-81
-87
-102
-105
-104
-103
-93
-90
-92
-97
-120
-145
-159
-160
-173
-191
-195
-202
-207
-208
-208
-214
-211
-206
-197
-183
-184
-185
-183
-161
-147
-142
-131
-136
-147
-155
-155
-155
-176
-208
-232
-254
-268
-270
-268
-275
-298
-308
-313
-312
-300
-298
-282
-260
-222
-180
-128
-51
8
79
147
212
287
353
415
476
545
592
631
664
705
742
769
811
835
860
882
890
891
880
860
846
821
792
762
724
678
618
572
519
479
450
424
404
375
354
334
322
308
291
286
264
240
233
232
233
224
225
219
195
160
132
107
86
81
68
51
28
15
10
19
19
0
-20
-50
-78
-115
-125
-145
-178
-187
-217
-247
-262
-269
-273
-276
-282
-285
-289
-301
-311
-328
-352
-370
-394
-413
-418
-440
-457
-479
-499
-502
-507
-504
-507
-512
-515
-514
-500
-493
-487
-487
-508
-508
-506
-493
-446
-417
-400
-404
-421
-429
-418
-401
-386
-377
-401
-424
-443
-454
-440
-440
-449
-450
-453
-439
-420
-394
-359
-340
-314
-282
-246
-225
-187
-143
-120
-92
-91
-100
-92
-66
-44
-19
8
30
45
51
34
30
28
28
37
24
27
27
33
43
49
56
67
76
92
116
122
143
156
181
211
235
262
286
307
333
369
393
423
438
442
446
448
456
460
471
482
498
515
526
533
540
543
525
500
479
467
462
461
458
430
389
348
320
303
294
294
287
265
238
221
204
194
175
158
137
102
84
64
51
38
20
-5
-42
-83
-119
-136
-160
-186
-204
-225
-246
-253
-265
-264
-251
-252
-240
-229
-222
-210
-207
-205
-199
-200
-202
-195
-185
-174
-182
-206
-235
-248
-253
-252
-247
-256
-260
-273
-287
-282
-285
-288
-280
-281
-280
-281
-274
-268
-285
-289
-309
-329
-326
-297
-267
-239
-205
-187
-168
-146
-137
-128
-102
-95
-101
-82
-57
-39
-12
5
10
13
17
24
43
74
105
127
145
160
169
178
192
207
197
194
203
222
248
286
317
327
343
363
403
452
517
579
618
645
656
681
720
738
755
760
741
720
697
684
675
661
646
638
621
593
564
541
523
490
449
410
378
342
333
322
308
297
277
271
255
243
223
198
158
113
85
64
47
28
17
-4
-17
-16
-15
-15
-29
-48
-60
-69
-71
-77
-83
-85
-88
-83
-75
-66
-65
-71
-99
-126
-144
-168
-179
-199
-218
-249
-284
-310
-339
-363
-388
-416
-454
-486
-512
-550
-581
-623
-664
-701
-759
-799
-829
-848
-857
-868
-864
-867
-869
-883
-894
-897
-906
-900
-902
-896
-883
-858
-831
-802
-776
-768
-758
-736
-701
-655
-606
-577
-552
-527
-499
-467
-436
-397
-373
-342
-319
-291
-246
-196
-154
-129
-101
-74
-36
15
56
93
123
151
183
203
220
237
258
260
277
298
312
324
329
334
340
340
320
322
313
302
295
292
299
299
291
287
300
301
321
346
346
340
349
361
375
398
410
421
433
442
460
490
509
532
552
563
584
594
587
566
539
518
498
478
462
442
423
410
401
400
398
389
379
366
344
313
276
252
231
198
170
135
99
85
79
90
97
82
78
56
33
22
4
-26
-67
-105
-140
-180
-217
-241
-279
-296
-309
-311
-304
-308
-313
-333
-360
-376
-359
-342
-322
-306
-294
-283
-284
-254
-214
-176
-155
-142
-135
-126
-101
-79
-51
-51
-45
-51
-67
-74
-80
-75
-73
-77
-90
-93
-110
-120
-123
-131
-145
-170
-170
-177
-175
-161
-165
-165
-168
-175
-174
-154
-125
-103
-94
-94
-98
-90
-71
-54
-29
-11
-2
12
15
7
-2
-6
10
35
66
95
117
132
139
143
154
177
200
212
243
280
313
356
377
392
416
434
458
494
515
528
546
552
556
539
524
500
468
444
428
405
362
320
250
193
155
135
130
107
83
64
43
31
34
33
32
25
29
22
23
31
22
36
44
52
63
63
54
41
33
35
31
14
0
-15
-34
-48
-62
-78
-85
-102
-116
-116
-128
-140
-147
-162
-182
-196
-198
-190
-185
-197
-216
-230
-244
-257
-258
-267
-284
-285
-302
-313
-326
-354
-352
-347
-354
-355
-348
-363
-385
-382
-390
-398
-402
-409
-413
-417
-424
-414
-404
-414
-423
-427
-423
-420
-416
-413
-416
-402
-382
-360
-347
-348
-342
-334
-325
-314
-286
-252
-226
-204
-184
-176
-153
-142
-122
-97
-99
-89
-90
-79
-69
-65
-54
-51
-46
-42
-31
-25
-14
-10
-7
-9
0
14
21
39
56
74
95
115
131
155
168
190
220
231
257
281
296
310
309
310
319
330
351
365
373
391
395
395
407
419
436
454
469
482
492
508
519
530
531
530
528
501
478
453
440
432
417
398
378
369
366
370
352
329
300
270
253
230
218
183
134
89
55
31
22
16
0
-12
-35
-47
-52
-53
-45
-46
-66
-66
-51
-54
-45
-32
-28
-35
-13
17
33
51
69
79
62
51
44
40
36
25
5
-10
-23
-32
-38
-58
-69
-65
-55
-49
-38
-45
-61
-83
-120
-134
-138
-141
-154
-172
-187
-199
-201
-188
-175
-186
-202
-217
-221
-238
-241
-247
-274
-282
-283
-273
-261
-262
-269
-275
-266
-253
-249
-248
-242
-234
-225
-219
-199
-189
-171
-141
-148
-143
-124
-108
-84
-64
-61
-46
-19
-17
1
30
47
70
83
81
76
76
92
110
109
102
95
76
51
36
28
16
19
31
48
75
100
118
119
110
92
77
63
61
76
85
84
90
102
109
118
131
136
129
119
111
98
104
111
112
119
126
138
148
157
156
162
162
155
148
143
126
112
106
86
69
51
40
31
0
-19
-46
-59
-49
-46
-52
-74
-93
-116
-132
-140
-148
-163
-180
-192
-199
-208
-209
-211
-197
-167
-148
-124
-104
-97
-109
-120
-131
-139
-128
-118
-129
-148
-147
-150
-158
-162
-161
-161
-146
-126
-126
-126
-118
-125
-137
-144
-162
-162
-171
-176
-180
-200
-192
-176
-166
-161
-156
-165
-178
-190
-206
-211
-199
-198
-190
-172
-161
-142
-120
-94
-69
-34
-16
-2
9
18
40
58
82
102
122
130
146
167
185
196
209
213
199
196
204
220
216
207
205
197
181
172
173
170
176
160
152
150
139
148
144
117
105
101
80
84
96
103
114
126
141
156
182
213
237
255
261
261
261
250
255
256
258
256
252
252
249
263
254
248
240
224
208
195
194
186
184
183
194
191
209
220
220
227
210
195
180
168
146
133
108
86
66
52
55
50
50
38
26
-1
-26
-50
-69
-82
-99
-116
-137
-153
-171
-183
-202
-204
-202
-201
-203
-221
-235
-240
-253
-265
-262
-269
-270
-272
-289
-290
-288
-295
-295
-300
-306
-296
-298
-298
-275
-263
-260
-250
-250
-255
-259
-277
-288
-293
-299
-298
-290
-281
-253
-226
-217
-198
-185
-169
-143
-143
-143
-145
-149
-133
-111
-80
-58
-39
-19
-4
15
25
41
49
55
51
57
66
86
119
127
140
143
146
151
159
164
168
174
166
166
147
135
124
106
100
91
92
105
124
133
137
148
145
146
149
141
137
113
92
68
45
50
59
71
80
78
73
76
84
102
104
113
115
111
125
124
126
133
137
133
138
132
134
139
126
130
142
153
173
191
193
197
186
170
168
171
173
180
180
161
156
137
132
135
117
95
61
20
-23
-43
-59
-79
-101
-124
-143
-155
-157
-155
-158
-159
-164
-178
-173
-168
-159
-133
-115
-101
-93
-90
-89
-82
-70
-70
-75
-80
-92
-100
-111
-115
-118
-134
-135
-155
-171
-159
-152
-153
-150
-135
-127
-117
-115
-120
-118
-122
-124
-131
-144
-152
-142
-127
-107
-80
-56
-32
-8
16
23
25
40
52
68
84
85
89
95
98
115
119
129
122
109
100
80
67
49
39
7
-25
-46
-70
-79
-80
-80
-77
-72
-59
-35
-14
11
33
57
69
77
94
109
123
143
177
206
240
277
291
296
299
290
275
263
260
259
268
266
256
253
242
238
235
227
216
204
181
153
132
111
100
94
77
56
22
-18
-49
-75
-85
-78
-73
-63
-60
-51
-44
-42
-27
-7
-3
1
20
17
11
5
-14
-26
-38
-58
-85
-97
-106
-116
-118
-125
-130
-138
-152
-153
-168
-172
-170
-171
-167
-166
-150
-141
-145
-147
-147
-149
-140
-121
-116
-122
-137
-151
-169
-185
-191
-197
-215
-231
-246
-253
-249
-254
-258
-258
-261
-266
-266
-275
-285
-287
-288
-303
-313
-314
-322
-322
-321
-321
-314
-296
-277
-260
-241
-207
-191
-188
-169
-163
-148
-146
-129
-95
-78
-47
-18
5
41
66
79
93
104
114
125
149
153
151
157
170
185
209
245
261
276
303
318
321
316
309
299
290
285
282
285
285
294
302
288
278
280
284
282
289
289
275
280
286
280
270
254
244
227
222
237
248
258
261
265
261
236
199
166
138
99
68
34
16
3
-12
-13
-37
-52
-67
-92
-107
-124
-122
-118
-111
-109
-111
-111
-107
-110
-120
-135
-130
-122
-118
-103
-107
-96
-90
-85
-78
-79
-83
-79
-70
-72
-58
-49
-38
-30
-27
-25
-36
-46
-59
-69
-71
-81
-95
-107
-123
-129
-132
-126
-126
-131
-128
-151
-164
-162
-175
-175
-180
-181
-172
-161
-147
-135
-127
-128
-129
-137
-136
-125
-119
-95
-74
-59
-36
-20
-13
1
6
2
12
15
9
22
42
48
51
52
46
47
42
29
21
5
-3
11
16
20
28
22
15
8
-1
-5
-1
4
13
25
48
70
104
149
181
202
222
227
223
230
229
231
227
227
225
223
232
238
237
229
216
209
201
195
198
190
179
159
150
146
136
131
129
124
107
90
73
63
68
82
75
49
33
13
-8
-13
-9
-14
-17
-25
-29
-30
-23
-23
-30
-31
-47
-52
-69
-92
-102
-114
-125
-122
-113
-116
-117
-119
-120
-135
-150
-166
-190
-212
-232
-249
-271
-296
-306
-323
-338
-336
-332
-307
-283
-257
-220
-196
-171
-165
-160
-161
-171
-170
-169
-157
-146
-137
-123
-103
-76
-50
-16
6
28
39
37
26
14
9
13
3
-12
-10
-21
-17
-7
-9
-12
-30
-53
-71
-81
-73
-72
-74
-65
-74
-71
-65
-62
-49
-43
-28
-25
-36
-28
-16
-18
-12
-2
13
23
41
71
107
150
174
182
182
182
167
160
152
135
136
133
129
134
149
155
165
175
178
179
181
190
188
185
185
174
150
128
104
75
53
39
24
22
34
41
40
54
75
85
100
101
93
79
64
43
31
20
3
5
-10
-25
-25
-20
-17
-6
6
12
1
-1
15
24
29
22
0
-24
-42
-50
-45
-39
-35
-29
-24
-29
-26
-33
-42
-33
-43
-62
-76
-86
-92
-88
-96
-97
-99
-107
-107
-120
-106
-101
-108
-99
-96
-93
-78
-71
-55
-38
-20
-6
-3
-12
-23
-18
-25
-32
-37
-42
-49
-49
-36
-27
-23
-12
2
18
30
42
60
60
63
58
41
28
17
9
17
26
21
25
21
22
27
23
34
34
27
19
19
32
49
72
85
87
86
84
92
95
95
91
92
93
80
76
71
59
60
62
63
73
75
64
52
39
24
28
28
14
-5
-24
-29
-32
-25
-2
16
35
45
42
46
40
37
39
41
41
32
16
6
-12
-38
-43
-50
-56
-51
-40
-27
-12
-10
-14
-24
-23
-8
-15
-19
-20
-32
-59
-78
-82
-80
-82
-82
-77
-93
-93
-86
-79
-60
-65
-67
-66
-73
-85
-104
-127
-141
-145
-139
-135
-131
-130
-133
-133
-149
-166
-170
-165
-154
-144
-136
-125
-116
-104
-76
-69
-68
-72
-91
-115
-131
-137
-135
-124
-119
-98
-81
-65
-54
-39
-29
-29
-23
-22
-17
-21
-32
-39
-35
-19
-5
8
12
8
7
1
-1
3
3
11
13
11
10
2
4
9
7
13
21
22
26
17
23
33
31
42
44
47
46
35
16
14
30
35
42
54
50
41
52
63
83
113
141
159
168
169
159
146
146
164
175
174
171
161
131
110
95
91
103
115
120
118
105
77
69
73
74
84
93
85
77
65
51
42
35
38
37
35
25
15
-3
-17
-12
-19
-13
-5
-16
-10
-7
-4
7
4
8
0
-12
-20
-23
-28
-35
-35
-36
-36
-43
-36
-33
-35
-39
-50
-61
-79
-96
-107
-117
-130
-144
-146
-138
-121
-103
-95
-86
-74
-60
-60
-59
-47
-45
-43
-40
-45
-44
-34
-24
-11
-6
0
8
14
15
24
20
23
19
8
4
-6
-13
-26
-37
-39
-19
-5
0
5
23
28
30
29
5
-9
-25
-26
-19
2
22
34
49
62
74
84
104
100
107
108
107
113
99
98
97
89
80
64
49
49
56
74
82
95
108
110
100
89
88
84
99
112
116
112
123
141
151
161
178
180
173
185
184
187
187
193
192
193
197
179
174
154
136
124
118
113
114
118
112
103
73
49
31
16
5
-3
-5
-25
-64
-80
-83
-99
-111
-130
-144
-153
-167
-173
-181
-182
-192
-196
-195
-192
-194
-196
-182
-187
-184
-191
-215
-219
-233
-235
-232
-232
-225
-219
-209
-207
-205
-205
-217
-216
-217
-222
-214
-218
-223
-213
-221
-221
-204
-203
-203
-189
-163
-145
-126
-109
-104
-85
-67
-71
-80
-78
-67
-68
-72
-75
-69
-57
-50
-55
-59
-54
-48
-39
-31
-29
-25
-29
-24
-2
1
15
30
28
35
36
46
55
51
61
78
91
107
128
158
184
207
214
198
199
198
204
220
221
228
229
231
229
233
248
262
271
268
249
231
215
203
203
188
180
181
174
168
167
170
164
170
166
144
135
135
144
149
146
142
134
138
138
131
134
126
127
108
91
85
69
68
50
36
16
1
-7
-8
-2
-4
7
18
26
22
15
1
-6
-18
-27
-33
-50
-45
-56
-59
-43
-39
-35
-23
-8
2
8
8
-5
-20
-26
-41
-48
-67
-80
-91
-98
-95
-89
-85
-92
-97
-113
-141
-161
-180
-200
-210
-217
-209
-202
-213
-222
-238
-240
-247
-242
-239
-242
-242
-245
-248
-243
-218
-214
-198
-191
-185
-166
-160
-138
-130
-123
-116
-118
-116
-113
-108
-98
-83
-55
-30
-22
-14
-20
-17
-14
-25
-8
4
24
45
62
80
87
91
100
113
116
116
134
139
143
154
158
180
196
204
210
213
217
218
218
223
230
231
222
213
206
182
179
166
154
152
130
113
98
81
81
103
95
92
96
79
79
66
58
