109
145
131
187
150
162
142
83
119
122
108
101
96
88
67
86
109
70
94
88
44
64
49
47
50
30
-9
8
2
-21
10
-14
15
37
41
87
90
77
98
87
57
65
52
55
60
67
70
33
35
47
23
31
34
39
42
18
9
-20
-41
-58
-39
-52
-105
-77
-100
-115
-54
-95
-75
-72
-118
-8
-69
-81
-12
-67
-29
-32
-20
14
-34
-32
0
-38
-12
-23
-43
-22
-80
-52
-52
-95
-79
-59
-69
-78
-80
-94
-95
-83
-98
-50
-14
-83
-57
-86
-94
-61
-80
-51
-53
-40
-67
-63
-38
-10
-1
-15
18
-14
-31
-2
22
-22
-78
-48
-57
-113
-109
-66
-100
-123
-96
-128
-129
-126
-136
-124
-185
-174
-158
-162
-170
-194
-150
-169
-138
-126
-129
-72
-40
-57
-76
-36
-53
-60
-40
-65
-29
6
-37
1
40
31
6
0
84
0
-19
36
-66
-91
-86
-45
-60
-106
-58
-91
-112
-59
-48
-114
-89
-12
-74
-107
-70
-36
-38
-55
-3
-6
-26
-90
-64
30
-55
21
31
-16
97
53
94
108
-13
26
16
-55
-38
-14
-2
-43
-75
-86
-101
-72
-75
-50
-67
-90
-30
-69
-88
-13
-30
-92
-60
-45
-29
-16
-5
48
-34
-14
63
23
108
57
57
167
28
149
144
52
217
48
116
213
74
236
183
75
148
106
126
105
60
165
124
74
126
86
104
77
59
48
51
39
6
72
16
36
42
-5
97
66
15
144
62
47
183
64
218
241
48
276
120
148
269
-37
288
252
9
230
108
120
208
35
149
178
38
148
89
62
155
41
74
136
18
118
76
41
70
-7
37
17
61
48
94
135
78
125
30
82
143
11
147
96
58
258
83
103
250
110
227
153
115
293
109
134
215
113
108
79
-42
52
42
-65
75
49
-38
-79
-91
-64
-73
-85
-50
2
-170
-107
36
-153
-13
-57
-78
62
-128
-13
114
-117
-33
-27
-160
13
-179
-92
-22
-267
-50
-74
-144
-61
-188
-2
-23
-170
69
-46
-154
-89
-165
-56
-28
-71
-70
-158
-71
-141
-132
-15
-139
-133
-132
-179
-11
-103
-151
-27
-304
-199
-135
-265
-127
-183
-196
-175
-265
-149
-113
-112
-77
-125
-99
-31
20
-98
-48
-51
-110
-84
-76
-77
-50
-115
-155
-43
-137
11
-46
-163
-62
-74
-6
-114
-133
-105
-129
-97
-93
-59
-29
-63
-137
-72
-84
-47
84
-5
-16
59
49
63
50
-33
23
36
-45
15
-34
-112
22
-62
-143
-13
-73
-62
-47
-156
-66
-35
-117
-36
-102
-82
-67
-69
-18
-77
40
1
-28
24
49
86
112
101
114
83
20
111
-16
21
22
-58
94
-43
-62
0
-111
-27
-24
-157
-45
-147
-186
-42
-146
-49
-66
-78
-77
-162
-10
51
44
2
37
95
44
196
178
42
307
196
134
246
60
256
174
-13
208
145
94
157
17
62
-13
-6
52
-124
19
-72
-56
30
-191
-39
25
-155
-12
6
-29
79
-36
55
62
-42
134
149
18
62
108
90
86
104
151
90
126
130
130
83
56
271
91
51
192
33
98
93
-47
64
101
12
62
106
52
25
67
53
93
79
135
186
53
142
202
152
109
133
156
86
82
187
99
-17
120
88
44
12
-13
58
64
-54
-41
79
-38
-29
-47
9
61
-126
-42
-57
-85
12
33
102
96
15
90
88
2
172
52
15
184
-27
98
161
-70
101
43
22
81
-127
39
145
-130
-88
104
-174
-103
-10
-255
-122
-159
-99
-8
-229
-79
14
-311
-117
76
-102
0
-96
-18
82
-166
15
113
-149
-116
-6
-28
-2
-92
-35
6
-167
-129
-16
-58
-135
-148
-106
-94
-165
-61
-120
-227
-139
-175
-123
-48
-119
-126
-164
-250
-30
3
-9
-18
-172
-68
-71
-121
35
29
-18
42
-99
-54
89
35
33
51
-44
24
34
-169
-35
-25
-137
-37
-72
-54
-102
-173
-114
-122
-157
-203
-74
-95
-170
-127
-80
-2
-60
-98
-71
-68
-37
-30
-74
95
84
63
28
52
177
18
162
165
109
188
47
123
181
5
145
198
24
-3
-5
20
32
-58
41
135
-137
-69
21
-92
-9
9
-8
92
-112
-91
83
-75
7
91
89
198
154
6
98
133
185
209
208
227
269
178
141
218
149
195
139
181
150
70
85
38
74
15
-14
62
-199
-129
-155
-170
-64
-263
-9
-175
-244
-54
-196
-52
4
-82
52
-67
-55
14
26
78
-8
30
12
30
31
83
139
116
28
73
63
36
-8
87
53
-59
87
-23
-6
-126
-83
-29
-171
-69
-47
-49
-5
-114
74
21
-68
136
-126
107
32
-64
200
-3
38
98
-19
82
95
34
118
26
152
65
-4
63
-73
-3
-144
-42
-63
-238
-44
-91
-92
-128
-123
-17
-248
-146
57
-195
-86
-14
-216
-62
-111
-117
-11
-67
57
-25
-113
-78
0
27
-62
129
18
-185
-43
34
-44
-12
88
-16
-73
-104
-30
-72
-83
-30
31
-18
-182
-1
-76
-115
-60
7
69
-55
-43
47
26
-27
69
133
69
-71
122
93
-48
82
104
40
103
47
-119
140
-29
-49
148
-64
85
-15
-112
112
-30
-31
70
110
-56
-88
117
-116
-106
66
-17
49
57
-131
-11
-21
-47
47
-40
-54
2
-149
-126
66
-211
17
46
-230
-72
-85
-43
-111
-33
-17
-119
-68
-165
-56
-47
-53
55
-99
-96
34
-149
13
155
-92
148
32
-139
48
-33
6
110
115
62
-36
79
47
-42
118
61
86
34
-88
175
46
-92
115
15
-59
-50
69
0
-12
-94
-12
152
-168
24
82
-146
-57
-96
-66
244
-75
-37
124
-100
52
-29
25
85
115
12
78
145
-71
48
32
-51
96
83
9
99
72
41
78
183
110
-16
66
62
121
54
143
223
47
17
34
163
12
130
232
-76
-22
-11
-48
91
-90
-62
148
-158
-87
-92
34
56
-129
64
-63
175
-95
-513
46
486
182
136
212
-151
-45
-79
196
521
219
147
190
-165
-279
316
275
-3
62
22
-55
-11
-28
-121
0
-225
-180
6
-252
-132
-8
-93
-44
-68
-46
-47
-84
52
-16
-72
48
146
26
-218
13
170
96
81
134
260
-53
-52
206
-35
108
69
-56
27
-59
-21
-39
-55
-123
100
-168
-224
26
-291
-277
-122
-31
-151
-291
-490
-457
-341
-101
91
61
212
-89
-254
-236
-110
268
224
-14
72
56
118
288
-2
187
342
-92
0
127
-74
37
76
-72
-181
-123
116
-5
-82
-65
19
-64
-132
20
18
73
-18
80
-117
-173
-63
-70
-49
-152
53
105
184
-50
-113
150
27
121
216
-29
-5
-164
-151
214
-14
133
276
-7
-247
-124
45
40
140
-56
-46
-38
-67
-50
-183
-94
11
-39
-80
-156
-113
16
-170
-183
-5
139
128
-95
-84
-27
2
-10
169
170
70
101
-54
97
49
101
144
-126
-34
-74
-78
218
103
-37
43
-177
-157
8
6
116
12
-94
-49
-175
-92
35
-41
0
20
4
-31
-119
-49
-119
-114
158
85
4
-127
-165
74
-30
-10
263
195
33
-6
-144
-91
84
72
79
99
112
122
94
13
66
221
33
-17
146
142
46
-79
58
189
45
84
184
115
41
-50
62
145
220
198
40
209
197
110
123
90
79
102
83
117
263
257
241
127
136
227
172
132
123
237
336
234
140
32
-30
97
13
-23
91
-58
-265
-272
-283
-253
-246
-308
-298
-440
-510
-403
-422
-533
-450
-489
-575
-546
-541
-392
-432
-536
-511
-470
-497
-467
-331
-361
-369
-443
-495
-370
-259
-224
-368
-396
-334
-241
-165
-58
58
-11
79
25
137
331
485
661
497
522
604
652
617
614
690
742
663
561
567
483
508
594
642
538
575
644
442
406
559
554
513
528
474
403
384
498
610
590
564
555
544
521
500
705
743
713
777
685
806
940
976
1078
894
480
261
137
-30
-376
-784
-1026
-1388
-1843
-2174
-2265
-2264
-2370
-2457
-2436
-2439
-2389
-2116
-1897
-1803
-1731
-1604
-1469
-1331
-1189
-964
-645
-620
-536
-365
-119
187
432
626
683
821
953
1115
1216
1312
1286
1206
1091
883
741
565
353
47
-222
-555
-795
-1100
-1260
-1254
-1430
-1378
-1394
-1355
-1256
-1106
-828
-685
-447
-284
-181
-12
81
252
426
431
557
637
685
853
940
1032
1055
1152
1289
1331
1446
1555
1563
1534
1525
1543
1547
1533
1508
1536
1426
1275
1272
1312
1462
1433
1353
1354
1334
1380
1408
1597
1796
1852
1909
1836
1904
2046
2197
2327
1980
1312
640
360
71
-608
-1248
-1857
-2636
-3589
-4242
-4162
-4145
-4414
-4413
-4463
-4382
-4215
-3574
-2643
-2345
-2101
-1849
-1596
-1397
-1156
-579
-185
-188
-223
-71
255
584
976
1485
1704
1811
1972
2249
2666
2844
2903
2816
2495
2179
1869
1597
1347
921
381
-198
-646
-911
-1068
-1016
-1062
-1261
-1395
-1425
-1402
-1392
-1380
-1335
-1401
-1591
-1686
-1731
-1702
-1676
-1617
-1515
-1407
-1338
-1117
-776
-454
-122
-18
208
378
607
811
839
925
919
995
966
977
988
1059
1072
991
1041
1077
1284
1469
1593
1755
1879
2002
2134
2257
2337
2317
2232
2078
1945
1842
1777
1809
1816
1772
1713
1701
1785
1930
2141
2236
1736
910
307
67
-313
-1252
-2170
-3048
-4171
-5271
-5718
-5463
-5366
-5488
-5421
-5159
-4842
-4165
-3005
-1908
-1372
-1155
-715
-220
269
661
1126
1293
1102
1079
1189
1647
1976
2272
2574
2540
2576
2779
3068
3399
3354
3124
2802
2345
2047
1619
1215
674
76
-499
-1148
-1545
-1852
-1925
-1923
-1964
-1972
-1965
-1756
-1374
-1112
-1048
-1097
-1180
-1145
-1233
-1334
-1463
-1571
-1648
-1786
-1724
-1580
-1356
-1127
-815
-564
-421
-182
148
369
371
327
260
246
139
88
76
89
104
112
255
422
715
1029
1330
1591
1861
2135
2444
2623
2759
2805
2711
2736
2618
2530
2382
2324
2242
2106
2085
1985
2012
2005
2121
2268
2346
2018
1220
366
-241
-606
-1424
-2533
-3507
-4456
-5489
-6227
-6329
-5954
-5971
-6044
-5711
-5365
-4690
-3866
-2760
-1975
-1821
-1515
-1003
-508
-94
267
567
604
413
546
890
1407
1795
2053
2341
2393
2556
2873
3332
3548
3390
3077
2792
2551
2220
1999
1653
1168
674
269
33
-79
-77
11
86
44
56
210
570
826
932
800
451
173
-85
-227
-472
-809
-1202
-1633
-1974
-2132
-2008
-1698
-1509
-1407
-1269
-1117
-705
-318
34
188
114
217
301
421
562
638
738
822
975
1323
1714
2162
2616
2963
3257
3421
3621
3785
3757
3565
3274
2925
2510
2063
1719
1431
1073
797
600
499
432
384
403
481
519
485
48
-837
-1611
-2039
-2309
-3146
-4205
-4990
-5668
-6388
-6876
-6582
-6038
-5970
-6006
-5589
-4951
-4132
-3257
-2287
-1718
-1778
-1563
-1015
-485
-270
-153
-30
-142
-339
-136
326
785
1120
1311
1644
1789
2097
2646
3172
3394
3240
3163
3158
3181
3023
2823
2515
2044
1547
1164
900
640
491
391
275
66
5
52
213
323
227
42
-301
-584
-829
-1048
-1317
-1595
-1871
-2119
-2266
-2272
-2081
-1735
-1329
-1027
-688
-266
290
845
1200
1402
1522
1667
1846
1979
2020
1985
1934
1933
1981
2139
2303
2472
2617
2667
2640
2557
2518
2456
2225
1829
1441
963
522
135
-221
-458
-752
-883
-896
-841
-691
-468
-170
116
414
706
979
804
229
-249
-444
-683
-1390
-2296
-3052
-3857
-4729
-5183
-5115
-5011
-5369
-5531
-5238
-4886
-4413
-3704
-2898
-2546
-2570
-2312
-1667
-1129
-831
-653
-519
-554
-593
-197
462
989
1294
1599
1911
2257
2777
3495
4061
4163
4028
3943
3961
3933
3789
3498
2970
2338
1719
1278
950
580
244
-143
-515
-852
-1041
-955
-764
-748
-927
-1141
-1254
-1268
-1289
-1308
-1504
-1775
-1966
-1940
-1724
-1559
-1359
-994
-563
-268
67
586
1116
1466
1691
1840
1896
1945
1975
1997
1873
1627
1432
1405
1410
1357
1339
1330
1362
1285
1255
1296
1258
1103
926
808
640
471
418
468
390
372
484
687
950
1200
1507
1747
1882
2049
2316
2548
2647
2271
1449
651
204
-155
-1026
-2154
-3143
-4166
-5122
-5720
-5843
-5840
-6220
-6443
-6263
-5946
-5362
-4601
-3794
-3344
-3288
-2878
-2092
-1391
-915
-627
-380
-204
55
571
1193
1776
2205
2509
2812
3199
3759
4414
4878
5022
4969
4873
4883
4905
4735
4321
3656
2928
2274
1715
1226
647
-14
-732
-1334
-1692
-1902
-1911
-1927
-2060
-2241
-2353
-2238
-1936
-1655
-1595
-1684
-1761
-1635
-1451
-1225
-958
-749
-560
-481
-298
8
330
627
806
867
862
856
893
914
860
712
506
405
389
386
340
209
53
-33
-31
-34
-28
-19
-30
-62
-122
-105
-11
147
352
475
568
676
794
965
1169
1364
1435
1378
1394
1459
1537
1580
1540
1214
388
-422
-812
-979
-1541
-2569
-3463
-4312
-5191
-5715
-5728
-5588
-5959
-6434
-6245
-5680
-5098
-4387
-3479
-2729
-2423
-1978
-1076
-188
451
882
1360
1668
1783
2127
2710
3229
3385
3464
3613
3840
4142
4457
4768
4858
4692
4542
4518
4520
4364
3919
3364
2651
1891
1280
762
212
-515
-1239
-1769
-2149
-2404
-2532
-2535
-2525
-2603
-2483
-2118
-1669
-1245
-1031
-928
-800
-560
-236
-4
80
77
0
-84
-52
73
191
205
217
285
353
503
819
1163
1306
1227
1221
1400
1508
1490
1370
1143
852
553
404
412
314
106
-61
-117
-153
-157
22
240
399
385
412
564
742
878
906
908
822
729
662
684
641
558
557
606
489
-18
-491
-690
-720
-1026
-1657
-2251
-2794
-3400
-3936
-4161
-4268
-4566
-4952
-5016
-4873
-4637
-4204
-3563
-2949
-2632
-2208
-1412
-522
158
695
1163
1506
1762
2135
2573
2870
2971
2975
3100
3257
3485
3767
3955
4070
4121
4167
4292
4441
4483
4278
3812
3189
2528
1912
1320
611
-341
-1325
-2109
-2670
-3113
-3395
-3490
-3504
-3376
-3064
-2590
-2003
-1334
-713
-246
43
266
557
807
848
714
502
231
58
15
-24
-114
-225
-184
-1
197
447
744
1042
1212
1214
1182
1135
1082
931
571
51
-464
-842
-1098
-1356
-1667
-1899
-1963
-1819
-1569
-1248
-839
-419
-51
266
595
890
1105
1194
1164
1075
952
825
713
568
426
392
513
805
1035
915
552
366
526
674
335
-429
-1236
-2010
-2740
-3280
-3670
-4229
-5041
-5644
-5731
-5615
-5350
-4794
-4077
-3503
-3091
-2303
-1137
-57
723
1366
1921
2263
2556
2988
3377
3423
3281
3214
3274
3313
3419
3682
3914
4009
4011
4131
4335
4487
4318
3888
3282
2538
1822
1061
270
-748
-1911
-2940
-3624
-4008
-4255
-4280
-4110
-3866
-3534
-2941
-2185
-1410
-797
-304
48
189
326
489
564
323
-48
-307
-516
-659
-714
-648
-573
-568
-422
-49
350
706
945
1044
1037
879
726
620
429
50
-487
-1034
-1440
-1612
-1618
-1546
-1462
-1348
-1065
-564
104
797
1374
1800
2053
2261
2434
2546
2491
2239
1926
1580
1334
1135
1005
929
909
988
1237
1642
1902
1820
1475
1289
1275
1027
349
-519
-1435
-2500
-3500
-4158
-4510
-5033
-5681
-5974
-5918
-5619
-5068
-4199
-3237
-2567
-1950
-1062
-7
903
1555
2050
2328
2432
2521
2666
2808
2843
2779
2707
2691
2805
3100
3441
3701
3821
3873
3954
4043
3979
3611
3029
2358
1629
843
31
-757
-1535
-2289
-2911
-3334
-3536
-3508
-3274
-2979
-2679
-2260
-1718
-1070
-485
-43
256
331
337
417
523
476
236
-72
-317
-476
-543
-476
-310
-173
-144
-79
96
361
635
816
832
650
377
153
19
-177
-500
-869
-1176
-1377
-1410
-1259
-1018
-777
-583
-308
102
572
986
1295
1561
1714
1740
1750
1773
1729
1519
1211
991
897
849
843
814
767
822
1023
1321
1571
1483
995
504
276
219
-176
-991
-1884
-2793
-3661
-4298
-4505
-4625
-4990
-5411
-5436
-5019
-4410
-3669
-2844
-2126
-1710
-1246
-468
425
1097
1444
1643
1754
1913
2150
2421
2679
2754
2636
2498
2538
2759
2950
3019
3036
2960
2784
2602
2540
2491
2140
1594
1069
609
146
-332
-707
-1125
-1636
-2025
-2189
-2198
-2166
-2028
-1764
-1502
-1274
-921
-365
175
518
679
696
610
500
355
129
-288
-845
-1352
-1693
-1877
-1981
-2016
-2034
-2004
-1915
-1681
-1305
-905
-560
-407
-376
-406
-373
-283
-253
-316
-435
-467
-408
-263
-35
270
565
821
1130
1521
1937
2244
2491
2644
2669
2636
2520
2351
2099
1767
1388
1045
803
631
467
338
332
458
695
1025
1381
1450
1174
812
728
775
434
-289
-1118
-1905
-2756
-3456
-3717
-3823
-4236
-4726
-4777
-4421
-3954
-3389
-2592
-1875
-1498
-1138
-426
360
867
1153
1333
1349
1147
1030
1138
1258
1165
900
713
751
958
1291
1714
2084
2254
2265
2369
2615
2795
2636
2241
1852
1360
770
300
15
-338
-825
-1194
-1264
-1224
-1092
-719
-282
-16
79
324
755
1076
1104
897
566
99
-336
-643
-954
-1376
-1925
-2381
-2587
-2587
-2394
-2107
-1830
-1605
-1370
-1036
-612
-199
57
158
152
97
58
58
81
70
2
-35
37
247
571
927
1270
1516
1743
2013
2258
2420
2371
2219
2015
1773
1512
1157
829
533
224
-1
-76
3
198
406
660
1014
1380
1793
2210
2414
2182
1662
1282
1088
678
-106
-995
-1841
-2697
-3469
-3844
-3891
-4010
-4292
-4409
-4177
-3782
-3240
-2543
-1903
-1586
-1469
-1148
-635
-250
-44
82
39
-138
-233
-48
312
595
791
1004
1270
1666
2188
2775
3306
3562
3537
3390
3307
3253
3046
2589
1949
1262
624
183
-57
-292
-605
-873
-990
-1007
-943
-703
-380
-175
-228
-340
-314
-237
-234
-438
-866
-1455
-2011
-2363
-2551
-2752
-2986
-3223
-3330
-3250
-2958
-2516
-1997
-1528
-1172
-818
-498
-78
253
501
512
475
377
388
583
699
865
794
882
961
1262
1618
1948
2224
2223
2220
2113
2146
2097
1971
1611
1252
908
633
409
216
86
-13
79
196
601
977
1344
1599
1784
2052
2379
2679
2566
2026
1217
608
143
-376
-1119
-1962
-2808
-3666
-4268
-4437
-4221
-4184
-4333
-4397
-4225
-3834
-3307
-2630
-2140
-2021
-2128
-1968
-1502
-1067
-686
-335
-43
96
342
921
1757
2429
2863
3115
3288
3497
3755
4153
4288
4084
3520
3006
2644
2361
2025
1546
999
402
-99
-412
-463
-484
-483
-642
-706
-769
-630
-396
-164
-133
-429
-750
-1017
-1025
-1123
-1269
-1622
-1931
-2193
-2280
-2231
-1999
-1792
-1649
-1580
-1390
-1123
-768
-362
-161
67
-135
-21
-70
245
281
295
296
190
363
280
681
726
1068
960
1120
1099
1190
1375
1288
1464
1008
893
431
499
353
257
209
99
151
38
297
435
868
933
1256
1428
1723
1955
2143
2261
2232
2309
2207
2368
1959
1425
499
150
-195
-488
-1182
-1992
-2616
-3522
-3780
-4070
-3799
-4194
-4494
-4621
-4485
-4152
-3817
-3205
-2683
-2422
-2300
-1756
-1143
-290
181
774
943
1097
1297
1684
2355
2584
2712
2473
2429
2363
2544
2749
2780
2648
2184
2025
1976
2189
2216
2089
1969
1696
1513
1373
1435
1381
1161
743
452
166
-21
-238
-219
-388
-713
-987
-1190
-1040
-1154
-1048
-1320
-1423
-1783
-1908
-1886
-1882
-1925
-2188
-2228
-2444
-2363
-2366
-1970
-1810
-1475
-1430
-1221
-961
-674
-199
-50
320
176
359
362
593
714
745
608
383
333
168
321
214
313
125
151
71
219
494
592
902
910
1160
1099
1340
1506
1751
1880
1835
1978
1930
2210
2162
2319
2250
2231
2308
2321
2451
2142
1602
785
292
-194
-719
-1558
-2530
-3444
-4508
-5123
-5274
-5106
-5155
-5295
-5270
-4946
-4466
-3833
-2955
-2178
-1749
-1535
-1129
-628
-69
352
818
1056
1165
1311
1516
2042
2466
2754
2878
2980
3058
3394
3702
3989
4040
3855
3740
3569
3596
3338
3171
2705
2213
1607
1092
730
188
-93
-497
-590
-955
-1183
-1289
-1189
-1109
-1253
-1193
-1343
-1339
-1468
-1499
-1599
-1807
-1992
-2108
-2184
-2249
-2196
-2071
-1813
-1697
-1543
-1252
-931
-634
-440
-168
-142
-105
-107
-111
45
-128
-143
-385
-331
-490
-442
-355
-381
-172
-371
-145
-198
126
171
384
596
685
919
943
1293
1380
1707
1865
1968
1989
1939
1963
2168
2238
2237
2123
2126
2239
2179
2235
2051
2023
1916
1839
1614
1108
171
-701
-1276
-1779
-2400
-3338
-4109
-4881
-5445
-5740
-5508
-5138
-4972
-4982
-4715
-4074
-3469
-2729
-1956
-1227
-965
-804
-540
64
587
961
1357
1590
1757
1779
2309
2863
3484
3822
4063
4192
4199
4343
4511
4774
4535
4148
3693
3364
2936
2510
2121
1677
1115
453
-78
-370
-780
-1116
-1235
-1426
-1614
-2061
-2119
-2071
-1983
-1988
-2039
-2014
-2141
-2162
-2108
-1969
-1805
-1806
-1782
-1794
-1778
-1547
-1348
-967
-740
-613
-526
-457
-301
-150
-103
-89
-182
-364
-570
-673
-687
-749
-754
-875
-854
-883
-753
-573
-280
-80
-2
207
398
710
864
1133
1298
1441
1565
1661
1840
1902
1941
2013
2035
2074
1983
1836
1779
1650
1642
1629
1612
1555
1297
1121
1155
1114
1086
932
737
33
-865
-1588
-2053
-2292
-2922
-3317
-3811
-4247
-4796
-4812
-4067
-3429
-3083
-2963
-2666
-2437
-2069
-1565
-756
-353
-495
-591
-388
8
396
1020
1720
2155
2391
2698
3256
3839
4154
4446
4576
4565
4219
3943
3818
3709
3434
3157
2780
2293
1863
1306
1251
840
429
-134
-586
-1018
-1642
-1895
-2125
-2167
-2596
-2848
-3062
-3098
-3109
-2986
-2571
-2483
-2352
-2345
-2085
-1817
-1538
-1215
-996
-846
-894
-921
-875
-728
-621
-519
-598
-646
-803
-824
-755
-626
-500
-532
-466
-599
-471
-587
-314
-190
-47
74
73
418
538
1049
1213
1538
1555
1694
1769
1856
2036
1978
2054
1783
1805
1575
1568
1480
1459
1442
1218
1122
822
796
700
695
694
571
577
330
233
137
141
308
416
335
-312
-1037
-1633
-1689
-1840
-2023
-2346
-2680
-3095
-3622
-3409
-2849
-2115
-1987
-1926
-1968
-1829
-1574
-1109
-330
-47
168
197
569
972
1546
2254
2940
3428
3467
3561
3641
3886
4000
4038
4052
3829
3515
3085
2801
2767
2653
2663
2516
2194
1593
978
590
163
-272
-933
-1502
-2316
-3029
-3490
-3667
-3640
-3677
-3634
-3508
-3335
-3214
-2784
-2246
-1787
-1592
-1579
-1517
-1406
-1323
-1166
-988
-881
-948
-1072
-1038
-977
-856
-742
-639
-662
-872
-952
-868
-712
-494
-450
-229
-120
-87
139
365
699
859
1033
1144
1175
1185
1118
1211
1198
1159
1112
1016
919
688
547
421
462
347
257
147
-37
-110
-235
-14
4
0
-99
-191
-160
-176
-45
177
281
197
225
234
593
869
1281
1540
1189
583
-18
26
-35
-266
-638
-913
-1457
-2255
-2418
-1908
-1122
-1018
-1038
-1142
-1211
-1236
-878
-51
353
471
454
644
807
1062
1590
2250
2641
2675
2611
2647
2714
2805
2980
3086
3059
2755
2478
2189
2087
1922
1772
1556
1104
424
-307
-764
-1250
-1556
-1956
-2090
-2349
-2698
-2811
-2671
-2285
-2095
-1764
-1638
-1617
-1774
-1789
-1594
-1450
-1349
-1347
-1311
-1384
-1190
-889
-493
-112
109
268
175
175
238
238
268
170
127
-112
-244
-182
-68
72
141
381
499
563
452
509
527
554
572
531
468
252
158
-20
-10
-185
-239
-392
-635
-883
-1132
-1187
-1266
-1236
-1359
-1264
-1202
-965
-727
-495
-135
50
129
83
235
386
700
995
1323
1645
1833
2113
2409
2778
3090
3431
3599
3320
2378
1323
690
317
-89
-573
-782
-1163
-1904
-2395
-2072
-1331
-1015
-1112
-1154
-1374
-1795
-1886
-1457
-910
-818
-730
-343
0
267
787
1721
2453
2614
2623
2674
2568
2195
1976
1999
1962
1725
1437
1330
1264
1213
1257
1470
1449
1054
519
18
-396
-955
-1296
-1416
-1608
-1949
-2281
-2219
-2094
-2046
-1754
-1301
-1123
-1370
-1600
-1557
-1464
-1442
-1309
-983
-849
-841
-608
-222
164
376
642
712
570
293
104
149
55
-11
-193
-298
-404
-462
-398
-261
-81
-92
-217
-402
-515
-691
-841
-961
-1067
-1289
-1473
-1537
-1516
-1490
-1560
-1475
-1467
-1459
-1461
-1342
-1145
-940
-649
-314
34
273
627
977
1355
1568
1687
1789
1844
1878
1863
1999
2033
2149
2255
2504
2729
2821
2864
2843
2853
2699
2629
2493
2014
1028
59
-515
-747
-880
-906
-865
-1184
-1816
-2249
-2022
-1570
-1282
-1219
-1257
-1585
-1950
-1931
-1482
-846
-441
-63
222
295
365
545
841
1060
1119
1200
1196
1003
749
799
1148
1656
1919
1935
1841
1461
1106
825
808
678
273
-318
-945
-1477
-1869
-1845
-1586
-1259
-1217
-1260
-1275
-1293
-1333
-1319
-1227
-1251
-1359
-1557
-1651
-1635
-1387
-927
-330
218
662
989
1257
1516
1671
1777
1714
1588
1266
910
516
178
-85
-276
-405
-702
-1015
-1481
-1781
-2031
-2142
-2275
-2489
-2676
-2941
-3029
-3133
-2997
-2796
-2548
-2335
-2135
-1909
-1761
-1482
-1140
-661
-274
47
317
554
788
1062
1459
1814
2074
2249
2366
2507
2591
2660
2769
2775
2740
2571
2383
2119
1834
1599
1417
1321
1177
1117
1058
1040
1045
1104
1291
1467
1323
773
69
-482
-651
-607
-365
-201
-382
-792
-1159
-1118
-835
-511
-342
-367
-677
-1071
-1157
-934
-523
-249
134
604
988
1161
1189
1312
1387
1449
1466
1396
1174
731
355
236
313
588
792
897
766
474
211
148
150
-16
-251
-574
-868
-1145
-1309
-1386
-1367
-1355
-1246
-1111
-1109
-1244
-1389
-1503
-1465
-1320
-1175
-965
-976
-955
-971
-827
-598
-360
-155
-116
-140
-261
-325
-352
-321
-396
-481
-651
-797
-958
-1179
-1348
-1585
-1804
-2046
-2199
-2316
-2428
-2473
-2506
-2459
-2413
-2299
-2060
-1785
-1475
-1181
-778
-429
-83
307
749
1218
1541
1834
2013
2151
2131
2131
2204
2272
2307
2219
2236
2219
2193
2024
1924
1871
1719
1506
1162
853
509
298
178
272
289
255
235
208
291
327
559
748
950
1109
1381
1627
1587
1278
879
697
716
978
1277
1465
1347
1045
636
368
271
237
172
-97
-463
-715
-824
-889
-921
-954
-789
-567
-314
-168
-246
-493
-796
-883
-671
-235
186
489
591
561
538
601
677
670
581
398
210
40
-118
-181
-294
-321
-302
-271
-253
-457
-718
-1120
-1495
-1789
-1922
-1947
-2046
-2084
-2063
-1852
-1613
-1356
-1079
-887
-713
-625
-604
-555
-560
-649
-747
-831
-826
-758
-726
-724
-788
-901
-929
-983
-1044
-1146
-1296
-1434
-1668
-1865
-1904
-1700
-1318
-918
-603
-390
-232
-116
-48
99
361
644
833
893
883
898
961
1029
1095
1140
1231
1273
1258
1069
800
551
338
260
205
219
165
67
-95
-241
-264
-199
-56
76
309
527
805
1061
1255
1491
1704
1996
2198
2375
2483
2543
2580
2593
2741
2931
3114
3060
2763
2197
1571
1115
940
969
1006
1005
851
598
188
-209
-491
-647
-750
-832
-939
-1011
-1141
-1279
-1316
-1267
-984
-656
-364
-237
-285
-417
-518
-523
-363
-139
105
222
236
126
-103
-336
-675
-909
-1082
-1014
-816
-561
-445
-470
-528
-563
-440
-296
-125
-104
-151
-305
-433
-510
-538
-519
-525
-559
-636
-687
-770
-913
-1137
-1402
-1593
-1620
-1555
-1413
-1281
-1154
-1067
-928
-796
-603
-401
-321
-255
-286
-277
-227
-154
-90
37
145
262
335
287
227
12
-224
-419
-571
-638
-694
-718
-755
-803
-815
-846
-844
-853
-868
-839
-804
-795
-761
-691
-605
-454
-308
-73
134
370
576
659
694
672
768
888
1056
1218
1388
1533
1618
1652
1552
1462
1326
1247
1193
1205
1284
1326
1298
1219
1191
1173
1251
1312
1417
1458
1407
1376
1379
1441
1476
1490
1466
1457
1536
1819
2101
2334
2355
2194
1909
1462
1016
569
203
-74
-257
-401
-467
-665
-908
-1297
-1728
-2089
-2373
-2508
-2707
-2866
-3046
-3061
-2951
-2646
-2266
-1841
-1463
-1173
-902
-765
-616
-571
-481
-365
-96
310
804
1276
1636
1935
2068
2068
1926
1705
1395
987
520
99
-228
-500
-726
-903
-1039
-1104
-1173
-1144
-1118
-1160
-1309
-1469
-1520
-1572
-1497
-1410
-1206
-1030
-875
-698
-478
-198
36
281
470
607
618
556
431
282
104
-34
-132
-211
-333
-493
-655
-847
-1019
-1161
-1251
-1320
-1399
-1536
-1615
-1724
-1714
-1692
-1628
-1510
-1466
-1323
-1183
-967
-796
-580
-363
-130
104
333
607
829
1080
1219
1343
1366
1365
1408
1428
1473
1485
1510
1537
1543
1531
1583
1631
1675
1629
1541
1520
1484
1522
1550
1549
1552
1569
1658
1841
2090
2401
2705
2949
3107
3132
3012
2797
2527
2257
2085
1930
1800
1576
1278
919
509
51
-429
-903
-1389
-1811
-2207
-2460
-2645
-2756
-2869
-2933
-2935
-2841
-2657
-2483
-2385
-2398
-2439
-2499
-2367
-2132
-1742
-1324
-932
-609
-406
-228
-94
77
199
377
555
820
1073
1231
1285
1232
1176
1034
890
670
435
161
-85
-308
-453
-449
-418
-335
-313
-291
-278
-317
-473
-754
-1058
-1348
-1564
-1698
-1723
-1651
-1530
-1424
-1344
-1262
-1134
-971
-790
-695
-702
-804
-933
-1034
-1129
-1133
-1113
-1084
-1073
-1063
-994
-883
-816
-823
-917
-1100
-1332
-1523
-1542
-1458
-1245
-996
-696
-409
-117
207
510
766
864
925
911
898
818
765
797
908
1102
1297
1471
1555
1592
1491
1432
1370
1362
1418
1460
1505
1523
1562
1548
1471
1349
1337
1358
1368
1339
1303
1362
1459
1597
1766
1988
2248
2488
2639
2728
2765
2754
2664
2561
2486
2427
2367
2210
1868
1407
908
525
300
92
-132
-451
-804
-1267
-1771
-2175
-2479
-2667
-2843
-2998
-3120
-3231
-3303
-3283
-3209
-3012
-2736
-2379
-1962
-1593
-1196
-763
-272
236
799
1368
1884
2240
2403
2494
2502
2491
2407
2291
2168
2036
1924
1813
1667
1418
1118
736
329
-68
-410
-705
-994
-1308
-1592
-1785
-1896
-1938
-2063
-2169
-2298
-2356
-2360
-2339
-2237
-2126
-1925
-1736
-1500
-1283
-1065
-876
-781
-752
-761
-745
-775
-848
-990
-1079
-1120
-1141
-1138
-1143
-1111
-1095
-1083
-1105
-1142
-1130
-1117
-1030
-927
-815
-657
-489
-308
-201
-77
59
231
376
476
537
583
623
624
649
678
833
980
1153
1323
1405
1459
1383
1244
1052
817
613
479
377
337
345
399
443
459
571
781
1056
1280
1405
1446
1475
1547
1708
1944
2185
2373
2423
2447
2465
2521
2568
2555
2511
2395
2261
2124
2020
1907
1768
1571
1333
1011
593
123
-355
-718
-941
-1058
-1131
-1181
-1287
-1440
-1642
-1858
-2027
-2153
-2182
-2148
-2002
-1687
-1289
-882
-557
-306
-94
63
214
320
388
418
381
330
345
448
644
852
979
1004
875
682
409
58
-298
-624
-862
-1061
-1233
-1387
-1511
-1636
-1741
-1807
-1830
-1816
-1782
-1743
-1690
-1598
-1517
-1427
-1359
-1341
-1342
-1317
-1275
-1275
-1284
-1286
-1251
-1195
-1126
-1015
-916
-875
-927
-1041
-1191
-1368
-1529
-1627
-1667
-1663
-1599
-1489
-1339
-1150
-916
-660
-387
-153
35
195
340
507
654
824
1005
1177
1305
1350
1363
1308
1266
1263
1273
1294
1265
1209
1100
998
900
724
497
256
54
-77
-149
-201
-206
-232
-251
-230
-203
-95
44
228
460
650
820
1000
1167
1303
1368
1391
1398
1417
1460
1527
1609
1667
1735
1821
1929
2032
2131
2160
2096
1951
1748
1600
1460
1325
1171
1035
940
902
870
795
681
503
383
305
277
331
420
541
601
628
692
753
867
992
1097
1114
1005
798
518
266
76
-7
-21
31
89
127
69
-57
-208
-445
-656
-898
-1160
-1462
-1795
-2113
-2379
-2589
-2720
-2745
-2779
-2727
-2649
-2547
-2441
-2396
-2328
-2218
-2038
-1786
-1495
-1261
-1065
-945
-885
-841
-820
-747
-651
-532
-421
-310
-240
-229
-249
-312
-405
-491
-560
-642
-708
-807
-927
-1058
-1168
-1155
-1070
-928
-760
-635
-481
-357
-269
-134
19
220
487
776
1033
1206
1261
1271
1223
1147
1077
989
911
812
670
506
346
192
48
-143
-365
-656
-975
-1276
-1550
-1737
-1879
-1899
-1807
-1631
-1389
-1106
-820
-598
-397
-211
8
231
422
611
817
1023
1215
1442
1677
1941
2199
2415
2611
2770
2852
2843
2821
2756
2649
2536
2409
2262
2038
1776
1582
1439
1343
1280
1222
1184
1112
1026
958
912
890
902
941
969
967
964
943
898
825
709
628
542
459
384
277
186
105
32
-24
-73
-123
-223
-370
-563
-790
-1016
-1245
-1447
-1612
-1734
-1806
-1830
-1822
-1769
-1679
-1531
-1319
-1096
-894
-804
-782
-794
-795
-760
-709
-635
-589
-563
-564
-612
-715
-864
-1020
-1170
-1341
-1501
-1624
-1726
-1744
-1691
-1563
-1408
-1240
-1065
-955
-909
-944
-991
-1002
-983
-937
-857
-740
-583
-388
-216
-107
-52
-39
-39
-52
-95
-143
-226
-289
-341
-383
-388
-376
-369
-394
-458
-532
-575
-634
-631
-592
-529
-441
-372
-306
-288
-257
-229
-186
-106
-30
43
135
267
429
575
689
817
974
1162
1312
1385
1404
1406
1417
1479
1579
1658
1757
1849
1947
2030
2080
2110
2093
2052
1944
1811
1721
1664
1635
1652
1687
1752
1797
1778
1751
1672
1533
1386
1208
1001
805
621
486
373
260
183
74
-37
-106
-180
-253
-323
-398
-450
-509
-529
-484
-433
-345
-218
-85
37
137
213
265
290
302
302
309
321
343
362
372
363
294
208
118
15
-105
-218
-313
-427
-596
-805
-971
-1123
-1249
-1317
-1375
-1452
-1511
-1569
-1618
-1626
-1667
-1707
-1736
-1734
-1675
-1597
-1486
-1410
-1358
-1290
-1217
-1128
-1084
-1088
-1074
-1074
-1080
-1102
-1101
-1077
-1034
-938
-813
-705
-650
-619
-628
-643
-657
-643
-625
-591
-533
-484
-399
-367
-357
-380
-437
-500
-527
-538
-564
-556
-582
-593
-598
-594
-551
-469
-383
-323
-276
-281
-261
-238
-198
-132
-64
30
149
307
454
606
732
799
824
840
872
944
1020
1087
1186
1291
1374
1436
1488
1554
1574
1554
1531
1492
1426
1365
1365
1384
1427
1487
1541
1582
1569
1490
1412
1327
1219
1148
1087
1047
1006
966
930
940
962
952
954
902
813
673
499
317
143
4
-97
-133
-143
-134
-128
-135
-150
-161
-162
-152
-136
-145
-177
-195
-217
-243
-241
-228
-210
-223
-265
-320
-382
-423
-445
-441
-426
-391
-330
-258
-209
-189
-189
-205
-240
-262
-258
-241
-216
-182
-134
-52
32
76
93
65
22
-64
-173
-283
-402
-464
-524
-595
-681
-795
-879
-955
-1031
-1127
-1256
-1419
-1591
-1750
-1875
-1932
-1957
-1928
-1855
-1760
-1656
-1587
-1547
-1504
-1430
-1316
-1138
-918
-707
-528
-388
-238
-103
32
167
290
404
476
536
547
533
507
447
390
358
345
341
325
260
197
115
52
22
6
25
62
92
113
136
178
276
423
616
795
934
1058
1169
1226
1270
1347
1439
1540
1615
1686
1701
1712
1702
1649
1592
1505
1392
1247
1117
1007
942
885
835
820
785
750
692
667
620
557
502
406
332
282
267
280
315
347
365
372
346
280
194
115
13
-106
-238
-340
-432
-532
-607
-678
-762
-831
-878
-888
-861
-832
-794
-744
-708
-647
-553
-441
-312
-206
-107
-33
6
53
103
145
152
120
50
-31
-151
-285
-424
-574
-710
-875
-1028
-1163
-1248
-1311
-1359
-1409
-1474
-1544
-1650
-1713
-1745
-1729
-1652
-1555
-1435
-1286
-1106
-908
-690
-473
-264
-69
105
246
343
383
443
497
549
632
685
726
714
651
532
366
179
25
-93
-170
-195
-234
-257
-300
-360
-403
-443
-467
-480
-468
-436
-393
-367
-320
-244
-169
-101
-16
59
98
96
62
13
-10
19
94
220
311
388
434
425
368
248
151
92
63
57
68
78
101
133
172
223
249
293
309
303
318
351
410
490
619
756
886
1012
1107
1187
1250
1289
1323
1338
1345
1350
1374
1401
1430
1466
1492
1527
1558
1584
1588
1536
1463
1379
1291
1194
1086
978
857
748
652
569
496
437
360
244
125
-38
-188
-336
-465
-563
-683
-775
-864
-949
-1010
-1033
-1060
-1087
-1096
-1129
-1154
-1172
-1156
-1133
-1062
-944
-824
-689
-582
-480
-396
-323
-289
-261
-224
-199
-158
-132
-105
-102
-120
-134
-131
-126
-153
-229
-328
-430
-536
-625
-692
-725
-721
-701
-678
-640
-614
-599
-608
-611
-585
-547
-480
-393
-303
-209
-92
15
127
210
265
312
345
348
336
307
234
148
38
-78
-184
-278
-365
-434
-517
-621
-711
-788
-845
-902
-964
-995
-996
-959
-891
-822
-740
-663
-569
-460
-334
-197
-69
57
191
322
440
556
664
774
842
888
932
960
975
972
970
974
964
936
914
868
805
764
745
734
730
723
698
680
672
673
671
673
685
676
646
612
601
606
609
610
609
586
546
487
420
350
279
224
181
172
173
164
125
33
-54
-125
-190
-220
-229
-241
-227
-199
-150
-106
-69
-55
-76
-111
-167
-221
-268
-300
-323
-326
-306
-283
-246
-226
-230
-264
-335
-406
-483
-590
-688
-779
-847
-906
-963
-984
-1002
-1044
-1132
-1215
-1288
-1373
-1427
-1439
-1393
-1334
-1282
-1224
-1178
-1152
-1135
-1130
-1096
-1018
-946
-849
-753
-666
-601
-541
-454
-379
-308
-259
-211
-174
-145
-113
-72
-17
36
111
164
177
187
185
175
182
201
238
319
393
460
527
551
559
548
513
468
419
385
379
395
429
468
489
515
547
572
576
576
555
511
470
452
465
482
525
566
616
656
663
672
677
679
672
696
742
806
867
920
967
1005
1048
1071
1086
1068
1050
1023
990
968
941
940
959
994
1038
1064
1048
1024
981
918
852
786
728
681
642
600
559
512
456
394
329
277
233
175
113
41
-35
-94
-143
-188
-227
-246
-262
-288
-333
-380
-446
-536
-590
-630
-669
-695
-722
-744
-778
-832
-880
-920
-948
-962
-974
-987
-1008
-1024
-1030
-1029
-1019
-998
-975
-961
-946
-930
-917
-897
-880
-872
-844
-812
-767
-703
-632
-552
-469
-394
-330
-286
-281
-284
-302
-317
-311
-306
-286
-253
-199
-127
-54
9
71
118
113
80
32
-24
-61
-103
-149
-167
-154
-127
-97
-81
-117
-157
-190
-241
-272
-290
-282
-244
-174
-80
1
74
132
189
246
303
369
434
488
530
565
599
656
723
780
833
858
874
897
907
890
883
874
860
864
847
830
793
747
701
640
588
537
499
448
368
302
221
155
122
80
53
42
25
-8
-43
-72
-98
-101
-94
-76
-55
-42
-15
4
20
39
54
59
59
37
-11
-69
-123
-176
-241
-283
-303
-302
-285
-276
-280
-292
-311
-346
-390
-441
-492
-528
-540
-524
-504
-469
-417
-360
-309
-270
-227
-209
-225
-245
-271
-274
-268
-286
-300
-314
-318
-309
-304
-303
-318
-338
-358
-382
-409
-437
-459
-482
-516
-552
-590
-637
-695
-740
-796
-835
-831
-820
-797
-798
-814
-834
-844
-845
-836
-806
-764
-701
-643
-586
-521
-487
-467
-428
-402
-346
-283
-211
-121
-34
73
180
305
412
492
555
593
624
656
695
748
821
902
1011
1121
1217
1277
1306
1315
1296
1287
1246
1194
1156
1129
1136
1144
1166
1176
1178
1162
1125
1091
1054
1035
987
926
885
865
863
871
863
841
826
797
771
731
677
639
604
559
531
525
505
465
405
315
214
106
8
-81
-165
-227
-272
-305
-333
-368
-414
-446
-468
-497
-540
-596
-631
-650
-658
-650
-636
-592
-549
-508
-472
-444
-418
-396
-372
-367
-355
-356
-355
-358
-368
-369
-382
-410
-475
-522
-552
-580
-572
-550
-526
-504
-496
-486
-467
-463
-449
-448
-467
-475
-479
-457
-436
-410
-384
-370
-358
-347
-322
-323
-349
-378
-404
-406
-377
-358
-332
-312
-321
-340
-351
-352
-360
-389
-415
-390
-355
-291
-209
-154
-115
-86
-31
33
105
169
227
260
289
342
402
459
487
490
469
468
491
512
518
497
449
394
350
316
297
258
198
137
74
20
-17
-44
-67
-72
-59
-20
34
101
164
210
268
340
424
515
588
640
644
633
629
615
609
580
538
502
459
449
439
415
386
331
281
232
181
124
55
-19
-105
-165
-191
-185
-178
-175
-161
-174
-182
-168
-156
-145
-145
-149
-146
-115
-69
-29
-20
-39
-72
-123
-158
-194
-215
-229
-258
-273
-268
-257
-250
-256
-286
-336
-387
-409
-421
-447
-479
-515
-542
-550
-546
-532
-525
-542
-567
-586
-593
-588
-596
-630
-659
-677
-681
-675
-663
-657
-659
-660
-673
-674
-667
-658
-635
-591
-533
-462
-382
-311
-237
-156
-78
7
94
160
232
306
378
456
543
627
702
748
762
757
717
676
626
558
482
403
334
277
220
168
106
44
-17
-85
-125
-157
-156
-127
-102
-57
-12
46
108
171
251
304
367
437
515
604
677
751
806
854
891
918
934
940
921
879
833
771
712
644
572
504
432
360
281
198
120
58
21
-13
-46
-77
-103
-118
-129
-121
-108
-76
-23
25
77
151
239
313
382
436
471
508
532
540
548
539
518
493
456
414
373
316
245
168
65
-27
-120
-227
-320
-417
-498
-563
-611
-648
-692
-742
-778
-797
-814
-819
-820
-799
-787
-773
-737
-705
-662
-623
-567
-516
-475
-436
-404
-370
-337
-311
-293
-263
-243
-222
-201
-191
-196
-208
-235
-292
-352
-429
-500
-576
-648
-705
-767
-805
-838
-853
-868
-879
-907
-946
-964
-980
-995
-974
-928
-869
-787
-713
-616
-515
-419
-304
-199
-103
-13
74
157
240
336
427
533
657
749
821
867
888
881
862
838
816
801
781
772
756
743
738
717
681
646
595
538
501
463
428
394
364
340
339
350
362
372
355
344
355
364
392
422
435
465
491
512
541
569
583
601
598
584
593
581
572
556
529
490
456
419
374
331
276
226
181
129
77
36
-16
-53
-70
-79
-82
-85
-96
-128
-171
-204
-229
-260
-288
-320
-347
-369
-381
-383
-370
-363
-364
-381
-397
-408
-409
-394
-403
-402
-400
-405
-402
-408
-412
-410
-421
-423
-424
-428
-439
-455
-491
-524
-542
-572
-596
-633
-662
-704
-745
-758
-752
-751
-749
-747
-747
-727
-700
-652
-594
-532
-489
-446
-403
-358
-308
-259
-201
-140
-63
2
76
133
178
207
228
255
301
361
409
462
490
520
542
568
602
612
613
609
595
572
558
535
518
503
495
502
520
541
547
538
508
502
510
520
543
557
552
541
531
517
499
488
496
500
510
516
509
493
448
401
367
341
329
329
334
323
295
273
249
238
232
226
221
207
184
161
142
119
111
116
131
162
202
239
260
277
306
325
339
333
313
298
278
245
220
194
168
148
117
73
19
-49
-134
-213
-293
-372
-426
-477
-508
-523
-554
-591
-640
-693
-738
-781
-803
-833
-852
-866
-897
-912
-921
-924
-926
-918
-906
-885
-863
-841
-828
-821
-812
-792
-770
-741
-706
-686
-654
-630
-604
-577
-572
-572
-562
-545
-539
-528
-518
-506
-484
-461
-416
-353
-288
-228
-170
-117
-79
-43
-14
12
31
46
57
73
96
111
142
188
238
282
325
369
385
392
385
346
311
285
261
237
210
189
184
167
145
132
107
97
108
108
111
114
114
119
120
127
152
181
224
263
286
319
341
374
422
474
538
584
616
648
676
700
711
723
725
726
739
745
751
762
771
778
782
773
761
763
748
722
694
663
648
635
599
560
525
470
403
339
267
169
79
-6
-96
-167
-227
-280
-323
-357
-402
-434
-468
-509
-541
-589
-621
-655
-690
-705
-722
-727
-732
-735
-721
-694
-661
-629
-598
-568
-537
-494
-455
-435
-429
-443
-462
-466
-460
-453
-444
-438
-444
-446
-432
-419
-411
-412
-437
-473
-499
-511
-509
-494
-470
-421
-351
-285
-213
-171
-139
-114
-104
-65
-11
14
13
10
0
-1
9
35
51
58
82
97
122
156
190
219
230
229
218
213
227
247
250
255
258
260
296
344
393
440
476
511
544
596
651
690
721
752
770
793
813
804
782
758
724
696
675
641
610
566
524
497
469
441
419
391
351
304
270
254
230
222
209
190
180
172
159
141
129
120
132
139
142
141
134
127
110
81
58
25
-17
-54
-111
-162
-220
-264
-292
-297
-281
-293
-314
-349
-380
-408
-439
-464
-483
-483
-471
-442
-401
-369
-338
-314
-297
-273
-255
-225
-216
-216
-211
-217
-210
-189
-174
-163
-152
-155
-159
-175
-196
-230
-259
-279
-307
-312
-332
-358
-390
-450
-492
-519
-543
-562
-580
-592
-616
-624
-632
-620
-590
-569
-537
-512
-500
-484
-458
-438
-428
-419
-407
-377
-345
-315
-295
-289
-292
-297
-290
-284
-268
-241
-206
-181
-163
-145
-133
-113
-83
-50
-12
38
87
146
208
263
319
370
421
480
524
553
580
591
611
629
655
689
715
727
736
742
739
736
722
700
656
617
583
552
516
461
406
329
257
212
186
161
135
109
93
104
105
123
139
143
153
142
138
141
149
143
137
146
159
173
179
178
166
148
145
153
151
143
132
117
110
107
102
94
67
36
6
-21
-37
-48
-57
-66
-78
-82
-84
-98
-97
-108
-116
-123
-138
-129
-128
-124
-116
-98
-81
-72
-58
-65
-76
-89
-101
-104
-102
-94
-86
-86
-67
-56
-59
-73
-103
-114
-144
-170
-205
-250
-286
-314
-330
-341
-331
-341
-336
-337
-347
-362
-406
-440
-468
-495
-505
-501
-490
-464
-467
-450
-445
-441
-425
-416
-367
-330
-279
-283
-264
-242
-247
-188
-153
-78
-27
33
80
112
165
208
266
312
398
432
488
504
531
565
535
598
605
628
651
678
664
627
628
560
549
528
484
487
478
447
427
395
366
322
304
274
258
299
278
288
278
257
235
225
213
193
199
198
218
225
270
257
295
309
301
319
283
304
270
274
246
238
232
208
202
145
138
83
65
34
13
-31
-60
-96
-171
-191
-246
-267
-324
-332
-397
-421
-419
-460
-430
-431
-392
-389
-375
-382
-403
-378
-390
-411
-392
-391
-355
-324
-344
-333
-338
-346
-353
-326
-340
-362
-355
-398
-444
-452
-484
-545
-556
-612
-620
-602
-598
-630
-668
-672
-748
-713
-735
-713
-676
-666
-617
-640
-581
-593
-554
-528
-491
-412
-392
-292
-253
-220
-209
-174
-151
-124
-63
-87
2
24
41
69
62
42
-17
56
6
60
116
96
100
64
91
31
72
85
60
167
200
212
292
285
252
246
230
195
270
301
335
416
420
462
470
534
490
569
516
519
564
500
561
474
594
513
587
552
491
577
370
418
245
296
265
193
329
323
436
362
426
325
252
232
162
173
184
339
257
411
383
302
326
204
282
163
344
302
306
471
261
377
233
222
134
30
81
-102
16
-119
-110
-99
-152
-116
-202
-168
-302
-303
-361
-435
-426
-474
-449
-395
-369
-365
-354
-387
-418
-451
-434
-447
-368
-305
-249
-130
-118
-119
-90
-113
-138
-63
-105
-48
-2
-9
22
0
8
-78
-46
-58
-85
1
-30
-28
-29
-47
-56
-87
-55
-111
-115
-86
-128
-109
-121
-123
-90
-54
-65
-53
-51
-42
-37
-4
46
21
123
126
129
159
172
185
182
237
193
314
330
333
387
366
415
343
427
379
322
391
309
313
334
357
295
299
364
243
298
304
188
254
248
245
256
329
276
231
323
191
208
202
169
198
218
289
285
316
307
334
271
239
298
200
241
255
137
203
187
91
86
131
34
12
76
-19
19
8
3
-100
-69
-56
-160
-62
-164
-195
-249
-231
-239
-241
-231
-258
-220
-296
-292
-387
-360
-391
-428
-387
-418
-375
-389
-361
-393
-397
-406
-473
-444
-483
-507
-474
-468
-477
-434
-380
-409
-318
-391
-418
-353
-453
-408
-431
-437
-419
-338
-376
-372
-246
-363
-363
-380
-412
-456
-467
-401
-419
-333
-337
-316
-257
-304
-258
-318
-263
-228
-329
-226
-261
-202
-186
-165
-48
-85
43
24
0
-8
-81
-80
-111
-23
-26
-41
46
65
97
86
97
84
110
169
123
198
174
186
209
221
240
147
250
208
158
288
223
185
292
229
245
282
271
271
229
297
233
249
289
242
291
360
395
380
444
429
315
361
376
304
384
375
327
405
378
312
319
273
292
271
261
331
223
230
231
167
134
94
58
46
117
85
60
112
141
83
127
135
90
100
38
89
26
49
99
-67
8
19
-65
7
8
31
51
103
42
-29
30
-85
-76
-57
-90
-123
-121
-87
-167
-120
-137
-146
-67
-8
9
-5
16
-37
-42
-14
-30
-25
-22
5
-16
-34
17
-64
-25
51
-8
24
61
44
4
4
-82
-121
-111
-149
-165
-127
-103
-180
-149
-195
-216
-254
-253
-237
-297
-250
-230
-209
-241
-220
-305
-270
-224
-239
-174
-175
-98
-129
-47
2
-17
87
46
40
102
53
89
106
132
161
194
269
208
231
198
170
105
95
91
43
142
97
89
74
52
26
-20
-1
-24
-49
10
12
44
91
51
93
87
123
145
161
193
216
215
245
273
274
317
293
334
343
338
283
325
271
240
262
148
177
79
58
42
9
-1
-34
-74
-128
-128
-187
-196
-206
-233
-236
-258
-287
-241
-264
-222
-153
-175
-101
-61
-46
-7
-10
2
71
80
108
139
148
125
119
128
81
97
88
55
69
3
-40
-39
-120
-91
-136
-183
-165
-217
-248
-255
-274
-339
-295
-300
-315
-316
-280
-325
-332
-271
-372
-337
-341
-376
-314
-240
-227
-141
-117
-157
-77
-99
-138
-121
-142
-173
-126
-162
-126
-125
-199
-147
-110
-142
-112
-81
-164
-86
-148
-195
-176
-246
-203
-272
-238
-222
-248
-195
-192
-187
-161
-125
-132
-69
-71
-20
0
-29
52
-21
21
74
48
91
131
126
154
218
168
209
146
184
234
204
278
232
241
199
214
173
173
187
114
203
210
206
259
297
271
284
305
299
359
350
361
400
374
421
444
423
463
481
442
483
519
433
493
457
353
393
381
315
345
320
252
272
176
147
125
92
53
83
39
-4
27
-55
-5
-13
-58
-54
-16
-80
-56
-73
-140
-62
-109
-58
9
26
30
57
37
46
70
14
13
8
-38
-59
-45
-89
-77
-92
-134
-126
-117
-170
-176
-151
-205
-220
-203
-201
-202
-198
-241
-221
-222
-264
-224
-215
-229
-178
-220
-237
-203
-281
-215
-202
-216
-173
-184
-152
-148
-159
-190
-186
-211
-198
-185
-222
-177
-192
-194
-128
-162
-160
-145
-209
-189
-167
-174
-187
-197
-146
-186
-134
-102
-172
-84
-92
-76
-70
-77
-72
-87
-10
-57
-4
-13
-57
-19
-24
17
4
5
34
47
75
121
86
91
87
83
168
164
205
214
214
248
270
336
329
333
374
347
338
327
280
282
260
278
297
267
241
204
208
147
114
123
59
46
52
21
41
-1
-40
5
-1
9
27
3
-12
3
-10
25
39
9
31
13
44
51
25
33
21
-3
9
9
15
11
32
35
-10
16
-47
-66
-121
-141
-142
-201
-143
-205
-191
-200
-221
-195
-230
-194
-244
-221
-224
-276
-286
-307
-285
-245
-208
-237
-218
-226
-225
-212
-194
-156
-156
-80
-69
-36
-24
-48
-47
-55
-52
-72
-86
-100
-53
-67
-65
-46
-42
-37
-2
20
-22
-13
-61
-62
-59
-32
-37
-18
11
-4
49
16
47
39
37
91
82
129
159
157
180
176
177
158
156
204
175
232
256
221
256
225
200
210
199
185
203
202
182
157
123
132
65
48
68
28
56
45
51
42
60
62
49
54
41
77
49
79
78
86
101
105
141
154
201
210
206
226
226
214
211
193
212
201
215
217
218
215
182
209
174
183
195
153
139
159
96
71
63
15
44
5
21
11
-22
-27
-33
-50
-50
-22
-89
-75
-95
-123
-127
-157
-153
-176
-138
-162
-203
-218
-232
-216
-199
-177
-207
-222
-233
-261
-263
-240
-253
-249
-229
-233
-221
-247
-260
-288
-294
-277
-273
-241
-223
-198
-163
-141
-147
-145
-165
-171
-163
-166
-139
-126
-123
-106
-75
-94
-68
-68
-72
-31
-18
-21
-11
14
-10
38
43
36
63
50
28
49
76
46
86
82
101
131
148
163
147
134
121
123
115
140
146
131
106
114
65
72
99
26
79
82
74
71
55
72
64
90
92
84
71
71
79
73
74
73
67
90
123
110
114
132
94
95
130
123
137
129
113
90
87
97
56
82
97
107
136
139
144
126
107
93
105
78
64
66
26
14
41
33
42
33
2
30
-4
4
-30
-61
-75
-110
-104
-137
-128
-148
-144
-156
-184
-243
-255
-246
-257
-220
-228
-206
-217
-197
-193
-188
-193
-213
-185
-197
-155
-151
-141
-116
-106
-95
-83
-58
-53
-31
-36
-46
-34
-33
-50
-31
-11
-14
11
12
-6
-25
-41
-25
-5
30
45
66
77
65
68
11
9
9
-2
30
38
54
52
70
56
60
86
69
104
114
114
131
126
102
115
133
106
127
121
120
100
113
111
90
91
85
119
87
111
90
68
75
41
50
48
66
73
87
92
97
92
66
72
91
73
95
87
54
77
66
85
69
95
87
64
88
67
92
81
88
103
105
91
94
96
61
78
52
52
83
51
76
63
41
51
15
9
-19
-31
-46
-53
-68
-91
-99
-118
-124
-124
-111
-113
-70
-77
-70
-76
-98
-98
-153
-108
-144
-140
-104
-124
-85
-69
-79
-86
-56
-86
-67
-60
-48
-20
-23
21
20
12
14
14
-7
-21
-37
-36
-47
-39
-30
-52
-21
-32
-37
-51
-56
-76
-84
-76
-100
-91
-108
-100
-133
-125
-128
-141
-125
-134
-90
-94
-49
-48
-45
-47
-50
-26
-61
-25
-48
-55
-55
-46
-27
-22
-2
20
40
15
55
12
5
16
-1
8
-15
-13
-17
-8
-5
4
-15
-23
-34
-22
-8
0
32
1
25
16
24
22
26
38
9
56
57
43
82
91
100
149
132
151
168
161
210
182
193
199
168
171
182
178
173
165
131
131
137
137
133
127
110
110
101
72
82
49
39
47
-3
-20
-24
-48
-53
-30
-31
-24
-16
-14
-23
-32
-23
-54
-42
-33
-27
9
0
11
20
-5
-6
-4
-22
-32
-16
-53
-60
-47
-82
-60
-75
-95
-93
-109
-103
-90
-97
-117
-114
-132
-157
-158
-143
-139
-143
-153
-155
-163
-176
-171
-146
-124
-119
-94
-84
-67
-64
-57
-50
-46
-33
-37
-13
-1
13
19
30
17
12
8
8
20
16
6
-23
-17
-34
-20
-23
-32
-14
-17
-2
0
22
28
26
19
12
20
29
54
70
73
87
101
110
120
126
124
108
123
135
129
139
157
128
135
138
117
131
103
119
95
83
87
64
64
36
20
-4
-1
-3
9
16
10
26
4
16
37
39
52
45
27
23
24
29
22
26
31
25
19
28
25
26
47
28
28
28
31
40
43
42
50
64
53
62
44
38
52
44
59
46
38
23
16
24
19
32
25
41
58
64
55
36
41
17
21
6
-9
-1
-13
-22
-40
-49
-68
-81
-100
-125
-139
-154
-148
-131
-121
-111
-111
-140
-145
-157
-187
-181
-173
-169
-147
-131
-111
-100
-79
-58
-71
-71
-103
-119
-114
-121
-107
-86
-89
-98
-97
-106
-101
-104
-109
-105
-97
-82
-67
-72
-68
-55
-52
-40
-33
-11
14
40
68
93
113
115
116
110
96
84
67
57
60
51
64
68
53
61
53
36
25
12
-8
-20
-31
-37
-32
-46
-66
-72
-73
-56
-39
-23
-7
12
23
23
41
34
8
15
11
21
69
73
98
122
114
126
105
106
86
70
68
52
58
39
44
56
46
45
41
31
40
24
27
36
18
29
29
33
37
31
26
39
47
47
70
81
74
70
83
73
74
65
55
62
52
51
38
29
15
12
-4
2
-6
-23
0
-8
-8
-27
-30
-35
-59
-63
-53
-50
-39
-29
-45
-43
-54
-56
-64
-71
-70
-78
-70
-77
-80
-64
-59
-55
-50
-39
-37
-41
-33
-42
-48
-70
-67
-62
-57
-29
-30
-24
-23
-20
-29
-20
-11
-22
-25
-26
-25
-28
-3
-6
-10
-8
-14
-17
-19
-11
-20
-1
-1
-4
3
4
17
34
49
49
55
52
44
50
47
48
64
73
75
76
72
65
52
63
56
49
48
46
63
60
85
99
83
68
60
47
43
50
37
42
36
33
41
47
56
62
66
62
56
49
52
52
50
62
71
71
71
59
62
70
49
29
15
1
-12
-8
-23
-40
-47
-64
-72
-91
-104
-107
-114
-112
-114
-117
-105
-113
-131
-136
-151
-157
-155
-152
-138
-133
-135
-119
-114
-113
-115
-107
-107
-105
-88
-104
-103
-109
-101
-83
-72
-54
-49
-39
-40
-24
-20
-29
-23
-22
-14
-11
-3
-8
-9
-1
-3
14
22
35
64
82
99
110
103
94
85
76
77
84
77
78
73
65
67
69
58
52
62
40
18
0
-36
-57
-68
-70
-66
-53
-43
-52
-47
-48
-58
-59
-60
-57
-59
-58
-61
-49
-54
-35
-17
-18
0
-7
9
20
35
52
50
38
34
32
12
21
17
5
13
26
50
86
101
94
76
58
48
48
49
54
57
50
53
44
33
30
27
27
30
39
37
41
35
9
-8
-24
-29
-32
-25
-16
-12
-15
-21
-25
-29
-39
-38
-39
-34
-19
-25
-6
-21
-29
-23
-29
-22
-32
-31
-39
-41
-46
-32
-21
-10
10
7
13
24
22
6
21
17
0
6
0
-5
-1
-5
-17
-1
0
6
19
24
38
37
21
19
1
-8
-6
-16
5
8
16
29
39
58
62
83
81
75
78
70
70
68
52
24
7
-16
-24
-35
-52
-39
-24
-14
-17
-11
-9
-21
-20
-21
-21
-29
-46
-51
-65
-78
-77
-87
-90
-72
-62
-47
-32
-35
-27
-26
-24
-19
-18
-23
-19
-11
-9
4
31
44
45
66
57
71
82
78
87
88
100
103
94
89
87
73
74
81
80
86
89
70
68
78
72
63
55
54
47
35
27
17
10
10
11
10
7
0
-4
-15
-17
-9
-5
3
12
9
-5
-14
-27
-49
-65
-76
-87
-91
-91
-92
-90
-93
-99
-96
-91
-97
-102
-109
-121
-139
-154
-163
-161
-151
-129
-102
-83
-62
-55
-39
-31
-29
-27
-42
-52
-45
-42
-42
-30
-32
-34
-44
-53
-62
-70
-64
-58
-48
-32
-13
-9
-3
-6
-19
-19
-26
-15
5
9
25
22
19
23
8
11
16
15
19
28
34
29
39
54
48
44
44
36
53
55
42
54
56
64
68
73
72
63
70
67
71
75
66
59
69
75
76
70
73
71
50
48
35
29
40
54
69
74
84
75
61
59
60
50
46
39
21
20
18
36
45
36
38
36
25
6
-3
-11
-17
-27
-43
-49
-45
-59
-59
-61
-75
-67
-75
-70
-65
-70
-63
-76
-81
-80
-80
-77
-72
-51
-27
-14
-15
-6
3
10
19
13
9
0
7
25
35
51
56
66
64
59
50
38
26
13
5
2
9
14
22
12
-6
-32
-57
-53
-57
-48
-27
-27
-39
-44
-49
-68
-74
-64
-56
-48
-32
-9
-3
2
2
-2
-18
-30
-28
-35
-37
-49
-59
-72
-92
-105
-111
-112
-118
-116
-101
-100
-92
-79
-88
-70
-57
-50
-36
-19
-12
-2
5
-3
5
9
21
27
31
35
52
68
60
74
68
70
68
63
80
89
94
105
107
102
95
68
50
33
25
17
11
19
23
27
30
34
24
39
63
62
63
56
59
60
55
52
57
55
57
60
52
53
37
32
24
16
13
11
12
9
17
9
5
3
13
17
20
11
-7
-9
-33
-42
-40
-36
-6
22
38
55
66
78
66
56
64
63
60
48
39
36
29
15
-3
-8
-11
-38
-37
-27
-30
-37
-63
-82
-96
-119
-123
-115
-125
-103
-88
-81
-67
-56
-47
-48
-44
-47
-43
-42
-43
-54
-52
-51
-57
-42
-47
-45
-47
-37
-24
-28
-18
-31
-52
-73
-91
-95
-95
-95
-102
-107
-112
-110
-93
-84
-64
-34
-20
-5
-3
-1
10
25
33
24
39
62
82
84
85
83
70
68
70
76
80
94
90
83
70
48
37
37
29
23
31
37
38
21
24
16
14
22
31
46
56
65
49
61
61
48
37
32
31
28
37
44
60
63
65
57
49
40
39
32
29
29
27
30
16
34
28
13
16
27
34
48
66
59
65
56
52
40
44
45
46
62
59
60
63
63
46
41
32
20
9
-4
-11
-16
-12
-20
-26
-39
-54
-62
-85
-101
-101
-116
-122
-123
-121
-106
-98
-90
-82
-80
-77
-66
-81
-89
-88
-91
-94
-91
-83
-86
-77
-93
-93
-97
-88
-82
-91
-87
-94
-86
-93
-89
-91
-84
-66
-53
-47
-51
-48
-50
-32
-26
-6
9
35
46
44
67
52
46
38
18
3
-4
0
7
10
18
18
-4
-16
-31
-41
-32
-18
-17
-29
-22
-16
-12
-10
-8
-5
-2
12
22
40
51
63
77
74
66
62
55
45
32
20
15
17
17
15
14
12
11
6
15
4
-4
-3
-21
-33
-43
-32
-32
-29
-30
-35
-15
-7
5
9
19
27
18
23
31
41
45
54
65
69
67
50
52
43
47
52
50
65
76
95
89
89
78
52
38
6
-12
-12
-3
19
29
43
51
39
36
20
4
-11
-8
-6
2
23
28
37
42
44
22
7
2
-8
2
9
16
32
27
29
26
23
24
6
0
-1
0
2
7
22
36
47
51
58
52
36
26
19
21
23
21
17
19
18
-6
-12
-23
-41
-57
-70
-76
-75
-61
-48
-47
-46
-57
-67
-72
-78
-73
-80
-67
-67
-70
-73
-78
-74
-76
-67
-68
-57
-59
-59
-50
-42
-34
-18
-2
0
19
17
20
29
27
10
4
7
-1
15
15
22
28
24
28
19
24
32
37
35
40
38
31
32
32
34
38
40
30
35
36
22
1
-20
-27
-31
-29
-22
-12
-5
-2
2
19
20
20
20
4
-5
-2
13
11
19
15
8
11
8
15
16
24
19
14
27
26
18
16
9
-1
-3
1
-6
-2
7
1
8
13
20
12
-2
-3
-10
-9
-3
-1
1
3
16
14
9
15
7
-8
-24
-24
-15
-12
-5
2
4
0
5
-4
-24
-43
-49
-54
-78
-84
-91
-104
-97
-87
-78
-58
-57
-48
-45
-54
-59
-73
-81
-95
-97
-94
-79
-65
-49
-39
-31
-27
-16
0
1
16
10
12
8
-6
4
0
-3
-5
-24
-31
-27
-27
-24
-19
-7
-4
16
34
34
42
44
50
58
59
53
53
55
64
74
83
75
76
79
70
68
67
64
65
70
66
66
63
46
39
29
12
3
-10
-19
-24
-36
-34
-43
-53
-40
-40
-46
-41
-36
-41
-38
-16
-20
-9
8
11
16
11
11
9
7
2
2
2
2
4
7
3
-9
-12
-32
-43
-44
-56
-57
-55
-55
-51
-52
-56
-43
-43
-46
-31
-31
-33
-25
-23
-6
20
25
25
30
25
32
42
42
46
50
51
48
51
47
39
47
49
35
24
22
12
18
12
10
2
-9
-19
-44
-54
-61
-66
-68
-64
-59
-54
-40
-23
-26
-15
-17
-42
-42
-45
-31
-19
-5
0
0
6
-1
-6
-8
-3
1
17
28
30
32
18
0
0
-3
-8
6
10
3
11
5
-3
-5
0
4
7
13
21
31
28
55
63
72
89
72
83
80
73
76
66
54
48
46
50
43
17
-2
-15
-8
14
28
41
56
54
43
13
3
-17
-53
-55
-80
-62
-54
-42
-19
-19
-1
0
21
26
32
34
20
10
-7
-1
0
5
2
4
4
-12
-17
-9
-5
-2
5
5
21
17
20
25
27
16
7
13
-11
1
-4
3
4
-12
-16
-40
-41
-45
-43
-46
-37
-18
-23
-20
-23
-10
-9
-7
2
2
19
12
27
16
19
14
9
10
21
23
32
20
17
15
-29
4
-54
13
-30
17
34
-24
52
-61
4
-26
3
-9
-18
-5
-23
24
-18
29
7
29
12
21
-14
16
-4
-21
7
-50
16
-37
4
-17
-36
-22
-41
-10
-43
3
-37
-9
-21
0
7
-30
11
-59
-10
-67
-45
-44
-31
-12
-18
32
-8
62
-29
36
-31
-26
44
-72
13
19
-34
51
29
-19
176
-51
34
48
-36
90
-45
69
-16
42
55
74
77
-44
142
-9
-16
148
-99
37
16
-53
102
-85
-6
47
35
-6
13
19
-18
-7
6
9
-15
18
-44
43
53
34
106
4
26
110
-67
63
-104
7
-71
-128
83
-199
151
-130
26
-131
-59
-3
-262
82
-267
-40
-199
40
-85
-76
10
-61
45
-173
85
-184
-50
-104
-131
-70
-15
-138
144
-135
-49
221
-327
240
-65
-18
-6
-13
-31
25
18
-96
-86
47
51
-158
281
-199
221
-65
-36
123
-140
152
-170
189
-19
32
194
-167
187
-20
-19
192
-97
242
-195
194
38
51
236
-313
295
-84
153
-18
14
52
-146
133
-217
70
52
61
-44
105
66
-18
37
-165
-108
-347
28
-87
125
93
-68
263
0
276
-24
-143
-18
-110
-20
-269
-159
142
-263
304
-106
170
332
-196
485
-327
604
-164
-16
196
-360
345
-157
326
57
284
252
-182
-154
-30
-383
-161
-31
173
190
183
278
-162
136
-287
-247
-281
99
-242
-321
27
-273
3
157
114
132
525
103
200
-10
-80
60
-443
177
176
159
134
-15
386
-201
116
-25
-409
219
-164
-44
-50
165
119
-239
181
-279
-203
-78
-265
108
-193
82
-176
-332
227
-184
161
139
-16
-136
152
156
-91
238
-255
-33
71
89
10
-48
-29
-266
70
-134
-238
105
-140
147
232
-274
9
-115
-71
-234
-156
-17
-320
188
63
-53
-14
110
-306
-16
206
-98
463
168
395
39
76
101
45
186
-172
313
131
-27
19
21
-208
79
16
36
103
26
310
-214
170
-134
-364
97
-154
85
-58
-78
-111
-266
-21
-25
58
133
274
144
183
224
177
59
-3
130
174
-16
11
177
-290
239
5
-339
115
-251
154
251
-336
188
122
-142
356
57
-130
-93
-116
-284
-191
-45
-431
55
160
-44
95
8
255
-144
102
142
-172
142
-36
102
119
37
129
-42
-77
-54
-48
88
-86
175
-138
197
183
-132
377
-207
114
-14
-69
35
-25
-161
-119
118
-227
-13
-213
-77
-126
-62
49
-254
-200
158
-6
-58
382
-296
21
122
-128
50
-48
221
-242
110
143
-437
150
7
-131
30
-259
-23
104
20
-48
48
-88
-145
-100
-280
-159
-506
-98
-209
-520
105
-126
-40
159
-40
-6
230
246
79
191
-146
-178
180
-175
126
187
-208
129
107
-90
-51
96
201
358
178
127
177
-95
215
-92
-331
-163
-236
-240
-234
-86
-291
54
19
-60
430
72
-15
479
-53
-122
348
-331
-36
73
-150
-51
-136
-97
-333
194
206
107
106
65
367
-7
83
136
-249
-135
-46
-70
-162
-169
25
-330
-101
197
62
367
385
126
306
54
-306
111
-128
-237
-67
-176
-100
144
-122
59
-30
-104
98
-172
190
68
297
-233
-52
266
-358
155
84
-10
-137
-26
44
-121
175
-158
-167
35
-149
132
178
173
34
-67
234
143
-122
232
146
-237
141
-45
-115
70
-67
-46
-61
-201
147
151
1
260
150
348
217
137
264
-39
36
35
-114
24
-57
-11
36
153
116
-41
106
31
275
260
123
249
-51
4
56
-204
56
-102
-84
-2
-128
31
-8
43
-29
54
58
113
253
135
205
189
-90
32
21
63
109
18
-43
-176
23
-193
-8
63
118
183
86
320
302
158
33
151
-313
-81
-148
-366
15
-290
-113
-157
-219
-147
4
3
33
199
107
-11
-77
-39
-177
49
-205
-102
-189
-217
0
-324
89
-201
-50
279
120
161
246
99
-112
209
-217
-151
-187
-370
-112
-332
-131
-115
-86
77
-30
-66
177
139
-113
139
-32
-39
3
-301
-59
-176
-232
51
15
-106
52
152
37
-19
-14
46
-168
116
-130
-198
84
-418
-41
-135
-331
0
-12
-96
-26
-77
-207
0
-217
-125
79
50
-62
60
232
-118
15
-56
-126
3
-152
148
189
80
118
-62
61
-104
-65
-48
-275
61
-116
-150
-19
-197
-16
-231
-357
-71
-158
7
-7
-166
-76
-43
-12
-98
44
77
-56
-63
227
75
-263
190
-30
-176
359
39
150
220
-232
-45
-9
-134
-121
26
-131
-10
90
-118
13
91
37
-38
228
43
-70
91
-19
-11
82
-24
-63
157
39
166
159
67
312
151
159
315
54
142
133
-119
31
76
-139
-69
9
-50
160
58
81
77
-22
-27
-48
62
44
-2
65
86
-38
-50
5
50
-101
193
-31
0
318
-1
159
-4
104
169
44
123
233
213
226
255
217
240
202
208
-4
126
-70
29
-15
-206
135
-147
-50
18
-64
52
58
202
215
207
304
304
217
86
103
24
102
220
40
186
141
118
196
-32
-8
24
-88
33
121
106
123
98
-98
-25
141
-74
0
37
-101
32
-61
-69
-17
-136
-72
-111
94
-90
-97
-13
-209
123
69
-1
71
115
77
27
123
15
-71
-13
-176
-8
155
-65
67
247
100
-48
27
-36
-51
-157
-192
-164
-277
-234
-202
-273
-120
-111
10
280
96
82
139
176
-140
1
-41
-293
-48
-279
-25
-65
-337
-55
-59
-133
31
-92
86
104
-68
180
-46
114
65
-99
-25
-82
-187
-285
-201
-347
-67
-278
-281
-62
-126
-32
-124
-33
-210
2
-103
-203
-109
-327
-370
-319
-200
-439
-329
-222
-342
-210
-144
-247
-186
-196
-173
-150
-152
-55
-96
3
-180
-108
-222
-309
-240
-280
-181
-301
-57
-263
-139
-73
-219
-16
-105
47
-52
25
9
-46
25
-232
-68
-147
-312
-32
-137
-18
136
113
134
114
184
26
201
198
71
203
189
134
157
135
-60
37
95
-73
270
146
16
330
71
163
236
211
135
251
127
39
126
-20
75
-156
79
-30
96
95
55
246
124
390
199
241
207
202
263
291
218
163
128
28
132
-26
-94
-50
46
39
-33
-91
16
-55
102
80
-16
45
-48
6
-257
-74
-230
-176
-64
-201
71
-101
-16
19
79
-11
28
13
-112
193
-89
-8
24
-52
82
-103
68
187
-27
-28
1
35
98
-70
-39
-41
-3
76
122
58
179
151
105
157
-6
168
53
88
99
121
26
83
135
129
290
120
316
163
198
168
182
177
25
169
12
60
76
0
-53
65
-99
50
111
-75
207
63
161
132
44
114
0
-3
-76
-65
-56
-139
116
20
-54
148
9
189
85
234
153
81
187
10
111
58
122
73
36
-6
81
21
17
65
-100
-11
22
-70
126
14
-56
115
-62
135
24
13
-46
-41
151
-53
-5
82
16
-36
74
4
7
-39
63
69
1
148
24
70
53
96
146
134
38
53
72
24
76
-61
78
-100
-64
-11
-153
-3
-117
-60
14
-108
-46
106
-184
-54
8
-91
32
22
19
-187
3
-122
-136
-62
-140
-33
-83
4
-137
-67
-160
-265
-111
-222
-272
-292
-175
-268
-169
-204
-376
-144
-195
-189
-100
-99
-228
-41
-304
-255
-35
-441
-114
-187
-103
-21
-124
-74
-89
-85
-232
-120
-136
-142
-89
-94
-223
-165
-187
-190
-179
-248
-223
-235
-133
-135
-72
-125
-125
-75
-42
5
-67
-54
-146
-103
-51
-189
-24
-91
-80
-34
-96
44
-83
95
-20
-16
216
105
260
175
30
16
-82
-80
-51
52
64
-26
44
44
68
108
96
95
145
122
146
188
135
39
-66
75
116
65
141
73
-47
72
65
7
71
158
68
21
160
65
59
0
-32
76
67
118
104
82
176
172
137
84
140
70
35
53
14
120
34
87
70
65
110
148
169
124
178
106
107
96
42
-43
36
26
-25
77
-29
29
60
-39
95
143
167
206
218
150
119
121
142
242
57
135
61
96
221
-6
105
177
102
164
273
87
159
104
17
27
3
39
-130
62
-39
28
-20
2
90
-24
194
12
162
178
114
202
113
75
126
53
46
11
-61
159
-82
74
102
-44
121
126
88
105
102
-16
112
12
41
19
54
20
-11
-11
-123
-2
-114
-10
20
116
35
49
65
-38
84
-55
43
-17
-42
6
-30
-43
-59
-97
-116
-88
-23
-44
-95
9
-70
-8
-142
-143
-53
-120
-79
-130
-90
-137
-120
-130
-230
-236
-151
-174
-77
18
-150
-89
-18
-219
-154
-60
-173
-19
-95
-142
-80
-192
-106
-171
-166
-114
-102
-21
-127
-28
-107
-147
11
-167
-95
-56
-48
-6
-122
-69
-64
-95
10
-60
-49
15
-118
-61
-168
-142
-121
-106
-46
-24
81
28
88
-8
-4
-74
-48
-74
-36
31
-100
-4
-140
-67
-77
-103
15
-45
-22
64
-12
29
43
-65
40
-84
-31
-25
-149
-27
-51
-86
-64
-134
-152
-101
-121
-110
-112
-48
-71
-96
-38
-33
-56
-160
-125
-106
-119
-13
3
-53
2
-22
52
65
-16
92
-64
-23
76
-36
84
54
48
119
66
114
26
54
59
26
84
89
127
106
98
51
104
4
57
96
79
126
75
116
34
103
-18
-27
-35
-45
63
37
183
138
148
217
172
88
106
75
84
156
143
158
70
59
18
32
47
73
83
122
140
151
138
80
218
98
71
101
-18
39
63
-57
-24
-38
-90
0
-56
-13
-37
23
67
64
139
74
94
111
118
58
91
97
62
141
67
82
134
49
96
101
16
66
51
86
128
102
142
82
51
17
-7
-7
14
145
113
99
131
68
53
18
20
0
36
31
36
59
5
1
-43
-25
-18
31
59
87
64
30
88
61
82
78
10
-23
-12
31
-22
-65
-38
-52
10
-36
3
-18
-36
46
-4
5
-21
-35
-52
-25
-50
-48
-100
-71
-32
-103
-22
-66
-50
-26
-37
-39
-30
15
-7
18
-33
-70
-49
-120
-110
-80
-113
-68
-76
-60
-72
-128
-45
-93
-67
-17
-5
69
52
24
22
-19
-82
-107
-157
-113
-106
-144
-121
-73
-98
-46
-43
-128
-17
-11
-49
-16
33
-44
-13
-28
-120
-145
-214
-223
-198
-149
-254
-175
-131
-157
-75
-109
-132
-39
-49
-93
-51
-90
-100
-113
-74
-151
-127
-148
-173
-64
-126
-99
-115
-157
-155
-130
-95
-3
3
8
120
111
102
120
92
48
40
78
11
-48
-61
-159
-121
-138
-150
-56
-45
-12
10
19
13
40
65
75
68
40
2
-59
-69
-110
-83
-121
-130
-26
-17
56
74
70
102
139
93
75
76
43
74
36
61
27
7
33
-5
-55
-2
3
-18
76
64
106
149
165
141
139
104
89
134
73
102
102
118
120
130
115
120
93
80
168
48
139
110
15
103
-71
-56
-20
-60
30
15
22
-19
-38
-7
-19
68
66
46
108
44
64
63
5
39
30
65
23
42
35
25
37
4
69
17
27
25
11
-11
8
12
41
78
-21
57
39
-4
-56
-57
-82
-94
-33
-60
-4
8
79
51
102
133
65
141
97
90
170
77
76
47
-10
82
-30
87
81
64
135
50
172
62
88
134
48
152
84
43
35
-66
-12
-39
-79
-29
-81
-22
-38
-54
-14
-74
5
-23
-31
0
-58
-5
-33
5
-9
-44
43
28
47
32
8
37
-4
-9
3
-38
-47
5
18
21
47
-8
4
20
-41
-20
-22
-9
25
46
54
34
33
17
9
-19
-45
-8
-43
-76
-23
-76
-84
-41
-94
-58
-64
-93
-96
-80
-106
-160
-99
-161
-167
-159
-189
-136
-149
-134
-92
-89
-76
-64
-70
-30
-77
-86
-60
-87
-66
-48
-50
-37
0
-43
-31
-53
-55
-19
-31
-8
32
47
11
8
-4
-23
-33
-27
-49
-32
-44
-65
-40
-38
-39
-45
-18
-24
-19
-7
2
-16
-28
-20
-37
-33
-57
-53
-16
-40
21
36
-54
22
-40
-54
-8
-53
3
-8
-16
-6
-2
-36
-35
-30
-20
19
16
9
15
53
18
7
19
-35
-46
-26
-58
-33
-62
-50
-1
-51
-6
-3
8
38
41
54
68
80
61
57
42
13
32
24
61
41
0
70
0
35
67
17
21
33
38
-2
54
23
28
43
-25
30
0
-17
49
15
60
101
115
119
91
96
43
90
88
72
131
63
90
102
81
97
82
123
66
64
82
10
44
71
17
23
49
13
46
34
-10
38
6
28
49
17
44
-1
1
-7
-13
-41
-53
-8
-19
-5
15
13
-17
36
27
46
76
76
101
83
97
49
57
37
12
15
18
44
64
52
19
20
-48
-17
6
16
30
19
56
29
78
80
52
77
48
54
66
65
60
43
55
43
17
32
7
0
17
12
31
66
52
38
71
39
8
36
10
-11
-2
-32
-60
-85
-95
-112
-125
-116
-93
-52
-14
-6
-3
26
-19
-13
-29
-74
-41
-43
-44
-26
-20
-76
-50
-75
-75
-17
-41
20
11
23
51
-2
27
-13
-52
-18
-18
-14
-80
-37
-72
-89
-25
-101
-49
-84
-78
-44
-76
-47
-74
-59
-68
-66
-66
-101
-91
-113
-108
-70
-82
-69
-34
-57
-37
-59
-70
-46
-108
-73
-83
-110
-92
-109
-93
-105
-122
-98
-79
-74
-55
-66
-47
-8
-10
3
21
8
3
19
37
18
15
23
14
31
30
62
60
21
16
-3
-8
22
34
41
73
57
38
11
18
-11
-16
14
-37
-5
-15
-55
-66
-112
-117
-119
-119
-75
-28
-40
-44
-44
-57
-58
-88
-49
-55
-70
-12
-36
-21
-28
-55
-68
-107
-74
-70
-28
-1
-22
5
-13
0
-17
-25
-24
-51
-25
-10
-7
0
20
0
35
48
46
85
89
98
122
111
81
84
55
71
71
73
99
118
127
109
107
84
68
72
70
37
73
47
63
79
38
62
35
38
32
29
13
11
14
21
18
-3
-25
-33
0
-45
-38
-34
-38
-39
-60
-50
-45
-36
-49
-23
-1
-11
-5
-7
-19
-3
5
24
33
36
61
45
69
93
72
116
115
94
106
95
93
118
135
116
133
117
108
95
82
102
92
103
104
95
85
86
85
99
92
61
69
95
114
129
129
105
97
83
58
40
29
13
38
48
40
39
19
14
-21
-22
-1
-34
-34
-8
-46
-28
-20
-45
-15
-22
-33
-25
-32
-38
-16
-8
5
36
32
32
8
2
8
-13
19
26
29
42
38
48
55
60
11
24
18
27
43
11
3
-22
-35
-41
-1
-1
20
19
4
6
-30
-49
-51
-42
-70
-48
-67
-85
-72
-82
-87
-81
-84
-114
-91
-95
-79
-54
-51
-53
-71
-99
-134
-134
-171
-166
-149
-151
-117
-100
-74
-62
-60
-70
-92
-75
-68
-100
-88
-76
-85
-39
-38
-65
-63
-55
-67
-56
-58
-57
-54
-52
-10
-39
-20
-20
-43
-25
-46
-61
-78
-78
-74
-73
-82
-62
-76
-93
-95
-127
-121
-125
-107
-73
-45
-40
-35
-39
-38
-49
-74
-20
-35
-33
-16
-53
-52
-51
-62
-46
-38
-50
-33
-34
-10
-33
-49
-35
-38
-8
21
48
53
78
64
67
56
9
19
23
35
51
59
56
85
73
45
71
19
40
53
13
45
7
2
10
-12
-7
-4
1
36
24
-4
7
-31
-12
-9
-30
-35
-25
-33
-40
-21
-59
-31
-27
-41
-31
-20
-10
2
13
12
36
16
32
33
7
19
22
42
38
50
51
35
46
32
31
49
35
36
57
33
53
75
80
80
84
113
104
117
111
96
104
103
86
84
76
78
89
72
96
85
82
85
97
103
112
112
78
88
75
67
54
43
50
71
86
98
94
88
114
109
105
82
73
88
71
73
75
61
78
80
80
97
118
105
101
110
64
46
52
69
65
58
6
-18
-13
-37
-42
-57
-41
-46
-32
-25
-27
-31
-30
-41
-50
-67
-92
-96
-96
-76
-91
-86
-80
-61
-49
-35
-7
-10
21
16
-7
-17
-28
-19
-9
-11
-24
-18
-28
-13
-16
-32
2
-17
-3
-1
-4
-7
-53
-52
-75
-80
-57
-44
-32
-21
-13
-5
15
16
0
-9
-28
-51
-51
-65
-72
-61
-70
-60
-86
-93
-63
-77
-62
-56
-50
-47
-67
-74
-85
-93
-86
-87
-66
-31
-32
-11
-14
-19
-44
-70
-78
-84
-66
-62
-40
-17
-6
0
11
-1
25
49
48
58
52
40
8
5
-20
-37
-55
-71
-64
-66
-57
-49
-32
-40
-35
-44
-56
-74
-67
-47
-73
-50
-49
-49
-49
-45
-41
-50
-25
-19
-4
4
0
-6
4
-2
-9
-7
13
18
8
23
-7
-2
15
34
43
67
56
25
43
15
6
5
-5
-8
-21
-31
-26
-33
-23
-23
-28
-1
-13
-10
10
1
4
0
-13
-13
1
11
3
16
18
30
42
29
36
23
22
29
13
14
18
-2
16
6
-5
-6
-38
-15
-20
-5
27
22
38
44
38
39
48
42
41
24
7
6
-5
-11
21
27
35
64
51
54
59
61
47
41
41
31
19
10
15
-10
-8
-15
-33
-30
-30
-20
4
18
13
3
-16
-13
-18
-28
-15
-7
-9
5
-12
-33
-27
-37
-30
-10
7
6
18
26
26
41
60
47
35
47
35
37
43
44
32
27
16
0
14
16
10
-8
4
9
-11
-1
8
14
33
39
38
30
24
26
7
26
4
-11
10
-12
6
22
28
62
78
85
87
68
54
54
41
9
0
10
-15
6
31
32
54
61
44
25
36
27
15
22
4
-18
-30
-33
-28
-13
-2
-4
0
-23
-22
-13
-16
-7
-5
1
-3
-16
-39
-39
-31
-47
-36
-21
-52
-45
-40
-63
-45
-50
-63
-64
-61
-77
-83
-77
-71
-53
-39
