-40
-56
-51
-100
-31
-38
-123
-71
-99
-150
-58
-86
-57
-68
-106
-6
-109
-50
31
-70
-30
-79
-86
24
-122
-73
79
-132
-15
-7
-115
44
-41
-36
62
-109
-6
98
-128
28
3
-64
58
-59
-6
51
-46
6
39
35
3
25
93
-20
24
40
50
36
-9
23
8
-12
-37
-4
-16
-8
-21
24
-21
-50
33
-43
-17
-49
-32
64
-56
12
-13
-67
-46
-115
14
-52
-83
40
-76
-38
15
-47
55
-78
-62
14
-109
-37
-18
-27
-15
-36
-33
-11
-56
-68
-31
-42
-93
-94
-64
-40
-7
8
-5
29
4
-17
63
-4
21
36
-23
4
-7
5
47
11
8
4
7
26
31
3
-9
91
-45
10
51
-30
118
-39
32
122
-91
86
57
-26
97
-30
65
76
-68
143
72
-17
133
26
113
98
10
136
82
82
154
108
142
162
137
165
72
86
144
84
60
71
84
29
37
70
-9
89
16
-25
64
-65
20
-2
-94
-52
-96
-92
-83
-163
-124
-130
-140
-130
-160
-89
-51
-87
-45
-21
-46
49
-44
-34
46
-63
0
89
-74
87
118
-35
116
51
56
97
105
75
111
94
94
155
78
98
161
100
63
153
70
99
112
-9
73
62
-52
27
-33
-88
-29
-93
-80
-80
-115
-35
-86
-68
-10
-82
-17
-91
-121
-130
-143
-100
-101
-102
-90
-70
-86
-76
-57
-59
-81
-2
-72
-30
37
16
44
-5
60
75
5
89
50
10
86
-46
2
16
-34
71
9
-50
30
-55
-31
8
-70
-2
-58
-89
-60
-53
-59
-32
-42
-30
-74
-31
-13
-55
16
-51
21
22
40
63
20
96
63
35
94
64
76
101
38
141
75
78
138
38
100
92
67
51
82
12
0
52
1
72
18
22
5
-49
-63
-23
-38
-124
-41
-111
-132
-72
-84
-41
-36
-47
-94
-117
-33
-101
-78
-52
-42
-4
-59
-23
-29
13
-58
-20
54
-33
-3
-26
43
95
-18
46
55
-59
45
93
3
111
-13
-25
109
-102
102
85
-36
40
-7
58
4
21
65
27
-69
9
29
-41
68
29
-24
-13
-35
-32
-7
-36
-7
-15
-93
26
-57
10
-6
-48
13
-86
31
-82
-5
-55
-20
14
-53
31
-7
37
-35
76
7
-36
72
-23
14
65
-37
58
-19
-27
48
-34
75
-30
16
71
15
63
-7
83
19
-56
105
-12
6
-33
-36
-5
-56
74
49
60
75
75
70
61
49
58
102
50
38
78
-55
132
74
-53
191
-40
61
33
-68
63
-8
87
-22
8
26
9
-2
-60
57
-30
-56
-36
-27
-22
62
30
-37
-71
-41
-62
-57
-13
-48
78
-99
5
18
-22
34
47
-34
-60
132
-91
-26
-14
-76
15
-124
-65
-16
-79
-36
-31
11
-86
29
28
-148
68
-39
-58
4
-174
-59
-85
-187
-143
-85
-118
-153
-52
-115
-29
-122
-118
-60
-149
-123
-108
19
-131
-108
7
-110
-32
-85
-117
-5
-107
-17
-61
-24
-24
-34
71
-110
94
35
78
109
-41
147
30
-14
-11
18
24
19
20
-52
52
-9
27
27
-25
30
43
5
-54
53
32
8
69
-48
-67
94
-81
-11
-35
-88
117
-222
-79
0
-63
-1
-51
51
-26
14
-24
-21
11
15
9
128
65
17
118
56
131
43
76
65
110
5
32
115
-38
78
-5
-18
-36
16
43
-10
-30
-16
11
-110
-33
-22
-42
-41
43
-23
11
0
-119
58
-89
14
3
31
16
7
83
20
112
50
171
5
105
137
45
173
184
44
146
145
160
276
79
306
116
165
198
152
241
234
172
84
192
169
150
3
171
174
94
126
55
209
111
-3
231
-10
14
253
-46
125
125
37
235
-45
104
144
47
134
16
55
-83
-17
23
73
79
65
174
204
105
149
245
159
134
122
87
124
115
58
193
78
178
72
35
140
42
11
6
31
-15
-3
-6
3
-6
60
0
60
-166
-5
-19
-205
62
-149
-42
-21
-143
-41
-3
-99
-64
-82
-112
-55
-122
-16
-69
-101
-34
-42
0
-55
-65
19
-89
-125
-12
-69
-19
-105
-71
-1
-58
-17
-92
-16
-69
-46
-86
-72
-88
-187
-89
-202
-85
-138
-144
-75
-192
-52
-143
-150
-49
-106
-105
-18
-113
-68
-94
-174
-123
-218
46
-130
-180
-38
-133
-116
-176
-171
-100
-152
-233
-57
-219
-154
-101
-131
-148
-219
-85
-193
-131
-133
-101
0
-96
-172
-61
-199
-81
29
-276
60
-15
-198
-98
-195
-123
22
-213
-166
48
-230
-85
-81
-151
-181
-77
-36
-105
-43
-50
66
-52
-196
-26
183
-34
71
70
12
145
-10
-19
77
93
-43
-50
-83
-43
-30
-137
-107
5
-85
-262
5
-38
-176
-19
-32
-46
-145
-145
-49
23
-148
80
220
-42
35
22
99
86
63
193
106
51
253
57
117
205
0
168
47
3
266
63
52
209
-12
152
35
40
176
10
48
21
6
28
31
11
93
131
119
46
84
91
50
146
28
121
60
41
170
-81
142
92
-51
73
18
2
79
-6
-39
152
-46
106
72
71
115
-47
168
60
110
161
96
47
0
-11
98
98
-26
227
-22
-11
-52
-149
61
-57
48
49
-37
-181
13
-193
-63
87
-185
-14
-163
-167
-261
-178
-84
2
-51
-169
-55
-20
-10
-26
111
-23
-28
44
40
86
144
229
171
146
154
303
184
174
339
120
146
175
283
275
177
325
217
176
109
54
216
67
18
183
69
-40
10
104
-11
-11
38
-12
-67
-115
-53
-167
-60
39
-78
-12
-38
106
-89
-190
70
-227
-9
5
-31
58
-138
-22
-26
33
116
312
13
66
225
-140
124
106
88
266
46
30
224
116
24
294
53
35
184
-151
139
-18
-3
224
-50
108
2
-150
26
16
-112
-15
-77
-76
-144
-351
99
63
-393
-66
5
-295
-147
-98
-171
87
-164
-163
73
-221
-19
49
-210
15
89
-217
-22
-182
-128
92
-54
7
-36
-31
-45
-83
-307
171
98
-365
-79
-90
-213
-319
-159
50
-120
-185
-19
-100
-244
-198
-5
-93
-152
-33
-16
-335
-200
11
-190
30
25
-56
-68
1
-68
13
117
36
40
150
-40
53
41
-151
446
-69
96
341
-37
205
107
37
147
171
-103
111
36
-87
178
136
-62
176
122
-60
175
-73
38
-42
-57
24
-68
-60
-63
26
-283
18
-52
-223
137
-128
-161
66
-106
-155
160
-196
-31
25
-355
54
42
43
-28
-77
53
-11
-121
83
132
-36
161
63
-104
64
51
12
276
-102
11
231
-151
8
71
83
137
-52
-16
132
-144
-98
-10
2
-169
-170
48
-62
-143
-95
168
-205
-15
13
-186
54
-209
-84
19
-150
-9
83
-312
-76
11
-220
11
-58
-201
53
-100
-257
0
-149
28
-86
-122
-94
-170
-89
-111
-62
-179
-64
-73
-40
-92
-101
-27
91
-42
-117
-5
-160
34
-144
-210
-30
-146
-114
-134
-280
81
5
-348
42
-93
-229
-112
-224
-136
-79
-124
22
-106
-154
83
1
60
196
166
132
160
42
163
146
152
274
230
266
149
258
237
402
203
172
356
127
259
284
225
71
158
73
15
77
267
143
-17
170
-10
93
112
261
182
94
125
49
64
200
173
218
341
-12
453
183
125
470
67
327
210
66
290
244
-5
123
92
31
319
205
184
233
84
94
117
106
194
53
134
222
-8
-6
83
16
8
140
-28
87
74
-107
160
-74
51
88
-157
160
-39
-78
71
-26
68
74
27
43
198
122
-17
102
72
47
-22
-80
-240
-102
243
101
195
176
-50
-83
-27
74
223
149
50
101
-210
-106
161
15
-29
115
4
0
90
-80
-115
-239
-184
77
204
36
-3
-101
-184
32
-69
93
143
-101
-68
-159
-91
73
-40
-110
-75
-110
-160
10
-128
-247
-188
-250
-134
-191
-194
-293
-257
-250
-271
-113
-141
-120
-214
-324
-348
-191
-100
-69
-109
-213
-183
-113
-215
-255
-57
-161
-66
-21
-90
-32
-133
-211
-137
-90
-10
194
-26
-44
-30
-151
-24
81
40
16
76
-151
-80
-33
-85
33
-127
-223
-18
-1
-138
-114
-106
-158
-114
-139
-124
47
-176
-183
-141
-194
-17
73
67
80
-82
-296
-153
-166
-47
12
2
18
-117
-207
-130
-92
-161
16
3
-62
-51
-95
-130
-108
-104
-15
101
111
70
-43
-61
24
23
17
34
-28
32
40
110
93
38
10
-62
-3
95
123
-36
-69
-127
-137
-114
-63
59
67
-104
-135
-28
-86
73
85
82
87
45
-73
-44
120
-30
109
106
49
107
36
23
24
46
-3
53
11
17
210
81
31
76
-88
-1
95
0
-68
-104
-69
-73
-154
-126
-31
-79
-166
-211
-249
-220
-246
-233
-155
-162
-26
-48
-115
-54
-110
-61
-22
31
121
9
-93
-50
-11
91
104
51
23
79
90
80
182
136
153
21
-1
121
169
204
162
251
305
347
415
455
372
337
548
692
716
794
702
688
774
697
805
864
671
542
495
508
569
578
523
432
428
394
444
492
484
484
443
426
438
441
403
496
536
689
765
694
744
726
754
772
915
1110
1088
875
536
289
35
-212
-475
-817
-1120
-1589
-2029
-2253
-2325
-2423
-2521
-2497
-2586
-2664
-2570
-2315
-2092
-1966
-1848
-1614
-1383
-1310
-1058
-841
-707
-611
-570
-395
-409
-347
-219
-71
90
84
140
250
329
334
374
355
302
114
12
-43
-222
-358
-506
-525
-734
-739
-670
-701
-589
-553
-407
-299
-134
54
318
518
582
697
835
920
928
1018
972
1023
1038
1036
1145
1164
1327
1495
1625
1769
1800
1900
2113
2179
2114
2175
2230
2159
2239
2232
2246
2248
2147
2088
2146
2265
2274
2248
2247
2321
2263
2349
2538
2604
2335
1652
1020
705
510
19
-747
-1543
-2287
-3147
-3783
-3858
-3834
-4040
-4254
-4383
-4333
-4124
-3632
-2889
-2409
-2260
-2077
-1778
-1354
-921
-632
-249
-162
-175
-55
112
387
668
962
1097
1230
1286
1466
1767
1975
2071
2043
1916
1703
1473
1248
1096
716
326
-156
-792
-1126
-1436
-1645
-1778
-2038
-2202
-2408
-2424
-2282
-2191
-1978
-1879
-1884
-1804
-1709
-1539
-1272
-1043
-784
-757
-668
-482
-360
-29
115
254
294
265
377
409
576
729
769
894
825
808
968
1018
1124
1140
1051
1035
1038
1050
1161
1236
1249
1217
1253
1336
1407
1587
1667
1724
1810
1869
2130
2245
2271
2438
2413
2458
2475
2683
2684
2067
1245
429
109
-382
-1351
-2270
-3132
-4113
-5158
-5690
-5583
-5628
-5850
-5968
-5820
-5550
-5194
-4299
-3301
-2694
-2386
-1980
-1440
-815
-304
310
770
826
1005
1133
1498
1960
2323
2740
2827
2890
3022
3133
3415
3503
3458
3215
2732
2374
1990
1583
1107
560
19
-705
-1388
-1885
-2203
-2288
-2388
-2555
-2641
-2679
-2531
-2268
-2044
-1751
-1610
-1479
-1458
-1517
-1323
-1137
-968
-854
-702
-474
-308
-89
265
546
741
916
1009
1176
1272
1317
1274
1127
992
823
731
710
641
688
691
658
719
768
971
1171
1404
1461
1465
1525
1543
1603
1644
1620
1531
1458
1419
1520
1664
1835
1923
2022
1964
2145
2304
2595
2852
2328
1467
324
-5
-174
-985
-2041
-3147
-4047
-5056
-5945
-5790
-5485
-5582
-5623
-5765
-5346
-4922
-4046
-2700
-1983
-1631
-1433
-958
-157
319
852
1276
1186
1196
1067
1409
1899
2201
2639
2566
2519
2589
2782
3385
3587
3537
3337
2932
2718
2357
2053
1757
1169
592
-40
-553
-839
-1089
-1046
-1076
-1146
-1083
-923
-515
-216
4
48
-106
-248
-289
-343
-448
-708
-969
-1189
-1412
-1462
-1459
-1212
-1104
-1050
-934
-791
-509
-298
-41
58
2
-35
-95
7
183
287
457
529
673
1013
1362
1847
2267
2599
2939
3054
3259
3488
3585
3677
3600
3418
3137
2856
2597
2351
2169
1995
1749
1554
1365
1298
1323
1294
1402
1446
1271
506
-650
-1432
-1715
-2126
-3157
-4346
-5286
-6217
-7054
-7311
-6826
-6399
-6538
-6577
-6181
-5417
-4549
-3477
-2296
-1765
-1622
-1284
-680
29
390
686
810
672
606
767
1258
1722
2032
2053
2102
2250
2579
2946
3351
3569
3378
3256
3065
3104
3077
2876
2531
1965
1366
902
610
414
206
-100
-307
-600
-673
-611
-366
-195
-440
-736
-996
-1086
-1192
-1326
-1466
-1728
-2156
-2390
-2343
-2219
-2026
-1838
-1578
-1388
-1186
-747
-185
363
747
1010
1220
1406
1742
2060
2325
2473
2466
2524
2623
2741
2917
3097
3147
3109
2944
2859
2816
2791
2712
2412
2060
1611
1274
970
683
390
44
-248
-407
-469
-453
-373
-256
-4
150
592
1031
1026
550
-56
-73
-77
-707
-1631
-2429
-3212
-4130
-4872
-4902
-4907
-5261
-5547
-5668
-5357
-4970
-4349
-3497
-3094
-2922
-2792
-2352
-1649
-1264
-939
-743
-759
-690
-594
-125
485
818
1223
1536
1936
2463
2996
3628
4102
4325
4343
4442
4592
4657
4468
4043
3347
2616
2100
1607
1025
261
-374
-937
-1437
-1770
-1947
-1938
-1913
-1984
-2114
-2190
-2124
-2003
-1918
-1905
-2006
-1991
-1957
-1874
-1591
-1357
-1128
-1068
-837
-284
151
615
1035
1478
1791
1905
2087
2329
2483
2467
2283
2022
1878
1651
1540
1382
1108
836
499
381
207
24
-148
-237
-187
-253
-264
-156
16
148
248
348
453
526
714
995
1104
1257
1380
1569
1779
2024
2510
2665
2151
1151
493
435
56
-924
-2039
-3117
-4208
-5434
-6153
-6127
-6356
-6851
-7273
-7298
-6914
-6473
-5525
-4483
-3934
-3565
-3127
-2266
-1355
-634
32
370
572
821
1230
1858
2413
2779
3065
3251
3538
4042
4697
5323
5631
5744
5774
5857
5902
5759
5375
4686
3844
2914
2002
1114
252
-493
-1161
-1769
-2315
-2672
-2740
-2619
-2466
-2270
-2002
-1699
-1358
-1069
-804
-707
-710
-641
-530
-442
-502
-523
-527
-556
-496
-392
-194
45
177
300
448
571
715
819
843
807
696
576
417
250
35
-260
-497
-683
-781
-858
-883
-848
-728
-528
-299
5
313
685
1006
1251
1400
1530
1757
1904
1937
1914
1802
1660
1532
1423
1325
1167
1239
1319
871
-6
-805
-945
-952
-1616
-2563
-3503
-4423
-5339
-6005
-5989
-5964
-6275
-6546
-6541
-6055
-5318
-4301
-3057
-2280
-1770
-1120
-212
971
1825
2401
2680
2704
2910
3210
3553
3827
3905
3822
3659
3632
3857
4245
4632
4762
4684
4515
4406
4488
4461
4092
3350
2408
1541
751
15
-700
-1520
-2337
-3039
-3472
-3566
-3490
-3177
-2812
-2492
-2161
-1765
-1152
-573
-213
-104
-220
-448
-660
-712
-765
-1137
-1597
-1853
-1945
-1929
-1857
-1542
-1143
-828
-484
-112
376
858
1257
1582
1661
1615
1498
1381
1294
1003
659
318
15
-140
-253
-295
-244
-164
67
340
580
900
1143
1395
1545
1500
1433
1354
1257
1072
778
419
115
-92
-99
-54
110
456
413
-51
-656
-735
-365
-445
-1113
-2040
-2903
-3704
-4343
-4574
-4625
-4999
-5505
-5803
-5704
-5230
-4509
-3539
-2751
-2282
-1802
-1091
-94
966
1767
2235
2346
2364
2477
2696
3020
3202
3164
2911
2662
2731
3096
3617
4027
4181
4158
4150
4281
4433
4338
3861
3123
2237
1375
512
-323
-1111
-1928
-2674
-3238
-3489
-3440
-3121
-2622
-2055
-1553
-1003
-353
395
998
1157
1172
1087
949
749
418
90
-318
-856
-1215
-1348
-1274
-1136
-1058
-854
-661
-338
93
500
852
992
964
814
576
300
-19
-400
-835
-1357
-1788
-2067
-2125
-1992
-1860
-1644
-1316
-828
-234
314
865
1292
1566
1799
1928
1981
1868
1730
1630
1373
1097
969
1029
1232
1409
1719
2173
2278
1960
1483
1437
1606
1256
400
-639
-1636
-2722
-3743
-4309
-4615
-5165
-5808
-6238
-6177
-5762
-5093
-4038
-3111
-2400
-1744
-857
350
1422
2159
2490
2540
2621
2764
2918
3078
3107
3005
2798
2688
2907
3286
3718
4014
4139
4152
4152
4271
4278
4002
3371
2539
1610
699
-108
-905
-1731
-2524
-3086
-3417
-3479
-3279
-2783
-2204
-1738
-1286
-705
58
743
1284
1551
1438
1177
958
804
566
76
-440
-930
-1440
-1736
-1814
-1719
-1628
-1554
-1326
-1028
-709
-406
-145
32
-50
-259
-481
-663
-787
-1084
-1408
-1650
-1840
-1810
-1645
-1316
-867
-490
-9
525
1143
1678
2063
2428
2634
2719
2591
2431
2289
2066
1818
1589
1424
1360
1312
1325
1535
1777
2191
2467
2284
1702
1160
1084
878
159
-933
-2052
-3134
-4287
-5100
-5341
-5477
-5901
-6344
-6369
-5938
-5307
-4295
-3100
-2209
-1629
-1081
-192
793
1572
2081
2269
2185
2012
1955
2056
2202
2229
2087
1915
1933
2225
2691
3078
3305
3351
3230
3132
3036
2871
2496
1839
1067
220
-526
-1108
-1617
-2122
-2581
-2835
-2966
-2966
-2680
-2101
-1469
-966
-507
54
638
1180
1581
1801
1831
1568
1317
1053
648
71
-515
-881
-1333
-1796
-2037
-2056
-1917
-1804
-1570
-1296
-1166
-883
-524
-233
-176
-335
-364
-454
-616
-776
-979
-1094
-1199
-1173
-969
-746
-433
-31
401
829
1155
1444
1725
1974
2161
2124
2058
1931
1733
1546
1293
1184
1099
1011
991
1003
1109
1360
1860
2413
2428
1860
1235
1060
1205
814
-85
-1184
-2292
-3313
-4217
-4551
-4662
-5017
-5447
-5638
-5384
-4782
-3913
-2787
-1904
-1432
-937
-235
764
1629
2175
2405
2269
2162
2149
2316
2562
2613
2430
2023
1819
1987
2250
2522
2678
2681
2484
2229
2250
2296
2122
1673
985
245
-465
-928
-1204
-1553
-2018
-2475
-2680
-2622
-2305
-1735
-1103
-534
-52
415
1003
1632
2149
2444
2463
2226
1717
1198
791
294
-545
-1648
-2417
-2816
-3122
-3323
-3360
-3278
-3224
-3038
-2546
-2007
-1557
-1221
-1003
-837
-811
-683
-473
-406
-436
-582
-572
-376
-78
343
737
1174
1549
1852
2283
2776
3204
3373
3347
3258
3019
2710
2424
2121
1726
1218
808
574
431
455
581
778
1017
1276
1778
2184
2068
1571
1178
1164
830
-97
-1080
-1993
-3020
-4205
-4885
-4949
-5214
-5650
-5804
-5478
-4962
-4406
-3392
-2295
-1607
-1053
-403
334
920
1323
1588
1523
1253
977
834
825
828
795
663
693
981
1331
1777
2305
2778
2964
2900
2949
3051
2967
2696
2172
1433
624
0
-307
-631
-1018
-1311
-1432
-1365
-1112
-560
118
640
1007
1358
1724
1988
2076
2087
1874
1337
606
-149
-706
-1270
-1934
-2673
-3390
-3757
-3795
-3712
-3601
-3413
-3135
-2778
-2346
-1806
-1276
-910
-640
-425
-330
-326
-233
25
227
209
180
300
538
772
1001
1323
1595
1763
1908
2038
2147
2162
2044
1806
1479
1122
743
433
277
171
32
-13
161
574
1023
1397
1786
2210
2644
3104
3447
3238
2497
1718
1335
1053
244
-886
-1944
-2941
-3970
-4697
-4789
-4762
-5066
-5363
-5315
-4976
-4459
-3590
-2501
-1845
-1638
-1367
-768
-62
472
818
814
576
421
532
879
1258
1587
1687
1633
1825
2355
3003
3573
3873
3804
3487
3327
3455
3439
3051
2421
1705
928
344
149
60
-256
-723
-983
-1004
-876
-525
14
470
570
496
543
669
721
576
194
-391
-1061
-1572
-1862
-2136
-2528
-2898
-3075
-3118
-3047
-2768
-2316
-1960
-1811
-1578
-1200
-837
-523
-230
-10
30
44
249
502
634
672
675
671
739
905
1025
1045
1032
1044
1019
943
905
839
725
660
585
443
301
273
380
467
502
636
896
1193
1570
1960
2218
2319
2434
2678
2844
2924
2969
2686
1880
1025
668
510
-159
-1285
-2254
-3046
-3925
-4626
-4768
-4764
-5100
-5447
-5327
-4952
-4567
-3855
-2851
-2170
-1918
-1473
-652
114
660
1110
1389
1429
1489
1725
1963
2112
2242
2271
2197
2267
2573
2903
3098
3190
3059
2728
2582
2701
2683
2277
1763
1299
737
260
181
225
-59
-503
-685
-664
-678
-568
-300
-212
-384
-564
-564
-514
-457
-437
-643
-1031
-1375
-1397
-1256
-1204
-1293
-1545
-1760
-1826
-1804
-1753
-1694
-1632
-1694
-1842
-1756
-1492
-1213
-906
-624
-392
-326
-179
207
517
615
545
419
305
203
207
192
15
-206
-428
-548
-530
-391
-173
-36
52
207
412
678
970
1189
1293
1350
1497
1631
1692
1764
1851
1892
1906
2022
2157
2219
2347
2533
2422
1730
916
564
346
-281
-1266
-2188
-3096
-4189
-4960
-5086
-5030
-5266
-5483
-5259
-4840
-4299
-3391
-2260
-1435
-1080
-689
-47
556
987
1195
1156
950
736
594
495
560
763
845
857
1075
1505
1996
2483
3025
3377
3410
3478
3649
3693
3420
2979
2525
1957
1432
1046
688
315
13
-154
-303
-418
-396
-285
-239
-294
-349
-466
-682
-861
-1003
-1255
-1640
-2000
-2181
-2273
-2346
-2335
-2320
-2415
-2535
-2355
-1916
-1625
-1587
-1524
-1263
-1079
-1036
-820
-477
-305
-315
-243
-84
-86
-143
-61
18
-131
-367
-357
-259
-276
-308
-273
-163
7
287
617
952
1268
1581
1876
2140
2397
2575
2691
2790
2849
2745
2592
2594
2685
2755
2778
2777
2705
2631
2722
2903
2937
2809
2515
1812
749
-58
-383
-898
-1970
-3129
-3973
-4794
-5555
-5680
-5316
-5169
-5300
-5101
-4505
-3921
-3213
-2172
-1300
-1051
-959
-503
55
385
608
791
791
677
758
1125
1644
2216
2646
2900
3207
3709
4228
4625
4965
5086
4755
4264
4077
3944
3439
2751
2142
1461
692
237
68
-262
-707
-924
-1014
-1291
-1553
-1492
-1391
-1533
-1781
-1883
-1903
-1953
-1844
-1759
-1791
-1766
-1625
-1369
-1142
-891
-638
-494
-452
-446
-374
-300
-310
-426
-662
-901
-1091
-1250
-1292
-1277
-1340
-1499
-1581
-1469
-1313
-1186
-1009
-805
-692
-609
-399
-71
226
489
718
848
970
1206
1553
1859
2015
2027
1965
1939
2020
2108
2114
2039
1895
1692
1517
1572
1740
1723
1523
1360
1302
1255
1237
1251
1145
890
563
-14
-863
-1562
-1810
-2007
-2638
-3378
-3853
-4277
-4692
-4632
-4024
-3622
-3663
-3524
-3033
-2589
-2200
-1543
-841
-565
-526
-283
71
379
808
1375
1732
1805
2021
2509
3083
3647
4088
4274
4280
4324
4365
4266
4139
4025
3638
2928
2299
1903
1506
1041
646
224
-380
-953
-1233
-1380
-1658
-1979
-2226
-2527
-2844
-2926
-2799
-2756
-2818
-2762
-2620
-2489
-2260
-1866
-1461
-1215
-1057
-918
-772
-550
-335
-288
-531
-836
-965
-1016
-1146
-1338
-1490
-1664
-1889
-2063
-2047
-1906
-1796
-1703
-1605
-1532
-1435
-1182
-783
-383
-70
226
562
872
1241
1655
1971
2145
2219
2239
2201
2131
2057
1932
1754
1592
1421
1280
1243
1283
1281
1208
1107
971
855
844
923
881
679
536
484
445
465
610
827
960
785
274
-225
-356
-291
-533
-1048
-1464
-1930
-2574
-2899
-2613
-2273
-2318
-2410
-2275
-2154
-2003
-1393
-582
-175
-89
120
434
755
1253
1867
2247
2344
2446
2573
2720
3056
3472
3582
3423
3265
3057
2785
2750
2912
2734
2167
1664
1344
968
636
482
134
-601
-1314
-1749
-2150
-2531
-2728
-2860
-3175
-3469
-3383
-3046
-2634
-2170
-1775
-1590
-1454
-1085
-634
-398
-302
-250
-330
-526
-615
-539
-571
-737
-852
-1013
-1311
-1468
-1311
-1106
-1167
-1303
-1310
-1355
-1390
-1165
-725
-463
-431
-319
-98
147
480
919
1201
1212
1194
1253
1306
1305
1308
1231
928
496
167
-4
-79
-135
-302
-576
-784
-774
-575
-320
-94
-11
-77
-152
-120
22
218
401
472
406
358
526
876
1247
1625
1989
2104
1726
1118
846
959
821
169
-525
-1059
-1704
-2357
-2407
-1944
-1784
-2016
-2051
-1875
-1751
-1366
-539
122
215
257
643
1084
1477
2080
2697
2934
2934
2961
3038
3220
3524
3654
3322
2840
2524
2250
2000
1888
1720
1252
771
477
97
-329
-507
-627
-1125
-1767
-2075
-2308
-2670
-2731
-2484
-2445
-2610
-2444
-1991
-1722
-1470
-1032
-768
-846
-879
-736
-769
-938
-952
-946
-1183
-1402
-1255
-953
-733
-533
-374
-304
-237
-125
-12
54
26
-175
-509
-728
-766
-794
-759
-571
-386
-337
-248
103
518
798
974
937
663
359
171
-41
-384
-751
-1147
-1571
-1863
-1888
-1761
-1599
-1384
-1161
-988
-815
-524
-135
237
507
612
601
642
758
892
1067
1310
1569
1761
2002
2336
2653
2974
3355
3724
3853
3551
2786
1910
1377
1024
350
-507
-1049
-1568
-2448
-3067
-2821
-2267
-2086
-1963
-1640
-1551
-1483
-803
61
283
211
549
854
731
843
1514
2032
2025
1964
1950
1838
1872
2088
2071
1740
1524
1360
1027
822
895
953
835
774
651
249
-13
-8
-206
-727
-1117
-1325
-1777
-2196
-2130
-1899
-1859
-1736
-1372
-1150
-1033
-639
-200
-99
-159
-116
-192
-434
-465
-311
-231
-204
26
354
544
787
1153
1442
1534
1475
1264
888
550
309
5
-367
-697
-993
-1318
-1504
-1404
-1205
-1089
-1063
-1128
-1355
-1632
-1809
-1959
-2234
-2566
-2791
-2925
-2961
-2794
-2421
-2046
-1763
-1406
-873
-328
145
606
987
1220
1383
1549
1682
1813
2035
2289
2393
2395
2453
2532
2584
2666
2785
2803
2677
2530
2379
2203
2062
2036
2115
1934
1228
283
-299
-440
-696
-1122
-1311
-1486
-2107
-2721
-2548
-1854
-1429
-1265
-1050
-1050
-1271
-1068
-418
-40
-11
96
126
-130
-186
338
970
1233
1329
1339
1153
1044
1271
1594
1670
1474
1076
593
295
300
360
369
336
39
-487
-814
-789
-822
-1024
-1094
-1194
-1567
-1870
-1676
-1253
-1002
-718
-370
-320
-488
-404
-108
-36
-187
-321
-488
-696
-654
-228
275
622
912
1192
1433
1636
1809
1809
1507
983
304
-498
-1353
-2132
-2718
-3083
-3317
-3417
-3386
-3254
-3039
-2710
-2238
-1786
-1508
-1407
-1428
-1587
-1720
-1737
-1728
-1645
-1445
-1119
-702
-188
485
1220
1824
2294
2609
2665
2546
2408
2297
2150
1996
1921
1875
1777
1770
1934
2129
2221
2184
2039
1777
1439
1161
990
830
686
600
575
620
764
1167
1649
1613
954
277
-16
-219
-600
-872
-1023
-1534
-2242
-2429
-1985
-1488
-1142
-747
-524
-677
-755
-413
-23
146
264
410
409
364
609
1090
1547
1883
2039
1890
1572
1291
1104
1040
973
724
269
-95
-176
-82
131
444
625
489
296
204
-15
-359
-563
-688
-993
-1370
-1562
-1577
-1424
-1049
-630
-444
-440
-335
-167
-70
0
24
-92
-295
-386
-341
-305
-249
-63
131
146
-6
-140
-227
-412
-695
-1005
-1356
-1842
-2307
-2512
-2504
-2435
-2337
-2176
-2043
-1984
-1889
-1723
-1613
-1552
-1507
-1496
-1531
-1501
-1210
-755
-234
359
1005
1563
1905
2147
2360
2472
2420
2224
1944
1537
1081
779
731
868
1006
1137
1231
1270
1320
1338
1283
1112
812
397
-29
-323
-452
-420
-203
138
446
708
1075
1569
2079
2590
2958
2807
2010
1101
622
519
567
622
557
287
-4
-73
82
365
640
629
101
-710
-1343
-1678
-1812
-1727
-1518
-1358
-1264
-1097
-814
-372
260
828
1012
790
497
268
93
126
379
634
696
696
744
800
918
1104
1180
995
600
67
-634
-1289
-1655
-1829
-1956
-2093
-2151
-2122
-2060
-1889
-1658
-1505
-1463
-1476
-1516
-1551
-1490
-1324
-1105
-817
-413
-1
248
458
769
999
996
801
483
45
-488
-1028
-1484
-1815
-2023
-2125
-2192
-2230
-2217
-2136
-1987
-1791
-1579
-1444
-1357
-1268
-1172
-990
-726
-444
-128
263
689
1032
1271
1518
1797
1984
1989
1849
1627
1386
1173
943
766
712
717
645
526
508
482
409
321
241
187
83
-47
-207
-361
-376
-183
149
515
935
1362
1731
2089
2492
2942
3327
3612
3836
3951
3830
3346
2589
1859
1412
1234
1047
717
288
-125
-470
-718
-761
-682
-653
-782
-1017
-1184
-1223
-1170
-1091
-942
-607
-150
250
469
567
663
756
859
947
983
979
904
761
658
720
893
975
833
517
105
-410
-945
-1366
-1683
-1955
-2261
-2542
-2663
-2615
-2392
-2066
-1650
-1177
-787
-556
-481
-451
-423
-467
-585
-694
-693
-638
-603
-572
-493
-386
-350
-322
-337
-470
-684
-865
-990
-1151
-1266
-1244
-1109
-982
-845
-677
-595
-615
-623
-476
-304
-234
-256
-357
-485
-550
-501
-360
-156
67
217
244
222
221
244
205
129
51
-19
-73
-180
-314
-412
-361
-211
-84
34
186
360
418
334
228
184
208
241
298
392
509
699
924
1110
1260
1424
1532
1574
1584
1572
1556
1465
1378
1395
1550
1829
2181
2449
2428
2007
1330
776
494
372
187
-103
-506
-938
-1265
-1417
-1320
-1121
-892
-751
-652
-436
-102
218
328
365
507
791
1061
1083
836
373
-131
-482
-656
-625
-547
-557
-629
-740
-764
-735
-665
-652
-716
-752
-721
-604
-606
-670
-712
-741
-698
-598
-449
-366
-420
-557
-637
-567
-413
-245
-126
-46
4
-17
-78
-171
-333
-555
-809
-1062
-1299
-1469
-1593
-1660
-1639
-1515
-1290
-1033
-762
-518
-360
-295
-314
-438
-646
-849
-897
-781
-621
-525
-497
-454
-371
-221
-18
166
244
178
25
-132
-228
-306
-393
-473
-548
-535
-450
-324
-232
-276
-394
-521
-585
-579
-528
-431
-379
-365
-309
-179
-10
143
308
522
774
1063
1297
1427
1475
1538
1596
1557
1477
1416
1405
1408
1500
1641
1706
1752
1863
2100
2425
2789
3069
3084
2700
2040
1478
1202
1174
1271
1378
1456
1455
1330
1154
1035
919
716
422
124
-38
-74
-96
-211
-401
-471
-289
78
353
368
138
-245
-709
-1237
-1687
-1989
-2139
-2187
-2135
-1889
-1510
-1124
-809
-535
-239
116
434
582
551
398
181
-94
-375
-576
-673
-709
-697
-647
-597
-613
-750
-962
-1117
-1165
-1159
-1163
-1223
-1261
-1249
-1182
-1058
-913
-743
-529
-268
-49
104
248
413
555
586
566
627
783
925
986
975
952
897
733
480
180
-169
-539
-919
-1269
-1528
-1747
-1865
-1884
-1809
-1653
-1471
-1280
-1158
-1122
-1112
-1061
-999
-1003
-1077
-1131
-1108
-1009
-839
-595
-347
-149
44
303
623
875
1029
1075
1046
994
962
1046
1201
1325
1431
1572
1669
1665
1598
1516
1427
1310
1205
1164
1153
1155
1231
1470
1882
2388
2903
3307
3625
3810
3722
3378
2896
2472
2185
2020
1915
1838
1746
1591
1360
1030
657
237
-206
-595
-832
-874
-842
-904
-1166
-1569
-1895
-2015
-2018
-2079
-2222
-2412
-2610
-2742
-2740
-2600
-2431
-2253
-2017
-1712
-1336
-907
-555
-446
-519
-592
-557
-471
-406
-355
-340
-354
-350
-283
-222
-184
-132
-59
67
245
406
462
360
167
0
-76
-90
-130
-233
-379
-519
-635
-699
-756
-827
-859
-803
-619
-377
-97
109
83
-130
-391
-633
-840
-1009
-1171
-1326
-1441
-1473
-1376
-1266
-1212
-1179
-1210
-1263
-1271
-1264
-1328
-1459
-1571
-1611
-1559
-1420
-1215
-1036
-907
-744
-584
-483
-443
-451
-475
-478
-383
-224
-19
235
481
694
888
1142
1411
1617
1747
1767
1710
1570
1376
1164
953
807
742
720
730
820
956
1064
1189
1366
1513
1605
1695
1818
1916
2019
2209
2459
2720
2996
3299
3507
3620
3603
3403
3092
2735
2454
2183
1872
1628
1404
1144
861
598
326
-73
-569
-1104
-1582
-1978
-2332
-2650
-2984
-3245
-3379
-3410
-3296
-3025
-2679
-2354
-2100
-1900
-1726
-1574
-1430
-1273
-1107
-885
-570
-228
93
386
663
875
1021
1209
1431
1597
1658
1660
1614
1481
1344
1236
1087
876
681
557
389
140
-141
-406
-657
-825
-870
-904
-937
-947
-869
-782
-750
-715
-695
-714
-740
-742
-761
-852
-997
-1136
-1263
-1345
-1363
-1365
-1398
-1438
-1433
-1382
-1320
-1271
-1268
-1313
-1336
-1359
-1425
-1464
-1507
-1633
-1836
-1999
-2020
-1955
-1820
-1568
-1230
-839
-422
-17
314
611
871
1049
1144
1156
1096
1010
975
1031
1166
1318
1485
1669
1852
2059
2286
2432
2448
2367
2227
2080
1916
1800
1725
1643
1555
1469
1495
1613
1751
1910
2105
2323
2517
2679
2770
2773
2746
2729
2803
2915
2992
3042
2950
2674
2244
1805
1436
1076
694
293
-77
-448
-878
-1358
-1846
-2333
-2811
-3258
-3592
-3800
-3927
-4008
-4045
-4018
-3903
-3589
-3100
-2560
-2071
-1592
-1128
-742
-437
-177
118
394
670
941
1191
1420
1628
1791
1844
1819
1748
1698
1659
1625
1555
1400
1202
961
683
422
206
-30
-317
-605
-817
-1003
-1240
-1497
-1716
-1855
-1884
-1768
-1596
-1477
-1406
-1322
-1245
-1213
-1206
-1217
-1295
-1435
-1580
-1731
-1922
-2147
-2291
-2341
-2339
-2339
-2361
-2375
-2375
-2351
-2308
-2198
-2049
-1939
-1883
-1825
-1749
-1693
-1643
-1596
-1538
-1418
-1165
-738
-206
336
858
1279
1596
1877
2139
2324
2402
2404
2308
2134
1908
1717
1594
1484
1413
1390
1429
1539
1593
1587
1554
1483
1433
1373
1306
1218
1150
1079
1005
976
953
950
959
1047
1211
1410
1555
1601
1609
1617
1690
1799
1905
1969
1982
1993
1999
1977
1929
1797
1511
1101
694
406
229
136
27
-161
-410
-690
-984
-1295
-1577
-1792
-1915
-1961
-1904
-1744
-1588
-1460
-1349
-1193
-942
-645
-369
-227
-216
-193
-109
57
312
606
874
1093
1295
1486
1648
1724
1688
1529
1303
1114
1008
927
814
651
430
155
-152
-488
-852
-1178
-1459
-1689
-1894
-2080
-2243
-2428
-2575
-2636
-2584
-2480
-2399
-2368
-2367
-2320
-2213
-2054
-1894
-1735
-1584
-1462
-1342
-1216
-1123
-1064
-1005
-954
-907
-798
-613
-418
-262
-187
-182
-259
-336
-391
-501
-620
-738
-823
-859
-813
-645
-426
-204
8
246
526
815
1050
1216
1342
1464
1574
1638
1685
1696
1651
1593
1560
1556
1535
1432
1256
1020
812
710
624
537
469
434
366
251
142
34
-82
-194
-282
-365
-364
-219
29
295
588
969
1366
1663
1898
2114
2268
2392
2497
2579
2568
2481
2398
2343
2357
2353
2259
2027
1651
1237
907
696
551
384
170
-15
-177
-386
-624
-834
-1044
-1251
-1368
-1349
-1226
-1061
-889
-702
-510
-295
-41
188
384
517
573
596
620
649
676
650
566
453
320
222
73
-166
-475
-835
-1161
-1383
-1489
-1564
-1646
-1776
-1907
-2043
-2140
-2152
-2169
-2183
-2162
-2058
-1930
-1784
-1633
-1547
-1512
-1430
-1310
-1218
-1127
-993
-843
-766
-728
-712
-802
-976
-1107
-1234
-1383
-1459
-1454
-1467
-1553
-1643
-1689
-1703
-1718
-1688
-1621
-1554
-1450
-1346
-1265
-1162
-997
-784
-529
-231
92
411
674
905
1051
1149
1268
1380
1466
1522
1563
1564
1502
1379
1250
1143
1040
935
809
687
637
606
535
421
277
176
122
144
215
325
432
505
604
751
919
1038
1096
1135
1195
1286
1427
1631
1870
2058
2181
2221
2171
2097
2057
2078
2063
2026
1980
1938
1929
1930
1954
1975
1990
1966
1896
1776
1597
1384
1109
820
615
506
487
508
507
514
476
351
140
-90
-305
-469
-523
-525
-467
-446
-492
-571
-686
-775
-847
-915
-992
-1097
-1211
-1273
-1281
-1267
-1224
-1194
-1157
-1121
-1118
-1128
-1211
-1358
-1476
-1550
-1594
-1606
-1557
-1454
-1334
-1233
-1195
-1208
-1271
-1365
-1431
-1477
-1469
-1397
-1294
-1200
-1139
-1102
-1093
-1081
-1111
-1189
-1299
-1467
-1673
-1878
-1997
-2007
-1939
-1819
-1675
-1499
-1297
-1091
-896
-739
-633
-543
-430
-330
-244
-88
91
288
484
670
872
1006
1103
1198
1276
1317
1306
1293
1288
1328
1386
1400
1328
1162
957
722
502
324
127
-90
-300
-503
-667
-772
-846
-914
-941
-913
-818
-693
-562
-401
-250
-65
157
424
746
1087
1423
1739
2042
2323
2532
2679
2784
2867
2933
2979
2990
2946
2884
2774
2667
2593
2502
2443
2382
2292
2152
1935
1689
1439
1228
1064
917
784
664
571
483
394
304
230
168
107
75
44
-12
-89
-129
-164
-210
-269
-339
-392
-489
-627
-752
-895
-1072
-1232
-1382
-1499
-1597
-1683
-1715
-1762
-1829
-1879
-1885
-1866
-1850
-1853
-1866
-1861
-1839
-1767
-1641
-1517
-1415
-1335
-1275
-1222
-1166
-1139
-1155
-1196
-1257
-1286
-1271
-1223
-1139
-1067
-1006
-930
-851
-776
-761
-817
-867
-906
-927
-896
-808
-660
-484
-285
-71
110
213
236
203
103
-29
-174
-323
-439
-525
-575
-591
-595
-591
-602
-661
-767
-885
-955
-957
-930
-872
-809
-755
-667
-585
-504
-416
-325
-252
-202
-115
25
208
463
747
1011
1260
1514
1744
1905
2012
2049
2031
2013
1998
2010
2027
2001
1966
1908
1859
1824
1805
1813
1835
1869
1897
1940
1947
1957
1962
1956
2006
2019
2009
1963
1900
1878
1872
1861
1850
1787
1664
1537
1389
1248
1081
892
718
546
368
211
95
18
-37
-117
-220
-347
-465
-579
-692
-823
-968
-1081
-1185
-1231
-1223
-1184
-1108
-1013
-898
-808
-748
-695
-648
-623
-618
-622
-647
-705
-749
-782
-806
-824
-887
-962
-1062
-1162
-1265
-1343
-1382
-1418
-1439
-1419
-1316
-1199
-1081
-1005
-938
-895
-869
-803
-732
-654
-619
-588
-535
-493
-446
-366
-312
-295
-311
-369
-441
-572
-734
-921
-1112
-1286
-1438
-1570
-1678
-1743
-1788
-1814
-1831
-1833
-1805
-1737
-1635
-1492
-1347
-1222
-1097
-962
-820
-664
-485
-281
-36
205
436
659
875
1057
1164
1219
1236
1216
1167
1122
1079
1017
949
899
834
732
633
548
468
381
288
232
215
229
298
368
428
501
595
702
796
922
1063
1158
1273
1443
1636
1821
1986
2118
2194
2203
2157
2079
1944
1764
1596
1452
1361
1298
1242
1195
1136
1044
903
750
583
393
215
85
11
-32
-44
-1
66
140
196
211
203
166
135
120
134
184
260
351
429
501
545
560
499
347
142
-102
-359
-594
-771
-868
-877
-837
-769
-704
-722
-799
-925
-1080
-1203
-1273
-1293
-1296
-1284
-1244
-1159
-1063
-978
-911
-910
-944
-1002
-1053
-1083
-1110
-1115
-1096
-1045
-987
-912
-849
-818
-834
-903
-988
-1068
-1146
-1186
-1160
-1087
-957
-810
-664
-538
-440
-380
-357
-361
-367
-349
-320
-225
-111
-1
100
161
188
177
120
58
33
-2
-52
-96
-117
-117
-112
-103
-84
-99
-156
-208
-286
-369
-422
-430
-382
-293
-138
47
217
353
435
465
490
530
551
569
601
662
740
846
949
995
982
905
844
790
742
703
673
627
592
598
635
721
803
890
947
962
976
1001
1039
1109
1223
1337
1426
1511
1589
1631
1650
1637
1590
1526
1453
1404
1359
1319
1285
1217
1147
1057
951
832
686
522
346
171
4
-135
-255
-336
-387
-424
-468
-531
-569
-618
-664
-693
-716
-696
-631
-539
-455
-373
-322
-328
-363
-416
-464
-505
-534
-553
-580
-604
-590
-554
-514
-473
-464
-481
-504
-547
-615
-705
-811
-920
-1008
-1058
-1063
-1046
-1038
-1036
-1028
-1006
-998
-984
-955
-919
-862
-795
-726
-688
-694
-722
-763
-817
-891
-986
-1066
-1114
-1148
-1187
-1194
-1180
-1165
-1151
-1137
-1109
-1110
-1123
-1145
-1151
-1111
-1023
-893
-747
-616
-511
-395
-283
-182
-111
-63
7
97
198
317
456
581
685
760
788
788
783
763
735
696
659
650
647
667
717
766
819
842
848
862
830
794
763
743
749
771
816
878
947
1001
1030
1050
1046
1022
1013
996
995
990
969
970
957
945
924
901
904
912
925
972
986
980
958
912
905
904
926
968
991
982
941
916
908
902
916
932
931
892
820
749
668
561
469
396
320
260
203
142
49
-88
-242
-417
-569
-693
-798
-882
-948
-990
-1027
-1067
-1081
-1081
-1065
-1031
-983
-919
-885
-871
-883
-910
-934
-942
-916
-870
-825
-797
-783
-794
-826
-850
-861
-868
-857
-840
-825
-836
-896
-970
-1063
-1175
-1259
-1318
-1367
-1396
-1409
-1419
-1423
-1403
-1362
-1310
-1254
-1186
-1142
-1112
-1090
-1069
-1007
-899
-761
-598
-422
-267
-120
4
100
174
219
253
295
350
410
495
559
611
655
675
672
665
667
645
623
585
550
537
519
535
576
624
659
692
719
738
745
722
725
732
747
777
812
835
839
861
889
895
910
929
939
945
945
974
990
998
999
972
947
908
878
886
915
951
995
1019
1025
1056
1112
1161
1198
1206
1190
1163
1122
1063
1019
970
906
875
835
795
746
691
632
549
456
351
241
133
42
-56
-169
-300
-423
-557
-700
-809
-910
-983
-1005
-1013
-1021
-1035
-1053
-1045
-1049
-1076
-1084
-1113
-1138
-1136
-1128
-1112
-1117
-1119
-1104
-1068
-1010
-941
-871
-837
-828
-842
-903
-974
-1038
-1095
-1124
-1135
-1133
-1126
-1125
-1132
-1161
-1213
-1268
-1287
-1287
-1260
-1192
-1117
-1041
-953
-864
-779
-717
-674
-631
-607
-607
-624
-621
-615
-593
-513
-403
-262
-97
71
229
363
480
566
613
642
682
731
785
843
895
925
942
953
936
887
832
774
703
590
471
366
275
209
156
126
87
59
58
50
32
26
46
91
168
275
412
548
693
866
1019
1154
1304
1432
1515
1564
1593
1623
1651
1689
1713
1727
1750
1745
1729
1691
1595
1478
1352
1216
1079
950
826
684
539
396
239
88
-41
-144
-222
-280
-306
-313
-293
-263
-234
-180
-121
-54
9
45
51
16
-46
-131
-232
-331
-412
-464
-512
-560
-602
-670
-726
-767
-813
-865
-940
-1026
-1119
-1229
-1339
-1418
-1474
-1486
-1450
-1397
-1337
-1277
-1216
-1158
-1113
-1074
-1036
-1008
-985
-947
-896
-852
-797
-727
-662
-620
-597
-575
-589
-613
-631
-677
-691
-707
-727
-714
-718
-714
-688
-668
-638
-601
-564
-523
-471
-416
-368
-292
-215
-147
-72
-29
13
41
67
106
116
113
108
92
68
79
100
120
149
187
254
326
402
476
535
586
632
700
756
800
850
918
1019
1103
1189
1275
1343
1380
1414
1458
1483
1502
1496
1469
1425
1366
1325
1260
1164
1058
928
808
694
570
460
368
283
230
234
238
246
257
274
309
350
395
443
494
518
565
625
684
767
829
878
916
922
917
917
889
835
747
658
575
470
348
223
86
-81
-243
-414
-599
-794
-962
-1091
-1179
-1247
-1294
-1324
-1369
-1398
-1415
-1429
-1446
-1438
-1394
-1337
-1279
-1194
-1075
-975
-887
-805
-740
-691
-650
-612
-583
-586
-602
-592
-565
-546
-517
-498
-514
-528
-572
-630
-685
-749
-793
-824
-849
-846
-821
-810
-789
-778
-802
-811
-832
-871
-883
-862
-797
-721
-638
-567
-509
-449
-389
-338
-296
-248
-187
-119
-61
10
102
193
287
380
460
531
595
635
661
667
655
689
742
777
822
863
881
896
913
920
905
869
851
831
799
779
768
759
745
729
716
706
691
686
662
627
594
570
565
588
621
656
698
724
760
779
776
783
812
840
856
866
873
901
906
904
892
865
843
805
762
711
639
555
480
404
330
284
230
178
135
64
-28
-115
-187
-252
-296
-313
-314
-314
-299
-286
-283
-292
-290
-290
-299
-312
-350
-379
-405
-439
-464
-497
-532
-566
-613
-672
-720
-762
-791
-818
-844
-856
-864
-854
-855
-892
-945
-994
-1049
-1104
-1165
-1222
-1243
-1255
-1237
-1190
-1158
-1115
-1080
-1061
-1039
-1032
-1020
-1008
-982
-925
-867
-800
-751
-709
-662
-622
-579
-540
-506
-469
-443
-403
-328
-268
-206
-158
-136
-100
-90
-77
-69
-80
-84
-77
-53
-25
28
75
94
128
142
173
237
265
306
349
377
409
446
483
499
528
558
590
621
662
716
745
777
813
851
905
972
1037
1093
1122
1128
1139
1161
1197
1240
1289
1323
1337
1351
1355
1351
1357
1363
1372
1379
1361
1340
1298
1245
1198
1119
1040
967
905
852
812
772
725
679
621
569
490
409
320
214
103
-10
-112
-198
-278
-367
-426
-467
-518
-552
-580
-621
-658
-684
-712
-736
-744
-744
-747
-763
-777
-788
-829
-861
-868
-872
-882
-893
-885
-864
-834
-801
-767
-736
-694
-647
-599
-566
-552
-558
-577
-591
-610
-610
-618
-618
-609
-624
-654
-678
-685
-688
-692
-695
-693
-707
-725
-760
-804
-834
-864
-875
-895
-907
-914
-927
-931
-930
-903
-857
-811
-760
-701
-634
-568
-504
-421
-344
-294
-225
-174
-122
-60
0
69
117
175
241
309
381
476
566
639
730
801
874
929
961
975
991
1009
1017
1029
1031
1035
1047
1060
1042
1022
1005
1000
1004
1000
1016
1024
1032
1033
1029
1013
980
946
903
863
822
791
738
702
697
698
711
743
771
759
743
739
728
705
688
657
615
550
489
447
385
311
249
208
153
114
95
86
61
50
48
22
7
-20
-44
-72
-102
-134
-164
-199
-253
-292
-319
-333
-346
-343
-337
-319
-294
-289
-277
-287
-304
-329
-366
-401
-462
-520
-568
-623
-676
-713
-751
-795
-838
-877
-895
-920
-969
-1018
-1052
-1074
-1080
-1090
-1095
-1104
-1115
-1118
-1134
-1128
-1114
-1100
-1064
-1013
-965
-934
-892
-869
-859
-835
-833
-842
-833
-808
-794
-770
-727
-673
-619
-567
-516
-492
-479
-461
-436
-385
-317
-263
-205
-135
-59
15
93
174
237
302
361
410
467
538
600
647
701
755
808
843
858
859
857
877
909
934
940
946
926
878
853
833
801
760
715
676
630
596
564
538
514
491
473
466
472
463
465
452
436
431
437
464
489
513
532
563
578
594
629
656
672
663
659
652
650
642
612
591
583
571
560
553
537
518
483
435
391
347
324
313
285
263
240
201
174
156
137
87
31
-38
-102
-148
-219
-285
-364
-428
-479
-540
-593
-634
-673
-723
-761
-800
-850
-895
-945
-990
-1024
-1071
-1102
-1120
-1138
-1148
-1161
-1150
-1130
-1101
-1068
-1021
-958
-919
-864
-825
-794
-749
-719
-697
-676
-654
-634
-618
-613
-595
-592
-598
-579
-555
-528
-494
-458
-439
-409
-376
-338
-319
-325
-308
-288
-264
-226
-181
-138
-74
0
59
130
211
272
330
391
438
499
547
579
606
630
655
663
655
636
636
638
643
647
644
649
649
646
642
643
651
652
653
663
673
690
701
697
711
721
728
750
749
775
785
771
778
760
748
735
720
703
691
687
659
631
609
595
582
563
545
549
530
490
471
436
410
388
365
367
363
361
372
382
386
389
388
366
344
310
265
230
185
152
113
62
0
-73
-132
-185
-246
-322
-403
-475
-540
-604
-660
-712
-766
-819
-880
-930
-984
-1028
-1044
-1066
-1082
-1064
-1030
-1011
-988
-978
-965
-952
-934
-906
-884
-853
-839
-837
-831
-820
-814
-813
-822
-841
-856
-852
-846
-842
-807
-765
-734
-707
-677
-642
-603
-551
-507
-468
-426
-384
-337
-292
-242
-180
-118
-42
35
115
193
249
293
320
341
378
393
404
424
434
462
471
473
470
440
412
392
365
354
355
347
341
338
326
312
311
324
342
353
366
379
386
391
424
454
473
502
526
567
596
640
686
694
690
702
706
714
738
725
691
652
608
572
546
516
491
459
405
370
327
287
271
250
214
167
135
129
125
110
111
108
101
119
128
131
141
147
141
134
124
112
99
94
92
70
49
17
-20
-47
-63
-94
-149
-198
-228
-248
-269
-290
-318
-339
-369
-416
-439
-442
-454
-464
-476
-465
-462
-465
-455
-470
-481
-494
-508
-506
-514
-529
-541
-556
-551
-530
-516
-494
-464
-454
-449
-443
-454
-465
-476
-477
-474
-461
-452
-443
-413
-390
-354
-329
-301
-263
-222
-180
-145
-108
-91
-72
-55
-52
-43
-54
-87
-106
-117
-135
-144
-141
-149
-151
-140
-141
-131
-131
-144
-139
-144
-138
-115
-91
-55
-15
35
94
148
191
249
311
377
460
524
585
645
704
757
802
836
861
876
891
902
907
924
941
950
925
896
871
841
805
766
734
708
697
682
641
607
583
538
494
478
461
439
427
433
434
430
437
422
383
363
342
321
320
310
290
272
253
227
190
147
96
49
3
-33
-76
-111
-144
-198
-247
-281
-296
-315
-348
-395
-448
-491
-519
-528
-549
-561
-577
-600
-613
-636
-666
-689
-710
-740
-770
-786
-779
-786
-797
-807
-814
-815
-810
-773
-745
-713
-685
-664
-641
-636
-617
-583
-545
-527
-518
-507
-517
-508
-509
-526
-515
-499
-487
-469
-465
-476
-486
-501
-514
-518
-498
-478
-473
-464
-450
-425
-411
-399
-392
-376
-343
-307
-260
-209
-155
-105
-46
28
83
133
171
204
249
274
300
327
345
374
406
412
432
477
500
527
549
572
607
631
647
663
666
665
668
651
647
656
668
693
711
713
730
744
735
744
759
762
772
777
787
790
775
774
762
732
698
659
625
584
551
522
499
471
437
403
354
305
283
254
218
191
161
134
114
99
84
59
41
23
-18
-47
-72
-109
-130
-135
-145
-165
-164
-180
-210
-228
-269
-296
-313
-341
-363
-394
-434
-466
-498
-532
-561
-592
-617
-634
-634
-622
-615
-617
-627
-638
-649
-662
-677
-690
-692
-701
-689
-667
-650
-620
-600
-591
-568
-551
-527
-493
-470
-447
-430
-406
-379
-358
-343
-323
-297
-269
-240
-215
-191
-178
-175
-155
-140
-131
-115
-87
-61
-35
-5
26
62
104
132
152
178
201
231
244
255
267
280
313
348
385
422
451
479
499
529
560
576
583
576
584
600
615
632
634
626
623
615
616
623
632
641
649
657
653
646
639
610
565
541
511
487
483
462
450
448
444
430
411
390
381
379
363
340
315
283
249
230
213
188
162
132
108
83
74
77
72
71
60
45
17
-7
-30
-55
-79
-104
-122
-147
-159
-168
-180
-196
-216
-232
-257
-279
-297
-298
-312
-336
-342
-357
-374
-398
-420
-432
-441
-436
-435
-432
-431
-430
-420
-410
-413
-411
-427
-455
-464
-472
-479
-477
-476
-492
-503
-503
-511
-530
-549
-575
-606
-623
-626
-624
-609
-567
-525
-493
-458
-430
-403
-394
-388
-366
-356
-323
-269
-220
-167
-122
-100
-70
-54
-48
-39
-27
8
45
84
115
137
147
153
156
146
140
131
132
146
167
192
213
210
198
190
177
176
185
197
225
249
281
312
336
352
355
369
380
393
413
423
437
451
451
466
482
474
470
479
493
504
508
502
495
482
473
450
427
429
427
409
385
364
348
332
332
327
284
268
252
229
213
184
177
147
100
77
60
40
23
0
-28
-45
-50
-34
-38
-54
-56
-69
-88
-116
-142
-160
-168
-168
-161
-161
-158
-144
-128
-110
-112
-118
-135
-155
-189
-213
-221
-245
-260
-285
-303
-299
-308
-322
-324
-332
-335
-321
-308
-288
-267
-268
-267
-270
-282
-287
-284
-287
-292
-275
-265
-242
-229
-218
-203
-216
-225
-222
-211
-200
-189
-173
-149
-131
-127
-116
-91
-75
-75
-70
-69
-67
-73
-63
-42
-34
-30
-31
-43
-50
-54
-59
-43
-31
-25
-16
1
20
23
12
-5
0
4
12
35
55
86
112
127
137
156
170
185
202
214
231
232
249
268
288
301
302
312
318
326
335
349
348
346
352
358
350
338
299
239
199
169
142
136
135
118
86
64
42
3
-9
-27
-43
-61
-79
-82
-70
-51
-44
-42
-47
-45
-37
-12
4
26
43
60
91
94
98
98
101
98
103
110
110
123
134
124
108
99
79
70
41
19
3
-22
-26
-41
-73
-112
-143
-157
-164
-171
-196
-218
-239
-259
-252
-261
-269
-259
-267
-268
-271
-277
-259
-241
-231
-192
-163
-156
-121
-94
-85
-74
-83
-85
-71
-62
-39
-40
-55
-44
-39
-59
-77
-87
-111
-130
-151
-171
-178
-183
-164
-159
-167
-166
-185
-202
-214
-226
-218
-211
-198
-168
-158
-138
-117
-100
-80
-69
-55
-36
-9
20
64
100
132
151
159
180
204
219
241
270
272
278
291
305
316
332
352
346
339
329
335
339
321
298
287
298
310
313
303
295
270
257
243
214
209
190
178
178
163
159
153
138
132
120
111
114
110
120
117
102
86
73
77
66
63
72
85
104
118
134
142
156
165
176
166
150
130
105
90
59
35
6
-13
-28
-43
-53
-56
-54
-70
-85
-109
-123
-134
-166
-169
-170
-180
-183
-187
-191
-187
-183
-193
-191
-193
-192
-198
-207
-226
-252
-252
-252
-258
-258
-252
-246
-256
-261
-250
-241
-237
-244
-247
-243
-226
-201
-185
-167
-153
-145
-135
-128
-127
-125
-121
-123
-127
-125
-110
-86
-68
-50
-40
-30
-28
-15
3
15
24
31
28
22
26
19
19
9
-14
-19
-25
-31
-17
-17
-20
-7
-8
-15
-15
-22
-27
-23
-23
-15
6
26
50
75
91
93
94
101
117
142
157
180
197
219
238
225
222
212
202
197
193
196
194
188
186
189
180
182
179
161
148
143
128
127
117
98
98
96
86
73
63
50
51
41
29
20
14
14
-14
-31
-38
-33
-23
-10
-15
-23
-12
-4
5
2
-1
-5
-36
-70
-85
-101
-120
-135
-158
-182
-194
-196
-208
-218
-228
-248
-271
-292
-303
-305
-311
-314
-309
-300
-285
-276
-258
-247
-229
-206
-199
-182
-171
-150
-135
-133
-120
-101
-80
-49
-21
-10
8
22
20
26
43
46
35
27
33
40
50
60
70
74
66
68
54
34
12
0
-20
-44
-60
-58
-45
-40
-17
-10
-2
-8
-14
7
14
24
39
39
30
24
16
18
29
49
83
109
129
154
187
213
241
251
251
258
246
227
222
220
209
197
196
205
208
220
221
218
222
221
213
193
185
174
151
130
123
115
99
87
66
48
45
49
47
59
84
118
141
166
197
215
227
243
254
247
242
231
230
227
224
241
233
228
225
203
188
161
128
114
90
73
69
53
38
28
13
-13
-29
-44
-49
-62
-70
-70
-78
-85
-93
-95
-98
-88
-84
-83
-74
-72
-78
-77
-90
-93
-95
-99
-91
-93
-92
-98
-105
-109
-100
-87
-90
-101
-111
-120
-134
-146
-169
-189
-208
-234
-254
-275
-296
-314
-322
-338
-362
-371
-379
-369
-358
-350
-338
-328
-320
-311
-304
-311
-298
-269
-239
-210
-175
-153
-144
-118
-114
-93
-66
-55
-35
-11
10
30
48
61
72
77
98
111
131
162
177
187
198
210
222
236
227
224
222
205
204
203
194
198
195
197
193
185
187
175
175
169
155
133
131
126
115
107
83
82
68
51
43
24
4
-12
-25
-30
-31
-42
-53
-54
-68
-68
-67
-80
-72
-67
-63
-66
-64
-55
-54
-45
-29
-18
-19
-23
-15
0
9
10
14
8
6
13
8
0
-20
-20
-35
-44
-40
-47
-53
-70
-66
-63
-57
-43
-33
-35
-46
-46
-50
-65
-77
-90
-111
-131
-130
-128
-145
-155
-167
-175
-176
-162
-147
-140
-129
-134
-125
-124
-125
-131
-147
-141
-132
-125
-118
-113
-131
-142
-141
-131
-115
-111
-98
-94
-98
-90
-91
-100
-114
-122
-124
-129
-119
-107
-104
-97
-82
-56
-46
-41
-24
-10
5
14
11
9
10
14
11
13
12
25
39
43
75
110
131
147
157
168
179
174
174
179
177
187
203
204
212
225
218
231
240
241
240
233
226
199
180
175
172
167
164
157
153
169
178
177
181
171
169
184
182
197
207
201
215
227
229
235
231
238
248
229
224
221
211
214
219
219
209
213
211
211
202
180
182
169
146
130
110
91
79
51
41
27
4
0
-15
-28
-34
-48
-54
-48
-65
-71
-72
-90
-108
-115
-105
-98
-76
-67
-57
-52
-49
-43
-54
-72
-91
-101
-118
-124
-134
-152
-156
-155
-157
-149
-146
-150
-150
-163
-176
-193
-208
-228
-248
-246
-248
-236
-212
-200
-196
-194
-202
-216
-230
-247
-250
-243
-233
-225
-220
-196
-172
-153
-137
-124
-117
-124
-135
-143
-143
-149
-152
-143
-143
-132
-122
-116
-101
-92
-93
-115
-142
-167
-191
-212
-226
-223
-224
-223
-226
-230
-226
-211
-185
-163
-144
-132
-124
-127
-121
-101
-84
-62
-41
-14
23
47
67
96
113
117
134
150
161
189
213
240
264
280
293
307
321
320
320
320
320
309
305
303
297
299
293
297
293
291
283
277
266
252
249
223
190
160
146
141
137
138
138
119
97
84
59
32
7
-30
-77
-99
-123
-152
-171
-184
-192
-199
-201
-212
-226
-239
-258
-279
-292
-293
-307
-325
-332
-345
-341
-327
-319
-325
-341
-344
-353
-364
-372
-372
-364
-359
-364
-366
-359
-340
-310
-275
-243
-217
-201
-201
-189
-184
-188
-183
-179
-157
-133
-97
-68
-48
-26
-13
-6
6
29
50
74
95
107
102
99
100
116
127
147
163
154
165
162
151
156
157
134
142
168
165
171
171
176
172
171
184
180
164
160
158
139
140
152
157
181
204
209
216
225
230
244
244
231
225
218
215
214
204
206
216
198
195
195
184
197
195
178
170
170
157
144
141
128
120
116
117
120
115
107
99
89
86
96
90
85
86
85
85
92
98
104
102
88
78
61
57
68
84
87
90
105
111
118
124
112
100
81
59
53
42
37
28
25
32
16
-10
-22
-32
-39
-34
-31
-28
-46
-63
-78
-86
-106
-121
-127
-150
-142
-133
-127
-109
-80
-62
-64
-68
-72
-77
-95
-107
-116
-131
-145
-140
-146
-157
-151
-161
-167
-158
-141
-119
-111
-92
-65
-49
-38
-18
-8
-5
4
0
5
19
19
12
6
-9
-16
-41
-65
-59
-70
-74
-78
-100
-125
-133
-135
-128
-106
-103
-91
-97
-105
-86
-80
-85
-78
-79
-84
-74
-58
-43
-32
-22
-17
-20
-28
-35
-19
-8
5
2
0
10
6
3
10
16
12
27
20
7
12
24
54
62
70
59
31
9
-12
-37
-59
-60
-71
-86
-103
-114
-101
-77
-41
-17
-3
-1
-1
4
14
10
-3
-9
-17
-25
-26
-34
-46
-41
-54
-73
-90
-124
-147
-144
-131
-112
-100
-94
-85
-82
-76
-67
-68
-53
-48
-68
-85
-118
-140
-149
-147
-145
-142
-134
-139
-136
-144
-140
-145
-156
-148
-161
-184
-199
-209
-220
-219
-213
-213
-212
-209
-206
-202
-199
-192
-167
-165
-175
-166
-173
-180
-171
-161
-162
-158
-159
-171
-172
-172
-156
-139
-123
-109
-105
-101
-95
-75
-51
-24
-7
10
22
28
30
40
53
57
74
85
102
110
112
119
127
129
129
143
160
183
191
203
229
239
264
295
301
300
312
318
314
314
306
300
297
307
302
297
294
278
261
262
272
271
287
270
254
251
232
210
200
200
177
165
156
131
122
126
129
118
103
106
114
111
108
106
106
115
119
127
141
142
132
128
129
122
131
140
134
122
114
116
130
138
146
141
145
144
125
127
109
85
77
57
31
22
21
7
-8
-34
-41
-35
-27
-7
-9
-16
-15
-18
-27
-38
-51
-72
-77
-88
-111
-126
-146
-157
-161
-168
-176
-181
-189
-199
-200
-192
-193
-187
-191
-189
-160
-142
-124
-111
-97
-96
-98
-104
-113
-104
-106
-95
-100
-107
-103
-101
-79
-74
-58
-42
-32
-6
18
38
51
84
108
121
142
153
148
160
161
148
140
137
136
120
104
104
107
115
135
139
140
139
123
112
119
122
119
136
140
127
116
92
62
48
29
12
-12
-37
-45
-68
-78
-80
-81
-92
-107
-139
-166
-178
-181
-174
-179
-166
-154
-144
-138
-139
-132
-128
-124
-114
-114
-114
-99
-84
-61
-52
-66
-81
-76
-77
-82
-74
-66
-54
-46
-36
-34
-42
-47
-54
-49
-52
-63
-54
-62
-77
-85
-104
-132
-164
-179
-192
-212
-231
-249
-266
-283
-286
-295
-302
-286
-277
-261
-261
-264
-271
-289
-286
-289
-288
-278
-273
-262
-258
-260
-260
-250
-233
-233
-236
-229
-229
-230
-224
-218
-211
-197
-191
-186
-177
-164
-147
-130
-94
-66
-52
-21
-12
-2
-1
7
18
19
34
32
35
25
26
33
34
36
38
36
36
48
34
39
58
67
96
101
104
121
136
149
162
160
147
151
153
161
160
152
158
167
161
172
197
204
232
249
256
265
268
281
304
323
323
322
310
321
325
323
338
358
367
368
385
386
394
398
396
399
388
374
372
384
402
415
423
431
438
448
430
402
385
362
357
341
311
291
273
255
242
226
204
195
180
157
135
108
82
61
29
-12
-36
-68
-84
-100
-115
-132
-165
-178
-196
-213
-243
-266
-278
-288
-293
-304
-293
-293
-297
-311
-325
-321
-312
-309
-318
-325
-338
-349
-357
-357
-364
-363
-362
-365
-350
-331
-323
-314
-294
-280
-273
-265
-262
-255
-236
-224
-218
-209
-202
-188
-181
-175
-160
-150
-136
-124
-108
-91
-63
-40
-31
-11
-3
10
28
43
