27
22
27
40
44
57
65
66
59
48
46
38
21
9
8
-7
-12
-20
-28
-37
-29
-10
-10
-14
-12
-17
-31
-18
-18
-28
-28
-26
-28
-37
-37
-32
-31
-41
-36
-35
-32
-19
-16
-25
-33
-27
-32
-49
-65
-68
-75
-73
-69
-75
-82
-92
-94
-90
-81
-85
-84
-82
-88
-71
-53
-42
-28
-16
-20
-19
-12
-13
-6
6
17
8
12
7
8
12
6
8
2
4
5
9
6
8
8
9
0
-6
-7
-26
-39
-45
-51
-51
-40
-33
-25
-26
-30
-30
-43
-46
-43
-33
-22
-22
-11
-15
-16
-2
-10
-5
-8
-13
-9
8
2
-4
1
-1
2
-15
-22
-20
-19
-9
0
-8
-3
3
13
24
21
25
28
47
42
38
42
37
37
37
32
32
39
34
50
51
46
46
38
40
48
53
46
42
34
22
26
25
6
-5
-5
-7
14
35
46
53
55
52
20
26
25
3
18
21
31
54
49
40
46
36
54
53
51
65
56
63
73
73
75
71
56
35
22
5
-10
-1
-17
-35
-37
-42
-41
-38
-43
-52
-59
-62
-53
-44
-41
-35
-32
-23
-16
-13
-15
-24
-15
-24
-21
-6
-11
-4
-6
-3
0
-1
-1
-2
-8
-10
-11
-12
-12
0
17
20
27
29
16
8
19
17
12
12
11
19
24
22
6
-7
-14
-5
-8
-22
-23
-35
-42
-40
-40
-26
-6
-5
10
12
11
20
21
22
16
7
-14
-2
-5
-12
-8
-21
-9
0
8
12
15
12
22
29
25
31
27
13
0
-4
-10
-5
-4
-21
-13
-1
4
13
17
21
19
26
25
19
24
26
25
25
35
42
45
43
44
43
43
50
65
81
94
89
76
75
73
68
44
33
27
25
29
29
25
20
23
6
-12
-21
-22
-24
-16
-9
-10
-8
-15
-25
-44
-54
-48
-49
-56
-69
-63
-56
-52
-34
-19
-5
-9
-3
-7
-22
-34
-49
-62
-71
-79
-91
-81
-79
-83
-78
-68
-56
-56
-62
-62
-58
-71
-78
-79
-93
-99
-91
-83
-76
-69
-67
-50
-41
-38
-21
-18
-19
-9
-2
-11
-23
-21
-18
-1
6
7
22
22
15
16
18
19
20
16
14
14
7
6
-7
-3
1
1
17
11
11
14
19
20
23
25
24
28
22
23
26
26
38
37
35
51
39
41
59
48
60
53
35
43
32
34
43
28
38
44
24
38
33
21
32
17
11
15
6
-5
-7
-10
-26
-39
-41
-37
-25
-32
-36
-24
-40
-49
-45
-39
-42
-47
-29
-27
-14
-3
4
25
27
35
56
50
33
47
44
33
46
40
26
37
34
36
43
44
46
43
45
27
25
16
20
14
2
0
-11
-6
-20
-31
-31
-17
-28
-31
-17
-10
5
1
-7
0
-15
-35
-22
-36
-31
-9
-15
-12
-1
-22
-11
-3
-23
-9
-4
-1
-5
-16
-15
-36
-63
-52
-48
-40
-42
-35
-26
-25
-20
-5
13
-17
1
7
-6
17
31
36
56
47
54
40
19
28
24
28
2
21
32
9
24
33
15
24
11
-5
35
16
-11
8
3
3
7
-8
19
31
16
41
38
26
34
15
20
11
3
15
2
13
-12
-16
-10
-35
-32
-19
-9
2
-9
7
-8
-28
18
-37
-20
-9
-58
-5
-12
-54
3
-9
-15
49
6
42
48
-11
36
31
-6
39
13
3
23
-12
41
35
12
30
-3
15
19
-10
19
4
-4
14
16
7
1
26
-7
25
18
-38
5
-5
-11
30
25
37
17
-6
-14
-54
3
-14
-20
23
-18
-3
1
-53
-32
-13
-66
-41
-48
-70
-31
-51
-76
-44
-72
-69
-27
-71
-35
-55
-75
-32
-77
-46
-33
-46
20
1
-5
38
4
11
30
-12
11
5
-14
23
5
-12
-15
-7
-29
-32
-14
-4
13
9
0
22
3
-43
-8
-55
-44
-2
-52
-10
-25
-47
12
-39
0
59
-34
59
48
12
87
8
24
74
-1
41
83
29
106
88
77
125
110
106
83
45
71
64
-9
62
47
48
56
38
89
80
28
56
95
-12
71
26
15
124
-15
12
70
-40
13
14
-76
64
-40
-12
61
-25
59
21
8
31
13
0
25
-44
6
18
-24
35
18
43
28
20
35
47
-6
-1
20
-9
-24
-3
-32
-40
11
-61
1
13
-10
42
-6
34
35
-8
28
-22
10
27
-27
50
-25
19
71
-34
65
40
25
77
27
69
79
-13
25
36
-23
58
1
22
55
-24
67
32
21
63
9
10
-19
-31
0
-83
-70
-82
-102
0
-95
-9
-22
-123
12
-78
-86
-14
-93
-46
-1
-76
10
-6
-37
24
-36
-33
-36
9
-3
-16
31
-6
-4
6
-64
-2
-19
-107
-20
-107
-55
-10
-94
-8
-34
-45
-9
-56
12
-24
-79
-30
-92
-105
-41
-42
-55
-1
-44
2
2
-16
-18
-61
-66
-59
-17
-71
8
-34
-8
10
-35
24
-8
-1
-11
-12
8
15
-2
23
-54
4
19
-36
68
-17
0
24
-31
22
26
-21
68
14
-83
92
-10
-33
117
-57
28
43
-41
54
-32
5
3
-46
-60
-54
-23
-54
-16
-6
-65
-18
-32
-101
-6
-89
-75
-16
-133
-72
-39
-148
-63
-20
-100
7
-73
4
-23
-158
16
-103
-47
-9
-122
32
-69
-79
49
-72
2
39
-114
-33
4
-76
41
16
-84
70
-20
-58
83
-95
13
47
-94
50
-30
-36
3
-12
-5
6
17
-32
51
29
-25
90
-6
-44
52
-75
13
39
-1
34
91
52
17
30
-86
44
-48
0
39
-30
25
-2
44
2
84
95
38
105
106
54
145
65
103
107
19
152
22
125
76
58
149
0
104
69
106
125
82
178
92
65
120
105
60
183
110
82
194
19
181
138
51
215
122
111
203
175
125
146
151
164
102
100
29
183
83
41
210
14
183
109
83
136
137
99
62
90
-25
18
50
55
-39
69
6
-26
-32
-59
73
13
-101
17
85
-168
99
1
-54
84
-105
-26
2
-12
-70
74
-10
-8
43
-61
-23
15
-36
-86
19
-147
-43
-65
-160
-20
-11
-41
-79
-74
-107
60
-139
-107
-39
-134
-19
-144
-83
-52
-44
-104
-82
-48
-2
-66
-68
-22
-61
49
-95
29
-96
-57
51
-97
-11
-36
-22
-147
-79
-38
35
-28
-140
59
-12
-153
-84
-62
-32
-60
-241
4
-58
-127
-71
-117
44
-139
-25
-112
-214
-9
-76
-111
-74
-75
-11
-35
-289
32
48
-180
-35
-130
-12
19
-154
9
48
-179
71
-66
-118
133
-131
-38
-99
-60
23
-93
-50
-8
18
-99
33
32
-35
-40
-27
-18
-104
57
6
-168
11
13
11
63
-106
76
-3
-129
97
80
-30
-19
12
44
-85
65
192
-134
81
-62
54
159
-181
240
79
-124
110
5
-35
48
-67
27
4
-8
93
14
113
-32
117
-1
-83
130
7
-38
-52
73
-73
23
-64
-2
107
-90
73
-41
3
47
2
-36
-53
-29
-58
-193
-61
-36
-143
-6
-117
35
17
-17
92
70
-28
69
79
-46
120
-2
-13
43
-59
18
52
-73
19
92
53
125
100
13
21
71
-61
20
54
-86
39
-85
-126
87
47
3
34
-44
57
103
-72
129
186
-20
-118
-64
-63
35
39
-62
188
17
-85
55
144
132
102
20
57
113
-54
50
25
52
25
6
54
18
28
92
-43
44
202
-8
84
-94
-39
71
-9
104
90
22
-88
56
51
100
205
57
115
-34
-35
162
53
94
75
-45
52
-10
-10
209
70
54
-12
-7
111
-7
24
121
-31
-92
-13
-228
113
7
-124
52
-77
95
-97
-30
71
-93
68
-69
-109
137
-97
0
48
-64
98
-41
16
48
-13
40
19
-17
25
3
-106
-1
2
-75
37
-79
-76
-107
-318
19
-41
-239
6
-236
-167
-117
-259
110
-65
-259
-135
-169
-236
-96
36
-34
-142
-128
-98
-106
138
-164
71
-20
-278
164
-144
-9
189
0
-136
54
-90
14
-5
-111
119
-13
118
-229
42
-54
-111
127
-159
84
-39
-189
-63
-70
-62
103
-47
-92
-57
-167
-108
-14
-6
-33
-42
38
-95
-100
19
-17
88
-36
-44
8
12
-102
151
78
-150
84
-63
-25
143
-62
47
104
-170
121
-126
67
162
-171
160
-52
-23
128
-127
62
36
-108
206
-169
60
143
-185
112
-67
-8
86
-139
34
103
-191
93
-59
-36
98
-127
120
-82
-57
51
-28
161
137
-144
166
84
-169
221
-56
83
122
-125
96
9
-19
160
131
-106
136
104
-23
169
39
24
149
155
4
12
-49
-51
119
32
10
191
67
-99
-23
-49
162
243
19
82
-38
-18
119
-81
123
223
40
28
70
139
121
39
17
57
111
-33
102
49
-91
93
-79
84
65
117
81
-84
-55
-31
17
-62
67
37
-107
-131
131
-156
-105
-5
-155
106
-167
30
93
-133
44
31
-45
-76
73
-37
-56
46
-28
98
94
9
9
57
7
202
30
3
253
116
0
87
65
3
122
-228
249
73
-132
176
-70
222
27
-97
138
138
11
162
-1
-20
142
31
164
9
7
126
-95
57
202
-95
148
92
-93
146
-115
113
110
-209
122
-84
16
85
-106
174
-148
-162
174
-35
98
-1
-65
47
-113
85
-190
65
176
-99
107
-185
-97
93
6
39
-2
-109
27
41
-77
-35
59
-3
9
48
-219
-42
-10
62
23
-152
104
5
-68
-163
18
91
-132
103
-16
-159
-41
-109
-37
49
21
-20
-80
-149
-116
-135
-105
73
37
-114
-69
-74
-185
-86
70
-38
-224
110
-169
-191
12
-243
47
-117
-79
-36
-260
-187
-19
-189
-48
1
-10
-30
-298
70
-52
2
7
-12
-14
-46
-118
1
51
-217
95
-191
4
-28
-105
182
-110
-108
142
97
-82
166
-102
-27
76
-56
126
-50
100
55
-131
57
119
-89
2
99
-60
32
-120
50
119
-243
-17
75
-194
-79
146
90
25
-121
34
22
-109
101
166
124
-44
-25
-55
-15
138
148
64
127
23
74
92
-102
231
168
84
53
70
43
27
8
62
-11
-49
186
-135
82
-42
-65
126
-80
85
101
-195
-37
67
-110
112
-244
-46
-14
-203
76
14
33
-42
-101
-101
17
16
55
-9
-43
28
14
55
-4
23
89
-30
13
94
120
143
-66
39
17
-54
20
77
28
-75
5
-27
-161
-65
164
97
0
37
-51
-78
27
-93
65
-61
-3
59
-166
55
1
-88
127
102
-48
203
-146
-32
-30
-40
138
-139
121
-100
-73
-27
-78
51
9
-16
-210
-88
-33
-116
11
-167
-237
-584
-440
353
-51
-54
170
-327
-315
-485
-114
454
95
146
-76
-299
-273
-85
162
165
120
81
-16
-161
-33
-50
299
197
57
98
-87
-58
-22
67
59
17
-11
108
-167
-70
89
-53
108
3
109
4
-94
129
-22
-32
15
48
73
76
88
144
-30
-16
255
3
149
210
-7
71
-6
143
147
-83
169
10
41
18
-210
227
10
-77
70
-145
-23
-35
-259
60
12
-214
95
-144
-95
5
-533
-26
275
25
382
25
-91
18
-164
140
275
273
178
-207
-108
89
117
298
140
71
9
82
67
124
101
88
180
-111
112
27
-14
175
-31
-51
157
-42
-10
242
62
107
-72
-119
167
2
2
146
-272
2
69
-96
170
-20
43
-51
-128
51
-7
45
127
-161
-71
-23
-308
-139
52
51
-4
-86
21
113
-113
32
199
-48
-39
134
39
126
119
88
128
-73
171
310
234
69
76
212
60
117
45
35
90
-48
52
122
-30
32
-5
-188
-29
-41
-169
-75
-96
15
100
-230
-247
-90
-129
-79
-71
-3
125
-103
-173
62
85
107
27
-38
-28
-17
-28
69
159
13
84
35
-62
130
166
253
148
2
76
-46
-21
-18
-61
40
20
-108
-108
-22
162
82
86
102
-4
203
83
-2
26
78
41
-24
-1
93
102
104
129
86
215
115
88
-28
126
213
115
91
-72
40
15
71
114
93
5
-150
-140
-167
-156
-132
-131
-164
-223
-373
-379
-409
-457
-416
-494
-365
-457
-528
-514
-543
-539
-632
-631
-679
-619
-694
-671
-718
-754
-641
-666
-577
-553
-520
-510
-399
-334
-288
-156
-154
-205
-93
-11
-12
56
23
113
64
87
215
250
343
299
320
439
487
442
516
528
530
676
657
708
701
657
772
712
700
688
639
687
692
701
708
658
574
578
550
598
680
667
784
692
707
710
676
825
685
777
675
408
207
19
-27
-235
-462
-790
-984
-1240
-1498
-1546
-1652
-1718
-1694
-1726
-1626
-1638
-1561
-1255
-1164
-989
-922
-714
-620
-596
-394
-268
-89
-109
0
118
143
199
289
436
499
653
721
792
885
895
981
1009
1003
912
832
756
646
542
309
159
54
-128
-258
-324
-382
-589
-773
-794
-926
-1036
-1043
-1108
-1121
-1172
-1159
-1088
-1068
-923
-849
-751
-614
-497
-360
-95
97
136
286
353
502
682
792
897
957
1030
1200
1261
1376
1475
1499
1648
1661
1734
1774
1856
1915
1912
1886
1947
1953
1859
2021
1937
1846
1848
1770
1801
1721
1578
1502
1301
1024
746
307
-15
-260
-749
-1275
-1666
-2122
-2609
-3000
-3214
-3240
-3369
-3441
-3361
-3259
-3172
-2871
-2302
-1948
-1720
-1471
-1125
-882
-722
-340
-78
65
41
168
386
498
772
1006
1243
1344
1495
1680
1894
2069
2154
2228
2115
1940
1777
1641
1392
1101
693
358
25
-388
-665
-781
-949
-1084
-1114
-1159
-1119
-1077
-943
-970
-984
-1077
-1119
-1139
-1310
-1380
-1459
-1548
-1723
-1733
-1670
-1542
-1344
-1101
-883
-685
-384
-89
215
530
802
976
1112
1192
1228
1240
1253
1233
1202
1163
1192
1204
1234
1390
1485
1588
1690
1837
1992
2128
2239
2340
2383
2335
2205
1980
1858
1690
1397
1137
825
376
-152
-764
-1137
-1464
-1986
-2547
-3061
-3475
-3979
-4350
-4440
-4432
-4570
-4525
-4355
-4189
-3971
-3543
-2867
-2421
-2048
-1635
-1108
-748
-350
174
582
810
829
1059
1222
1319
1608
1810
1989
2009
2076
2359
2443
2611
2671
2630
2508
2210
2019
1667
1348
961
398
-18
-573
-1014
-1313
-1552
-1577
-1816
-1809
-1669
-1553
-1275
-1118
-845
-731
-798
-803
-811
-830
-957
-1006
-1043
-1228
-1324
-1315
-1162
-976
-805
-462
-171
113
408
782
1170
1346
1560
1621
1554
1503
1516
1576
1525
1529
1462
1427
1487
1565
1749
1891
2051
2170
2272
2505
2647
2872
3024
3130
3120
2965
2908
2702
2585
2314
1996
1528
754
14
-542
-914
-1492
-2180
-2747
-3346
-4080
-4557
-4646
-4599
-4815
-4888
-4760
-4714
-4615
-4188
-3432
-2928
-2551
-2152
-1552
-1137
-752
-89
446
689
742
961
1190
1270
1448
1782
1980
1959
1956
2148
2322
2531
2595
2566
2456
2248
2087
1846
1593
1237
790
295
-135
-580
-860
-1035
-1095
-1161
-1236
-1061
-901
-600
-290
0
345
416
342
298
183
28
-167
-399
-716
-1113
-1389
-1499
-1493
-1424
-1212
-935
-759
-480
-185
174
488
646
892
957
892
918
1024
1069
1060
1088
1179
1266
1413
1638
1925
2205
2480
2787
3001
3354
3630
3881
4072
4175
4220
4025
3897
3658
3288
2864
2300
1551
516
-396
-1024
-1734
-2667
-3549
-4202
-4880
-5574
-5894
-5805
-5918
-6149
-6035
-5780
-5607
-5310
-4560
-3834
-3507
-3159
-2472
-1901
-1492
-930
-367
38
214
450
825
1077
1238
1516
1736
1791
1754
1823
2001
2050
2006
1886
1857
1693
1483
1341
1104
805
398
19
-366
-715
-1097
-1291
-1345
-1466
-1503
-1453
-1236
-967
-643
-299
75
356
504
614
636
605
452
165
-139
-503
-944
-1241
-1464
-1555
-1632
-1615
-1465
-1285
-972
-615
-170
152
473
765
967
1137
1296
1397
1410
1494
1620
1817
2048
2299
2609
2942
3236
3620
3951
4237
4505
4666
4756
4774
4631
4473
4272
3926
3507
2895
2306
1469
448
-616
-1429
-2070
-3055
-3986
-4790
-5447
-6191
-6704
-6652
-6670
-6890
-6829
-6400
-6022
-5718
-4978
-4018
-3486
-3096
-2409
-1633
-1159
-710
-112
384
537
720
1117
1342
1452
1579
1791
1800
1805
1898
2056
2146
2109
2116
1966
1791
1565
1431
1177
810
412
-20
-358
-707
-985
-1178
-1260
-1373
-1432
-1384
-1071
-742
-422
-2
406
717
924
1201
1263
1203
984
784
491
3
-388
-709
-1075
-1423
-1543
-1538
-1444
-1333
-1040
-722
-397
-62
344
769
1019
1340
1520
1694
1855
1987
2213
2389
2638
2867
3052
3353
3602
3925
4256
4454
4692
4743
4787
4811
4758
4618
4289
3897
3423
2931
2296
1674
1035
136
-873
-1820
-2452
-3148
-4065
-4775
-5382
-6039
-6609
-6834
-6668
-6656
-6679
-6326
-5873
-5456
-4823
-3860
-3037
-2475
-1939
-1205
-613
-280
298
846
992
951
1038
1200
1222
1218
1380
1351
1218
1214
1343
1454
1452
1574
1575
1415
1228
1075
960
751
463
149
-189
-504
-753
-894
-1048
-1069
-1003
-951
-731
-458
-124
243
630
968
1245
1404
1543
1458
1166
936
620
186
-363
-835
-1250
-1601
-1914
-1994
-1992
-2015
-1844
-1535
-1136
-778
-301
242
676
982
1270
1584
1883
2082
2285
2445
2549
2743
2976
3188
3382
3659
3878
4117
4212
4294
4440
4439
4373
4191
3959
3648
3195
2742
2288
1615
1018
419
-468
-1525
-2373
-2970
-3722
-4614
-5260
-5728
-6378
-6835
-6789
-6515
-6461
-6295
-5747
-5224
-4823
-4122
-3034
-2274
-1904
-1461
-832
-420
-154
322
659
605
502
597
703
706
723
878
871
736
766
888
1031
1150
1163
1079
986
891
847
802
691
480
197
1
-65
-165
-239
-223
-154
-88
-26
290
688
1007
1268
1518
1744
1799
1918
2021
1898
1516
996
568
118
-379
-910
-1429
-1950
-2389
-2564
-2622
-2526
-2330
-2152
-1876
-1586
-1208
-635
-87
373
712
1007
1341
1700
2114
2533
2812
2977
3154
3309
3499
3746
4013
4107
4061
4005
3944
3857
3735
3596
3390
3075
2641
2249
1907
1555
1151
678
94
-704
-1667
-2376
-2793
-3407
-4226
-4883
-5326
-5855
-6260
-6149
-5786
-5708
-5645
-5226
-4790
-4467
-3911
-3028
-2456
-2400
-2240
-1810
-1550
-1463
-1204
-992
-1155
-1352
-1210
-928
-851
-713
-385
-249
-238
-48
384
711
885
1117
1270
1347
1467
1718
1902
1843
1709
1564
1411
1332
1313
1282
1191
1117
1094
1057
1147
1345
1514
1599
1646
1658
1598
1567
1521
1352
1004
484
8
-401
-836
-1243
-1670
-2062
-2402
-2580
-2556
-2404
-2107
-1793
-1432
-1053
-576
44
687
1230
1674
2023
2310
2660
2962
3222
3368
3410
3470
3496
3510
3542
3575
3580
3532
3400
3235
3107
2950
2813
2653
2459
2209
1869
1555
1290
994
657
329
-109
-733
-1487
-1865
-2081
-2597
-3159
-3568
-3826
-4278
-4564
-4320
-4097
-4219
-4223
-3974
-3764
-3643
-3217
-2590
-2449
-2612
-2457
-2111
-2066
-2020
-1775
-1618
-1748
-1762
-1420
-1099
-889
-603
-222
20
258
651
1125
1510
1849
2151
2343
2558
2756
2924
3014
2996
2914
2768
2625
2565
2424
2169
1987
1808
1589
1352
1212
1189
1052
856
705
559
338
150
12
-212
-547
-942
-1284
-1649
-1903
-2051
-2255
-2512
-2653
-2608
-2550
-2382
-2088
-1672
-1313
-966
-472
27
520
1018
1505
1813
1999
2243
2568
2791
2854
2890
2904
2807
2622
2568
2502
2321
2093
1890
1695
1447
1288
1268
1273
1165
1078
997
925
926
945
862
661
492
151
-432
-1030
-1304
-1538
-2117
-2756
-3192
-3606
-4178
-4418
-4280
-4317
-4658
-4742
-4526
-4513
-4566
-4227
-3715
-3703
-3827
-3530
-3077
-2850
-2544
-1965
-1565
-1496
-1247
-579
-41
287
722
1282
1616
1851
2346
2892
3264
3509
3799
3980
4041
4165
4345
4385
4203
3930
3639
3315
2971
2578
2100
1660
1200
673
215
-64
-205
-383
-569
-682
-816
-946
-942
-817
-794
-911
-958
-1064
-1338
-1540
-1467
-1425
-1653
-1808
-1732
-1626
-1595
-1343
-869
-589
-438
-66
466
856
1163
1637
2037
2114
2156
2406
2639
2616
2530
2518
2358
2067
1941
1937
1841
1599
1417
1305
1166
1060
1077
1164
1144
1130
1127
1088
1078
1161
1230
1099
876
615
176
-383
-776
-1093
-1696
-2480
-3028
-3507
-4175
-4725
-4872
-4966
-5392
-5729
-5680
-5628
-5658
-5352
-4797
-4552
-4504
-4099
-3439
-2968
-2550
-1878
-1306
-1059
-745
-137
461
820
1281
1818
2149
2397
2810
3308
3644
3828
4011
4146
4158
4221
4246
4132
3860
3549
3201
2773
2366
1912
1467
937
434
-33
-459
-708
-900
-1071
-1250
-1352
-1379
-1387
-1354
-1276
-1216
-1185
-1193
-1174
-1232
-1377
-1409
-1361
-1323
-1402
-1428
-1398
-1294
-1122
-894
-561
-341
-119
187
538
804
1038
1355
1571
1638
1664
1742
1759
1676
1612
1546
1367
1130
984
876
740
607
550
492
372
350
442
576
669
814
928
945
985
1055
1107
1002
857
622
161
-432
-815
-1077
-1650
-2420
-3060
-3547
-4185
-4734
-4897
-5018
-5385
-5651
-5583
-5458
-5338
-4941
-4278
-3924
-3698
-3175
-2495
-1900
-1390
-704
-126
209
574
1138
1722
2121
2515
2887
3145
3330
3653
4029
4311
4460
4556
4614
4573
4565
4500
4402
4159
3760
3236
2736
2342
1846
1340
828
356
-162
-626
-870
-999
-1154
-1313
-1377
-1393
-1426
-1424
-1265
-1124
-1072
-1023
-880
-760
-797
-864
-834
-715
-696
-748
-704
-558
-500
-461
-233
26
152
254
484
696
750
866
1141
1302
1224
1192
1289
1305
1212
1197
1193
1022
861
851
910
838
784
843
837
774
814
1027
1152
1212
1324
1381
1387
1459
1615
1649
1529
1364
1083
568
5
-388
-866
-1608
-2353
-2979
-3700
-4477
-4917
-5071
-5387
-5775
-5827
-5629
-5500
-5259
-4587
-3882
-3494
-3041
-2272
-1506
-973
-383
347
786
980
1393
1956
2264
2392
2635
2810
2825
2873
3119
3348
3356
3333
3342
3349
3372
3430
3413
3224
2913
2554
2149
1796
1466
1053
563
58
-372
-792
-1075
-1206
-1333
-1524
-1638
-1597
-1526
-1421
-1231
-1035
-951
-892
-708
-456
-354
-322
-306
-288
-309
-302
-234
-272
-367
-477
-518
-557
-515
-386
-258
-131
-16
191
424
718
995
1211
1349
1449
1570
1644
1692
1691
1660
1529
1414
1334
1264
1223
1189
1159
1075
1049
1109
1210
1266
1315
1370
1357
1295
1242
1194
1035
771
416
-117
-767
-1342
-1801
-2398
-3159
-3796
-4280
-4748
-5186
-5311
-5270
-5330
-5347
-5097
-4651
-4268
-3733
-3011
-2372
-1935
-1404
-687
-94
325
764
1221
1479
1715
2054
2387
2597
2765
2971
3111
3240
3471
3754
3966
4099
4230
4315
4329
4336
4293
4112
3788
3366
2888
2411
1957
1457
830
165
-435
-935
-1326
-1622
-1844
-2099
-2332
-2439
-2424
-2292
-2086
-1829
-1654
-1585
-1461
-1232
-979
-826
-749
-838
-1092
-1283
-1308
-1299
-1442
-1625
-1778
-1916
-1966
-1798
-1477
-1235
-1018
-721
-399
-102
289
789
1138
1236
1254
1331
1394
1415
1425
1371
1128
835
743
748
736
701
687
644
553
600
768
923
970
1012
1048
977
930
930
876
660
362
56
-364
-888
-1308
-1629
-2145
-2802
-3321
-3671
-4050
-4320
-4275
-4177
-4255
-4223
-3821
-3428
-3127
-2651
-2017
-1555
-1298
-856
-293
82
363
770
1084
1185
1336
1684
1999
2140
2319
2566
2742
2893
3161
3464
3639
3727
3815
3833
3780
3713
3562
3284
2869
2381
1852
1307
786
213
-356
-869
-1339
-1770
-2110
-2269
-2384
-2482
-2463
-2307
-2156
-2029
-1765
-1428
-1191
-1035
-852
-597
-437
-349
-178
-175
-348
-504
-443
-385
-521
-595
-586
-584
-642
-444
-79
150
319
547
814
954
1163
1477
1608
1494
1358
1307
1186
1005
877
702
394
114
-36
-119
-204
-246
-239
-285
-297
-207
-25
145
285
427
521
649
786
912
1009
1050
1005
843
624
280
-185
-597
-889
-1246
-1739
-2154
-2453
-2796
-3048
-2994
-2829
-2877
-2945
-2724
-2453
-2308
-2022
-1570
-1289
-1190
-910
-460
-188
26
398
728
870
1074
1479
1849
2102
2391
2711
2899
3066
3317
3531
3602
3599
3536
3299
3023
2791
2465
2010
1508
980
389
-167
-555
-930
-1362
-1677
-1846
-1992
-2110
-2092
-2010
-1966
-1891
-1735
-1546
-1400
-1202
-932
-709
-514
-297
11
327
609
840
954
968
917
917
951
892
698
450
263
107
-10
-37
-42
-104
-211
-251
-278
-309
-301
-309
-393
-608
-771
-886
-996
-1040
-1057
-1124
-1217
-1191
-1021
-807
-581
-311
-81
92
290
614
956
1211
1452
1642
1799
1899
2029
2199
2247
2153
1967
1757
1418
936
466
79
-384
-1029
-1606
-2034
-2465
-2940
-3222
-3296
-3539
-3836
-3818
-3637
-3568
-3432
-3015
-2588
-2380
-2027
-1399
-828
-399
162
768
1118
1413
1866
2330
2569
2736
3003
3100
3028
3038
3146
3154
3001
2859
2652
2341
2097
1898
1630
1207
764
328
-148
-558
-927
-1293
-1644
-1899
-2091
-2251
-2256
-2123
-1928
-1729
-1475
-1143
-830
-459
35
499
802
1011
1286
1496
1608
1745
1845
1742
1358
1038
859
602
268
-31
-338
-820
-1279
-1473
-1536
-1702
-1894
-1965
-2079
-2236
-2170
-1892
-1674
-1594
-1469
-1270
-1111
-868
-473
-126
53
239
542
786
1004
1335
1653
1811
1931
2122
2298
2460
2674
2894
2978
2980
3018
3034
2996
2949
2797
2456
2018
1470
789
121
-366
-929
-1724
-2515
-3103
-3669
-4207
-4345
-4278
-4384
-4498
-4215
-3764
-3405
-2866
-2063
-1429
-1144
-691
-38
415
715
1137
1468
1452
1440
1721
1986
2040
2126
2270
2254
2203
2379
2576
2562
2445
2300
2026
1678
1434
1192
810
373
-54
-482
-868
-1057
-1158
-1332
-1453
-1456
-1420
-1357
-1119
-808
-571
-342
-68
210
443
769
1112
1295
1360
1418
1449
1391
1338
1241
976
539
20
-490
-975
-1376
-1775
-2271
-2789
-3183
-3394
-3464
-3374
-3199
-3073
-2938
-2664
-2286
-1868
-1384
-870
-483
-242
57
473
874
1200
1516
1778
1920
2084
2353
2608
2736
2817
2872
2855
2805
2763
2771
2749
2622
2434
2286
2188
2050
1896
1810
1710
1442
1139
921
523
-64
-485
-689
-1119
-1845
-2332
-2596
-2997
-3332
-3222
-3058
-3281
-3342
-2923
-2553
-2460
-2093
-1453
-1222
-1248
-900
-402
-244
-76
378
618
521
719
1245
1480
1503
1731
1908
1785
1750
1927
1904
1619
1451
1333
971
673
647
544
255
94
51
-161
-332
-207
-131
-298
-345
-200
-235
-379
-269
-64
-92
-190
-108
-104
-258
-222
-47
-98
-316
-373
-374
-545
-711
-719
-828
-1159
-1534
-1875
-2156
-2295
-2312
-2434
-2711
-2911
-2926
-2851
-2626
-2297
-2084
-1930
-1664
-1250
-847
-393
169
586
795
1038
1429
1769
2040
2320
2469
2446
2389
2419
2396
2254
2108
1899
1567
1230
997
866
815
806
790
785
895
1096
1274
1495
1727
1802
1724
1634
1422
896
374
94
-347
-1167
-1909
-2392
-2988
-3586
-3714
-3652
-3908
-4087
-3744
-3371
-3286
-2913
-2200
-1832
-1763
-1347
-802
-630
-425
63
330
223
349
731
809
807
1053
1178
984
984
1274
1366
1370
1562
1687
1546
1477
1624
1587
1433
1468
1430
1086
769
719
567
268
123
29
-273
-568
-522
-443
-515
-493
-340
-285
-324
-150
122
199
203
321
393
307
266
296
198
-22
-272
-635
-1111
-1438
-1511
-1626
-1877
-2065
-2152
-2212
-2107
-1688
-1223
-920
-639
-237
148
493
921
1281
1379
1353
1396
1397
1352
1349
1379
1277
1060
942
888
837
880
1014
1051
946
887
944
1097
1334
1608
1805
1913
2075
2254
2428
2657
2834
2784
2572
2322
1842
1122
588
257
-379
-1297
-1972
-2470
-3127
-3520
-3314
-3140
-3392
-3416
-2985
-2798
-2796
-2352
-1802
-1783
-1857
-1467
-1131
-1095
-764
-166
78
145
601
1152
1436
1839
2419
2658
2628
2822
3047
2971
2930
3038
2854
2425
2166
2013
1711
1483
1432
1149
657
386
313
80
-149
-197
-383
-732
-840
-675
-603
-581
-330
-87
-72
20
285
440
403
414
423
213
-73
-215
-287
-502
-761
-953
-1195
-1543
-1824
-1876
-1880
-1996
-2114
-2155
-2202
-2239
-2083
-1803
-1603
-1474
-1214
-879
-638
-342
63
378
480
585
809
950
1004
1113
1222
1146
1020
1024
1016
948
955
1018
986
908
969
1073
1105
1206
1395
1500
1554
1743
1940
1992
2041
2224
2339
2244
2109
1748
1030
313
-70
-463
-1289
-2092
-2673
-3383
-4063
-4207
-4068
-4301
-4510
-4263
-4072
-4116
-3776
-3038
-2705
-2635
-2121
-1536
-1322
-940
-82
516
689
1132
1654
1762
1797
2184
2372
2059
1903
1953
1729
1416
1501
1590
1344
1250
1428
1428
1262
1342
1436
1231
972
856
616
219
44
-59
-328
-563
-580
-578
-638
-518
-263
-151
-132
-22
23
-123
-271
-347
-570
-884
-1043
-1049
-1090
-1158
-1059
-942
-914
-915
-948
-1059
-1259
-1407
-1539
-1757
-1992
-2126
-2173
-2162
-1967
-1587
-1175
-772
-277
302
784
1142
1471
1654
1578
1393
1218
947
489
83
-152
-395
-631
-676
-577
-493
-266
180
592
809
1053
1422
1690
1860
2043
2184
2193
2189
2224
2207
2213
2264
2213
1852
1144
311
-410
-910
-1399
-2146
-2953
-3692
-4449
-4984
-4972
-4651
-4526
-4466
-4218
-3991
-3778
-3194
-2375
-1940
-1776
-1423
-1012
-721
-325
284
717
933
1276
1524
1580
1772
2160
2399
2403
2499
2563
2523
2637
2884
2935
2816
2883
2926
2757
2607
2532
2304
1919
1623
1232
668
253
62
-145
-449
-603
-658
-749
-721
-487
-317
-399
-476
-535
-709
-897
-935
-904
-986
-1046
-990
-927
-840
-547
-117
164
239
196
-17
-369
-569
-591
-760
-1134
-1413
-1559
-1697
-1652
-1233
-726
-461
-243
35
187
254
486
656
399
-12
-219
-294
-373
-300
-70
84
230
575
1033
1475
2014
2570
2884
2981
3069
3125
3064
3022
3023
2917
2761
2717
2678
2563
2620
2850
2910
2725
2413
1812
785
-193
-815
-1466
-2373
-3199
-3836
-4584
-5170
-5116
-4650
-4240
-3865
-3380
-3043
-2817
-2268
-1495
-1020
-818
-527
-250
-137
110
632
1129
1501
1884
2193
2345
2632
3096
3360
3320
3239
3152
2892
2662
2569
2398
2134
2023
1966
1741
1504
1442
1375
1136
913
691
335
-99
-402
-593
-860
-1091
-1233
-1404
-1564
-1597
-1519
-1473
-1449
-1363
-1353
-1388
-1320
-1093
-800
-628
-516
-411
-313
-227
-133
-80
-205
-475
-836
-1257
-1717
-2086
-2242
-2356
-2520
-2646
-2669
-2565
-2302
-1853
-1406
-1137
-1007
-911
-793
-677
-496
-345
-295
-214
-26
247
564
994
1497
1913
2194
2390
2522
2572
2591
2541
2345
2054
1765
1580
1463
1433
1546
1702
1862
2021
2169
2222
2155
2034
1871
1580
1076
365
-626
-1708
-2485
-2817
-3039
-3333
-3511
-3634
-3801
-3768
-3315
-2758
-2463
-2302
-2229
-2413
-2600
-2399
-2037
-1864
-1698
-1412
-1161
-850
-209
629
1314
1867
2340
2577
2653
2822
2999
3021
2986
2912
2712
2484
2416
2498
2594
2685
2733
2647
2466
2229
1889
1441
974
464
-128
-736
-1313
-1809
-2167
-2361
-2470
-2498
-2425
-2317
-2235
-2103
-1867
-1698
-1599
-1525
-1519
-1597
-1620
-1521
-1476
-1432
-1339
-1272
-1318
-1372
-1300
-1295
-1407
-1545
-1680
-1923
-2172
-2259
-2292
-2308
-2284
-2198
-2161
-2125
-1889
-1596
-1356
-1119
-828
-556
-317
44
459
835
1198
1577
1879
2008
2137
2247
2258
2203
2125
1981
1689
1461
1413
1420
1467
1569
1668
1635
1545
1538
1527
1420
1305
1205
945
605
425
388
418
507
622
523
84
-413
-767
-979
-1163
-1397
-1791
-2409
-2984
-3298
-3346
-3189
-2861
-2555
-2455
-2405
-2140
-1597
-932
-238
348
729
1037
1364
1731
2131
2566
2934
3107
3188
3253
3323
3441
3625
3740
3625
3437
3283
3088
2896
2810
2725
2464
2087
1745
1326
758
218
-238
-786
-1393
-1816
-2148
-2490
-2707
-2745
-2735
-2671
-2407
-2078
-1843
-1650
-1400
-1213
-1129
-1003
-890
-873
-878
-818
-806
-817
-697
-455
-238
-91
24
-2
-146
-278
-400
-623
-890
-1041
-1144
-1237
-1184
-1002
-798
-507
-55
414
760
1070
1323
1474
1554
1656
1750
1659
1471
1266
1019
738
541
461
365
237
109
6
-94
-124
-29
66
85
40
-45
-191
-336
-414
-417
-350
-297
-213
-14
273
606
969
1304
1574
1827
2048
2114
1811
1140
369
-282
-690
-886
-1048
-1285
-1559
-1768
-1852
-1749
-1443
-1142
-1036
-1156
-1368
-1465
-1361
-1068
-753
-463
-116
337
864
1414
2007
2515
2920
3167
3217
3154
3006
2802
2472
2083
1733
1436
1195
1042
1007
962
886
807
667
420
115
-246
-727
-1314
-1899
-2364
-2627
-2671
-2541
-2353
-2171
-1963
-1711
-1425
-1144
-921
-797
-832
-991
-1182
-1330
-1337
-1191
-924
-564
-148
287
708
1111
1476
1763
1899
1855
1671
1344
940
529
158
-138
-338
-411
-452
-477
-476
-443
-431
-492
-547
-624
-768
-1007
-1204
-1334
-1487
-1602
-1663
-1629
-1556
-1433
-1253
-1139
-1058
-913
-699
-517
-377
-214
-53
103
298
545
818
1102
1363
1554
1678
1791
1933
2059
2149
2189
2122
2008
1901
1748
1578
1457
1377
1203
837
308
-311
-838
-1111
-1140
-1159
-1221
-1323
-1535
-1743
-1890
-1868
-1744
-1651
-1588
-1537
-1365
-1018
-595
-212
173
609
1053
1471
1776
1883
1743
1486
1250
1023
826
722
646
524
500
652
898
1140
1293
1382
1364
1227
1005
632
126
-409
-859
-1250
-1536
-1629
-1636
-1582
-1411
-1121
-802
-544
-345
-267
-335
-486
-646
-821
-1039
-1180
-1173
-1089
-926
-603
-173
233
603
923
1138
1266
1357
1330
1122
829
546
284
11
-197
-309
-418
-551
-708
-884
-1113
-1392
-1638
-1894
-2191
-2425
-2581
-2670
-2707
-2647
-2513
-2365
-2184
-1974
-1768
-1615
-1421
-1182
-955
-704
-349
55
405
828
1259
1649
2026
2369
2666
2787
2825
2860
2838
2773
2692
2600
2449
2302
2206
2116
2049
2001
1940
1862
1832
1843
1833
1806
1736
1545
1174
685
195
-228
-473
-531
-494
-441
-357
-267
-203
-130
-46
37
12
-79
-171
-247
-269
-312
-384
-453
-372
-106
246
616
918
1115
1194
1179
1095
957
787
604
413
230
89
6
-93
-179
-181
-117
-45
-51
-169
-439
-767
-1049
-1272
-1473
-1644
-1739
-1796
-1778
-1694
-1626
-1589
-1557
-1475
-1373
-1275
-1148
-1020
-906
-805
-694
-588
-460
-278
-105
29
100
99
21
-112
-281
-520
-792
-1053
-1346
-1671
-2004
-2317
-2648
-2932
-3081
-3187
-3311
-3430
-3499
-3539
-3557
-3486
-3359
-3242
-3069
-2742
-2341
-1941
-1539
-1161
-754
-270
277
804
1226
1568
1820
1990
2111
2158
2123
2031
1970
1930
1925
1950
1919
1840
1721
1593
1403
1168
940
693
460
268
138
43
-7
36
141
314
532
748
981
1265
1585
1861
2027
2052
1902
1629
1421
1398
1487
1607
1728
1800
1761
1714
1725
1709
1586
1381
1144
857
636
541
461
355
241
196
229
301
427
529
496
362
240
152
136
253
447
630
824
1056
1246
1356
1349
1237
1089
999
972
958
960
943
912
833
728
654
567
475
382
256
60
-189
-494
-814
-1094
-1290
-1337
-1260
-1112
-960
-850
-797
-778
-780
-750
-703
-691
-701
-775
-921
-1076
-1180
-1252
-1287
-1268
-1222
-1212
-1259
-1321
-1414
-1543
-1646
-1716
-1817
-1905
-1856
-1703
-1481
-1209
-939
-732
-590
-423
-222
-48
122
289
365
405
492
613
726
796
853
908
959
1023
1048
991
906
841
762
686
644
571
470
390
339
300
246
267
340
392
454
525
574
557
536
556
577
643
798
999
1180
1364
1562
1757
1943
2088
2125
1978
1799
1635
1456
1294
1133
946
721
539
373
181
-80
-373
-631
-869
-983
-948
-862
-805
-768
-748
-731
-674
-565
-444
-354
-269
-166
-79
-1
82
126
112
86
83
43
-62
-232
-482
-784
-1049
-1199
-1261
-1285
-1251
-1184
-1113
-1021
-885
-765
-699
-605
-545
-522
-493
-485
-529
-642
-766
-848
-902
-953
-982
-1023
-1114
-1218
-1341
-1496
-1659
-1762
-1813
-1810
-1775
-1728
-1659
-1599
-1508
-1407
-1313
-1197
-1076
-965
-834
-632
-357
-64
171
330
395
403
418
462
449
338
213
102
31
-12
-59
-130
-232
-314
-360
-401
-488
-630
-827
-1058
-1243
-1343
-1363
-1338
-1275
-1215
-1110
-925
-728
-519
-368
-233
-58
138
393
675
939
1145
1328
1466
1532
1597
1618
1599
1532
1431
1396
1373
1327
1334
1401
1517
1664
1799
1869
1867
1855
1800
1684
1509
1311
1186
1165
1257
1413
1572
1710
1786
1825
1832
1730
1533
1292
1058
923
891
909
852
627
319
28
-185
-344
-545
-838
-1193
-1520
-1731
-1834
-1861
-1810
-1648
-1379
-1011
-590
-242
-15
43
-13
-82
-94
-10
107
224
346
491
663
844
968
996
924
738
491
237
-49
-338
-595
-789
-848
-765
-555
-319
-151
-60
-6
24
19
-13
-96
-201
-277
-283
-227
-190
-143
-91
-84
-70
-68
-112
-222
-369
-502
-629
-733
-782
-779
-773
-739
-653
-590
-568
-567
-583
-625
-660
-655
-668
-727
-786
-794
-793
-749
-654
-581
-506
-414
-310
-205
-75
81
269
415
534
663
743
810
846
891
954
983
997
1002
1015
1024
1031
1023
958
815
677
612
608
668
732
790
835
862
952
1093
1269
1467
1629
1745
1829
1893
1908
1818
1599
1280
920
618
437
316
207
70
-129
-338
-541
-727
-877
-1022
-1172
-1320
-1448
-1595
-1764
-1970
-2196
-2317
-2324
-2223
-2079
-1959
-1812
-1687
-1590
-1475
-1367
-1296
-1226
-1119
-971
-821
-688
-592
-600
-673
-707
-677
-615
-547
-510
-484
-490
-491
-488
-556
-622
-665
-699
-725
-757
-818
-898
-954
-968
-895
-751
-599
-441
-292
-159
-40
55
124
94
-1
-131
-297
-478
-625
-721
-764
-717
-627
-508
-383
-280
-224
-275
-402
-564
-764
-950
-1088
-1189
-1253
-1246
-1139
-956
-746
-538
-377
-294
-250
-245
-297
-389
-490
-540
-460
-280
-41
241
503
740
978
1186
1330
1437
1482
1483
1456
1429
1463
1501
1543
1586
1585
1548
1537
1525
1522
1522
1508
1528
1516
1534
1626
1764
1928
2056
2195
2409
2660
2876
3052
3157
3207
3202
3176
3193
3199
3189
3182
3170
3116
3010
2826
2566
2303
2064
1882
1736
1588
1400
1133
835
468
27
-407
-832
-1211
-1491
-1673
-1800
-1846
-1856
-1856
-1799
-1717
-1620
-1581
-1578
-1594
-1642
-1678
-1658
-1550
-1379
-1102
-736
-343
44
449
868
1217
1481
1667
1791
1865
1900
1860
1757
1614
1459
1320
1184
1080
1008
931
818
670
479
265
21
-226
-462
-718
-954
-1153
-1329
-1507
-1661
-1757
-1785
-1755
-1681
-1599
-1529
-1469
-1448
-1438
-1417
-1401
-1385
-1373
-1406
-1452
-1502
-1567
-1617
-1646
-1686
-1741
-1788
-1848
-1885
-1897
-1877
-1821
-1775
-1731
-1685
-1626
-1566
-1476
-1351
-1243
-1151
-1053
-969
-889
-804
-718
-601
-481
-380
-280
-202
-124
-33
30
71
146
244
315
349
353
337
266
202
207
240
285
297
324
370
407
453
501
552
586
621
684
781
840
829
805
777
738
745
856
988
1116
1231
1258
1244
1190
1098
973
742
440
110
-225
-539
-757
-921
-1094
-1189
-1235
-1267
-1276
-1280
-1302
-1330
-1340
-1304
-1226
-1130
-1026
-898
-789
-693
-541
-388
-218
1
265
492
677
821
914
973
977
968
916
839
735
603
471
337
261
233
240
270
308
324
289
197
49
-150
-374
-561
-710
-809
-849
-841
-834
-880
-910
-881
-821
-720
-612
-546
-520
-525
-573
-640
-718
-809
-897
-982
-1015
-1012
-1013
-1025
-1045
-1080
-1109
-1097
-1052
-1003
-987
-999
-1043
-1075
-1076
-1074
-1032
-968
-886
-742
-568
-386
-175
49
232
393
579
775
971
1143
1275
1336
1326
1293
1264
1248
1222
1177
1126
1060
972
905
830
718
630
554
505
532
579
605
608
587
560
558
568
573
642
753
876
1037
1202
1356
1514
1620
1662
1705
1721
1715
1689
1631
1591
1534
1444
1363
1288
1186
1091
1019
939
844
714
518
313
131
-21
-89
-62
6
68
123
117
58
-18
-114
-191
-249
-292
-289
-222
-141
-41
84
180
265
348
405
452
466
416
310
167
-6
-196
-369
-500
-576
-631
-693
-763
-851
-955
-1077
-1207
-1290
-1348
-1391
-1403
-1398
-1409
-1434
-1460
-1484
-1499
-1494
-1452
-1396
-1346
-1301
-1265
-1225
-1133
-1008
-878
-755
-710
-715
-733
-766
-824
-875
-894
-877
-825
-746
-636
-559
-518
-506
-518
-538
-505
-432
-354
-264
-167
-49
73
192
304
417
492
547
596
656
739
817
934
1058
1188
1325
1472
1620
1722
1748
1702
1595
1447
1286
1115
951
802
673
574
522
496
468
428
343
207
46
-109
-260
-347
-370
-339
-263
-135
41
215
416
669
944
1173
1352
1509
1655
1747
1799
1843
1854
1858
1865
1868
1895
1933
1910
1823
1670
1485
1294
1113
1000
921
886
878
862
865
871
885
901
880
806
708
616
515
432
404
414
452
529
653
770
862
929
901
797
630
436
201
-62
-295
-495
-673
-841
-987
-1160
-1350
-1532
-1723
-1915
-2087
-2241
-2376
-2496
-2621
-2713
-2789
-2829
-2784
-2651
-2491
-2327
-2195
-2082
-1961
-1838
-1720
-1581
-1406
-1252
-1076
-918
-816
-756
-755
-825
-946
-1052
-1182
-1299
-1389
-1470
-1500
-1493
-1454
-1394
-1330
-1245
-1143
-1054
-975
-916
-820
-678
-520
-351
-172
-21
92
160
168
191
223
263
292
324
373
371
367
371
362
364
353
303
231
116
-21
-157
-304
-412
-451
-414
-307
-186
-82
0
24
21
-2
-21
21
92
175
254
336
439
581
735
889
1028
1143
1259
1351
1420
1477
1476
1450
1449
1407
1419
1501
1535
1556
1582
1569
1567
1565
1530
1490
1419
1387
1383
1363
1343
1309
1297
1315
1316
1311
1317
1278
1243
1162
1031
928
806
673
565
448
336
249
121
0
-116
-246
-343
-477
-650
-822
-978
-1060
-1069
-1015
-921
-816
-727
-666
-632
-597
-531
-494
-454
-420
-395
-349
-320
-255
-213
-210
-210
-214
-227
-271
-343
-458
-592
-732
-846
-907
-884
-839
-808
-768
-758
-793
-870
-928
-993
-1074
-1149
-1189
-1175
-1140
-1081
-998
-893
-809
-738
-691
-660
-625
-599
-574
-532
-492
-461
-404
-363
-335
-290
-271
-245
-216
-230
-281
-354
-393
-420
-447
-447
-427
-420
-448
-480
-527
-554
-570
-603
-617
-596
-559
-512
-443
-340
-236
-142
0
140
252
354
438
506
565
605
653
711
796
925
1038
1142
1212
1235
1269
1306
1355
1409
1429
1457
1496
1523
1567
1590
1567
1525
1461
1363
1279
1218
1164
1098
1005
962
930
910
921
924
900
890
871
852
856
812
793
759
693
623
537
445
389
365
328
314
299
284
226
138
28
-97
-203
-309
-390
-450
-477
-528
-573
-611
-657
-655
-614
-560
-528
-505
-524
-559
-622
-670
-669
-669
-651
-630
-612
-628
-663
-728
-787
-831
-888
-932
-978
-997
-1017
-1048
-1082
-1141
-1199
-1235
-1240
-1191
-1123
-1074
-1024
-1006
-999
-956
-916
-870
-795
-744
-671
-568
-497
-441
-414
-380
-338
-326
-318
-324
-334
-328
-364
-435
-505
-580
-669
-791
-907
-989
-1080
-1178
-1264
-1313
-1330
-1326
-1288
-1228
-1156
-1080
-981
-861
-712
-564
-423
-266
-125
-26
106
260
364
447
484
496
505
511
549
597
609
626
652
640
626
604
579
533
492
483
479
528
602
664
752
808
831
886
951
1016
1080
1140
1211
1277
1337
1419
1518
1600
1668
1733
1752
1736
1723
1672
1581
1496
1408
1324
1248
1164
1131
1109
1072
1032
936
837
741
657
585
492
427
375
323
292
248
189
103
9
-85
-191
-273
-326
-354
-349
-349
-368
-372
-394
-406
-391
-374
-330
-275
-214
-157
-131
-91
-20
39
109
187
267
327
334
338
338
364
423
465
474
458
393
280
112
-114
-322
-534
-734
-902
-1051
-1144
-1204
-1274
-1354
-1397
-1437
-1494
-1543
-1584
-1588
-1576
-1540
-1469
-1360
-1226
-1057
-840
-658
-513
-386
-269
-173
-80
19
105
187
270
337
401
469
488
471
410
302
180
61
-43
-142
-214
-254
-279
-307
-320
-334
-343
-331
-307
-266
-183
-111
-39
40
104
212
290
378
511
643
772
882
948
957
936
905
890
875
857
817
762
715
645
579
518
445
377
310
264
243
226
237
245
239
237
240
283
345
431
527
566
580
594
614
656
692
747
824
878
914
938
936
911
851
782
701
600
509
404
323
268
220
189
141
84
22
-45
-104
-153
-213
-276
-320
-349
-347
-332
-324
-336
-340
-336
-357
-382
-427
-482
-565
-672
-780
-884
-955
-1000
-1018
-1023
-1029
-1043
-1052
-1071
-1090
-1114
-1156
-1185
-1193
-1165
-1113
-1057
-979
-902
-838
-767
-694
-633
-582
-559
-570
-587
-581
-537
-489
-418
-356
-332
-311
-289
-300
-350
-413
-495
-578
-647
-696
-722
-722
-706
-671
-612
-546
-471
-403
-355
-313
-281
-271
-268
-254
-215
-162
-97
-21
63
138
201
254
288
310
313
305
276
252
231
201
177
160
151
134
114
101
91
65
68
65
63
90
131
187
227
292
349
388
448
517
582
658
707
730
775
811
891
983
1059
1142
1223
1294
1318
1295
1261
1236
1191
1150
1104
1051
1026
1017
1019
1012
998
964
938
923
912
903
858
790
699
605
516
429
337
257
170
77
-16
-121
-197
-250
-304
-341
-350
-353
-342
-356
-387
-435
-508
-561
-620
-666
-716
-756
-759
-738
-691
-635
-575
-519
-462
-417
-397
-395
-418
-452
-487
-531
-552
-565
-578
-576
-593
-604
-601
-595
-593
-599
-632
-687
-714
-751
-794
-819
-834
-836
-837
-831
-815
-791
-768
-765
-745
-713
-683
-629
-573
-522
-464
-397
-340
-281
-241
-239
-279
-345
-370
-385
-396
-382
-355
-317
-265
-188
-120
-49
19
59
88
89
71
86
118
145
186
256
329
423
515
601
691
765
838
901
945
964
975
980
969
948
928
908
900
868
830
800
745
710
674
639
628
641
645
643
635
633
634
623
612
597
603
597
598
630
663
703
751
788
828
864
882
915
955
960
933
889
834
774
698
620
546
470
390
327
290
253
212
172
138
109
67
10
-27
-78
-124
-154
-189
-217
-247
-260
-272
-298
-317
-329
-352
-388
-413
-444
-479
-501
-529
-561
-604
-660
-724
-778
-837
-908
-974
-1048
-1135
-1205
-1263
-1295
-1312
-1333
-1334
-1342
-1352
-1372
-1422
-1481
-1542
-1584
-1589
-1579
-1557
-1518
-1470
-1405
-1358
-1322
-1281
-1254
-1239
-1230
-1209
-1152
-1093
-1009
-901
-799
-676
-556
-433
-318
-232
-158
-118
-92
-54
-17
22
80
135
179
222
249
270
285
286
266
235
223
208
214
205
193
218
253
271
267
267
246
232
230
243
246
248
281
331
403
479
570
638
682
708
719
730
732
755
759
762
783
822
879
952
1008
1044
1107
1152
1189
1222
1247
1268
1286
1294
1301
1323
1317
1313
1294
1254
1226
1194
1155
1129
1098
1066
1039
1009
977
949
914
840
783
739
686
616
535
455
386
337
303
288
272
263
259
236
208
181
143
112
75
36
5
-15
-37
-80
-131
-174
-198
-207
-215
-237
-248
-281
-331
-355
-380
-420
-470
-505
-543
-572
-590
-620
-649
-669
-676
-676
-662
-619
-582
-553
-532
-525
-515
-518
-526
-521
-503
-486
-479
-456
-419
-383
-343
-302
-278
-286
-320
-378
-417
-441
-472
-479
-467
-454
-450
-447
-451
-466
-492
-523
-548
-555
-563
-571
-553
-519
-474
-441
-405
-357
-314
-259
-200
-134
-59
2
47
110
181
245
339
416
463
528
575
599
628
649
685
731
779
837
880
916
932
928
926
920
903
873
853
830
819
802
784
776
753
743
719
671
615
556
498
450
437
424
404
378
352
343
330
306
256
192
146
93
47
20
-15
-58
-82
-101
-139
-188
-246
-306
-355
-419
-488
-539
-595
-659
-712
-754
-798
-844
-893
-936
-957
-977
-1003
-1014
-1014
-1016
-1020
-1030
-1034
-1014
-996
-966
-913
-874
-837
-805
-783
-747
-701
-682
-679
-675
-682
-681
-679
-686
-709
-736
-760
-765
-774
-802
-808
-796
-781
-762
-756
-750
-726
-705
-689
-674
-654
-624
-573
-522
-477
-432
-410
-387
-361
-349
-341
-327
-313
-281
-245
-222
-203
-201
-205
-199
-169
-145
-114
-70
-25
31
84
135
193
248
302
375
444
514
588
655
727
790
837
857
883
903
922
942
955
970
956
947
915
881
852
807
766
718
678
633
588
546
516
499
488
487
488
499
520
535
541
553
565
588
627
676
724
784
847
897
936
968
988
979
949
936
939
938
930
909
871
807
737
644
538
444
349
266
197
144
100
80
40
0
-31
-64
-82
-96
-97
-89
-95
-122
-136
-153
-176
-213
-262
-298
-332
-355
-397
-438
-466
-471
-460
-459
-454
-463
-479
-490
-515
-555
-594
-620
-627
-628
-610
-585
-563
-543
-532
-517
-512
-528
-548
-556
-564
-572
-583
-603
-622
-633
-658
-679
-679
-679
-674
-677
-674
-653
-630
-591
-541
-493
-434
-378
-348
-318
-262
-199
-131
-52
13
84
155
216
263
285
309
333
328
325
324
309
296
277
254
228
185
139
96
65
60
35
1
-8
-28
-34
-41
-37
6
47
85
145
210
293
376
448
529
600
659
720
790
866
942
1009
1066
1111
1132
1125
1122
1107
1067
1023
989
957
899
822
748
688
624
544
474
419
350
271
203
150
115
72
33
3
-13
-39
-80
-103
-133
-181
-221
-246
-261
-261
-262
-249
-233
-221
-197
-181
-163
-147
-141
-152
-157
-153
-151
-163
-187
-195
-213
-238
-268
-305
-351
-392
-432
-479
-519
-554
-595
-654
-708
-756
-802
-855
-893
-899
-899
-886
-882
-862
-829
-809
-792
-771
-758
-731
-670
-605
-529
-449
-388
-338
-299
-261
-214
-190
-184
-190
-206
-205
-203
-202
-213
-231
-256
-278
-292
-304
-326
-359
-387
-435
-488
-544
-593
-636
-660
-667
-655
-618
-576
-526
-469
-418
-343
-263
-179
-75
11
94
187
281
359
434
505
575
642
686
752
823
866
909
931
927
927
906
879
846
800
762
717
667
629
600
579
552
522
483
454
423
389
370
358
367
377
404
434
460
494
514
555
594
638
671
710
750
759
772
778
766
744
702
645
603
555
514
484
443
397
337
265
193
127
59
-6
-59
-97
-125
-160
-193
-224
-250
-264
-243
-228
-240
-227
-238
-247
-238
-231
-204
-189
-152
-115
-98
-75
-84
-105
-109
-103
-105
-97
-105
-119
-127
-169
-214
-254
-315
-371
-397
-431
-451
-480
-528
-569
-630
-699
-787
-868
-920
-965
-990
-1006
-1001
-998
-990
-989
-992
-980
-954
-916
-882
-841
-791
-722
-651
-570
-474
-399
-321
-243
-171
-108
-57
-15
32
97
170
240
295
344
366
388
419
416
412
401
405
417
405
393
361
330
291
264
256
254
270
274
298
329
364
408
464
514
564
636
697
766
831
871
896
903
905
904
897
889
876
853
813
767
715
646
569
484
414
368
307
252
203
129
77
6
-49
-83
-125
-149
-159
-161
-173
-169
-158
-134
-94
-44
4
51
86
101
126
139
159
175
193
231
268
299
311
305
289
265
216
148
81
2
-71
-131
-192
-275
-350
-429
-512
-576
-645
-715
-770
-814
-853
-895
-945
-974
-988
-996
-997
-993
-979
-978
-975
-971
-951
-919
-881
-849
-822
-790
-775
-752
-731
-718
-705
-681
-641
-597
-567
-537
-505
-489
-469
-450
-431
-414
-382
-350
-319
-272
-226
-190
-173
-152
-129
-110
-83
-59
-30
-3
25
70
112
143
176
213
247
273
295
326
364
410
463
519
570
603
621
643
669
693
711
726
740
739
719
710
713
707
703
685
671
668
655
658
653
645
637
620
614
590
558
540
512
482
461
440
408
378
369
360
358
364
374
403
431
461
496
533
577
617
661
697
732
765
785
806
805
820
817
798
786
759
751
753
733
710
665
585
512
431
340
239
129
46
-52
-158
-236
-307
-380
-455
-525
-577
-604
-628
-659
-682
-691
-691
-692
-689
-687
-698
-693
-691
-684
-660
-641
-612
-595
-573
-544
-519
-504
-507
-504
-510
-526
-565
-602
-635
-689
-713
-732
-758
-772
-792
-809
-827
-848
-838
-820
-796
-765
-726
-684
-626
-562
-497
-428
-361
-304
-277
-224
-172
-142
-95
-53
-17
26
46
60
71
72
72
53
25
-9
-44
-69
-93
-109
-114
-120
-132
-132
-125
-136
-139
-126
-121
-101
-97
-86
-71
-61
-29
1
50
92
145
214
272
328
361
393
422
442
466
493
517
529
531
544
566
572
554
527
510
498
487
476
456
446
426
404
399
384
364
349
318
271
236
200
161
123
91
75
61
57
40
27
15
-7
-24
-34
-24
-28
-31
-30
-40
-41
-55
-70
-81
-98
-116
-131
-148
-157
-145
-140
-157
-150
-144
-152
-164
-185
-200
-228
-250
-262
-285
-312
-344
-369
-395
-408
-410
-410
-389
-380
-375
-361
-356
-343
-336
-332
-320
-304
-305
-309
-295
-287
-284
-281
-256
-226
-195
-162
-145
-141
-139
-136
-119
-102
-78
-53
-50
-47
-41
-32
-36
-38
-15
25
74
124
174
230
288
336
377
413
458
483
512
532
530
530
528
534
534
533
525
533
543
542
546
543
538
526
504
487
479
470
460
439
417
410
406
419
445
477
520
552
570
594
613
629
640
635
639
641
647
655
656
640
620
607
577
546
520
491
445
398
356
314
278
243
208
175
148
115
87
58
29
12
14
18
10
10
19
29
37
32
31
34
21
30
46
39
27
-10
-42
-78
-117
-155
-185
-196
-231
-264
-306
-350
-390
-444
-509
-558
-587
-620
-635
-658
-681
-701
-717
-720
-728
-738
-755
-784
-819
-830
-833
-830
-804
-771
-730
-692
-669
-638
-612
-618
-618
-612
-619
-630
-629
-627
-628
-613
-611
-616
-613
-601
-595
-599
-594
-603
-601
-600
-603
-598
-600
-595
-607
-611
-625
-648
-661
-663
-657
-635
-600
-569
-541
-518
-484
-441
-390
-341
-291
-233
-188
-139
-93
-58
-28
3
47
86
132
180
232
275
315
363
397
443
469
474
482
472
455
440
437
434
433
427
422
431
430
429
431
434
440
447
459
465
456
448
431
421
400
390
390
379
378
374
380
388
396
392
387
392
391
388
380
358
332
298
259
230
206
196
188
166
142
119
88
48
11
-14
-42
-82
-107
-130
-156
-197
-238
-245
-246
-249
-234
-207
-199
-207
-210
-191
-161
-135
-104
-74
-39
-18
-4
18
40
50
63
83
117
144
162
183
183
186
186
186
180
162
128
67
5
-45
-98
-150
-186
-219
-252
-288
-307
-326
-343
-355
-363
-349
-325
-275
-223
-183
-137
-108
-77
-46
-22
24
77
133
190
222
257
288
316
354
369
373
386
397
393
378
362
341
325
324
327
333
334
333
341
344
360
383
399
414
426
445
452
462
468
462
470
473
490
514
531
561
589
612
632
632
631
625
611
588
556
538
518
491
472
453
421
398
392
371
368
375
367
362
356
352
338
321
305
281
268
256
229
205
183
162
125
75
35
-3
-43
-88
-122
-149
-192
-239
-265
-290
-310
-307
-316
-318
-320
-331
-344
-354
-358
-361
-334
-311
-314
-305
-291
-285
-295
-294
-288
-287
-293
-305
-327
-375
-419
-453
-494
-528
-557
-592
-626
-663
-690
-700
-718
-735
-746
-754
-743
-737
-756
-748
-737
-734
-715
-697
-675
-644
-614
-582
-534
-504
-468
-435
-425
-410
-387
-368
-365
-358
-362
-356
-328
-301
-290
-269
-237
-220
-212
-200
-186
-183
-169
-163
-135
-98
-87
-70
-63
-50
-32
0
33
69
115
148
175
202
213
218
225
224
223
219
221
223
224
222
216
220
219
226
236
230
228
218
186
156
142
129
116
114
101
103
117
123
150
184
212
253
281
291
297
299
296
291
294
291
286
290
298
304
317
323
337
348
352
358
363
373
371
380
385
391
408
399
375
348
332
320
292
274
265
241
224
224
212
199
182
149
117
86
67
45
18
-12
-42
-77
-124
-165
-198
-226
-246
-255
-262
-260
-247
-236
-244
-253
-249
-250
-244
-243
-239
-228
-222
-220
-220
-200
-183
-181
-174
-169
-148
-134
-129
-127
-108
-98
-98
-77
-73
-87
-101
-116
-137
-156
-185
-193
-191
-195
-183
-166
-141
-122
-118
-110
-89
-76
-61
-52
-36
-19
-4
32
54
87
117
153
184
195
225
245
268
292
303
313
318
319
311
300
298
288
275
263
249
230
201
184
174
172
164
173
191
200
225
238
233
226
216
209
196
194
179
167
172
158
144
135
122
118
116
110
105
87
68
45
25
0
-28
-49
-73
-94
-117
-130
-147
-150
-166
-177
-171
-161
-141
-139
-127
-120
-115
-105
-103
-111
-112
-114
-125
-122
-119
-133
-132
-136
-151
-154
-163
-182
-193
-218
-257
-276
-304
-324
-339
-359
-346
-336
-342
-342
-341
-336
-318
-319
-321
-306
-307
-301
-292
-300
-293
-285
-290
-274
-245
-230
-210
-191
-191
-181
-176
-181
-186
-187
-179
-176
-172
-170
-161
-151
-150
-153
-151
-136
-127
-125
-109
-108
-113
-107
-104
-108
-115
-105
-114
-128
-133
-141
-142
-146
-148
-154
-166
-173
-179
-202
-209
-226
-226
-212
-206
-187
-168
-143
-143
-143
-127
-127
-128
-118
-102
-90
-80
-65
-52
-26
8
27
53
78
103
131
166
211
247
276
300
319
311
302
294
276
259
248
247
247
252
243
250
276
285
295
292
286
285
288
285
276
279
281
296
299
309
314
312
312
320
323
310
312
297
280
273
248
221
197
186
175
153
143
137
119
99
93
85
78
74
66
64
65
69
63
73
81
80
83
84
75
58
51
24
5
5
14
23
29
46
44
30
19
14
11
6
-8
-26
-46
-60
-61
-65
-60
-45
-39
-33
-38
-55
-72
-84
-98
-107
-108
-121
-136
-147
-142
-134
-129
-101
-70
-45
-25
-29
-31
-29
-43
-38
-52
-70
-74
-78
-84
-97
-97
-96
-80
-65
-53
-22
-9
-11
-12
-16
-30
-39
-43
-42
-33
-16
-2
0
14
25
34
51
56
75
101
125
120
111
115
92
70
50
49
36
20
28
36
46
66
85
97
115
121
130
124
118
116
116
120
128
137
124
132
125
120
137
138
142
144
144
143
144
143
149
134
101
72
60
53
47
55
54
47
41
41
49
40
40
59
55
68
85
99
117
117
115
86
74
67
66
90
106
115
104
97
82
54
36
24
4
-25
-48
-69
-96
-112
-133
-151
-168
-187
-197
-196
-191
-181
-166
-142
-118
-119
-117
-125
-125
-113
-122
-114
-104
-102
-88
-80
-76
-68
-62
-64
-74
-90
-100
-127
-155
-169
-181
-197
-198
-210
-223
-230
-238
-231
-220
-197
-177
-160
-159
-162
-160
-157
-161
-181
-189
-198
-188
-174
-163
-142
-132
-120
-95
-85
-76
-75
-86
-87
-82
-82
-85
-101
-132
-150
-163
-160
-142
-123
-119
-116
-104
-91
-58
-45
-46
-36
-37
-49
-39
-21
-22
-18
-9
-4
3
16
45
76
96
118
128
123
129
155
156
159
164
167
181
173
165
152
141
150
163
181
196
205
210
206
202
204
210
207
204
204
200
197
190
187
177
164
155
155
157
151
144
127
132
130
121
127
131
134
130
127
118
116
118
117
113
117
132
130
132
136
135
145
143
136
146
142
133
115
97
85
84
74
65
70
45
41
37
26
29
39
39
44
49
38
31
19
14
6
0
-23
-41
-49
-58
-79
-96
-100
-106
-104
-96
-72
-80
-85
-89
-102
-104
-104
-99
-102
-93
-93
-89
-84
-84
-95
-98
-100
-109
-98
-94
-73
-34
-15
-3
12
5
0
-4
-15
-6
6
29
46
53
55
65
73
70
70
68
60
68
73
52
40
31
2
-24
-23
-23
-14
-1
-8
-10
-17
-29
-34
-47
-68
-66
-56
-55
-46
-43
-38
-30
-24
-20
-2
26
33
35
27
12
-6
-25
-36
-39
-42
-38
-33
-43
-60
-74
-74
-77
-70
-76
-79
-55
-49
-47
-47
-52
-63
-65
-78
-86
-73
-61
-47
-26
-12
-21
-23
-30
-24
-8
-2
-7
-17
-29
-58
-81
-98
-106
-109
-116
-125
-131
-144
-158
-177
-219
-233
-253
-264
-252
-258
-261
-266
-266
-267
-262
-248
-233
-199
-168
-163
-157
-146
-151
-154
-159
-161
-150
-149
-140
-140
-154
-156
-159
-169
-169
-161
-142
-114
-84
-54
-35
-37
-36
-33
-46
-54
-60
-54
-43
-32
-10
11
28
47
70
98
118
142
158
149
144
135
121
116
104
99
105
109
120
135
155
160
161
159
158
154
132
118
113
107
94
97
101
111
133
147
160
165
177
180
170
164
167
158
164
175
179
187
180
180
170
176
196
209
228
245
250
248
244
209
185
173
156
153
155
154
154
158
165
173
175
193
204
212
209
183
178
164
142
111
84
68
56
56
72
89
92
98
98
99
82
50
41
24
5
-11
-43
-70
-84
-106
-103
-85
-81
-60
-42
-26
-18
-20
-27
-25
-19
-28
-30
-30
-29
-40
-51
-59
-60
-50
-34
-9
0
16
21
18
16
13
6
0
-8
-29
-33
-57
-87
-122
-140
-144
-146
-125
-123
-125
-130
-140
-169
-204
-233
-262
-274
-287
-306
-318
-309
-302
-289
-256
-233
-210
-190
-179
-175
-168
-164
-159
-147
-135
-114
-88
-60
-37
-17
-8
11
40
62
100
124
140
148
161
169
195
220
238
257
264
274
272
275
267
264
268
260
250
252
238
209
181
165
160
140
131
108
92
88
86
93
91
90
74
45
18
-15
-45
-66
-77
-86
-89
-81
-83
-76
-79
-87
-83
-96
-110
-131
-160
-188
-216
-223
-222
-221
-211
-203
-191
-175
-170
-181
-179
-165
-170
-171
-155
-149
-154
-159
-164
-160
-162
-165
-146
-122
-107
-98
-89
-90
-110
-123
-131
-132
-137
-144
-153
-175
-183
-204
-234
-237
-236
-225
-195
-186
-182
-166
-165
-158
-158
-171
-175
-182
-189
-198
-198
-198
-191
-189
-185
-167
-158
-147
-141
-128
-126
-135
-154
-164
-169
-182
-168
-144
-136
-127
-117
-117
-124
-136
-143
-157
-169
-177
-176
-139
-110
-85
-56
-53
-52
-39
-28
-1
20
17
17
20
35
50
66
81
108
140
143
164
190
214
231
232
236
246
271
297
324
333
332
344
359
357
351
346
366
401
428
453
465
471
466
459
457
448
435
413
384
361
345
335
327
314
301
289
278
252
225
203
186
165
129
95
67
50
55
41
22
10
0
0
-6
-16
-27
-40
-54
-69
-98
-144
-185
-209
-216
-209
-198
-197
-206
-215
-220
-232
-245
-259
-273
-254
-234
-227
-226
-219
-204
-201
-195
-182
-173
-152
-126
-103
-88
-82
-76
-70
-51
-42
-30
-8
-7
-13
-19
-5
7
5
25
36
36
33
14
7
10
5
0
19
45
69
88
113
141
149
165
172
182
183
189
196
186
176
161
145
137
146
163
172
185
191
189
169
147
140
129
116
120
119
111
113
114
120
114
103
103
126
133
117
106
98
85
71
60
53
61
58
73
94
107
115
125
153
182
219
235
248
261
269
273
284
293
279
278
281
298
312
323
327
317
314
303
297
295
290
290
289
280
264
255
258
262
255
244
231
210
188
151
124
106
66
46
45
43
44
26
7
2
-15
-38
-58
-77
-94
-118
-149
-180
-192
-224
-259
-270
-277
-278
-288
-300
-307
-309
-324
-347
-360
-379
-387
-406
-426
-444
-463
-477
-491
-489
-505
-519
-510
-499
-489
-488
-476
-462
-460
-462
-470
-486
-485
-460
-444
-432
-416
-393
-376
-371
-356
-339
-306
-268
-231
-225
-236
-225
-218
-216
-213
-197
-184
-161
-131
-108
-99
-95
-90
-101
-103
-96
-90
-84
-79
-79
-70
-51
-31
-4
16
43
60
80
91
100
111
128
141
154
177
190
213
212
190
182
187
209
222
225
240
253
247
241
231
214
218
216
212
213
220
228
220
208
201
192
189
206
215
226
227
193
173
140
120
126
148
179
203
202
181
172
166
167
171
175
176
174
160
153
133
104
84
59
55
51
54
48
36
31
20
10
8
7
-5
-23
-36
-47
-64
-79
-83
-90
-85
-70
-75
-80
-76
-76
-69
-76
-94
-90
-97
-109
-114
-123
-120
-119
-119
-117
-125
-132
-138
-145
-142
-139
-139
-140
-148
-162
-161
-148
-128
-100
-91
-94
-103
-102
-96
-97
-93
-94
-99
-94
-93
-89
-91
-94
-86
-93
-101
-102
-97
-94
-77
-64
-63
-56
-47
-33
-32
-19
0
17
37
50
50
43
57
59
57
50
52
64
77
89
79
61
48
49
44
70
81
71
76
59
46
32
34
49
60
54
29
5
-20
-33
-23
-12
-5
-9
-4
2
14
14
4
14
17
31
53
66
76
83
84
89
103
111
123
129
124
118
122
117
105
87
72
87
97
83
66
60
48
32
22
2
-16
-34
-44
-35
-36
-36
-29
-41
-41
-41
-52
-58
-63
-63
-68
-78
-101
-120
-145
-153
-147
-139
-128
-120
-109
-111
-119
-141
-137
-139
-150
-152
-170
-173
-186
-197
-193
-185
-194
-191
-185
-185
-168
-168
-178
-184
-184
-183
-158
-140
-131
-136
-147
-145
-148
-152
-139
-131
-130
-113
-113
-110
-90
-87
-84
-77
-61
-39
-27
-28
-19
-20
-12
9
13
18
18
14
2
-20
-41
-35
-40
-47
-36
-40
-29
-14
2
14
28
42
44
52
57
65
52
51
55
49
54
48
39
40
43
63
82
89
99
107
119
131
140
143
134
124
110
109
126
143
163
188
193
188
204
229
247
267
288
290
293
289
299
304
283
277
264
262
274
282
285
289
291
280
284
279
279
276
250
229
203
190
183
169
154
154
156
145
130
125
122
118
117
114
115
98
89
69
57
69
75
89
88
81
69
69
59
60
55
40
43
39
54
70
74
51
36
26
21
27
35
32
8
-5
-34
-56
-79
-90
-88
-86
-73
-59
-45
-43
-39
-44
-54
-55
-35
-23
-24
-29
-47
-53
-53
-48
-47
-42
-36
-38
-43
-48
-44
-42
-38
-38
-62
-71
-64
-60
-62
-74
-82
-75
-64
-37
-16
-19
-24
-23
-15
-20
-8
-5
1
10
-2
6
0
-18
-24
-20
-29
-36
-26
-38
-39
-37
-46
-46
-43
-51
-47
-42
-32
-21
-21
-18
-25
-30
-49
-50
-43
-38
-15
-13
-19
-24
-22
-19
-19
-13
-15
-17
-10
-10
-26
-38
-44
-52
-62
-59
-62
-78
-83
-101
-123
-125
-122
-111
-101
-102
-105
-107
-113
-135
-158
-179
-192
-182
-175
-164
-153
-152
-151
-160
-180
-174
-151
-151
-143
-133
-126
-121
-116
-116
-116
-116
-120
-107
-96
-89
-87
-95
-110
-122
-119
-129
-128
-121
-115
-107
-91
-67
-54
-37
-22
-12
-20
-13
3
4
7
7
1
7
24
24
34
33
34
56
59
56
45
37
28
15
6
9
16
10
20
35
52
65
81
93
80
75
74
76
71
66
77
80
93
96
102
98
89
111
99
95
109
111
104
94
93
87
77
76
76
77
78
71
72
77
73
66
50
39
42
47
53
49
47
44
36
29
29
26
-1
-19
-23
-26
-24
-21
-18
-13
-9
-3
14
15
17
20
29
45
60
71
71
68
72
86
95
107
120
125
135
140
145
153
155
156
147
141
137
130
136
136
144
153
155
137
122
116
103
98
83
86
86
69
73
75
62
49
34
21
31
39
39
22
9
9
11
10
9
12
-2
-23
-34
-50
-68
-90
-116
-125
-129
-126
-117
-115
-107
-106
-107
-109
-110
-97
-97
-102
-98
-95
-82
-65
-48
-30
-28
-27
-29
-34
-27
-10
16
37
31
32
48
61
92
110
111
99
79
64
63
79
95
108
105
93
80
79
96
105
93
84
75
52
48
49
40
24
15
0
0
15
30
45
47
59
70
80
96
93
80
73
64
57
46
43
47
47
47
36
37
34
46
57
55
58
45
35
12
0
-17
-25
-32
-53
-65
-82
-93
-106
-105
-107
-119
-131
-136
-140
-142
-121
-125
-147
-178
-200
-214
-220
-205
-200
-194
-201
-200
-181
-156
-128
-100
-84
-81
-68
-57
-45
-41
-43
-42
-26
-17
-13
1
2
21
17
5
5
-13
-15
-1
-4
-9
-15
-24
-13
-18
-31
-39
-53
-71
-79
-77
-83
-84
-89
-87
-100
-104
-98
-108
-115
-119
-122
-129
-134
-141
-146
-141
-133
-127
-111
-110
-102
-85
-74
-68
-71
-70
-85
-95
-92
-79
-69
-59
-52
-47
-42
-45
-52
-46
-42
-50
-51
-68
-80
-61
-52
-47
-49
-58
-55
-45
-32
-23
-27
-39
-53
-51
-41
-39
-42
-45
-39
-38
-20
6
29
28
26
36
48
77
98
117
136
152
163
188
202
209
210
206
202
180
169
174
190
197
193
187
164
132
122
121
109
81
55
24
-10
-35
-63
-79
-94
-109
-120
-119
-126
-133
-132
-138
-132
-121
-119
-109
-105
-88
-71
-71
-73
-75
-58
-44
-21
-4
-6
-27
-32
-21
-19
-9
-11
-19
-25
-25
-16
-11
-24
-38
-53
-72
-74
-67
-50
-40
-58
-85
-107
-111
-102
-91
-80
-60
-38
-38
-42
-33
-16
-2
7
16
22
33
46
45
46
39
27
25
29
41
42
49
42
38
55
59
61
58
47
49
65
73
75
67
51
31
14
0
-25
-35
-48
-67
-68
-66
-69
-72
-60
-58
-54
-52
-64
-70
-80
-87
-99
-112
-115
-108
-116
-120
-130
-146
-144
-150
-144
-138
-121
-120
-113
-88
-71
-46
-41
-32
-25
-15
-10
-7
-1
-19
-26
-27
-24
-17
-9
13
26
34
29
25
25
24
24
23
16
10
18
17
20
25
31
37
33
34
44
63
67
65
62
58
70
85
96
108
