-0.0391967
0.522378
0.605672
-0.0324455
0.290893
0.191279
0.134132
0.193448
0.194343
-0.0643149
0.200204
0.0117398
-0.0600669
0.500791
0.593006
-0.0159983
0.25972
0.184402
0.174248
0.19824
0.289327
-0.0895034
0.200545
0.0109215
-0.112538
0.440646
0.603313
-0.0751134
0.319479
0.109262
0.153618
0.230022
0.204883
-0.072908
0.170888
0.0396243
-0.181051
0.448219
0.57679
-0.0664641
0.364869
0.0715655
0.236993
0.273721
0.19346
-0.0858334
0.157105
0.0467868
-0.274271
0.373208
0.608257
-0.0513515
0.283377
0.0954383
0.280741
0.285384
0.162368
-0.0991162
0.145536
0.0542787
-0.224811
0.272059
0.580452
-0.0301514
0.287118
0.0655623
0.252357
0.291518
0.098052
-0.10908
0.163854
0.0531227
-0.195037
0.194444
0.523101
-0.0701908
0.329232
0.0808238
0.256658
0.321759
0.149399
-0.137728
0.136016
0.0545885
-0.229153
0.10662
0.563715
-0.0985393
0.331875
0.0417808
0.324739
0.335057
0.0261471
-0.0854051
0.128193
0.0598639
-0.220539
-0.00813825
0.494816
-0.0114978
0.410373
-0.0100963
0.234242
0.262074
0.111985
-0.0367586
0.0844936
0.0019146
-0.35601
0.00801489
0.455423
0.0225649
0.401361
-0.0193663
0.292589
0.276895
0.0879925
-0.115859
0.111161
0.0064346
-0.33858
0.00771583
0.435333
-0.0543846
0.304704
-0.0899613
0.282584
0.275027
0.0885611
-0.14433
0.0606683
-0.0614083
-0.307697
-0.0496748
0.425206
-0.0405307
0.300042
-0.0290769
0.255742
0.234603
0.162131
-0.190292
0.0608941
-0.0607812
-0.274966
-0.0203422
0.359456
-0.0764521
0.220835
-0.0125383
0.245315
0.236852
0.16471
-0.205175
0.0552908
-0.0578737
-0.0848823
-0.074967
0.443351
-0.0794934
0.214645
-0.0346958
0.287653
0.273134
0.220227
-0.13667
0.0508795
-0.0348551
0.259467
0.101127
0.531143
0.0462452
0.289162
0.0113579
0.26447
0.221013
0.162135
-0.0827331
0.110712
0.0385852
0.660867
0.315202
0.539459
0.0801737
0.357798
0.0592276
0.3123
0.288816
0.0934468
-0.0543711
0.0500777
0.0852107
1.45499
0.59571
0.390249
0.21783
0.226266
0.0445981
0.135864
-0.0855924
-0.0654307
-0.103688
-0.0754847
-0.0424166
2.20544
0.394237
0.21972
0.144189
0.266333
-0.0169824
0.223487
-0.133876
-0.0439033
-0.151463
-0.158245
0.0019162
2.51019
0.275007
0.17461
0.173641
0.282923
-0.0147089
0.220776
-0.212523
-0.0191859
-0.115144
-0.216805
-0.0334386
2.32432
0.3851
0.0799941
0.243533
0.109666
0.0381561
0.150716
-0.168059
-0.0635537
-0.191025
-0.122149
-0.0507222
1.65825
0.509205
0.115469
0.0895913
0.0919535
0.0901172
0.0275174
-0.0772899
-0.103608
-0.139402
-0.096282
-0.021811
2.22877
0.478173
0.126021
0.159564
0.0270123
0.0562073
0.0741567
-0.166235
-0.0932819
-0.244722
-0.115846
-0.00378907
2.14238
0.466838
0.193725
0.149561
-0.0757399
0.0571033
0.101686
-0.180299
-0.166889
-0.178105
-0.0713552
-0.00729532
2.26938
0.433878
0.252235
0.129601
-0.0987819
0.103868
0.102809
-0.203097
-0.189736
-0.131269
-0.0570597
0.0130742
1.69728
0.571477
0.218417
0.0793653
-0.0440233
0.028636
0.00922607
-0.179531
-0.172795
-0.0802651
-0.0150857
0.0119641
2.12574
0.359279
0.163694
0.136436
-0.103887
0.0389071
0.0577845
-0.241908
-0.140243
-0.0425373
-0.0191457
-0.012914
2.11434
0.287777
0.0892711
0.171683
-0.0648226
0.0359557
0.059103
-0.215864
-0.11598
-0.0433196
-0.0268994
-0.0300309
1.71107
0.379288
0.113353
0.0978026
0.00295789
0.0234041
0.0177082
-0.147241
-0.110552
-0.0215421
-0.0328598
-0.0061197
2.17222
0.23103
0.0863301
0.223951
-0.0707671
-0.0441903
0.102056
-0.227196
-0.0708507
0.0563132
0.0517432
-0.0453646
2.16949
0.178349
0.118858
0.241115
-0.0413194
-0.071515
0.0557628
-0.105909
-0.0272879
0.00647942
-0.00743861
-0.0350981
2.54687
-0.0424253
0.303288
0.18623
-0.0161348
-0.132356
0.145176
-0.150488
-0.0572272
0.112992
-0.0155458
-0.0472202
1.69325
0.327022
0.180415
0.145208
-0.0558985
-0.051306
0.0828985
-0.0451789
-0.0633473
0.0539965
0.0203752
-0.0346734
2.00939
0.188408
0.174843
0.252903
-0.0482762
-0.0533873
0.0954501
-0.0172011
0.0116961
0.0554283
0.0330692
-0.0307442
1.95187
0.134184
0.153439
0.306506
-0.0143125
-0.123268
0.136903
0.0273136
0.074216
0.0696216
0.0218246
-0.0501407
2.11663
0.0439652
0.153103
0.27782
-0.0143285
-0.0793268
0.164122
0.0637242
0.107022
0.0594186
0.00292767
-0.0332292
2.01774
0.0285061
0.136239
0.255586
0.0143921
-0.0680153
0.208349
0.141579
0.1188
0.0980261
-0.0236281
-0.0973265
1.8512
0.0815093
0.110759
0.296863
0.0406877
-0.049067
0.234139
0.191542
0.11668
0.0927608
-0.0375715
-0.0923895
1.91955
-0.0216045
0.11169
0.320575
0.0608905
0.0562481
0.325881
0.24762
0.122581
0.0721604
-0.0526838
-0.11753
1.63151
0.0587884
0.131566
0.280695
0.0641521
0.0670888
0.358664
0.230503
0.0999278
0.0687306
-0.0404463
-0.0753842
2.18521
-0.144171
0.146104
0.344115
0.147915
-0.0401077
0.437959
0.23548
0.130371
0.0137472
-0.0736059
-0.0471132
1.79339
0.13085
-0.0154599
0.314678
0.154227
0.0460164
0.308894
0.261364
0.0886752
-0.0852656
-0.0956582
-0.0207534
2.30856
-0.0805101
0.0845731
0.351471
0.195585
-0.0223808
0.44235
0.19392
0.101849
-0.08302
-0.106323
0.00473639
1.56701
0.197594
0.0589184
0.258558
0.226695
0.178878
0.250153
0.2764
0.109517
-0.153203
-0.152224
0.0016719
1.69408
0.232906
-0.00650404
0.266847
0.289104
0.164736
0.277341
0.317749
0.0979763
-0.152362
-0.150184
0.00915838
1.83875
0.109494
-0.0422982
0.371677
0.293093
0.172195
0.325814
0.331597
0.0945428
-0.134715
-0.165964
-0.00275819
2.20804
-0.108138
-0.0509238
0.387347
0.305396
0.0929567
0.452964
0.295118
0.176316
-0.129814
-0.149227
0.0219076
1.42829
0.217318
0.0252331
0.263535
0.264442
0.224577
0.324889
0.301597
0.103678
-0.128155
-0.15435
0.00188699
1.6299
0.107324
-0.0477207
0.318758
0.305244
0.22424
0.359058
0.319029
0.109037
-0.0997137
-0.129373
0.0150659
1.75521
0.172445
0.0131103
0.362602
0.279929
0.196603
0.39246
0.337216
0.0975794
-0.122642
-0.132137
0.0156464
2.10349
-0.0559166
0.0198147
0.420791
0.266777
0.176727
0.45472
0.329805
0.0891303
-0.118023
-0.104605
0.00785645
1.46298
0.408033
0.137365
0.228242
0.231379
0.233521
0.328485
0.3404
0.118662
-0.106954
-0.106237
-0.0034681
2.01008
0.202223
-0.0228622
0.355098
0.291692
0.220238
0.39798
0.323953
0.110157
-0.0366554
-0.0938892
-0.0323141
1.52958
0.467574
0.169211
0.276426
0.280017
0.213116
0.30333
0.352357
0.154748
-0.092933
-0.12309
-0.00581438
1.52094
0.487059
0.205936
0.265447
0.279402
0.26463
0.320818
0.281165
0.100007
-0.0728149
-0.0516707
0.0269881
1.67829
0.472407
0.179559
0.322195
0.343494
0.236216
0.313632
0.330203
0.124637
-0.106491
-0.05561
0.0582438
1.51872
0.543449
0.23509
0.225066
0.277999
0.255384
0.264103
0.253568
0.13267
-0.0115314
-0.0354783
0.0189752
1.66802
0.617423
0.289076
0.222999
0.233351
0.254322
0.309361
0.303715
0.0971988
-0.0933326
0.0372209
0.0644484
1.28063
0.497992
0.252255
0.222703
0.276056
0.306739
0.269363
0.231449
0.134413
0.00350203
0.00031345
0.0547027
1.66867
0.505058
0.274179
0.266114
0.262179
0.247774
0.298366
0.265403
0.0875306
-0.0130512
-0.000117111
0.0504062
1.41803
0.510691
0.299134
0.248893
0.281017
0.292686
0.268702
0.245571
0.0944478
-0.0201442
-0.0134759
0.0494946
1.54272
0.478445
0.328107
0.324818
0.369589
0.286196
0.266828
0.327177
0.124804
-0.000214526
-0.0228173
0.0550957
1.72453
0.39675
0.433078
0.293287
0.333317
0.324812
0.296176
0.357092
0.0981511
0.0061735
-0.0220445
0.0274258
1.61861
0.429611
0.465573
0.28633
0.373672
0.290274
0.238679
0.373278
0.106789
0.0163684
0.0102042
0.0417221
1.45856
0.578202
0.441247
0.295057
0.361425
0.30368
0.273648
0.294519
0.100292
0.00688734
0.0664259
0.0797762
1.36356
0.535058
0.430067
0.248702
0.248011
0.304036
0.289273
0.269368
0.087831
0.0346526
0.0631516
0.0707018
1.43225
0.565294
0.432945
0.197734
0.285898
0.275682
0.322476
0.329752
0.103777
0.00691584
0.114301
0.0878854
1.42958
0.515878
0.437179
0.255549
0.282065
0.248465
0.297232
0.336127
0.099261
0.0521663
0.10298
0.0853868
1.17513
0.511747
0.437694
0.214666
0.247157
0.232011
0.226184
0.292299
0.139702
0.0587002
0.106486
0.0706537
1.2273
0.556625
0.456475
0.249124
0.346758
0.263109
0.118128
0.274784
0.151894
-0.00351306
0.193448
0.0870164
1.15067
0.57605
0.499265
0.220397
0.254656
0.219753
0.0999235
0.258844
0.180422
0.0026116
0.174467
0.0752729
1.10201
0.525974
0.504391
0.14941
0.281929
0.326932
0.163508
0.302086
0.178967
-0.0719166
0.199283
0.0781964
1.05403
0.523003
0.510079
0.144518
0.282034
0.275667
0.162378
0.288235
0.13294
-0.0458393
0.176849
0.0559564
1.02952
0.573998
0.561004
0.116399
0.426558
0.281639
0.130809
0.317943
0.114563
-0.0428564
0.126815
0.0356224
0.996885
0.527712
0.557926
0.0897795
0.300397
0.289796
0.209734
0.314762
0.0860329
0.00530413
0.139004
0.0367669
1.02322
0.535385
0.610019
0.0983833
0.325532
0.229208
0.227332
0.324726
0.143683
-0.0215121
0.1018
0.0523752
0.981726
0.500567
0.601868
0.0799859
0.262619
0.212525
0.283359
0.351101
0.118028
0.0509539
0.182801
0.0375472
0.97754
0.508246
0.655621
-0.0204424
0.291856
0.177015
0.313456
0.451644
0.184303
-0.0164774
0.147856
0.0269545
0.902669
0.505028
0.548446
0.0101315
0.369009
0.156371
0.312751
0.37374
0.234039
-0.0396844
0.138112
0.0662009
0.916441
0.510919
0.554038
0.0284851
0.302173
0.135396
0.284312
0.316369
0.211068
-0.0242592
0.148191
0.0589164
0.823823
0.511798
0.595107
0.0646779
0.295364
0.13637
0.283191
0.346277
0.242729
-0.0370381
0.185078
0.0642839
0.835142
0.473731
0.633709
0.134734
0.326994
0.119436
0.21948
0.314689
0.212553
-0.0138578
0.206742
0.0812308
0.877639
0.416363
0.681183
0.132012
0.310609
0.137465
0.198967
0.282107
0.144553
0.0155595
0.165826
0.0760487
0.903797
0.393248
0.673251
0.133292
0.273897
0.175453
0.182434
0.305871
0.159931
-0.00801664
0.134426
0.0758301
0.803838
0.401279
0.670131
0.108124
0.239431
0.264709
0.208641
0.372618
0.121642
0.00352404
0.0868415
0.0630803
0.81454
0.43087
0.672626
0.065183
0.211808
0.306132
0.191027
0.268353
0.165038
-0.0266406
0.151564
0.0648468
0.686769
0.3799
0.750086
0.0476269
0.199205
0.268947
0.317878
0.263936
0.187836
-0.0343015
0.164651
0.0750249
0.526851
0.280541
0.770993
0.0850276
0.273683
0.30962
0.33915
0.281593
0.177893
-0.0531182
0.200872
0.109307
0.496322
0.237209
0.741278
0.104546
0.276114
0.286691
0.327479
0.308995
0.168168
-0.0469289
0.215637
0.0961571
0.416939
0.259985
0.683662
0.150573
0.311732
0.200177
0.355376
0.287971
0.190408
-0.0835058
0.232558
0.107273
0.361307
0.284478
0.683847
0.115201
0.43856
0.186315
0.276992
0.342256
0.228358
-0.104988
0.187066
0.15435
0.261836
0.290307
0.643492
0.118247
0.506305
0.172632
0.270944
0.322839
0.190968
-0.0978212
0.178758
0.152197
0.267591
0.206676
0.595693
-0.0288386
0.518004
0.172927
0.212042
0.353541
0.217803
-0.0853423
0.11025
0.115912
0.369082
0.25834
0.631936
-0.0274172
0.520697
0.1271
0.167726
0.345215
0.136794
-0.10292
0.100335
0.11827
0.34946
0.143454
0.671277
-0.000322403
0.435597
0.0673246
0.260301
0.34228
0.1251
-0.0454605
0.187939
0.0755497
0.415671
0.128005
0.699748
0.0598151
0.439259
0.0858015
0.279457
0.309838
0.0946553
-0.0270138
0.160576
0.115668
0.480778
0.153028
0.752079
0.14645
0.411811
0.0593708
0.359753
0.241264
0.166131
0.00956527
0.233504
0.124918
0.554531
0.154216
0.753091
0.184892
0.388675
0.127343
0.31502
0.22254
0.155126
-0.00546832
0.197936
0.137639
0.47848
0.0670897
0.822981
0.129628
0.391027
0.206185
0.306679
0.317963
0.168417
0.0128216
0.189635
0.143741
0.569867
0.193969
0.770569
0.142458
0.32615
0.163968
0.288406
0.313031
0.133131
-0.00976324
0.19047
0.109449
0.526644
0.111197
0.809962
0.179374
0.349987
0.177175
0.239334
0.413996
0.139492
-0.0050123
0.225248
0.106892
0.563459
0.0591192
0.836045
0.149233
0.383103
0.156979
0.238055
0.391647
0.112184
0.0357233
0.287356
0.0566467
0.71717
0.136395
0.734421
0.123074
0.38993
0.198306
0.241488
0.384722
0.0844102
-0.0234646
0.275548
0.0731416
0.702604
0.29847
0.698073
0.206673
0.335587
0.277603
0.146754
0.34379
0.0351241
-0.0571361
0.257942
0.0465093
0.70898
0.300693
0.755771
0.0976934
0.349118
0.280414
0.199968
0.351016
0.063464
0.0148874
0.19936
0.0458817
0.907551
0.261478
0.698975
0.166304
0.378032
0.198803
0.219986
0.330566
0.10994
-0.0482631
0.168232
0.110253
0.975843
0.271687
0.733281
0.266692
0.284386
0.210818
0.147166
0.196696
0.163764
-0.0104676
0.130457
0.11196
0.903417
0.452234
0.576444
0.27244
0.25444
0.185091
0.144122
0.183385
0.0764216
0.0368101
0.151906
0.0547006
0.989525
0.432171
0.549044
0.274111
0.220697
0.12727
0.159763
0.177644
0.105779
-0.055624
0.132544
0.0759228
1.0225
0.5132
0.709715
0.247522
0.174583
0.18275
0.143294
0.131192
0.0904772
-0.0461276
0.170365
0.0597952
1.08192
0.443946
0.670185
0.283806
0.177262
0.131313
0.124893
0.127814
0.0925232
-0.0102559
0.177258
0.0775228
1.09988
0.513729
0.558112
0.254192
0.245077
0.126107
0.115435
0.0235751
0.110857
0.0405136
0.139135
0.0759497
1.12927
0.528099
0.449103
0.191131
0.277558
0.0979037
0.128165
0.204641
0.168363
0.0398533
0.162155
0.0787551
1.15148
0.55954
0.488721
0.246299
0.226544
0.224712
0.220691
0.151865
0.130741
0.0308488
0.158288
0.0808894
1.08995
0.593863
0.478293
0.275766
0.280166
0.219798
0.178485
0.130494
0.191212
0.0526798
0.112994
0.0818596
1.08483
0.514719
0.434032
0.266804
0.292414
0.257905
0.217941
0.201027
0.208922
0.0476399
0.106681
0.0903348
1.09805
0.599954
0.478787
0.234861
0.237536
0.225846
0.220548
0.204629
0.153539
0.129828
0.121422
0.0821717
1.08283
0.539602
0.520052
0.234916
0.261792
0.215867
0.204275
0.192508
0.163175
0.170296
0.137999
0.0872356
1.15325
0.567751
0.441906
0.270134
0.268426
0.200417
0.18898
0.16856
0.0971788
0.135768
0.155152
0.0820345
1.08937
0.580917
0.370372
0.242625
0.271416
0.164364
0.197048
0.123124
0.0928219
0.104549
0.0677272
0.0643632
1.07532
0.559488
0.416765
0.18862
0.143411
0.10298
0.149389
0.132726
0.116064
0.0462004
0.0629241
0.0404649
1.24862
0.615529
0.526911
0.158462
0.199681
0.112495
0.179548
0.0878706
0.199104
-0.0988153
0.0807649
0.0590198
1.17269
0.602343
0.460555
0.141249
0.239039
0.175018
0.146848
0.0873917
0.157071
-0.0528095
0.107583
0.0519826
1.32502
0.549914
0.525481
0.0830895
0.305767
0.146334
0.212786
0.0566741
0.185829
-0.0191672
0.124173
0.118863
1.36312
0.551633
0.503565
0.0910125
0.285764
0.13539
0.186817
0.0680972
0.161559
0.0344026
0.111076
0.102858
1.40032
0.473529
0.622491
0.0884717
0.317551
0.16471
0.191555
0.0356686
0.162414
0.0182473
0.165442
0.167758
1.24057
0.579491
0.440159
0.196356
0.24354
0.21597
0.147215
0.084937
0.120241
0.021272
0.0661222
0.0592689
1.34761
0.46095
0.547176
0.0935669
0.245406
0.121643
0.222831
0.0822983
0.104287
0.0981081
0.085159
0.0919522
1.36459
0.438659
0.484707
0.14158
0.210399
0.211117
0.294121
0.0982029
0.0592845
0.0942615
0.124172
0.0865811
1.47347
0.393711
0.525385
0.0532891
0.279231
0.0748621
0.280535
0.102152
0.0697566
0.110056
0.0747785
0.112406
1.38209
0.46652
0.526368
0.00869405
0.283165
0.160886
0.184085
0.141712
0.125671
0.0712415
0.127485
0.102894
1.42553
0.440789
0.587032
0.0456594
0.216063
0.138928
0.150054
0.110451
0.184271
0.00922152
0.155428
0.146368
1.34584
0.52887
0.553887
0.101189
0.199813
0.135652
0.0806865
0.0749991
0.109479
-0.0285797
0.130687
0.0939536
1.48389
0.526277
0.611403
0.0754393
0.255302
0.0999829
0.0686067
0.0573522
0.169198
-0.0663062
0.0587922
0.104581
1.27083
0.617975
0.412828
0.180733
0.221303
0.110938
0.064217
0.0433947
0.0896945
-0.0575884
0.0754861
0.0336372
1.49504
0.608038
0.529143
0.0968874
0.215142
0.0680914
0.0931945
0.0273269
0.176633
-0.0130878
0.0548394
0.0752886
