1.47097
0.382988
0.433592
-0.130594
0.219374
0.214977
0.258667
0.269277
0.014392
-0.0400069
0.16772
0.0757129
1.57786
0.152909
0.500912
-0.167259
0.251575
0.194044
0.301866
0.395977
-0.0364422
-0.102669
0.106627
0.0448784
1.44818
0.0690033
0.480291
-0.0724488
0.252566
0.193958
0.298481
0.391231
-0.0182048
-0.074003
0.0458117
0.00964502
1.19714
0.0450942
0.469703
-0.130105
0.124121
0.19914
0.128522
0.383215
-0.12658
-0.057585
0.0905411
-0.0663451
1.16594
-0.130656
0.67592
-0.19372
0.169245
0.217961
0.186228
0.370781
-0.114549
0.00762638
0.0991036
-0.125515
1.02434
-0.213758
0.89564
-0.194803
0.229048
0.119698
0.149295
0.363755
-0.101034
0.0683785
0.178923
-0.0993064
0.732229
-0.0303199
0.812438
-0.0765807
0.222254
0.101731
0.13563
0.373185
-0.102278
0.0146332
0.186821
-0.0663025
0.697712
-0.0734537
0.880066
-0.079024
0.196185
0.122266
0.173
0.428099
-0.125548
-0.0185693
0.182943
-0.0844726
0.567825
-0.00383386
0.802558
-0.0431347
0.196034
0.10273
0.12714
0.388447
-0.131152
-0.00920436
0.199887
-0.0500293
0.652405
-0.0626381
0.817412
-0.0690169
0.191563
0.0922271
0.0857447
0.331778
-0.101641
0.0189876
0.202247
-0.0605894
0.607587
0.0892536
0.658377
-0.0291607
0.185053
0.143997
0.118402
0.361563
-0.0926658
0.0160702
0.190871
-0.0551832
0.687322
0.0123739
0.717716
0.00768726
0.187222
0.139177
0.100909
0.391983
0.0442173
0.060171
0.164438
-0.0283799
0.639656
0.1221
0.571294
0.0640494
0.16943
0.114881
0.12264
0.409256
0.160281
0.0105319
0.125584
0.0462967
0.657489
0.130001
0.639365
-0.014178
0.304315
0.0800282
0.0567828
0.344261
0.195775
0.0186812
0.0819103
0.0819613
0.695856
0.161079
0.585818
0.0829324
0.332646
0.138116
0.0265792
0.268018
0.205031
-0.0158851
0.0639957
0.100091
0.628652
0.125996
0.590262
0.0391049
0.326339
0.120231
0.0179047
0.280793
0.23172
-0.0145597
0.0388157
0.118796
0.516185
0.0972594
0.632431
0.0346552
0.385957
0.159626
0.00902989
0.286631
0.181525
0.0138702
0.0702137
0.0907336
0.544551
-0.086654
0.624413
0.00157888
0.386638
0.0889444
-0.0374598
0.346883
0.200679
0.00238954
0.0346872
0.090754
0.646039
-0.191297
0.597301
-0.000354237
0.45528
0.0637774
-0.0728706
0.340272
0.178561
0.016083
0.0646517
0.0372894
0.545972
-0.453689
0.40034
-0.0565046
0.558049
0.131098
-0.0301139
0.361521
0.160992
0.0434351
0.0961941
-0.0572236
0.537628
-0.262069
0.311043
-0.0328043
0.585395
0.12943
-0.0198915
0.350316
0.159488
0.0521823
0.0821336
-0.0819917
0.387792
-0.379743
0.270976
-0.0841499
0.576758
0.151886
0.0539006
0.360557
0.165304
0.0632052
0.0696326
-0.110405
0.405007
-0.317609
0.271814
-0.090042
0.578447
0.231254
0.0654599
0.341768
0.183331
0.0630095
0.0650725
-0.118404
0.283973
-0.187489
0.269519
-0.146846
0.474703
0.247732
0.0630148
0.315722
0.224798
0.0249985
0.0434273
-0.0694981
0.244976
-0.0704583
0.343117
-0.134965
0.400076
0.260124
0.10759
0.276658
0.207356
-0.0505816
0.0779495
-0.0136828
0.0358464
-0.192255
0.323336
-0.260686
0.369188
0.306655
0.0650698
0.29285
0.215494
-0.100751
0.107052
-0.02345
0.066539
-0.167631
0.431015
-0.170157
0.324075
0.228515
0.11831
0.309615
0.158369
-0.138895
0.124691
-0.00405704
-0.0201982
-0.199452
0.538161
-0.193889
0.407412
0.15277
0.180721
0.365479
0.150489
-0.103591
0.0876938
0.0340689
-0.0105176
-0.313268
0.536086
-0.051209
0.314015
0.0505489
0.221358
0.363726
0.193768
-0.122257
0.159708
-0.00760213
-0.0263845
-0.383433
0.467227
-0.0614033
0.287033
-0.0750363
0.186499
0.414522
0.214321
-0.0369253
0.120043
-0.0662225
0.220452
-0.335735
0.327764
-0.188458
0.313051
0.0219577
0.205095
0.399306
0.144119
-0.0551764
0.0972861
-0.0738399
0.398605
-0.267677
0.367534
-0.161752
0.269716
0.0211705
0.17938
0.36198
0.0800247
-0.0936957
0.0684045
-0.0876516
0.773222
0.0120866
0.508854
-0.00574221
0.332863
0.103632
0.120065
0.305426
0.0302161
-0.0523428
0.0357696
-0.0480522
1.04744
0.270416
0.387048
0.100763
0.247397
0.0852182
0.111096
0.174442
0.0339548
-0.00299228
0.0563018
0.0375515
1.57792
0.290519
0.509886
0.257403
0.179491
-0.00703548
0.0675182
0.0679396
-0.131483
-0.0681181
-0.00524304
-0.012937
1.91898
0.253111
0.442362
0.330611
0.178445
-0.0684119
0.0651396
-0.0200992
-0.137319
-0.0312115
-0.0403935
-0.0569229
1.97636
0.339505
0.347694
0.398637
0.118939
-0.102538
0.105344
-0.0952749
-0.167549
0.0159355
-0.0069591
-0.0854512
1.75941
0.429537
0.363401
0.321048
-0.0605483
-0.082712
0.16575
-0.107498
-0.252839
-0.00145775
0.013605
-0.0791659
1.64309
0.458865
0.431108
0.345523
-0.0571517
-0.0765085
0.14256
-0.133134
-0.286235
0.0108912
0.0365606
-0.0745024
2.0797
0.27894
0.328833
0.331625
-0.139659
-0.0960817
0.202407
-0.149295
-0.267972
-0.010597
0.0616461
-0.0867564
1.83703
0.338692
0.245694
0.251056
-0.114823
-0.0722393
0.200602
-0.109567
-0.235688
-0.0131871
0.00748616
-0.0709412
2.09553
0.220858
0.16633
0.266134
-0.102784
-0.0463056
0.177152
-0.104622
-0.195345
-0.0285484
0.0154889
-0.0587986
1.78101
0.351674
0.128847
0.153803
-0.0794182
-0.0557016
0.109567
-0.0419754
-0.160387
-0.0390619
-0.0258317
-0.0104708
2.27837
0.18639
0.0881506
0.189097
-0.0539423
-0.0159971
0.151382
-0.123033
-0.0639943
-0.0444271
-0.052877
-0.0482053
1.76288
0.379619
0.108495
0.0686801
-0.0634898
0.00941217
0.0849087
-0.0320632
-0.0515011
-0.0381353
-0.0325925
0.0104517
1.94237
0.3714
0.0990568
0.0947218
-0.0549241
-0.0232208
0.115776
-0.0249538
-0.0666839
-0.0349449
0.00243844
0.0207209
1.90511
0.420089
0.142916
0.111767
-0.0758851
0.0208882
0.0873977
-0.0463531
-0.0315031
-0.00599767
0.0453824
0.0453002
1.73585
0.495694
0.194125
0.0757378
-0.0369412
-0.0279281
0.0626302
0.0118142
-0.0317192
-0.00324659
0.0585095
0.0556577
1.99248
0.362886
0.208746
0.169245
-0.0234711
-0.0335605
0.0664763
-0.0259476
0.0287286
0.130408
0.0702125
0.000581571
1.65008
0.469636
0.198838
0.136797
0.0118483
0.00397296
0.0629151
0.0284182
0.0477649
0.116684
0.0630781
0.0223468
1.95448
0.346123
0.216792
0.225285
-0.00563215
0.00537839
0.131439
0.061899
0.0185626
0.126028
0.0454411
-0.0391392
1.63258
0.421548
0.209183
0.158858
0.0472737
0.0554098
0.165128
0.101263
0.0558375
0.0905987
0.0410013
-0.00278258
1.86232
0.437848
0.264097
0.240431
0.00208967
-0.0226853
0.221508
0.160652
-0.00230537
0.0549679
0.0359946
-0.0185762
1.50302
0.400993
0.227844
0.273106
0.0187694
-0.0350756
0.161701
0.177974
0.0499658
0.0095693
0.0618024
0.0255972
1.82651
0.300724
0.207356
0.349293
0.0322564
-0.0425926
0.301771
0.224115
0.023915
0.0496451
0.028359
-0.0413374
1.94334
0.156407
0.289648
0.506823
0.0404067
-0.0904569
0.266691
0.228839
0.106446
0.0833995
-0.00628834
-0.0914398
1.76508
0.284619
0.206183
0.428858
0.115922
-0.0768211
0.258923
0.240867
0.0511768
0.0458085
-0.0287356
-0.0442321
1.55364
0.345308
0.179316
0.418991
0.199413
-0.00728934
0.194672
0.250169
0.105214
-0.0199364
-0.0626044
0.0110982
1.92873
0.217994
0.170014
0.485067
0.215066
-0.0485822
0.247827
0.214309
0.127032
-0.00211894
-0.0496709
-0.0278136
1.9785
0.208053
0.158842
0.464046
0.225377
0.0656027
0.330261
0.187209
0.111331
-0.0515038
-0.0605702
-0.0225115
1.90374
0.17247
0.203237
0.426571
0.257011
0.062609
0.312744
0.201507
0.128556
-0.0503786
-0.0729554
0.00451581
1.87493
0.103963
0.188379
0.462463
0.254807
0.114948
0.345056
0.236931
0.112997
-0.021112
-0.061332
-0.00877019
1.50822
0.20861
0.190562
0.383477
0.271972
0.164577
0.289903
0.249159
0.104784
-0.0125805
-0.0732142
0.0145167
1.56959
0.116284
0.168376
0.458043
0.299418
0.16938
0.301072
0.275199
0.122232
-0.0048927
-0.116747
-0.000866899
1.41716
0.228944
0.154742
0.436081
0.31943
0.195583
0.288298
0.253811
0.12879
-0.00227728
-0.106671
0.0266594
1.49731
0.131814
0.177873
0.47091
0.318256
0.20007
0.334469
0.314714
0.111541
0.0168311
-0.112867
0.0254668
1.33691
0.249653
0.184083
0.412285
0.335328
0.197342
0.291273
0.292098
0.135869
0.0224127
-0.107943
0.0409664
1.38527
0.317436
0.196749
0.351582
0.245106
0.18157
0.324063
0.302652
0.132653
-0.00330789
-0.0523156
0.0410061
1.31538
0.359251
0.215448
0.346166
0.268691
0.187673
0.284842
0.258526
0.105041
-0.00936883
-0.0388239
0.0456949
1.31903
0.458063
0.246428
0.284546
0.25443
0.227227
0.340071
0.291507
0.129475
-0.0214598
-0.0304565
0.0451972
1.3178
0.505238
0.313446
0.327817
0.246694
0.180085
0.305828
0.309503
0.100899
-0.0593289
0.0342826
0.067492
1.31319
0.582345
0.341225
0.301153
0.235651
0.191235
0.259258
0.23937
0.170014
0.0735494
0.0354475
0.0527246
1.30936
0.642855
0.461048
0.320706
0.214098
0.207927
0.265314
0.135846
-0.0263605
0.0769637
0.207033
0.087148
1.36429
0.639245
0.386028
0.293949
0.21376
0.224802
0.281772
0.199525
0.108105
0.0744641
0.102957
0.0748286
1.54243
0.644914
0.427926
0.36686
0.238522
0.215177
0.322595
0.245035
0.118884
0.0533895
0.0848433
0.0762015
1.36426
0.65242
0.423239
0.319926
0.254983
0.272929
0.285971
0.189675
0.0635786
0.0557144
0.116612
0.0838127
1.65915
0.621224
0.372128
0.398651
0.344062
0.25671
0.296828
0.246941
0.128081
0.0322618
0.0827262
0.0991479
1.67759
0.648818
0.44482
0.4358
0.383379
0.292181
0.316124
0.270437
0.125251
-0.00785464
0.0851765
0.106961
1.23821
0.664275
0.423845
0.290638
0.325989
0.264337
0.236767
0.222412
0.0854041
0.098788
0.102813
0.0842303
1.28868
0.606715
0.497835
0.373328
0.377102
0.2665
0.17015
0.287734
0.140926
0.0228259
0.0922106
0.0835958
1.18581
0.623793
0.46735
0.323135
0.27385
0.201313
0.220426
0.226037
0.0775682
0.089524
0.124775
0.0754923
1.40895
0.559262
0.63404
0.292379
0.370316
0.332697
0.227321
0.387975
0.0396332
-0.0626
0.190039
0.0882281
1.12929
0.600419
0.454565
0.282676
0.25732
0.243201
0.209058
0.19601
0.104483
0.0678672
0.120206
0.0703192
1.15956
0.542318
0.469362
0.287614
0.283978
0.252862
0.234929
0.247927
0.0813617
0.0401744
0.173615
0.084216
1.07345
0.590127
0.4468
0.191683
0.255416
0.171119
0.148309
0.243968
0.0889555
0.0815259
0.143012
0.0554748
1.186
0.501592
0.675991
0.23231
0.34887
0.206821
0.1477
0.337499
0.0268985
0.0737058
0.160839
0.0379969
1.04745
0.59707
0.458684
0.206278
0.331387
0.147847
0.146627
0.281469
0.0720003
0.106976
0.153563
0.0562975
1.02785
0.534216
0.458138
0.173879
0.313558
0.232465
0.149241
0.247667
0.0901564
0.0822147
0.117709
0.0506982
1.07942
0.544103
0.58468
0.190411
0.393405
0.320052
0.155979
0.266328
0.168884
-0.0426796
0.134282
0.0793238
1.01865
0.533729
0.670381
0.131728
0.436903
0.321141
0.181734
0.308721
0.142124
-0.036735
0.173748
0.0765797
0.966721
0.574736
0.750212
0.100988
0.398984
0.346541
0.250508
0.326827
0.114751
-0.0882197
0.203283
0.0592742
0.901657
0.538837
0.670169
0.142832
0.406579
0.343227
0.118019
0.291651
0.128586
-0.0299996
0.220997
0.0559022
0.90883
0.574999
0.697464
0.0810293
0.341847
0.26956
0.125458
0.268982
0.14081
-0.0171402
0.236974
0.0437774
0.897535
0.537378
0.668533
0.145239
0.34585
0.301949
0.0706798
0.277978
0.111104
-0.0328173
0.25854
0.0315853
0.863004
0.5129
0.632819
0.117456
0.35471
0.277634
0.0716655
0.320365
0.133552
-0.00348459
0.232589
0.0310689
0.923218
0.560878
0.610302
0.0724001
0.318502
0.268021
0.0748573
0.232114
0.0806241
0.0109706
0.196156
0.0269119
0.809289
0.55969
0.722368
0.0919702
0.486494
0.262322
0.132853
0.378721
0.0876012
0.0260112
0.148277
0.0369417
0.841839
0.557781
0.699335
0.0775098
0.430257
0.333475
0.112873
0.349018
0.144126
-0.0169592
0.102058
0.0642631
0.910682
0.468291
0.617045
0.124424
0.298423
0.312209
0.10615
0.258043
0.23586
-0.0114067
0.0544253
0.0966953
0.926245
0.472806
0.590298
0.143644
0.313642
0.293976
0.0373133
0.210207
0.241254
-0.0167901
0.0962025
0.0856934
0.798359
0.516498
0.694444
0.0722824
0.347451
0.343807
0.0913218
0.281472
0.204189
0.00680677
0.139885
0.0814158
0.856267
0.511148
0.661529
0.108797
0.32475
0.314724
0.0616211
0.23708
0.231213
0.067792
0.101516
0.0905127
0.917109
0.498456
0.643639
0.136599
0.303289
0.178633
0.168409
0.245088
0.122156
0.106012
0.144766
0.0540761
0.925279
0.406107
0.576048
0.113715
0.35215
0.268304
0.0994286
0.266767
0.192133
0.07958
0.154802
0.0596482
0.884001
0.506324
0.577349
0.1403
0.33703
0.221596
0.126703
0.230526
0.200224
0.0384651
0.18767
0.0659535
0.867305
0.456822
0.542802
0.159354
0.318425
0.206621
0.113551
0.188542
0.178635
0.0549194
0.191553
0.057847
0.862193
0.482729
0.54772
0.0448757
0.342342
0.238787
0.19229
0.232452
0.228593
0.0196545
0.154252
0.0771883
0.858602
0.474948
0.516893
0.0975163
0.326052
0.26194
0.224693
0.205998
0.139818
0.0371513
0.143736
0.0662048
0.853176
0.520036
0.54402
0.0549477
0.343002
0.256698
0.222318
0.252733
0.144928
-0.00354221
0.137106
0.0610092
0.915143
0.500077
0.449406
0.108866
0.316677
0.225842
0.216448
0.252113
0.183037
-0.0181234
0.1537
0.0607904
0.817645
0.521341
0.574341
0.0967512
0.395111
0.266533
0.230303
0.316281
0.127046
-0.0266984
0.203459
0.0554655
0.891591
0.477638
0.489483
0.1369
0.324353
0.246099
0.258508
0.30038
0.130795
-0.0540335
0.245368
0.0580828
0.843201
0.458578
0.55771
0.171648
0.262154
0.277583
0.29733
0.317132
0.147872
-0.02798
0.285377
0.0589389
0.904384
0.430221
0.578512
0.232849
0.291351
0.26369
0.24664
0.277751
0.119257
0.00765942
0.294389
0.0721702
0.96742
0.397511
0.61541
0.230314
0.335027
0.24189
0.309544
0.279965
0.119864
-0.0212796
0.305858
0.104898
0.933487
0.475037
0.640567
0.260744
0.248207
0.215341
0.269372
0.293323
0.179264
-0.000859494
0.252294
0.0949509
0.998582
0.472878
0.616345
0.221161
0.218095
0.254572
0.239562
0.295515
0.166116
0.09074
0.199993
0.0828802
1.05888
0.529043
0.684941
0.113222
0.27282
0.280903
0.330916
0.259809
0.236209
-0.00874933
0.219409
0.115696
1.06284
0.51133
0.499331
0.223834
0.19424
0.322502
0.243652
0.231981
0.215702
0.0547188
0.191841
0.0971868
1.09794
0.523781
0.452784
0.251488
0.251375
0.276796
0.222493
0.215513
0.15343
0.0881029
0.13989
0.0859857
1.02107
0.511563
0.429349
0.243082
0.23977
0.252629
0.18602
0.190879
0.167412
0.0827102
0.133274
0.0745767
1.16641
0.570627
0.588884
0.147919
0.169876
0.257409
0.284064
0.158016
0.232928
0.0961579
0.182482
0.108902
1.15433
0.581224
0.504827
0.241304
0.198272
0.206911
0.190894
0.208213
0.13572
0.0733358
0.167416
0.0803507
1.12648
0.567779
0.442135
0.176185
0.201363
0.203732
0.152995
0.155549
0.152007
0.0726593
0.157544
0.0737362
1.11892
0.511972
0.433323
0.213829
0.143878
0.186223
0.0669467
0.0899368
0.116649
0.0475982
0.0912472
0.0619773
1.32112
0.537516
0.646615
-0.0608456
0.190698
0.2246
0.127978
0.0849911
0.084985
-0.0409201
0.082893
0.0858172
1.3664
0.573681
0.655756
0.054811
0.211779
0.173498
0.191871
0.0876421
0.117378
0.00880656
0.0841358
0.0910031
1.31363
0.645386
0.558227
0.108588
0.254615
0.20058
0.142536
0.145812
0.121498
-0.00193209
0.099561
0.0630674
1.26419
0.66156
0.450944
0.186106
0.210366
0.225545
0.120195
0.090583
0.145256
0.0689455
0.082326
0.0685644
1.53183
0.629551
0.711447
0.0546803
0.360589
0.138411
0.189193
0.0857911
0.0605184
0.0487319
0.10848
0.121927
1.39481
0.642173
0.529583
0.22727
0.279783
0.173478
0.131159
0.0798395
0.118161
0.000735374
0.122418
0.0849337
1.41402
0.565217
0.5155
0.169233
0.188256
0.147849
0.17292
0.142445
0.0329058
0.0663364
0.151074
0.0845787
1.18974
0.618526
0.457746
0.236386
0.169238
0.093384
0.158024
0.0837088
0.0716572
0.103818
0.0691603
0.0682027
1.32487
0.640654
0.493119
0.130343
0.218419
0.0767643
0.228885
0.105835
0.0760453
0.0671778
0.125719
0.0913957
1.30024
0.553549
0.448799
0.16119
0.212402
0.127678
0.216985
0.0415219
0.0630427
0.0629184
0.095844
0.0823365
1.21024
0.555235
0.417401
0.205292
0.284199
0.122023
0.166419
0.108232
0.0908983
0.0545077
0.15446
0.0886106
1.2197
0.571468
0.397504
0.168769
0.249048
0.137013
0.194406
0.0185709
0.0851154
0.0864349
0.0670901
0.0834942
1.32654
0.612819
0.569358
0.12487
0.286794
0.129973
0.180276
0.0797467
0.0964223
0.0820453
0.14805
0.109031
1.25738
0.59313
0.489086
0.188757
0.270776
0.17536
0.154013
0.0864647
0.114878
0.0592263
0.148104
0.0910761
1.26643
0.539004
0.459293
0.175317
0.2273
0.205735
0.13428
0.100203
0.128359
0.0400446
0.0934633
0.0664441
1.2901
0.594288
0.416682
0.166058
0.25208
0.181839
0.158344
0.0722184
0.105117
0.0377837
0.193285
0.0925048
1.47255
0.400204
0.509224
0.0745519
0.240838
0.097941
0.209873
0.0379128
0.105148
-0.0708958
0.114903
0.158111
1.14067
0.450035
0.388453
0.0972906
0.163603
0.17005
0.0882362
0.0529033
0.0595296
0.0231436
0.0493294
0.0518322
1.2927
0.498392
0.500689
0.071238
0.181707
0.0602674
0.224578
0.0556039
0.0637468
-0.0694122
0.0916433
0.0765519
1.35232
0.444425
0.593859
0.0310628
0.229635
0.0075836
0.196779
0.0972393
0.0445342
-0.0327422
0.0836594
0.0854563
1.31567
0.411174
0.549415
0.0486372
0.259613
0.0214857
0.141841
0.105614
0.0561191
-0.0336545
0.0759066
0.0802468
1.18178
0.488134
0.465093
0.125427
0.163005
0.0343472
0.126707
0.0434811
0.0151005
-0.00099801
0.071758
0.0575728
1.22383
0.506875
0.405548
0.0479894
0.156905
0.107829
0.0723855
0.0265868
0.0358346
0.0425023
0.0628353
0.0683371
1.40794
0.455553
0.50882
-0.0175285
0.187201
0.0300923
0.127451
0.0302526
0.159019
-0.0440664
0.094338
0.148302
1.29974
0.47802
0.410917
0.0240566
0.184176
0.131775
0.0938576
0.064332
0.10369
0.0280735
0.0772759
0.0764279
1.42498
0.551248
0.408918
0.00573715
0.158871
0.0553729
0.168551
0.0308067
0.17998
0.00459407
0.0623589
0.0962095
1.2787
0.539154
0.378556
0.11629
0.156543
0.0773281
0.155575
0.0842081
0.0533264
0.0365721
0.0919921
0.0572522
1.41257
0.536419
0.526077
-0.0445792
0.188085
0.0833267
0.233919
0.0513476
0.0511309
-0.0696133
0.0693387
0.0928587
