1.34552
0.580845
0.40472
0.139761
0.149146
0.0773481
0.185893
0.14922
0.156971
0.121913
0.0953427
0.0746315
1.23911
0.563936
0.380914
0.219321
0.148776
0.0817837
0.104996
0.119238
0.135853
0.100592
0.105878
0.0788283
1.1752
0.55155
0.300263
0.133481
0.129189
0.0686752
0.134384
0.151497
0.154115
0.137234
0.0713202
0.0715541
1.30781
0.677139
0.374008
0.0705608
0.138754
0.0316994
0.164855
0.135493
0.149644
0.0623573
0.10648
0.079341
1.30716
0.538387
0.386338
0.0881344
0.139771
0.105196
0.164741
0.139206
0.154534
0.0152688
0.182321
0.104336
1.28075
0.484203
0.356549
0.0831326
0.133634
0.103353
0.108716
0.138539
0.175262
0.0425267
0.0941378
0.0796328
1.114
0.334441
0.267551
0.176355
0.19342
0.138815
0.101603
0.167909
0.136337
0.0958483
0.0656433
0.0612679
1.11985
0.288445
0.35591
0.197533
0.170164
0.146399
0.0183175
0.253696
0.256033
0.0154516
0.059932
0.0846166
1.07858
0.180327
0.384316
0.277274
0.21082
0.13412
0.0552323
0.129197
0.36892
-0.00317314
0.0507369
0.117246
0.760568
0.114852
0.513419
0.282451
0.141618
0.138818
0.0725852
0.155662
0.518795
-0.054378
-0.00158209
0.189168
0.602393
-0.129452
0.557174
0.35172
0.0953909
0.138879
0.0865722
0.113898
0.462183
0.0246116
0.0304274
0.132062
0.423991
-0.103526
0.628095
0.360117
0.0661278
0.078569
0.133796
0.166715
0.510951
-0.00278049
0.114468
0.0890379
0.285049
-0.105349
0.656772
0.287146
0.0955849
0.0783035
0.0464367
0.143012
0.540129
-0.0133205
0.0512115
0.101309
0.221781
-0.237253
0.665597
0.230882
0.126233
0.0554943
0.104346
0.153628
0.567796
-0.0183682
0.0482921
0.0792523
0.163892
-0.14205
0.595276
0.208886
0.130316
0.0737219
0.0821808
0.212366
0.522081
-0.0404806
0.0749479
0.0519105
0.162744
-0.182612
0.568125
0.127177
0.149397
0.140942
0.15625
0.236634
0.533167
-0.0224995
0.00603616
0.0319487
0.312846
0.0563137
0.53939
0.0704861
0.153184
0.0873711
0.186908
0.258061
0.384273
-0.00252228
0.0546644
0.0784055
0.184889
-0.0126212
0.493141
0.0652573
0.151453
0.161471
0.280097
0.262411
0.47301
-0.0522036
0.0242885
0.0448517
0.467496
0.113397
0.492265
0.0494411
0.155663
0.241071
0.286718
0.124114
0.427474
-0.00436901
0.0302704
0.100681
0.469535
0.21336
0.461719
0.0454428
0.229464
0.220172
0.259155
0.160665
0.447377
-0.0258219
0.10005
0.0781847
0.626634
0.320163
0.575122
0.0182386
0.196018
0.188909
0.211926
0.0168541
0.429308
0.0783979
0.174241
0.102627
0.451835
0.266689
0.5519
0.0848059
0.181232
0.129924
0.319243
0.14661
0.491991
0.0778269
0.101061
0.0830052
0.556632
0.410438
0.519535
0.0815372
0.187457
0.131704
0.210748
0.145621
0.380837
-0.0178197
0.133496
0.0874541
0.525455
0.370388
0.400885
0.152857
0.0889436
0.237336
0.25097
0.123637
0.446268
-0.0849101
0.0941626
0.0843146
0.523065
0.393839
0.390065
0.15443
0.0995905
0.100699
0.127393
0.0935929
0.526681
-0.133616
0.104032
0.119482
0.340414
0.338287
0.38834
0.108958
0.163708
0.156587
0.150939
0.199912
0.537749
-0.133502
0.122572
0.0808418
0.429032
0.405863
0.408061
0.108727
0.142734
0.1353
0.203565
0.188298
0.532122
-0.182114
0.0737878
0.121432
0.358713
0.333102
0.41824
0.0790714
0.140263
0.126333
0.241002
0.175865
0.494317
-0.192287
0.0691028
0.128212
0.243499
0.160756
0.443823
0.0181867
0.144696
0.133954
0.285753
0.14964
0.457571
-0.139466
0.0773545
0.0853064
0.28057
0.173996
0.439469
0.0220045
0.168831
0.155884
0.266118
0.122536
0.474725
-0.161495
0.079274
0.0677351
0.179904
0.0500914
0.47387
0.0156561
0.187467
0.175459
0.22182
0.155785
0.483254
-0.194103
0.083676
0.0304152
0.104359
0.033046
0.456948
-0.0485542
0.186209
0.172941
0.194204
0.145025
0.43136
-0.153433
0.0892131
-0.0165954
0.043272
-0.0208473
0.465422
-0.0708648
0.165655
0.151326
0.150832
0.153934
0.44507
-0.121615
0.0163093
-0.0838981
0.0413179
-0.276888
0.432874
-0.0524593
0.130293
0.00570431
0.124933
0.289669
0.348875
-0.154939
0.000893715
-0.063913
0.0985268
-0.399992
0.440443
-0.0822335
0.187799
0.00546784
0.14356
0.252137
0.328659
-0.0800132
-0.0367299
-0.0341351
0.242151
-0.370182
0.513531
-0.0206259
0.237408
0.030494
0.0840989
0.26772
0.32871
-0.0794503
-0.0649694
-0.0280525
0.504542
-0.173224
0.507677
0.0476346
0.22402
0.00961907
-0.018035
0.17478
0.25879
-0.0943926
-0.0175454
0.00730053
0.836554
0.322225
0.425038
0.165189
0.192717
0.135243
0.00725878
0.0937481
0.204119
0.000534677
0.020074
0.0595043
1.69772
0.310857
0.473336
0.275622
0.262441
0.177142
-0.0937344
-0.224119
0.129339
-0.0934931
-0.0962315
0.00258663
2.30636
0.0425295
0.246436
0.342565
0.196371
0.0771712
0.0783664
-0.330094
0.0884212
0.00403612
-0.18532
-0.0435032
2.07567
0.174231
0.213676
0.367812
0.171322
0.123238
0.0417256
-0.305671
0.0876061
-0.0441282
-0.142264
-0.0673267
1.93757
0.167009
0.218269
0.312523
0.167514
0.153511
-0.10489
-0.261715
0.0683506
-0.048774
-0.155072
-0.0792307
1.68067
0.205648
0.208012
0.199744
0.130711
0.16751
-0.157543
-0.243498
0.0648675
-0.0905941
-0.122253
-0.0309769
2.13494
0.0304688
0.267517
0.229525
0.102956
0.20078
-0.19533
-0.380796
0.129754
-0.0331053
-0.227146
-0.0301801
2.20272
-0.0516737
0.256544
0.211279
0.0982626
0.159701
-0.213184
-0.410125
0.121641
-0.0473272
-0.244873
-0.00175799
2.02938
-0.0184119
0.320595
0.185739
0.0970296
0.155647
-0.201211
-0.389415
0.144726
-0.0505667
-0.21892
0.0328467
1.50605
0.229747
0.284186
0.160575
0.0696246
0.0959096
-0.225718
-0.305969
0.106447
-0.00243173
-0.11524
-0.03212
1.84315
0.0416001
0.345651
0.1999
0.0115224
0.157802
-0.232277
-0.360159
0.134753
-0.0304587
-0.16165
0.0405837
2.05835
-0.0526941
0.357605
0.169213
0.0202519
0.140373
-0.225188
-0.383032
0.130679
-0.00935994
-0.148138
0.083881
1.88385
-0.0443041
0.281101
0.148759
0.00338287
0.154463
-0.209836
-0.315701
0.142755
0.000351515
-0.0960915
0.0904809
1.73675
0.0646953
0.289514
0.156526
-0.0389552
0.137802
-0.134947
-0.327472
0.106963
-0.0448941
-0.0619033
0.101109
1.91021
0.00343772
0.24375
0.183728
-0.0355696
0.100745
-0.160244
-0.341818
0.131444
-0.0241045
-0.0587131
0.133969
1.89492
0.0459804
0.2701
0.212134
-0.0424713
0.113154
-0.102725
-0.345823
0.122807
-0.0815364
-0.0556744
0.161973
1.83992
0.159485
0.254993
0.173428
-0.0126031
0.0724141
-0.101518
-0.33336
0.16974
-0.090873
-0.0365733
0.122542
1.81929
0.149984
0.19067
0.193573
0.0312852
0.0899266
-0.101391
-0.294562
0.251359
-0.0682507
-0.0242321
0.115695
1.94215
0.138602
0.122398
0.195653
0.0813929
0.00997584
-0.0248476
-0.281197
0.349335
0.0273795
-0.0437362
0.0507809
1.81913
0.211393
0.0591116
0.197196
0.0876524
0.0322826
-0.0858086
-0.145691
0.30559
0.0471998
0.0207254
0.0305267
2.01565
0.0353596
-0.0903485
0.273284
0.0703926
-0.110273
0.151956
-0.140921
0.372223
0.0652463
0.0205154
-0.00332826
1.71818
0.0557466
-0.0912879
0.331772
0.032654
-0.0666509
0.123741
0.0264011
0.243875
0.0685732
0.0572428
-0.0129803
1.8323
0.00366615
-0.0637905
0.263696
0.168482
-0.0877703
0.250365
-0.00111378
0.3967
0.0587457
-0.0462904
-0.0538766
1.60515
0.0496764
-0.0338418
0.266972
0.236922
-0.11389
0.246247
0.13314
0.348866
0.0652648
-0.106056
-0.0955952
1.88442
-0.00666359
-0.0782857
0.360356
0.214251
-0.0803146
0.395502
0.0226301
0.426045
0.0455243
-0.0908967
-0.145363
1.50222
0.214251
-0.00406156
0.294811
0.200268
0.0152611
0.202759
0.10991
0.343221
0.0200441
-0.154481
-0.146658
1.65858
0.14167
-0.012845
0.311039
0.257639
0.0183539
0.291391
0.0836918
0.34439
-0.0116226
-0.171929
-0.150482
1.62686
0.106988
0.0703239
0.273444
0.3022
-0.00428579
0.343864
0.0919115
0.293227
-0.00331792
-0.224302
-0.122882
1.9969
0.0305575
-0.004311
0.373551
0.323583
-0.0983524
0.462479
0.0376576
0.326551
-0.0128779
-0.19543
-0.127948
1.54858
0.193245
0.0649436
0.301461
0.270502
0.0269228
0.304138
0.143682
0.220717
0.0244463
-0.215341
-0.141447
1.75752
0.0684093
-0.129134
0.43096
0.316566
-0.0341901
0.414189
0.121783
0.254876
-0.00348699
-0.0927709
-0.13782
1.74282
0.0733335
-0.0229434
0.414739
0.279055
0.011147
0.431075
0.125396
0.278692
0.034881
-0.132199
-0.158982
1.94813
-0.16262
-0.0512032
0.352018
0.337385
-0.0541174
0.546251
0.0829491
0.28108
0.0521874
-0.138148
-0.102146
1.5656
0.0952232
0.0183893
0.314695
0.300636
0.0779124
0.381819
0.209814
0.23556
0.0655642
-0.18214
-0.129115
1.60331
0.22091
-0.0735266
0.30725
0.277003
0.1454
0.359146
0.134482
0.223935
0.0362037
-0.134363
-0.137228
1.57076
0.214324
0.0267946
0.34468
0.246626
0.126243
0.352032
0.243718
0.220953
0.0438379
-0.171007
-0.118946
1.89998
0.234434
0.0980064
0.281552
0.346297
0.106495
0.346579
0.159262
0.242569
0.105815
-0.129526
-0.124003
1.76586
0.277985
0.126147
0.425875
0.29468
0.108266
0.385443
0.169312
0.229332
0.07277
-0.119271
-0.113923
1.38262
0.418744
0.184167
0.329334
0.272747
0.192205
0.184725
0.180048
0.199171
0.08694
-0.0367563
-0.0169786
1.55541
0.418197
0.214734
0.36424
0.340503
0.165121
0.196402
0.188319
0.248851
0.0969161
-0.113127
-0.0531243
1.96235
0.311438
0.08863
0.404337
0.396905
0.162466
0.259102
0.111632
0.323473
0.0499748
-0.0739702
-0.0489713
1.47196
0.457048
0.22057
0.284608
0.330633
0.200494
0.198365
0.190523
0.22399
0.065421
-0.104179
-0.0287303
1.60122
0.380076
0.150894
0.352428
0.314659
0.169703
0.238441
0.223475
0.224478
0.0443807
-0.0390585
0.0100432
1.38037
0.447314
0.197363
0.286596
0.288291
0.200214
0.22939
0.216571
0.198773
0.0637544
-0.0294974
0.0174914
1.60899
0.467698
0.194623
0.316624
0.273293
0.130588
0.275832
0.218452
0.261674
0.0273727
-0.0463647
0.00270622
1.23297
0.456715
0.296789
0.336048
0.255287
0.191202
0.216375
0.221253
0.147203
0.0727508
-0.0121412
0.050844
1.27781
0.465504
0.25352
0.281073
0.259738
0.21192
0.268145
0.219902
0.128366
0.0331679
0.017366
0.0608182
1.22117
0.537955
0.257892
0.246743
0.249943
0.192241
0.205967
0.183997
0.147772
0.0390585
0.0202755
0.048266
1.2342
0.513831
0.30507
0.293064
0.27168
0.239388
0.221594
0.155419
0.123878
0.0331021
0.0705873
0.0684852
1.1376
0.511467
0.310401
0.286036
0.242364
0.22092
0.210431
0.161492
0.161551
0.0644057
0.0331426
0.0532966
1.104
0.52436
0.347576
0.271734
0.259487
0.215329
0.190087
0.177827
0.169201
0.0885695
0.0592713
0.058089
1.12926
0.525849
0.343582
0.282126
0.232513
0.214797
0.21654
0.164046
0.1777
0.124683
0.0657236
0.0611905
1.09918
0.534771
0.377095
0.283604
0.25322
0.253529
0.192319
0.149424
0.276197
0.061537
0.0640995
0.0695142
1.0738
0.513513
0.408653
0.288023
0.258668
0.239604
0.157451
0.114391
0.196595
0.0636732
0.110806
0.0695987
1.05551
0.470589
0.414695
0.260591
0.234548
0.235908
0.182548
0.154953
0.253724
0.0428731
0.1098
0.0814612
1.05775
0.498817
0.412785
0.257755
0.161689
0.246669
0.144656
0.18725
0.294541
-0.00837098
0.0695231
0.0781209
1.14873
0.357463
0.413506
0.256925
0.208056
0.273538
0.175436
0.127189
0.352145
0.0421443
0.117427
0.106286
1.11986
0.341134
0.4062
0.27603
0.170515
0.304656
0.196414
0.0992222
0.305435
-0.0627391
0.112391
0.121651
1.14112
0.236188
0.499313
0.237567
0.292848
0.339033
0.206288
0.0869878
0.3764
-0.093613
0.060822
0.187581
1.01002
0.190665
0.5399
0.193233
0.305518
0.401814
0.174786
0.190052
0.344085
-0.0632263
0.0752559
0.174208
0.947345
0.268448
0.612228
0.202413
0.349585
0.312
0.160053
0.166992
0.378479
-0.112445
0.077035
0.189619
0.815316
0.395317
0.525439
0.219596
0.303447
0.33191
0.111929
0.173346
0.381761
-0.0907547
0.118804
0.127925
0.802296
0.319131
0.556708
0.194081
0.297239
0.264035
0.174338
0.194037
0.338004
-0.0933668
0.181199
0.124349
0.753324
0.325044
0.512887
0.285981
0.307992
0.300398
0.198229
0.190559
0.325982
-0.117851
0.214221
0.123405
0.698963
0.316
0.587236
0.280563
0.276854
0.267093
0.217924
0.188782
0.317895
-0.10087
0.182606
0.135515
0.758005
0.295462
0.597741
0.255058
0.289641
0.236914
0.204251
0.166539
0.291613
-0.0993877
0.154929
0.142231
0.734391
0.206902
0.518451
0.260973
0.306339
0.276332
0.276607
0.125951
0.426975
-0.0842071
0.12758
0.170382
0.713463
0.244699
0.511717
0.208915
0.219423
0.267564
0.25523
0.114226
0.4183
-0.0462929
0.0807736
0.146539
0.682929
0.182903
0.550538
0.184376
0.27304
0.25132
0.291516
0.149725
0.477731
-0.060858
0.102203
0.173368
0.608866
0.106376
0.48135
0.141828
0.329601
0.258175
0.287298
0.218524
0.513852
-0.123709
0.1475
0.146471
0.6768
0.177466
0.462372
0.127998
0.368192
0.235418
0.206268
0.205594
0.468653
-0.113611
0.171653
0.12009
0.56883
0.162965
0.456772
0.180553
0.340852
0.268105
0.214668
0.207227
0.447817
-0.103826
0.18457
0.0954185
0.51833
0.11095
0.491031
0.159478
0.399106
0.2487
0.249472
0.168656
0.50418
-0.0518714
0.155092
0.110021
0.57435
0.0787775
0.506414
0.190508
0.334303
0.243948
0.27892
0.10041
0.531025
0.00576971
0.134802
0.105044
0.558795
0.00174995
0.542738
0.19252
0.290415
0.22639
0.318532
0.146572
0.45891
-0.00812785
0.159192
0.0986782
0.642802
0.172182
0.474264
0.213337
0.234041
0.190677
0.208153
0.203503
0.286438
-0.0943193
0.167618
0.0956493
0.481234
-0.0163014
0.497868
0.260018
0.275376
0.168906
0.26178
0.239355
0.414914
-0.0993066
0.165776
0.0948801
0.450879
0.00627804
0.47323
0.253305
0.258688
0.131372
0.230927
0.259051
0.386266
-0.10293
0.203318
0.0470421
0.364021
0.00571698
0.537341
0.282459
0.261839
0.115828
0.217109
0.200864
0.452496
-0.0992808
0.147384
0.0961929
0.503666
0.127378
0.565829
0.242739
0.257409
0.0804355
0.130026
0.0687047
0.403946
-0.0944145
0.115984
0.121489
0.429563
0.0145781
0.587942
0.235116
0.22945
0.101328
0.162887
0.0910202
0.461765
-0.0475211
0.136483
0.0586926
0.37632
0.0014616
0.5576
0.2817
0.263344
0.11318
0.239342
0.0854205
0.507572
-0.0447425
0.132103
0.0642237
0.46118
0.0217469
0.57427
0.316015
0.317089
0.0587366
0.22481
0.105346
0.54425
-0.0248716
0.193142
0.0638641
0.483524
0.0818729
0.590436
0.354595
0.345823
0.0307211
0.180011
0.0909126
0.508314
-0.081404
0.228702
0.0839486
0.648876
0.0810499
0.567907
0.325845
0.31518
0.0204819
0.215272
0.0695424
0.47741
-0.106035
0.150372
0.165106
0.705466
0.13476
0.588411
0.408181
0.308975
0.0216328
0.13192
0.0779728
0.547867
-0.105472
0.159538
0.164641
0.764921
0.0584782
0.57552
0.348243
0.336362
0.0632788
0.132356
0.0647347
0.498108
-0.0714382
0.140812
0.171076
0.712366
0.124794
0.62441
0.403562
0.304695
0.0638972
0.109318
0.128249
0.453016
0.00526183
0.0886518
0.145095
0.805417
0.120978
0.563017
0.351501
0.369446
0.0979961
0.109845
0.0958806
0.486543
0.0345576
0.110446
0.126167
0.712815
0.157712
0.5941
0.34689
0.30986
0.139544
0.103355
0.0483589
0.464222
0.0541676
0.14085
0.0946316
0.872113
0.136724
0.525178
0.261734
0.386136
0.140784
0.147391
0.0270626
0.440285
0.0713593
0.0916205
0.123919
0.841667
0.182574
0.577897
0.321835
0.249172
0.158332
0.0451744
0.0725857
0.344042
0.100717
0.0700053
0.0766092
0.892014
0.000819989
0.58057
0.277109
0.353481
0.209611
0.0593875
0.109718
0.369026
0.0728011
0.128383
0.103082
0.974112
0.108786
0.589586
0.322776
0.320043
0.155075
-0.0548407
0.153083
0.325912
0.0967005
0.14625
0.0699941
0.976352
0.117245
0.521246
0.211573
0.227121
0.168275
0.0468343
0.16144
0.297937
0.00972972
0.0934071
0.108643
1.07746
0.226483
0.553215
0.322471
0.25113
0.198549
0.123092
0.112436
0.209833
0.0463376
0.11143
0.0962207
1.07135
0.257471
0.585393
0.33953
0.235451
0.108299
0.0961432
0.0907807
0.288274
0.117607
0.144803
0.105161
1.16527
0.312064
0.50497
0.261988
0.223792
0.144185
0.14509
0.144248
0.323364
0.0834259
0.0629698
0.10415
1.19343
0.377489
0.498177
0.250101
0.29545
0.155724
0.056185
0.121841
0.26648
0.152304
0.124219
0.082708
1.16504
0.360734
0.498703
0.271196
0.200864
0.159482
0.0765341
0.147086
0.313832
0.167913
0.120199
0.0957515
1.16536
0.419339
0.45483
0.27976
0.22528
0.193905
0.116684
0.176177
0.274815
0.0722331
0.176097
0.1037
1.18702
0.497848
0.44816
0.225087
0.21752
0.16175
0.138302
0.148145
0.155641
0.158843
0.194501
0.08677
1.11268
0.495232
0.484707
0.265527
0.260978
0.163999
0.195647
0.193651
0.202606
0.149417
0.135999
0.0888054
1.27602
0.491432
0.545743
0.220348
0.252494
0.12996
0.240923
0.195762
0.183359
0.246881
0.161715
0.100403
1.30146
0.541467
0.499863
0.241933
0.251251
0.101546
0.243568
0.208508
0.207315
0.169882
0.132225
0.102595
1.25764
0.572636
0.501385
0.256716
0.21822
0.174574
0.21861
0.141343
0.230979
0.136288
0.127847
0.100322
1.19239
0.558345
0.4132
0.265358
0.163404
0.179663
0.173929
0.0956487
0.167758
0.0901746
0.0670857
0.0628966
1.224
0.578361
0.38885
0.244075
0.167284
0.0809372
0.156672
0.111605
0.121613
0.0759056
0.0327034
0.0483971
1.53839
0.504311
0.57586
0.126361
0.261143
0.0157971
0.15882
0.10137
0.194065
0.0438453
0.0839941
0.132821
1.43181
0.552122
0.489597
0.180829
0.217914
0.0889399
0.108172
0.133236
0.141462
0.00892136
0.128056
0.091337
1.4066
0.607186
0.547992
0.131725
0.215368
0.0517529
0.129199
0.116788
0.117089
0.0544914
0.117797
0.0845099
1.14996
0.576435
0.437618
0.218383
0.156243
0.0375751
0.0828741
0.0912016
0.0873757
0.0556478
0.0406616
0.0337155
1.31805
0.511896
0.530698
-0.0176741
0.199586
-0.0469651
0.106054
0.0662672
0.0746651
-0.0163607
-0.0342015
0.0247769
1.314
0.51112
0.430512
-0.00591462
0.231798
0.0477647
0.161271
0.0867455
0.111088
-0.0177799
0.0269229
0.0285494
1.37611
0.489039
0.482746
-0.0133468
0.310646
0.0140273
0.139543
0.100143
0.202722
-0.0432686
0.00508389
0.0587038
1.39742
0.48534
0.471632
0.066362
0.246354
0.0608826
0.153597
0.0857895
0.20002
-0.077686
0.0979301
0.0917955
1.34742
0.472659
0.496701
0.0159041
0.27109
0.064686
0.139664
0.0695738
0.102876
-0.0250056
0.0724934
0.0795739
1.40567
0.390668
0.468451
0.0307698
0.28937
0.0661368
0.134071
0.0252519
0.0507702
0.0531893
0.0396441
0.0629135
1.45339
0.373735
0.491843
0.000368287
0.336441
0.0231738
0.139519
0.0389226
-0.022127
0.0644259
0.019652
0.0663767
1.42931
0.506472
0.517073
0.0551535
0.385686
0.0356649
0.139831
0.0493925
0.0124694
0.0223089
0.059355
0.0810097
1.43622
0.544323
0.478351
0.0961201
0.340224
0.0109122
0.195694
-0.0177688
0.0861929
-0.00250355
0.0643763
0.115169
1.21954
0.594555
0.332442
0.189334
0.23843
0.0357044
0.101807
0.0390307
0.0432237
0.0131838
0.143813
0.0646553
1.23946
0.64092
0.437687
0.232829
0.158765
0.0768765
0.192479
0.0464642
0.0325261
0.0182655
0.129977
0.0573761
1.14539
0.52924
0.311734
0.204202
0.149004
0.0995094
0.144761
0.0711009
0.106026
0.00974501
0.0893678
0.0617408
1.51695
0.55825
0.57521
0.120762
0.167569
0.0785419
0.291328
-0.00293927
0.15187
0.00460397
0.145021
0.1663
1.34405
0.650624
0.485657
0.212399
0.11996
0.136219
0.147607
0.129249
0.119297
0.00492547
0.110768
0.0712834
1.20351
0.580966
0.406142
0.235229
0.214256
0.228433
0.168435
0.0590687
0.104566
0.100119
0.11466
0.076694
1.1267
0.521887
0.374537
0.248107
0.199618
0.191197
0.198604
0.129094
0.104456
0.112771
0.0930084
0.0684617
1.63455
0.570021
0.571574
0.0293267
0.28813
0.163449
0.315553
0.037258
0.0973625
0.119294
0.092791
0.163474
