1.42187
0.572931
0.527319
0.0852475
0.0796752
0.0336867
0.0278378
-0.0138873
0.00190662
-0.0819976
0.0638907
0.057533
1.41658
0.592207
0.642078
0.0361121
0.11804
0.0264592
0.105131
-0.0662406
0.0068936
-0.0661291
0.0683116
0.0723311
1.45586
0.543577
0.570863
0.0494718
0.125315
0.0437172
0.103347
-0.0703296
0.0191523
-0.0632093
0.0616871
0.0772013
1.61458
0.564764
0.605933
-0.00210374
0.0995147
-0.0391512
0.145664
-0.085033
0.0202246
-0.0332449
0.0052993
0.0917147
1.48367
0.501938
0.492883
-0.0138143
0.0672721
-0.0901824
0.124724
-0.080375
0.00996361
0.00542454
0.012785
0.0679644
1.4906
0.425451
0.426255
-0.0594067
0.0402708
-0.00611789
0.0297667
-0.0480853
0.0698668
-0.0444271
0.018503
0.0779947
1.49084
0.355209
0.445783
-0.133712
0.184269
-0.0531275
0.00986383
0.0422745
0.0983495
-0.00470189
0.0435554
0.0843732
1.26474
0.28204
0.297673
0.057588
0.270119
0.0652486
0.0435934
0.0959343
0.197173
-0.0422353
-0.0112139
0.018179
1.3792
-0.0342831
0.344518
0.101321
0.494796
0.00706144
-0.0171186
0.27132
0.28399
-0.00211066
-0.0129301
0.0543225
1.40048
-0.194971
0.375942
0.0292941
0.45145
0.116422
0.0376447
0.284691
0.181401
-0.0961644
-0.0436365
0.0800099
1.21034
-0.162183
0.336349
0.136246
0.372977
0.125151
0.0810412
0.260073
0.143382
-0.0951155
-0.0569265
0.0720089
1.16094
-0.182922
0.342769
0.0560987
0.401919
0.11174
-0.0872093
0.262004
0.112288
-0.117128
-0.02931
0.0162098
1.07175
-0.329968
0.50123
0.00507963
0.356845
0.109737
-0.108044
0.238953
0.0748332
-0.159712
-0.0567915
-0.0080579
0.937608
-0.382335
0.550811
0.103967
0.327836
0.0664176
-0.127349
0.250561
0.108248
-0.0848247
-0.0159351
-0.0485652
0.93196
-0.439639
0.573495
0.0502859
0.324454
0.0864949
-0.11212
0.311144
0.0638235
-0.164938
-0.00358715
0.00444606
0.881838
-0.477565
0.595005
0.0101668
0.245226
0.122423
-0.0480184
0.35674
0.0537344
-0.129338
0.00581066
-0.0271226
0.860887
-0.555711
0.59019
-0.121383
0.320813
0.076553
0.0242986
0.394844
-0.0124544
-0.10771
-0.03117
-0.0595989
0.906342
-0.608342
0.61728
-0.147423
0.321543
0.0783706
0.029068
0.39384
0.00895686
-0.0668968
-0.0131407
-0.0825121
0.737424
-0.58883
0.529521
-0.0348566
0.289141
0.113201
0.142505
0.353273
-0.00516603
0.0576458
-0.0342244
-0.223176
0.646607
-0.496797
0.493961
0.0112653
0.228783
0.120172
0.165095
0.393602
-0.041955
-0.0418062
0.0233632
-0.179498
0.486448
-0.388348
0.432801
0.074381
0.180667
0.161865
0.149599
0.344331
0.00912389
-0.0810233
0.0248716
-0.147684
0.460761
-0.413418
0.43441
0.0105412
0.261898
0.118915
0.179045
0.363791
0.00221188
-0.116204
0.0218756
-0.101496
0.474618
-0.383262
0.417649
-0.10589
0.246287
0.0722614
0.158369
0.372988
0.0649588
-0.156245
0.0178284
-0.0286958
0.414923
-0.409768
0.417257
-0.187254
0.204008
0.111022
0.128402
0.400261
0.156195
-0.171943
-0.0327074
-0.0302733
0.372269
-0.439038
0.4241
-0.157296
0.150176
0.0770844
0.187068
0.412888
0.129688
-0.183253
0.015782
0.00216976
0.405111
-0.433789
0.408213
-0.216326
0.0901266
0.0755968
0.184835
0.361817
0.107995
-0.175269
0.0196409
-0.0230054
0.264568
-0.439497
0.518381
-0.285716
0.110833
0.0771264
0.18167
0.374395
0.0614803
-0.139392
-0.0488618
-0.0254609
0.12254
-0.4302
0.487415
-0.255082
0.107326
0.0698559
0.13807
0.391608
0.0863514
-0.121935
-0.0372656
-0.0317933
0.179914
-0.448238
0.460918
-0.290833
0.19705
0.106409
0.0921701
0.35563
0.111708
-0.107246
-0.0532855
-0.069339
0.24241
-0.479836
0.517593
-0.213695
0.245817
0.0979577
0.111149
0.331238
0.114111
-0.114199
-0.101071
-0.0911172
0.278072
-0.447259
0.49796
-0.232872
0.231001
0.100539
0.0817705
0.347003
0.0999003
-0.13805
-0.0751722
-0.0938225
0.286604
-0.33951
0.443272
-0.232358
0.181888
0.0742485
0.0792924
0.302466
0.123437
-0.103339
-0.078059
-0.0901301
0.361161
-0.343235
0.402661
-0.269083
0.134349
0.0468536
0.0291632
0.310868
0.146883
-0.0990972
-0.0888479
-0.130699
0.430016
-0.227393
0.343996
-0.313942
0.183921
0.087856
0.00213249
0.317196
0.163266
-0.126092
-0.0486122
-0.0601705
0.568093
-0.132856
0.356572
-0.22166
0.217307
0.103953
0.042539
0.332888
0.209879
-0.153696
-0.0277668
-0.0247795
0.841718
0.167633
0.473463
-0.0264029
0.292001
0.201805
0.0520269
0.343802
0.209076
-0.141153
0.0186968
0.0283493
1.49976
0.441352
0.581497
0.0462553
0.176686
0.168178
0.0210719
0.11858
-0.0332913
-0.213108
-0.0294499
-0.0342051
2.2916
0.237688
0.462431
-0.0605325
0.253609
0.118276
0.0651806
0.027929
-0.0144551
-0.0965366
-0.142976
-0.0307419
2.53911
0.209314
0.390649
0.0323216
0.202339
0.0802539
0.168714
-0.0894275
-0.0123492
-0.0924049
-0.244666
-0.0273803
2.38821
0.337549
0.150441
0.13017
0.121727
0.132839
0.115364
-0.0925713
-0.00282006
-0.15563
-0.185301
-0.0759701
1.93075
0.515492
0.103328
0.117179
0.117536
0.135115
0.102616
-0.0144582
-0.0684943
-0.15967
-0.147245
-0.0828342
2.25937
0.327055
0.188808
0.168176
-0.0477766
0.0684238
0.115336
-0.120194
-0.0544763
-0.184686
-0.16751
-0.07096
2.17548
0.311533
0.189315
0.201241
-0.0461965
0.0502685
0.0724621
-0.111044
-0.0314916
-0.156111
-0.13579
-0.0565304
1.88448
0.419442
0.353099
0.194116
-0.0506005
0.0123148
-0.027305
-0.0963249
-0.00852852
-0.115032
-0.066807
-0.0179242
1.78192
0.413338
0.25334
0.235674
-0.0487222
-0.08504
-0.0434224
-0.0512183
-0.0140159
-0.0601372
-0.0518923
-0.0445127
2.18338
0.249042
0.316274
0.27558
-0.0724183
-0.0100579
-0.0835316
-0.158876
0.0605561
-0.0396274
-0.0865248
0.00318269
1.97426
0.313155
0.236747
0.266415
-0.0596284
-0.0862045
-0.0939801
-0.100082
0.0293844
-0.0160526
-0.0337824
-0.0284447
1.77034
0.393578
0.177064
0.2029
-0.00822319
-0.112073
-0.0901711
-0.0278618
0.00431185
-0.0135037
-0.0153075
-0.0301635
1.56651
0.391139
0.191195
0.184587
-0.00553782
-0.12287
-0.0662785
0.00179509
0.0537662
0.0111827
-0.0374059
-0.0562819
2.08286
0.211525
0.0767936
0.353365
-0.0704127
-0.123144
-0.0445533
-0.0459809
0.129302
0.0703752
-0.0439816
-0.11485
1.98082
0.307609
0.11854
0.30228
0.0268734
-0.167921
0.005725
-0.00631876
0.154295
0.088306
-0.0347446
-0.104779
1.83296
0.276605
0.0758213
0.33617
0.0225759
-0.180263
0.0253536
0.0114077
0.14569
0.138124
-0.0313502
-0.134242
1.55438
0.328871
0.170376
0.203098
0.0477626
-0.0955851
-0.00573375
0.0648746
0.154979
0.0861769
-0.0879543
-0.097815
1.94102
0.162608
0.0211811
0.437704
0.071734
-0.17991
0.132554
0.151115
0.115047
0.0404165
-0.0940129
-0.151511
1.85541
0.0597869
0.045635
0.379964
0.0870343
-0.168037
0.178871
0.185445
0.125123
0.0580385
-0.10812
-0.145559
2.36376
-0.0806069
-0.0387026
0.536172
0.0752234
-0.293811
0.34141
0.117082
0.170196
-0.0606699
-0.0630032
-0.146652
1.8169
0.0389834
0.00519727
0.446786
0.125543
-0.162381
0.242048
0.25484
0.112323
-0.00655104
-0.118065
-0.109356
1.87209
0.0248265
-0.00233396
0.498463
0.141912
-0.144572
0.3096
0.22602
0.117587
-0.0751629
-0.123413
-0.108144
1.8213
-0.0358366
0.108112
0.493421
0.153893
-0.080792
0.287879
0.272595
0.0577978
-0.0538614
-0.147293
-0.107315
2.12424
-0.163185
0.0535152
0.577142
0.219985
-0.147677
0.444289
0.230493
0.11601
-0.10605
-0.108359
-0.0696791
2.03861
-0.168037
0.132957
0.556129
0.277329
-0.130046
0.452081
0.231823
0.0859396
-0.0860145
-0.13294
-0.0579878
1.41359
0.134723
0.154575
0.441583
0.20647
0.0372565
0.268997
0.283756
0.0577936
-0.0288936
-0.137685
-0.00851783
1.68698
0.0671883
0.116696
0.583515
0.279346
-0.0369129
0.396438
0.275744
0.0300694
-0.0793655
-0.132709
-0.042882
1.85457
0.0226509
0.1583
0.570756
0.280053
-0.0667361
0.452524
0.244159
0.054141
-0.0798988
-0.103873
-0.0533967
1.73169
0.121865
0.14118
0.595433
0.252594
0.0161444
0.419168
0.248722
0.0126751
-0.0715564
-0.0873066
-0.0477429
1.42519
0.231029
0.195923
0.471122
0.228817
-0.0183407
0.275982
0.25432
-0.00860271
-0.0515633
-0.063817
0.0251995
1.75054
0.156161
0.122529
0.578654
0.279407
0.0421115
0.417403
0.271873
-0.00431372
-0.0557211
-0.0485283
-0.0106502
1.83569
0.0433434
0.161712
0.508985
0.299907
0.0418533
0.444617
0.312685
0.017933
-0.0481042
-0.0414748
0.0040111
1.46843
0.21672
0.152371
0.43926
0.262952
0.138922
0.359616
0.334594
0.0459926
-0.0526981
-0.037639
0.0611652
1.70909
0.230466
0.0393266
0.430576
0.26755
0.10922
0.437537
0.363451
0.0379803
-0.0415685
-0.00341548
0.0679919
1.4638
0.260463
0.139138
0.354346
0.231606
0.170745
0.401318
0.360903
0.0945162
-0.0280357
0.0152703
0.0672819
1.44481
0.366388
0.189046
0.285057
0.186087
0.176383
0.379761
0.36893
0.103438
-0.0180227
-0.0246042
0.0210975
1.61593
0.31976
0.111766
0.330742
0.237586
0.172348
0.396067
0.387303
0.110982
-0.0100112
-0.033606
0.034775
1.38412
0.435874
0.212857
0.24465
0.195649
0.233641
0.379577
0.350287
0.111997
-0.0224317
-0.0210578
0.0215969
1.49423
0.413456
0.191434
0.281919
0.224992
0.194694
0.348386
0.395008
0.147823
-0.0684732
-0.0389419
0.0337251
1.37885
0.488104
0.257641
0.282692
0.213047
0.193675
0.345114
0.368471
0.160662
-0.0402021
-0.0173949
0.028357
1.53414
0.464086
0.228463
0.314717
0.201976
0.176714
0.398593
0.3637
0.0782109
-0.0359365
0.00875915
0.0444189
1.21077
0.501421
0.311045
0.293943
0.252012
0.24499
0.28101
0.223236
0.115586
0.0323026
-0.00994857
0.0372286
1.46628
0.593982
0.313577
0.325995
0.281588
0.226119
0.305
0.301829
0.134694
-0.0240485
-0.00986421
0.0344808
1.62557
0.588904
0.372709
0.383472
0.247527
0.193789
0.366889
0.338174
0.0973662
-0.0104251
-0.00319453
0.0368426
1.25729
0.599083
0.356029
0.291737
0.224851
0.17798
0.227572
0.262976
0.150956
0.0260675
0.0299476
0.0400035
1.33021
0.572807
0.372513
0.345229
0.238049
0.184096
0.264501
0.276891
0.136149
0.0350269
0.0326594
0.0530094
1.29661
0.552293
0.367496
0.339477
0.261601
0.207061
0.262777
0.281545
0.137644
0.0174589
0.0586884
0.0689061
1.30917
0.49529
0.372855
0.342648
0.230411
0.253996
0.384685
0.352164
0.133864
-0.0185443
0.0630722
0.0855173
1.19037
0.545931
0.34189
0.302833
0.267048
0.21585
0.238458
0.265873
0.164185
0.0511472
0.0732196
0.0691837
1.19219
0.566277
0.374094
0.291005
0.286972
0.256557
0.218996
0.227281
0.182576
0.105544
0.0789643
0.0715482
1.17596
0.53317
0.338373
0.264129
0.233016
0.252022
0.258889
0.202687
0.153024
0.12822
0.100439
0.0728593
1.3041
0.550548
0.360132
0.296039
0.275203
0.270284
0.218531
0.257748
0.257508
0.110338
0.0704723
0.0752426
1.12445
0.506878
0.34199
0.302642
0.259616
0.21845
0.203314
0.222956
0.184745
0.0723607
0.0428079
0.068831
1.12183
0.520548
0.350955
0.252046
0.220883
0.19925
0.190478
0.212892
0.175694
0.0967425
0.0629924
0.0596171
1.1065
0.513806
0.36703
0.326251
0.256878
0.206953
0.193637
0.215808
0.205148
0.104376
0.0867415
0.0731958
1.11701
0.540111
0.345106
0.289355
0.279364
0.213844
0.184356
0.176444
0.167932
0.114414
0.0860433
0.0691781
1.11618
0.518875
0.348708
0.301047
0.283312
0.226479
0.201431
0.216917
0.182198
0.11066
0.0741516
0.0711743
1.08728
0.535924
0.407291
0.288039
0.254848
0.255813
0.240291
0.222304
0.178768
0.129818
0.106826
0.0813603
1.08499
0.493872
0.397941
0.301811
0.219713
0.222588
0.20818
0.204309
0.158096
0.0752709
0.100718
0.0729603
1.07565
0.500927
0.405773
0.318147
0.288754
0.241699
0.148039
0.169186
0.126236
0.0648198
0.149921
0.074394
1.09485
0.455001
0.39841
0.269743
0.294201
0.303521
0.2173
0.241015
0.222083
0.085131
0.113525
0.0956797
1.05563
0.445868
0.434566
0.261932
0.273008
0.280457
0.261395
0.28059
0.12273
0.08105
0.137639
0.0882375
1.04018
0.477059
0.44419
0.297601
0.231219
0.226142
0.232697
0.211342
0.157931
0.123613
0.126373
0.0809278
1.00386
0.339214
0.491178
0.228756
0.33938
0.288176
0.179768
0.354883
0.166941
0.058033
0.178245
0.0874515
1.01504
0.328956
0.614543
0.21423
0.278066
0.271998
0.186738
0.382508
0.114075
0.0808986
0.228891
0.0662604
0.949989
0.403365
0.60855
0.211717
0.34528
0.194618
0.140441
0.332179
0.14796
0.103741
0.270814
0.0608086
0.919091
0.331421
0.691305
0.208142
0.241526
0.232453
0.110435
0.42563
0.175776
0.0919057
0.265145
0.0620797
0.896251
0.406098
0.601519
0.183458
0.24382
0.258234
0.163685
0.309269
0.181786
0.0517066
0.238372
0.0621825
0.920865
0.397925
0.674569
0.16437
0.235968
0.20064
0.132298
0.367494
0.187889
0.0521158
0.252949
0.0640983
0.948917
0.421756
0.557946
0.196819
0.255075
0.175484
0.0547606
0.305061
0.2547
0.0386404
0.247233
0.0734114
0.901505
0.378468
0.549806
0.192147
0.242347
0.25048
0.095851
0.316846
0.29993
0.0387672
0.223179
0.0816419
0.900032
0.472943
0.506859
0.194743
0.202655
0.169566
0.133033
0.234051
0.210942
0.0461661
0.220565
0.0611843
0.774465
0.433875
0.59305
0.138536
0.304892
0.174094
0.101039
0.271447
0.304379
0.0864465
0.243502
0.0636502
0.909034
0.379387
0.573997
0.161114
0.246848
0.173205
0.0790716
0.255619
0.220239
0.044376
0.21943
0.0685197
0.745015
0.358893
0.635701
0.121363
0.319413
0.196367
0.0887422
0.278723
0.261978
0.0937931
0.253688
0.0455534
0.688746
0.381788
0.687847
0.121137
0.354936
0.213333
0.0775535
0.247201
0.270619
0.0795061
0.291644
0.0446446
0.686851
0.345627
0.715117
0.203755
0.349917
0.0989966
0.182196
0.338374
0.284346
-0.0522178
0.290647
0.113699
0.691254
0.274659
0.652412
0.229484
0.352376
0.171458
0.151166
0.367589
0.26168
-0.0559386
0.278411
0.0958626
0.696901
0.203077
0.652142
0.227344
0.325917
0.146264
0.294708
0.369273
0.235701
-0.0917589
0.261372
0.141234
0.798527
0.15931
0.666373
0.246946
0.329559
0.103171
0.254635
0.322465
0.250212
-0.0458082
0.134707
0.174445
0.628694
0.00528503
0.654984
0.23183
0.383133
0.147291
0.309621
0.270468
0.313866
0.00852222
0.140018
0.171134
0.588905
0.108865
0.698566
0.288703
0.386347
0.129684
0.209256
0.206399
0.250668
0.02502
0.166315
0.121494
0.548155
0.233472
0.656972
0.26204
0.352927
0.103956
0.0914575
0.121662
0.329956
0.0609478
0.232551
0.0302958
0.62434
0.224626
0.70552
0.260276
0.402042
0.0254499
0.112492
0.127985
0.307702
0.0329546
0.257027
0.0666101
0.663041
0.242202
0.709753
0.275062
0.393951
0.0498083
0.0975242
0.185355
0.306372
0.00339509
0.258583
0.0877536
0.672145
0.221912
0.718156
0.342256
0.397548
-0.0229512
0.133087
0.204282
0.277402
0.00413839
0.303705
0.0859018
0.783205
0.189501
0.688301
0.307492
0.39277
0.0390809
0.164645
0.22112
0.258746
-0.00133895
0.262475
0.123902
0.711531
0.189401
0.744317
0.295079
0.34097
0.043879
0.177708
0.281832
0.238478
0.0402235
0.298471
0.0971249
0.694988
0.207602
0.716161
0.390907
0.341269
0.0286342
0.101368
0.208077
0.255985
0.0673593
0.366242
0.0358821
0.718841
0.173754
0.641463
0.293663
0.419124
0.105235
0.164566
0.232697
0.268728
0.104114
0.338683
0.0450747
0.860633
0.233413
0.673563
0.309008
0.329095
0.123663
0.121381
0.186506
0.22916
0.0861232
0.288869
0.07811
0.939261
0.28086
0.588485
0.345406
0.334947
0.114025
0.108302
0.199192
0.198063
0.0866798
0.2556
0.0783849
0.870458
0.323114
0.685611
0.338713
0.340068
0.19107
0.0948312
0.220087
0.210155
0.0381945
0.211385
0.0926904
0.93179
0.41611
0.577021
0.269356
0.26662
0.158582
0.1326
0.209344
0.164727
0.0857709
0.18374
0.0745869
0.977816
0.430349
0.60844
0.253834
0.257329
0.17804
0.0933671
0.191269
0.26291
0.119757
0.22776
0.0999742
1.03924
0.433074
0.535618
0.29646
0.202625
0.246893
0.151219
0.139118
0.142583
0.0976156
0.185307
0.0780392
1.0865
0.577149
0.520924
0.300626
0.232276
0.237066
0.197629
0.117137
0.18762
0.136027
0.18192
0.0947971
1.07424
0.517805
0.48752
0.263315
0.255202
0.222788
0.134318
0.195097
0.142747
0.142804
0.146274
0.0765346
1.19641
0.61032
0.515484
0.233238
0.274004
0.255496
0.202237
0.170419
0.18904
0.00838268
0.214862
0.104112
1.13148
0.540441
0.452979
0.26867
0.221617
0.197564
0.17796
0.165163
0.120707
0.0751352
0.1852
0.0819769
1.23731
0.500357
0.52441
0.260124
0.245644
0.325536
0.222704
0.166536
0.216654
-0.0536565
0.275667
0.151386
1.12965
0.499408
0.46895
0.253876
0.243099
0.266843
0.212375
0.151419
0.175621
0.0914668
0.22448
0.101699
1.06593
0.549622
0.428676
0.285886
0.259674
0.240679
0.206062
0.170989
0.182111
0.113478
0.153625
0.0854834
1.17517
0.55387
0.502074
0.30449
0.215154
0.238913
0.204694
0.16402
0.164946
0.107621
0.199668
0.0985832
1.22308
0.562752
0.512163
0.351682
0.251229
0.20998
0.236894
0.191573
0.169058
0.0935234
0.152521
0.0971539
1.23004
0.570277
0.503208
0.361142
0.19956
0.228383
0.236191
0.134147
0.191901
0.0997897
0.180315
0.0995444
1.12441
0.580968
0.44676
0.292346
0.219356
0.181316
0.162149
0.176486
0.147532
0.0947964
0.103444
0.0657539
1.10324
0.544127
0.461789
0.315217
0.250874
0.244215
0.189404
0.16762
0.212566
0.136647
0.153445
0.0901015
1.1713
0.506248
0.453752
0.310317
0.235972
0.228103
0.216682
0.136242
0.156656
0.0974382
0.0606582
0.0691336
1.27497
0.5211
0.510459
0.283234
0.221992
0.21087
0.264606
0.150226
0.193658
0.110482
0.0995869
0.0891963
1.3253
0.482417
0.535549
0.279346
0.22486
0.198185
0.231781
0.134975
0.208593
0.0649174
0.160485
0.119618
1.27876
0.481818
0.482588
0.301319
0.18815
0.165828
0.145496
0.137504
0.132218
-0.00447439
0.125037
0.0887539
1.33724
0.416799
0.55281
0.263989
0.239305
0.187552
0.200437
0.102083
0.184027
0.0443307
0.113306
0.108542
1.45029
0.306315
0.623158
0.235585
0.330997
0.102734
0.221136
0.030173
0.126263
0.0896731
0.162565
0.168178
1.32834
0.38715
0.60978
0.253947
0.264912
0.184574
0.169435
0.0215216
0.101217
0.0354676
0.164628
0.113438
1.26488
0.423386
0.434644
0.157809
0.118757
0.204442
0.151407
0.00936615
0.124892
0.106635
0.100746
0.0643714
1.57147
0.307791
0.480341
0.0237334
0.163343
0.142175
0.186344
0.043054
0.150252
-0.0561986
-0.0146754
0.10469
1.57379
0.472417
0.423424
0.000438395
0.133491
0.138563
0.111929
0.0182562
0.0972781
-0.0652571
-0.114849
-0.00934644
1.5628
0.512089
0.424391
-0.0174025
0.0811644
0.192937
0.102745
0.0751018
0.0606247
-0.0590736
-0.157388
-0.065093
1.62125
0.544639
0.393787
-0.0631162
0.151935
0.101229
0.133265
0.049458
0.0423893
-0.0946683
-0.121143
-0.0371652
1.58959
0.601562
0.443498
-0.114497
0.18657
0.0249553
0.141147
0.0217257
0.0690053
-0.0862483
-0.0788413
0.00851399
1.48822
0.615619
0.44525
-0.0559991
0.246341
0.0795717
0.203675
0.0439793
0.13808
0.0428432
-0.00228568
0.0569484
1.44246
0.567432
0.377923
0.0474761
0.23976
0.02893
0.256329
0.0278339
0.0984316
0.0374673
0.0349406
0.0698067
1.2725
0.599151
0.356106
0.118211
0.167472
0.129425
0.204842
0.0509039
0.120343
0.0274115
-0.00466333
0.0200122
1.42224
0.537627
0.414598
0.151279
0.256834
0.0659597
0.241689
0.104957
0.0697923
0.104869
-0.00588643
0.0310877
1.54599
0.55921
0.528723
0.088839
0.246145
0.0121057
0.335402
0.0811146
0.115141
0.0376287
-0.0249869
0.0718679
1.16905
0.587819
0.43307
0.276
0.227769
0.156291
0.206392
0.162364
0.104117
0.14054
0.113206
0.0630697
1.37229
0.635859
0.435664
0.273353
0.29791
0.173727
0.266101
0.159651
0.0982878
0.118488
0.111068
0.0841713
1.26699
0.667967
0.460796
0.266479
0.276965
0.194144
0.233981
0.156523
0.121598
0.0756169
0.0668769
0.0615458
1.52966
0.668231
0.61676
0.158368
0.317172
0.176862
0.326926
0.157211
0.192283
0.0485827
0.0579804
0.0965587
1.19091
0.63023
0.3999
0.273701
0.213652
0.169011
0.131945
0.0726433
0.0938004
0.040969
0.0382345
0.0353881
1.36849
0.713659
0.557563
0.202116
0.290172
0.206262
0.236676
0.143622
0.146972
0.00913627
0.0167338
0.0388339
1.23158
0.684132
0.420205
0.255059
0.255132
0.194546
0.17033
0.0954644
0.124421
0.0393751
0.0567106
0.0477596
1.47326
0.744359
0.603193
0.235033
0.297196
0.131694
0.253528
0.102408
0.202612
0.0133492
-0.00211219
0.0451647
1.26668
0.698332
0.539754
0.272711
0.258009
0.0682346
0.12138
0.157033
0.0669035
0.0581792
0.0573633
0.0443304
1.52842
0.735023
0.595396
0.197397
0.272688
-0.000743598
0.242162
0.130592
0.0819543
-0.0347716
0.0715503
0.0719438
1.38359
0.701311
0.548138
0.253442
0.157087
0.116466
0.18731
0.137603
0.102938
0.0334909
0.0680941
0.0445074
1.3826
0.762114
0.566569
0.224577
0.200639
0.13174
0.213622
0.0648342
0.170562
-0.00512121
0.0975547
0.0681452
1.41586
0.70611
0.543083
0.246815
0.165128
0.130944
0.135744
0.110757
0.123604
0.0676072
0.0598329
0.0582417
