0.735985
0.485311
0.917269
-0.244561
0.343349
0.037654
-0.0887497
0.207127
-0.0409288
-0.0584206
0.149211
-0.0252945
0.605061
0.304745
0.999983
-0.258088
0.310121
0.122939
-0.0376778
0.155496
-0.0757602
-0.0276451
0.162536
-0.0366653
0.35828
0.294435
0.88367
-0.133591
0.186502
0.178277
-0.00645537
0.225986
-0.00383757
-0.0108937
0.182703
-0.0509727
0.434643
0.149706
0.926463
-0.148193
0.200716
0.0953852
-0.00969248
0.193914
-0.00462883
-0.00156737
0.175403
-0.0327816
0.396358
0.128027
0.921553
-0.197194
0.225007
-0.0227991
-0.0717847
0.191721
0.014602
0.0223305
0.148729
0.00128373
0.400182
0.0566498
0.594795
-0.219984
0.316251
0.049444
0.00273631
0.21079
-0.019256
0.0159534
0.164578
0.0314319
0.412643
0.117918
0.481298
-0.312905
0.23048
0.0370872
0.082397
0.275622
0.0126964
0.0368307
0.17596
0.00673686
0.371459
0.0847882
0.451771
-0.359197
0.155897
0.0677438
0.0297019
0.278405
0.0648815
0.0791583
0.172626
0.0185672
0.420768
-0.00127833
0.523655
-0.373592
0.168423
0.0255643
-0.00540437
0.328739
0.0910703
0.0212057
0.163428
0.0502181
0.390097
-0.0272764
0.538496
-0.373168
0.10076
-0.0172904
-0.00882327
0.325909
0.125792
0.0171392
0.173562
0.0968075
0.371079
-0.128489
0.626536
-0.28953
0.115341
-0.0125464
-0.0564965
0.276677
0.185445
0.0790317
0.140128
0.0561404
0.31254
-0.139407
0.564304
-0.310236
0.0672735
-0.0800433
-0.0695366
0.295856
0.198656
0.0504465
0.183358
0.148073
0.307622
-0.157198
0.431265
-0.288907
0.0174789
-0.0588168
-0.00632069
0.293422
0.182839
0.0231071
0.209085
0.151414
0.333812
-0.161617
0.436791
-0.329735
0.00910838
-0.0492098
0.0205018
0.27058
0.145469
0.0338029
0.192046
0.145916
0.371538
-0.170753
0.418764
-0.387368
0.0253681
-0.0519919
0.0380134
0.317483
0.125687
-0.00337813
0.165682
0.176906
0.411752
-0.24628
0.410229
-0.274087
0.0489424
-0.0332591
0.128737
0.283803
0.0828469
-0.000324536
0.128581
0.0862889
0.430317
-0.270324
0.46224
-0.285157
0.0568186
0.0192334
0.0962388
0.307297
0.0708642
-0.000116837
0.103035
0.0771658
0.481572
-0.229489
0.493736
-0.197322
0.122647
0.0285087
0.115878
0.333776
0.125161
-0.0192879
0.0961486
0.0577171
0.777064
0.0685576
0.57822
0.0733778
0.17896
0.0819659
0.159495
0.225542
0.101647
0.0092812
0.167043
0.00643969
1.62201
0.422599
0.679027
0.0927596
-0.0100018
0.132818
0.128838
-0.00670319
-0.10128
-0.157603
-0.000413618
-0.014846
1.33221
0.459299
0.346687
0.268777
-0.0215335
-0.155578
-0.0730623
0.00287068
-0.0350204
0.0592969
-0.0113895
-0.0010039
1.96438
0.4357
0.347232
0.13372
-0.0791209
0.0541301
0.27191
-0.080024
-0.0893312
-0.147826
-0.109261
-0.0696266
2.20608
0.260064
0.321821
0.213529
-0.080088
-0.0480983
0.290672
-0.07149
-0.0475302
-0.172848
-0.139801
-0.0442049
2.26216
0.20138
0.325096
0.218888
-0.102344
-0.0646331
0.286016
-0.132961
-0.0155182
-0.167302
-0.189811
-0.044679
1.58197
0.460484
0.244522
0.108139
-0.0889992
-0.000714499
0.105475
-0.0278696
-0.00821444
-0.148292
-0.0916433
-0.044252
1.89089
0.311415
0.337772
0.213787
-0.114638
0.050833
0.102001
-0.0852839
0.0118067
-0.115938
-0.0868973
0.00772399
1.79827
0.385034
0.33261
0.210539
-0.101735
-0.00941738
0.0501018
-0.121154
-0.00212181
-0.0334858
-0.0221958
0.00544641
1.86768
0.399984
0.339609
0.229989
-0.127699
-0.026859
0.0642544
-0.112449
0.0183993
-0.0132993
0.00660576
0.0275022
2.48408
0.132211
0.34539
0.319682
-0.120327
-0.138472
0.143882
-0.164732
0.0312808
0.0662417
-0.0360321
-0.00453345
1.67908
0.505623
0.310847
0.188982
-0.0498143
-0.0966018
-0.0219271
-0.0726069
-0.00290139
0.0633882
0.0660572
0.0564061
1.83841
0.408719
0.272796
0.201995
-0.104537
-0.0759424
0.0197167
-0.0766141
-0.0025205
0.0451616
0.064371
0.0448413
1.78294
0.415804
0.297689
0.172799
-0.0691736
0.0172908
0.0072853
-0.117212
-0.0136394
0.0596325
0.0283526
0.0204021
2.16909
0.280527
0.29673
0.240303
-0.116869
-0.0156095
0.110075
-0.15055
0.0581335
0.0291112
-0.0114311
0.0228953
1.72279
0.338711
0.256189
0.245392
-0.00870841
-0.032416
0.101839
-0.0159495
-0.00945796
0.0244502
-0.0221557
-0.0292208
1.77363
0.448127
0.297179
0.246637
-0.0108332
0.0506638
0.0693911
-0.102365
0.0820003
0.0720531
-0.0386212
-0.0446227
1.71501
0.495137
0.254771
0.209755
0.0344508
0.0219622
0.0986492
-0.0407398
0.0118083
0.0877333
0.0327511
-0.00299967
1.97054
0.315822
0.303095
0.304457
-0.0474549
0.014182
0.136223
0.0469913
0.101276
0.0839287
-0.00730187
-0.0430181
1.87002
0.286087
0.323787
0.218802
-0.0257653
0.0695038
0.11464
0.0398833
0.19023
0.0807791
-0.00959474
0.00792012
1.74477
0.290738
0.27826
0.183126
-0.0452372
0.104361
0.0946766
0.0930957
0.200725
0.0992059
0.00944433
0.0110339
1.88109
0.202937
0.313055
0.177313
-0.034189
0.126401
0.105951
0.0952334
0.228644
0.128566
5.94107e-005
0.00677698
1.69592
0.305811
0.283539
0.190274
0.0213731
0.0827629
0.118976
0.12636
0.223887
0.146689
-0.00616688
-0.0245548
1.79282
0.247141
0.262166
0.212941
0.035609
0.134865
0.18115
0.188797
0.257765
0.184168
-0.0188541
-0.0686493
1.42877
0.383556
0.204598
0.190743
0.111891
0.116052
0.17729
0.199976
0.201586
0.131434
-0.0116886
-0.029782
1.82428
0.165708
0.244654
0.177183
0.0694334
0.198135
0.19637
0.225436
0.300783
0.103164
-0.0275395
-0.0261768
1.70859
0.259271
0.229555
0.18202
0.0881505
0.168119
0.211293
0.233168
0.245259
0.0831852
-0.0212377
-0.0363241
1.69837
0.256731
0.244136
0.187214
0.0932774
0.189254
0.206443
0.222741
0.258915
0.0838124
-0.0387151
-0.0428121
1.37719
0.493997
0.181648
0.0747561
0.127192
0.246915
0.234889
0.123666
0.119623
0.0893703
-0.0427245
-0.0348074
2.1469
0.175677
0.191456
0.254224
0.206292
0.148673
0.33056
0.24542
0.128139
0.104574
-0.0547243
-0.130304
1.85846
0.288002
0.171168
0.288708
0.194926
0.164015
0.261647
0.253902
0.189085
0.065612
-0.105709
-0.100056
1.59511
0.411464
0.204172
0.274651
0.2145
0.170941
0.251786
0.25566
0.160652
0.052387
-0.144226
-0.0890962
1.59879
0.411333
0.198184
0.262466
0.200013
0.203618
0.261156
0.229568
0.166427
0.0558313
-0.134068
-0.0886478
2.32553
0.0730949
0.308395
0.411266
0.157776
0.22725
0.308576
0.273578
0.144684
0.0592104
-0.0863091
-0.126679
1.60877
0.466373
0.245063
0.278349
0.199129
0.207273
0.281804
0.237798
0.128879
0.0576594
-0.122422
-0.0765277
1.60553
0.445267
0.237117
0.277552
0.206233
0.210903
0.293124
0.240565
0.168842
0.0709502
-0.121715
-0.0776069
1.42296
0.537089
0.319205
0.286657
0.210311
0.182946
0.213754
0.210409
0.141273
0.0565014
-0.0812779
-0.0291342
1.31607
0.550981
0.330553
0.28023
0.215215
0.185234
0.237207
0.228014
0.142726
0.03492
-0.0818797
-0.0146178
1.42462
0.612057
0.343439
0.287037
0.24862
0.222252
0.223665
0.203734
0.148421
0.0490592
-0.0452069
-0.00191986
1.42998
0.648508
0.379908
0.290367
0.23702
0.236655
0.280296
0.237877
0.120572
0.0223726
-0.047343
-0.000779649
1.22591
0.603025
0.361704
0.267187
0.236862
0.20763
0.191233
0.184318
0.152523
0.0810116
-0.000510943
0.0311524
1.18991
0.53509
0.347594
0.341598
0.331801
0.242236
0.166589
0.146316
0.0991709
0.0264164
0.000383198
0.0402032
1.32348
0.632123
0.403179
0.328532
0.276418
0.229296
0.195086
0.165268
0.136202
0.0945045
0.0483561
0.0546722
1.31096
0.616005
0.416665
0.328432
0.233179
0.154001
0.173229
0.190007
0.145961
0.0876013
0.0555228
0.0613496
1.2504
0.584336
0.380995
0.312857
0.259432
0.218393
0.211707
0.17384
0.137155
0.120213
0.09138
0.0741478
1.73839
0.557746
0.294926
0.363575
0.285979
0.163843
0.234739
0.249834
0.181867
0.0820711
0.142996
0.134795
1.44755
0.595814
0.339232
0.293424
0.25527
0.209466
0.213145
0.224227
0.181123
0.159606
0.165902
0.112019
1.67095
0.533644
0.35346
0.32316
0.254401
0.197177
0.246699
0.298779
0.238322
0.0945036
0.130105
0.120677
1.39039
0.523627
0.327557
0.365687
0.288357
0.156521
0.197431
0.259145
0.203895
0.175189
0.21327
0.134962
1.39989
0.547405
0.398815
0.368949
0.25349
0.230642
0.279314
0.265473
0.220222
0.135242
0.136115
0.112077
1.4795
0.610046
0.403805
0.348537
0.313441
0.243521
0.264109
0.290861
0.257858
0.183818
0.077803
0.0924238
1.26161
0.644842
0.474588
0.302699
0.281186
0.236547
0.221062
0.281002
0.152815
0.151128
0.14889
0.10331
1.31584
0.580577
0.472397
0.310045
0.305733
0.239034
0.205649
0.301665
0.199573
0.132123
0.137871
0.106451
1.0896
0.563191
0.433708
0.280415
0.307472
0.223247
0.198633
0.26314
0.17444
0.133911
0.156914
0.0902646
1.11077
0.575193
0.504422
0.286903
0.304507
0.230577
0.156847
0.285736
0.184868
0.13999
0.187438
0.0990373
1.07513
0.568856
0.434764
0.334154
0.26387
0.186897
0.160523
0.190473
0.176922
0.175632
0.188609
0.0917025
1.09241
0.547899
0.509997
0.263755
0.218148
0.253529
0.136475
0.203875
0.214954
0.137988
0.19904
0.0999443
1.03126
0.532161
0.398374
0.251985
0.257491
0.199854
0.178098
0.242184
0.170323
0.122462
0.146093
0.0743831
1.03552
0.589253
0.462363
0.225835
0.306576
0.223386
0.151074
0.264203
0.13013
0.113851
0.188517
0.0718961
1.028
0.483979
0.472438
0.246271
0.233299
0.228474
0.143882
0.243936
0.157299
0.0863429
0.183662
0.074356
1.06002
0.493975
0.501553
0.303782
0.219997
0.198587
0.144898
0.264752
0.171094
0.0345169
0.166531
0.0861489
1.02646
0.472695
0.48018
0.243814
0.264375
0.244894
0.136301
0.22643
0.163757
0.0465377
0.151396
0.0743845
1.05781
0.537546
0.488738
0.230064
0.299008
0.190582
0.135208
0.31007
0.129268
0.0291465
0.185522
0.0641173
1.07836
0.510958
0.532246
0.264018
0.293157
0.216117
0.140631
0.302597
0.153994
0.0339816
0.143188
0.0756542
1.06709
0.521796
0.584258
0.235183
0.337076
0.182518
0.158826
0.320957
0.141491
0.0173179
0.161712
0.0753273
1.06891
0.508696
0.653282
0.234166
0.284768
0.12983
0.184259
0.32743
0.111262
0.0552998
0.179307
0.0717618
0.99922
0.395133
0.691185
0.209683
0.427305
0.13594
0.185387
0.395021
0.149358
0.00415556
0.221665
0.100571
0.981537
0.486286
0.56541
0.180452
0.340798
0.107195
0.205556
0.418911
0.147853
0.0362996
0.196994
0.0696714
1.00028
0.460565
0.578716
0.132571
0.357165
0.194235
0.161042
0.335413
0.116274
-0.000699048
0.200681
0.054494
1.01867
0.455954
0.623609
0.118731
0.330348
0.203545
0.17188
0.366158
0.122486
0.0612184
0.218612
0.0525451
1.07338
0.366932
0.71172
0.0217974
0.414314
0.229486
0.236346
0.38441
0.1524
0.034576
0.239998
0.0887685
0.948426
0.418034
0.580701
0.143526
0.324566
0.275475
0.125767
0.303919
0.181192
0.0970602
0.253739
0.0620455
1.05532
0.451147
0.513498
0.223589
0.230871
0.266571
0.100071
0.196959
0.166825
0.0970353
0.150397
0.0771021
1.06001
0.4158
0.535739
0.235146
0.243698
0.273819
0.0761502
0.271268
0.1851
0.0313323
0.161977
0.0834827
1.06042
0.363688
0.602794
0.149969
0.270153
0.264816
0.0922362
0.3409
0.247738
0.0320378
0.186098
0.087957
1.06644
0.448917
0.509416
0.187772
0.285465
0.279022
0.127746
0.27049
0.153053
0.0414824
0.228035
0.0763407
1.02316
0.471725
0.44236
0.218583
0.221121
0.19917
0.125182
0.220103
0.160274
0.0599967
0.1713
0.0656164
1.04354
0.535681
0.485172
0.206356
0.175383
0.261424
0.160023
0.191403
0.167324
0.0986802
0.241519
0.076302
1.157
0.490998
0.498771
0.258667
0.166872
0.216485
0.170667
0.171751
0.130454
0.0967904
0.23315
0.0895459
1.09901
0.523217
0.579047
0.26006
0.25465
0.188048
0.119688
0.193649
0.122487
0.0990768
0.283536
0.0863577
1.13021
0.513424
0.46507
0.275989
0.222349
0.23783
0.137849
0.227563
0.121712
0.0777901
0.204335
0.0840097
1.06848
0.489807
0.430066
0.227991
0.1999
0.246945
0.13796
0.190488
0.138559
0.0895445
0.211989
0.0788161
1.07665
0.426686
0.500273
0.263427
0.212791
0.230284
0.123565
0.234259
0.233646
0.111259
0.222623
0.0981998
1.17098
0.426875
0.530835
0.278457
0.247683
0.209279
0.209708
0.281322
0.205658
0.133043
0.244031
0.117541
1.12192
0.525297
0.432064
0.270495
0.241035
0.188259
0.180403
0.260196
0.149428
0.147956
0.235069
0.0957687
1.12512
0.511092
0.440285
0.2867
0.213208
0.247312
0.178395
0.177791
0.210163
0.140154
0.166175
0.0931793
1.28991
0.513898
0.53522
0.196342
0.215941
0.157019
0.181436
0.237551
0.279832
0.128337
0.327701
0.16409
1.4011
0.530477
0.597957
0.116029
0.266303
0.162401
0.151963
0.307642
0.251197
0.125185
0.286084
0.151375
1.18149
0.574251
0.430514
0.266305
0.230646
0.153348
0.166829
0.234225
0.21958
0.16373
0.194656
0.102768
1.21567
0.597673
0.448955
0.273934
0.22447
0.140649
0.152656
0.169951
0.169293
0.142111
0.176881
0.100019
1.28252
0.630143
0.49409
0.221951
0.233634
0.175531
0.103859
0.200694
0.169063
0.195404
0.143043
0.0962751
1.22796
0.615077
0.448545
0.250767
0.214144
0.175814
0.088016
0.117831
0.147436
0.0873938
0.128113
0.0825364
1.31688
0.649604
0.539435
0.193819
0.171914
0.159439
0.140741
0.191365
0.165025
0.106551
0.140715
0.0905318
1.17607
0.650747
0.443683
0.257732
0.198578
0.16544
0.112618
0.135196
0.14124
0.084963
0.159362
0.0825234
1.18085
0.636806
0.485302
0.279473
0.198202
0.142935
0.0922456
0.100445
0.150447
0.101544
0.148842
0.0848676
1.17641
0.582363
0.377101
0.221539
0.151261
0.127095
0.116489
0.113841
0.185936
0.153602
0.138967
0.0798472
1.34164
0.570146
0.379817
0.211899
0.163534
0.142846
0.165784
0.143794
0.265539
0.199378
0.125963
0.0816642
1.31399
0.61223
0.426944
0.218921
0.155613
0.154212
0.128548
0.116216
0.239453
0.203598
0.151473
0.0980773
1.21411
0.591592
0.415476
0.238958
0.127902
0.0655795
0.084581
0.108396
0.151304
0.119158
0.147986
0.0774335
1.47241
0.759119
0.507429
0.10729
0.0700641
0.0547992
0.0226528
0.165401
0.0980789
0.0536146
0.19295
0.0992288
1.26485
0.646662
0.403011
0.141264
0.111407
0.0670698
0.0335676
0.123403
0.104104
0.108607
0.137476
0.075677
1.84176
0.709114
0.8159
-0.0564799
0.205074
-0.104246
0.0736141
0.174499
0.220468
0.131187
0.123771
0.189328
1.43361
0.742619
0.496065
0.114274
0.194559
0.169708
0.111242
0.160862
0.208354
0.160027
0.211666
0.13679
1.23119
0.646772
0.371298
0.196446
0.194117
0.174053
0.166109
0.237172
0.226395
0.195177
0.237756
0.1124
1.22403
0.625988
0.405421
0.213811
0.235772
0.172224
0.227161
0.232315
0.220856
0.189134
0.144438
0.0985046
1.67936
0.545183
0.584141
0.00379816
0.278562
0.0693893
0.237171
0.210135
0.278124
0.136988
0.229465
0.237537
1.3084
0.627284
0.406275
0.159939
0.12792
0.071335
0.155112
0.139218
0.162816
0.187508
0.206639
0.11729
1.13136
0.528065
0.287079
0.166051
0.102435
0.127549
0.147825
0.113599
0.107677
0.108289
0.140753
0.0720627
1.2689
0.599182
0.299559
0.0559641
0.07717
0.111779
0.134745
0.108425
0.0952033
0.094708
0.163128
0.0920007
1.16763
0.579314
0.333458
0.163498
0.160123
0.13727
0.144254
0.105614
0.0989832
0.12649
0.146154
0.088133
1.04639
0.562032
0.358912
0.269312
0.228738
0.170332
0.146665
0.146145
0.135479
0.0992879
0.117963
0.0714453
1.55052
0.630372
0.553235
-0.0129694
0.215858
0.156962
0.281719
0.200202
0.106791
0.138289
0.280549
0.186058
1.11852
0.586229
0.399695
0.253532
0.196577
0.192605
0.183698
0.179054
0.221802
0.156406
0.144491
0.0934564
1.21222
0.628758
0.403565
0.223772
0.235059
0.162733
0.177318
0.172801
0.151643
0.158199
0.186118
0.105916
1.09911
0.587914
0.340006
0.230705
0.199169
0.138758
0.137106
0.101474
0.104852
0.110808
0.142194
0.0811984
1.6819
0.58116
0.524489
0.101777
0.257801
0.0367448
0.210756
0.0737523
0.196314
0.0702914
0.232051
0.247181
1.14178
0.522649
0.356296
0.2183
0.138757
0.112356
0.113343
0.096274
0.131885
0.103068
0.0974218
0.0684606
1.50482
0.600546
0.460426
0.101815
0.148553
0.0809098
0.0532763
0.0686844
0.0978006
-0.0434392
0.183466
0.130221
1.35651
0.596371
0.398914
0.102194
0.188988
0.171812
0.0484381
0.0266961
0.0805006
0.0297426
0.153831
0.0967529
1.54576
0.615601
0.520916
-0.0524564
0.118255
0.136296
0.079577
0.0560404
0.126024
-0.0462296
0.157987
0.127932
1.27166
0.530427
0.389829
0.0874923
0.125863
0.16437
0.0872861
0.15046
0.161707
0.0561727
0.159217
0.0842086
1.27561
0.611522
0.432106
0.114935
0.148501
0.175757
0.122059
0.188166
0.127884
0.0535324
0.0901387
0.0589253
1.30532
0.588468
0.425361
0.173903
0.174042
0.109174
0.136419
0.122492
0.184437
0.10649
0.0967527
0.0857253
1.26447
0.599271
0.418993
0.158598
0.181411
0.167831
0.152169
0.147022
0.170568
0.0793532
0.0753184
0.0725919
1.22778
0.635917
0.442969
0.143845
0.202324
0.161833
0.11604
0.185752
0.142241
0.114876
0.142956
0.0854658
1.17041
0.588583
0.384753
0.196003
0.187073
0.164705
0.200606
0.167684
0.155717
0.148129
0.12572
0.0845954
1.35888
0.572879
0.448274
0.122336
0.163059
0.183062
0.194514
0.194962
0.140456
0.058578
0.111171
0.0775376
1.18408
0.615669
0.472018
0.17401
0.169474
0.11366
0.0759472
0.104698
0.145631
0.114684
0.128555
0.0930965
1.33927
0.613213
0.439601
0.132754
0.138567
0.102304
0.0187107
0.0294872
0.00449848
0.00282038
0.0975446
0.0829359
1.16833
0.586916
0.440847
0.200207
0.142154
0.0702575
0.0640298
0.0527485
0.0508286
0.0211075
0.119546
0.074189
1.20806
0.521225
0.402026
0.231405
0.152724
0.106862
0.0345084
0.0284457
0.0324842
0.0274094
0.0524742
0.05733
1.41437
0.667161
0.505469
0.144406
0.19627
0.148425
0.0448451
0.120754
0.0622844
-0.00844741
0.107047
0.0695216
1.235
0.604647
0.458064
0.201336
0.174971
0.116127
0.0877736
0.0799585
0.0661523
0.0821663
0.064396
0.0704956
1.47072
0.679212
0.520328
0.140575
0.179462
0.124914
0.030536
0.114197
0.0895017
0.0180349
0.09538
0.0741737
1.19175
0.614787
0.445601
0.240809
0.161493
0.116346
0.0938945
0.0627062
0.101721
0.0738471
0.081033
0.0761008
1.47044
0.664511
0.582847
0.194741
0.156084
0.036106
0.0846931
0.0311798
0.108701
0.11972
0.0318994
0.076916
1.26396
0.660174
0.43235
0.238856
0.159939
0.128398
0.103252
0.0754403
0.0918842
0.0980159
0.0778401
0.074681
1.59107
0.620627
0.588925
0.149254
0.207726
0.0833971
0.120095
-0.0640207
0.125188
0.0699697
0.0166888
0.0908607
1.21636
0.599589
0.394612
0.209698
0.166919
0.106502
0.0514703
0.0154061
0.0877036
0.0971853
0.100743
0.0809169
1.46307
0.702505
0.525896
0.143431
0.111847
-0.0395231
0.112961
0.0567511
0.101023
0.0321572
0.0366294
0.0668737
1.57566
0.693026
0.573889
0.204212
0.194967
0.104487
0.110442
-0.0355541
0.0744975
0.0195808
0.0257141
0.04526
1.74765
0.783475
0.723072
0.120721
0.179743
0.016394
0.162648
-0.0199356
0.107359
0.00448539
-0.02495
0.0457725
1.55362
0.796145
0.569862
0.201334
0.199333
0.115195
0.0649748
0.0315768
0.00703008
-0.0404666
0.00581412
-0.0121816
1.68411
0.827242
0.617142
0.165303
0.191181
0.0872996
0.11892
-0.0347831
-0.000149886
-0.0193912
-0.00967079
-0.000775662
1.35693
0.686801
0.419037
0.261555
0.181438
0.104624
0.0918584
0.0699061
0.00406227
-0.0270399
0.0038235
0.00791919
1.51223
0.708105
0.476395
0.223575
0.133325
0.150093
0.0926558
0.0164901
0.0233581
0.048763
-0.0163686
0.0188247
1.6013
0.704268
0.461751
0.232221
0.0999843
0.096148
0.213848
0.00654444
0.0567283
0.0752064
0.0508691
0.0486338
1.16589
0.632784
0.410855
0.270309
0.211144
0.161122
0.18625
0.104034
0.0619443
0.0857993
0.0664978
0.059472
1.16372
0.575779
0.408227
0.278338
0.192005
0.171403
0.167847
0.143252
0.102708
0.119273
0.0952233
0.070869
1.29147
0.660151
0.478215
0.305108
0.255863
0.180322
0.166417
0.12475
0.136971
0.121064
0.11369
0.0883418
1.46432
0.742903
0.466396
0.27648
0.200737
0.162312
0.219769
0.136264
0.141937
0.18878
0.101924
0.0947907
1.20281
0.594974
0.378381
0.25717
0.192259
0.180542
0.181608
0.140409
0.143737
0.149874
0.130066
0.0848784
1.22252
0.601342
0.361152
0.266666
0.174169
0.10305
0.0998465
0.0604095
0.0729089
0.0868552
0.0608434
0.0706089
1.37734
0.657847
0.417385
0.168943
0.0631812
0.0954896
0.132095
0.0552528
0.050267
0.0752175
0.0856346
0.069619
1.54944
0.638453
0.440574
0.144133
0.0932314
0.155505
0.14091
0.0815604
-0.0257998
0.0507513
0.0686053
0.0593776
1.2501
0.609409
0.360784
0.163271
0.137297
0.120093
0.0825679
0.0172364
0.0438867
0.0649253
0.0501845
0.0637081
1.3638
0.589778
0.384512
0.0886233
0.107699
0.175152
0.151398
0.0499126
0.0244084
-0.0135018
0.0420456
0.0507568
