0.457064
-0.041006
0.408941
0.172245
0.222047
-0.0935697
0.109394
0.234804
0.140712
-0.0830333
0.057454
0.0422917
0.460075
-0.119334
0.459863
0.145219
0.272457
-0.103052
0.142216
0.233247
0.16881
-0.126606
0.00828165
0.0143823
0.361448
-0.120501
0.472383
0.125111
0.295525
-0.0870272
0.208729
0.245862
0.2013
-0.107185
-0.0151142
0.00605246
0.241639
-0.0726538
0.453008
0.176413
0.312497
-0.00959544
0.204395
0.232558
0.226625
-0.160495
0.0218384
0.0327017
0.153265
0.0037689
0.463532
0.157865
0.337061
0.028087
0.178352
0.237957
0.182051
-0.174034
0.0807295
0.0623782
0.0753366
-0.0131039
0.498643
0.0734071
0.351026
0.0399773
0.176819
0.260739
0.225499
-0.138524
0.113046
0.0315203
0.124725
0.0542805
0.495247
0.00744006
0.308417
0.00850406
0.14278
0.30021
0.255859
-0.145556
0.0887421
-0.00859864
0.155744
0.0629926
0.515445
-0.0507652
0.340143
0.0643069
0.182349
0.310245
0.283266
-0.14849
0.0406157
-0.00203631
0.197329
0.16563
0.505029
-0.111884
0.340823
0.0605153
0.159242
0.308333
0.236561
-0.117906
0.0529865
-0.036431
0.238289
0.297258
0.549027
-0.117039
0.352827
0.0111378
0.132567
0.252302
0.281314
-0.0685872
0.08969
0.00443677
0.243191
0.292588
0.464848
-0.0714563
0.355402
0.0168662
0.0826629
0.250286
0.26989
-0.108785
0.111122
0.018092
0.294447
0.215562
0.494759
-0.109461
0.420153
-0.00736332
0.0904971
0.238475
0.220979
-0.0838934
0.129281
0.0397811
0.289406
0.198427
0.47671
-0.0811625
0.326866
0.0361169
0.108342
0.247944
0.205559
-0.112829
0.0970134
0.0509804
0.294077
0.0453467
0.502898
-0.0947845
0.361164
0.0944794
0.164953
0.352224
0.219719
-0.0770663
0.0875319
-0.0290894
0.249476
-0.0734187
0.479137
-0.0701386
0.339525
0.151575
0.196548
0.35638
0.162907
-0.0573427
0.0915398
-0.0461392
0.277519
-0.187504
0.545734
-0.0360512
0.192207
0.0749753
0.107409
0.401557
0.175683
-0.120064
0.102532
0.00969738
0.247079
-0.191133
0.495346
-0.0385456
0.187025
0.085535
0.0731295
0.397341
0.176852
-0.146275
0.0737442
0.0145718
0.249569
-0.313788
0.400867
-0.107961
0.166815
0.0636949
0.07602
0.418459
0.242954
-0.143005
0.0535599
-0.01122
0.308935
-0.375014
0.311144
-0.136201
0.167477
0.0955469
0.0861821
0.437434
0.235972
-0.193203
0.0279269
-0.0195759
0.333869
-0.347441
0.234775
-0.185437
0.214049
0.12471
0.0932218
0.422205
0.25484
-0.170649
0.0103983
-0.0213841
0.59897
-0.260008
0.27459
-0.170043
0.209291
0.109965
0.0677433
0.376647
0.21061
-0.190456
0.0142763
-0.0378023
1.04435
0.190921
0.506595
-0.00856654
0.244672
0.153478
0.177719
0.287445
0.156892
-0.085786
0.0495577
0.066647
1.64555
0.530345
0.679577
0.128899
0.0380099
0.183412
0.166894
-0.131471
-0.076821
-0.0790716
-0.0354952
-0.00343118
1.73224
0.493663
0.241561
0.135208
0.104959
0.158353
0.102027
-0.0858912
-0.0507075
0.0153297
-0.0893472
-0.0633719
2.18165
0.410178
0.216296
0.194795
0.0849301
0.189235
0.158616
-0.208118
-0.0716914
-0.00214083
-0.0698296
-0.0862358
2.15336
0.412233
0.168654
0.159047
0.0463627
0.153088
0.149006
-0.194873
-0.088383
-0.0328816
-0.0880491
-0.0974655
1.63794
0.49393
0.124846
0.0824395
0.0929542
0.090482
0.0291089
-0.070165
-0.0798281
-0.0652504
-0.0909637
-0.0524113
1.79663
0.570381
0.159933
0.0545457
0.0577513
0.097457
0.00356541
-0.127952
-0.0976173
-0.0711809
-0.086708
-0.0537684
2.21335
0.44903
0.116814
0.133776
0.0127757
0.0871254
0.0539436
-0.164659
-0.0687716
-0.0751832
-0.086882
-0.0737555
2.24668
0.484801
0.162392
0.0966698
0.0279187
0.0840578
0.0360805
-0.180943
-0.0492209
-0.103341
-0.0919471
-0.042217
1.6363
0.624573
0.225051
0.0976512
0.00195711
-0.0036991
0.0221049
-0.090933
-0.157678
-0.104218
-0.035246
-0.0170428
1.82627
0.539173
0.244933
0.10662
-0.0432008
0.0311509
0.028825
-0.0884741
-0.0912569
-0.141099
-0.0836715
-0.0421141
2.09425
0.391223
0.229303
0.186448
-0.113516
-0.00219261
0.107617
-0.0741979
-0.0998155
-0.199608
-0.079852
-0.00727782
1.62026
0.50445
0.204011
0.112275
-0.0188222
-0.0106758
0.0438811
-0.00875135
-0.0969074
-0.137309
-0.0380994
-0.0113556
1.82338
0.436361
0.16991
0.141822
-0.0121357
-0.00593715
0.0376556
-0.0138833
-0.096437
-0.182289
-0.0195981
0.0334322
2.24437
0.283236
0.153159
0.257645
-0.0274261
-0.0350442
0.0821927
-0.0234118
-0.0559948
-0.163779
-0.0511275
0.0460557
2.5653
0.118522
0.198685
0.357753
-0.0261898
-0.0350029
0.115783
-0.120506
-0.0834199
-0.0708044
-0.0447448
0.000738816
1.61183
0.503442
0.197799
0.118441
0.0291927
0.0476646
0.0675557
-0.0495655
-0.0768163
-0.0080949
-0.0262664
-0.0124599
1.72327
0.450263
0.268479
0.312377
0.108992
0.0058317
0.0273184
-0.0785084
-0.0510495
0.0730146
0.000862243
-0.033944
1.88093
0.325238
0.232397
0.38184
0.109372
-0.0766324
0.0268496
0.0250739
-0.0510546
0.0548638
0.034039
-0.0121205
2.24902
0.215156
0.190157
0.42198
0.0386283
-0.0864042
0.0555284
0.031673
-0.0316638
0.0858395
0.108007
4.79117e-006
1.95461
0.199863
0.175983
0.399378
0.0636731
-0.133091
0.0822077
0.149243
0.040762
0.10829
0.0914677
0.0113362
1.72124
0.255339
0.158207
0.356658
0.0915206
-0.101821
0.0996994
0.180731
0.066492
0.126476
0.108031
0.0526053
1.79367
0.16515
0.124342
0.418669
0.104676
-0.133924
0.133135
0.255312
0.129652
0.126955
0.0669976
0.0148629
1.73933
0.125859
0.100531
0.487187
0.18386
-0.110955
0.173298
0.314861
0.0940739
0.0650487
0.0107351
0.0213706
2.24138
-0.017754
0.0907107
0.611144
0.19265
-0.118556
0.211721
0.307386
0.122366
0.0191591
0.00167488
-0.0412611
1.65296
0.107612
0.10297
0.485359
0.238421
-0.0232237
0.206988
0.267475
0.0317753
0.0368973
-0.0769789
-0.031122
1.84507
0.126138
0.123799
0.586321
0.253232
-0.0982209
0.207194
0.326501
0.0575251
0.0161346
-0.0845955
-0.0373379
1.627
0.186512
0.155516
0.519611
0.246648
-0.0557216
0.194998
0.316253
0.0703688
0.022794
-0.124788
-0.0209832
1.68827
0.193674
0.173774
0.550697
0.236233
-0.0787375
0.203791
0.333073
0.0900832
0.0454414
-0.0997065
-0.027037
1.7485
0.159792
0.107545
0.504189
0.254111
-0.0217959
0.234634
0.348582
0.111936
0.0205589
-0.131065
-0.0472519
1.93185
0.0624687
0.0681405
0.539771
0.285454
-0.0119587
0.251634
0.379895
0.113125
0.0121098
-0.0883826
-0.039717
1.61787
0.192885
0.124351
0.427796
0.265798
0.0772564
0.264719
0.372984
0.170467
0.00384342
-0.14575
-0.0252302
1.48282
0.190648
0.0840318
0.370455
0.280268
0.114249
0.231204
0.37607
0.229801
-0.042742
-0.143486
0.000372887
1.62409
0.26346
0.117955
0.417189
0.297715
0.0908096
0.247676
0.371853
0.195309
0.0186598
-0.155535
-0.0284779
1.94119
0.163235
0.0695563
0.487055
0.323661
0.0713273
0.262878
0.391062
0.226596
0.0602633
-0.156981
-0.0941867
1.61566
0.331985
0.145088
0.387337
0.320256
0.130463
0.218165
0.356248
0.28149
0.0556529
-0.18487
-0.0647812
1.52598
0.394407
0.174467
0.350582
0.314598
0.168318
0.225474
0.329448
0.223495
0.00882494
-0.152805
-0.0299701
1.59744
0.402198
0.189866
0.369607
0.316122
0.184819
0.262553
0.34312
0.219564
0.0137423
-0.160115
-0.0356677
1.65332
0.448434
0.161021
0.310102
0.292085
0.214657
0.298329
0.309944
0.156411
0.0108231
-0.106041
-0.0258575
1.71396
0.436534
0.164078
0.318648
0.265505
0.18841
0.343091
0.383502
0.157488
0.00103377
-0.0784225
-0.000176743
1.38671
0.563582
0.270553
0.224216
0.206631
0.213752
0.273141
0.269219
0.157287
0.0191963
-0.0530836
-0.0105393
1.41402
0.546762
0.272985
0.241211
0.214717
0.227936
0.309445
0.289964
0.153917
0.00546719
-0.0844887
-0.0179695
1.47763
0.605629
0.378774
0.362736
0.281429
0.215029
0.272145
0.284213
0.138994
-0.011012
-0.039074
0.0173386
1.69055
0.56012
0.358731
0.418042
0.289283
0.159258
0.233928
0.28445
0.119066
-0.0166032
-0.0019188
0.0392094
1.1957
0.582817
0.392099
0.30835
0.259947
0.249801
0.233002
0.156815
0.057945
0.0386415
0.062613
0.0436643
1.32535
0.619944
0.438871
0.410248
0.323895
0.180363
0.165685
0.206156
0.133164
0.0206519
-0.0120737
0.0324052
1.6555
0.660633
0.375428
0.401993
0.395431
0.219222
0.169355
0.213342
0.177027
0.0814425
-0.0134417
0.0134383
1.29035
0.622265
0.425025
0.384614
0.303089
0.206494
0.162898
0.178182
0.128174
0.0540083
0.0167121
0.0461524
2.03219
0.568786
0.353895
0.464547
0.361093
0.223347
0.147247
0.263203
0.184754
-0.00938572
0.0334214
0.0981888
1.33566
0.611839
0.401436
0.354684
0.289632
0.248029
0.215577
0.241551
0.179521
0.0316058
0.0621794
0.0673406
1.58692
0.498012
0.416996
0.397192
0.334779
0.208908
0.174632
0.232519
0.150591
0.0432283
0.141154
0.121301
1.17519
0.563772
0.376227
0.287704
0.257453
0.259478
0.198448
0.167708
0.101764
0.0398954
0.0713014
0.0591066
1.62634
0.336122
0.476797
0.284035
0.372565
0.239867
0.144834
0.327253
0.182628
-0.0172968
0.125665
0.131658
1.16505
0.466907
0.390734
0.333218
0.258111
0.177811
0.15318
0.198445
0.149
0.0779122
0.120746
0.0756588
1.41107
0.390659
0.472277
0.322018
0.314488
0.284139
0.172603
0.267515
0.247287
-0.0400597
0.126981
0.143186
1.19435
0.48375
0.443522
0.307484
0.300595
0.221052
0.229203
0.236192
0.171474
0.0672104
0.114113
0.0892471
1.20533
0.434586
0.472666
0.32927
0.357115
0.24908
0.240074
0.252285
0.197921
0.098781
0.112346
0.107233
1.10859
0.477974
0.454319
0.337703
0.352619
0.265867
0.227052
0.286204
0.157022
0.0757492
0.0867746
0.0972671
1.10221
0.521864
0.419501
0.275154
0.293244
0.245641
0.162868
0.206659
0.158712
0.0714122
0.111904
0.0751907
1.03492
0.496637
0.514882
0.259247
0.26987
0.29435
0.183801
0.206624
0.166752
0.118136
0.143374
0.0863505
1.01847
0.489394
0.566222
0.233684
0.278038
0.244976
0.182601
0.242758
0.193177
0.0404117
0.164163
0.0889908
0.920265
0.490041
0.485841
0.206303
0.280309
0.212649
0.131281
0.257422
0.143285
0.075151
0.240787
0.0529159
0.951739
0.504609
0.482078
0.16614
0.314773
0.254388
0.144785
0.217133
0.183557
0.0966028
0.191061
0.0671654
0.904228
0.433617
0.513708
0.20722
0.265766
0.266602
0.159674
0.292911
0.160028
0.0599249
0.274778
0.0579154
0.844655
0.457708
0.634549
0.146668
0.291728
0.280466
0.185086
0.250982
0.225097
0.0438511
0.176847
0.0915029
0.882156
0.457453
0.561222
0.19014
0.303755
0.29028
0.1686
0.214481
0.183878
0.0554811
0.194149
0.0768973
0.79288
0.372933
0.691845
0.0733638
0.322633
0.287858
0.178391
0.28708
0.267637
0.0203824
0.222935
0.0965854
0.831886
0.440074
0.679035
0.108201
0.322147
0.322858
0.0316837
0.314712
0.242558
0.0487153
0.172747
0.0807424
0.7762
0.38695
0.754002
0.0740115
0.366776
0.295646
0.0323917
0.284254
0.288296
0.0851547
0.212314
0.0891647
0.748818
0.345261
0.845047
0.115847
0.320679
0.248135
0.0719867
0.312954
0.249405
0.0561692
0.223991
0.0938205
0.605543
0.362824
0.718802
0.0825885
0.346907
0.269488
0.172171
0.315134
0.252721
0.0494949
0.220563
0.0767529
0.746542
0.341883
0.759929
0.076721
0.260944
0.231618
0.21975
0.213865
0.232942
0.0733009
0.256482
0.0744908
0.755387
0.371356
0.631475
0.111056
0.32494
0.219247
0.169546
0.242959
0.21725
0.0729089
0.2193
0.0611321
0.696576
0.421688
0.658541
0.109959
0.269072
0.197198
0.225986
0.215214
0.205822
0.0763322
0.209411
0.0592275
0.702928
0.348653
0.646329
0.217453
0.263316
0.235766
0.222004
0.253845
0.242093
0.0267987
0.240416
0.080639
0.818874
0.332619
0.639881
0.189644
0.258849
0.169711
0.192735
0.255722
0.219836
0.0255895
0.23028
0.0834292
0.811967
0.372925
0.591669
0.179568
0.268761
0.178713
0.171295
0.214924
0.211537
0.00345764
0.267445
0.065913
0.782748
0.455112
0.527429
0.187861
0.35012
0.157717
0.156161
0.233287
0.176324
0.0450261
0.255492
0.0418981
0.804432
0.400962
0.593497
0.233045
0.272662
0.194772
0.145855
0.207429
0.298116
-0.0493403
0.224677
0.103919
0.807636
0.413826
0.599108
0.162512
0.368158
0.193008
0.155051
0.183451
0.307327
-0.0296875
0.137273
0.122179
0.867747
0.292195
0.783753
0.180253
0.399269
0.139598
0.139377
0.185127
0.282012
-0.055838
0.194934
0.172648
0.842604
0.431982
0.731748
0.186766
0.234412
0.19262
0.0978948
0.141272
0.273453
-0.0414291
0.215567
0.118594
0.794171
0.402203
0.797239
0.122429
0.351536
0.127868
0.112759
0.111012
0.331225
0.0278261
0.180769
0.163393
0.848814
0.400187
0.818763
0.151158
0.335486
0.0744317
0.0511048
0.140641
0.294163
0.0168354
0.167942
0.156568
0.993653
0.414222
0.804612
0.0371589
0.355555
0.127707
0.155829
0.132925
0.197091
0.00985498
0.221505
0.143604
1.01929
0.448818
0.631185
0.101447
0.210503
0.107051
0.145395
0.142614
0.156731
0.03742
0.162204
0.0860088
1.214
0.425375
0.772148
-0.00427319
0.279386
0.0371518
0.266642
0.129152
0.105811
0.0244943
0.172612
0.158668
1.21858
0.45001
0.610323
0.0840109
0.277691
0.126486
0.245829
0.152867
0.101154
-0.0169115
0.121432
0.0974801
1.29403
0.474361
0.738981
0.0648445
0.289611
0.131262
0.384587
0.152857
0.171743
-0.0283874
0.129906
0.169346
1.25478
0.505233
0.703154
0.125633
0.322155
0.163218
0.300936
0.183219
0.203909
-0.0310181
0.187225
0.159269
1.22031
0.55736
0.547385
0.207699
0.351841
0.251048
0.232044
0.161055
0.198762
0.0780231
0.140971
0.111617
1.22754
0.540637
0.623398
0.282863
0.320629
0.194675
0.242473
0.177872
0.209293
0.125256
0.11985
0.115509
1.16993
0.612623
0.537845
0.302107
0.337726
0.21431
0.193292
0.166361
0.196835
0.142426
0.116864
0.100304
1.15814
0.555866
0.548324
0.387535
0.342176
0.279371
0.168963
0.103985
0.195409
0.09998
0.107835
0.0897887
1.1977
0.590449
0.496282
0.324664
0.275311
0.201326
0.157425
0.128115
0.137542
0.0931539
0.109056
0.0774721
1.22507
0.579239
0.44282
0.278884
0.220919
0.180186
0.147283
0.132649
0.229393
0.113246
0.150842
0.0929316
1.211
0.566815
0.445872
0.231401
0.216834
0.175508
0.183927
0.219992
0.247448
0.150971
0.166498
0.0961753
1.17642
0.574778
0.390955
0.238414
0.201039
0.167107
0.175682
0.150188
0.129887
0.166563
0.188618
0.0868376
1.18683
0.536911
0.428138
0.215105
0.177886
0.169332
0.187465
0.195164
0.228006
0.147346
0.185952
0.0912579
1.146
0.538935
0.403434
0.286379
0.261273
0.211113
0.248512
0.220245
0.135428
0.0998303
0.0698082
0.0756604
1.38146
0.640848
0.430381
0.187205
0.266241
0.208313
0.250994
0.241071
0.181286
0.120025
0.173599
0.107795
1.21235
0.609337
0.412258
0.24264
0.291275
0.246202
0.224503
0.138555
0.188731
0.137946
0.145631
0.0981386
1.22685
0.616263
0.466511
0.240108
0.253399
0.182564
0.244069
0.213351
0.294524
0.111015
0.130852
0.101945
1.29912
0.583067
0.406793
0.203619
0.215751
0.160009
0.217372
0.206898
0.248933
0.201972
0.185695
0.10807
1.44497
0.682484
0.469473
0.152096
0.28473
0.1372
0.148888
0.18629
0.264297
0.0810257
0.225371
0.136448
1.23614
0.603592
0.409646
0.171671
0.266786
0.135235
0.210477
0.208698
0.171912
0.128423
0.146391
0.0874962
1.30736
0.614531
0.404156
0.214504
0.196888
0.178606
0.174642
0.149666
0.216725
0.130028
0.166361
0.0981036
1.62607
0.565472
0.461873
-0.00431829
0.325761
0.118253
0.207422
0.10916
0.322945
0.0264946
0.189636
0.211334
1.47742
0.64131
0.44496
0.141972
0.248495
0.166911
0.169055
0.0774832
0.261529
0.0616659
0.171179
0.125196
1.24945
0.614705
0.420196
0.263991
0.201729
0.17422
0.18215
0.116836
0.143504
0.0991553
0.117695
0.0654254
1.28269
0.64303
0.509626
0.199751
0.183499
0.0994095
0.13079
0.069523
0.168811
0.0982231
0.00951294
0.0366502
1.42157
0.634158
0.506132
0.204995
0.206937
0.0632633
0.167164
0.0843559
0.0683844
0.0464183
0.0363585
0.029299
1.43669
0.655008
0.60836
0.164174
0.204885
0.0309614
0.158987
0.000221604
-0.0314219
0.0629797
0.0334535
0.035588
1.51642
0.495308
0.733928
0.0648892
0.256034
-0.0574528
0.184082
-0.00949249
-0.0840616
0.0164194
0.0649506
0.109135
1.51249
0.541133
0.676077
0.0203691
0.167689
-0.057483
0.226995
-0.0280154
-0.0576919
-0.00478848
0.0566175
0.109123
1.31003
0.605852
0.474363
0.146711
0.0878562
0.0241572
0.171595
-0.0103859
0.0415868
0.00319586
0.0798877
0.0520023
1.38057
0.495494
0.496823
0.138546
0.117072
0.0319796
0.153858
-0.0699253
0.10563
0.0501494
0.052824
0.0750086
1.50731
0.549454
0.563583
0.0218833
0.17948
0.115667
0.240524
-0.0610866
0.140974
0.0776429
0.0821842
0.154198
1.39882
0.501426
0.631358
0.106939
0.215499
0.147719
0.201799
0.0107576
0.219731
0.123764
0.108345
0.147567
1.36835
0.5395
0.532817
0.179647
0.180418
0.175271
0.147835
-0.0363209
0.159212
0.0812385
0.102937
0.105457
1.22162
0.592487
0.528197
0.250289
0.10393
0.130423
0.144381
0.0346501
0.115192
0.0306152
0.10014
0.0698805
1.14431
0.552269
0.379632
0.204809
0.186302
0.103471
0.106009
0.0342215
0.0442709
0.0738813
0.0775692
0.0597058
1.2605
0.628791
0.543382
0.234184
0.25368
0.152656
0.126812
0.0682379
0.113375
0.0530381
0.129412
0.0797953
1.28854
0.607623
0.567082
0.26647
0.264687
0.170327
0.106594
0.00331681
0.188582
0.102666
0.132617
0.102328
1.18284
0.542171
0.450376
0.29864
0.209973
0.157996
0.163035
0.113488
0.167829
0.0999003
0.0973661
0.0715497
1.14791
0.592695
0.457921
0.214628
0.228757
0.175106
0.134399
0.0742266
0.0996507
0.106701
0.0689895
0.0537201
1.20543
0.534792
0.411172
0.192562
0.184118
0.127895
0.117943
0.0874822
0.124383
0.0734872
0.0315581
0.0127248
