23
-1
-38
-73
-83
-89
-104
-117
-135
-165
-208
-248
-263
-268
-263
-254
-256
-241
-237
-254
-250
-245
-239
-229
-204
-168
-132
-96
-55
-31
-10
11
10
25
47
56
80
101
99
110
130
102
81
73
54
48
30
14
16
0
-13
-24
-51
-69
-80
-104
-132
-139
-146
-152
-140
-139
-148
-137
-130
-133
-134
-149
-151
-143
-141
-116
-83
-70
-51
-19
19
70
94
113
126
131
147
181
223
247
253
240
253
293
321
343
346
333
328
307
267
224
195
192
175
134
91
77
82
94
92
69
68
77
77
90
120
99
87
88
73
97
102
79
57
57
75
89
90
105
139
155
153
139
143
171
196
198
170
159
175
159
142
136
139
158
150
151
141
116
129
128
113
127
135
146
162
123
92
83
53
53
60
58
38
7
5
13
2
-26
-68
-122
-138
-149
-174
-203
-213
-221
-235
-235
-244
-221
-180
-137
-119
-103
-85
-63
-28
-17
-13
-18
-14
5
16
19
24
27
41
59
65
50
41
44
45
47
32
22
14
-5
-36
-50
-55
-70
-66
-76
-89
-105
-101
-82
-81
-97
-123
-155
-185
-209
-241
-244
-244
-254
-253
-241
-225
-198
-146
-112
-87
-74
-54
-39
-29
-16
-24
-11
-2
-3
-4
-21
-26
-35
-37
-26
-32
-34
-27
-28
-44
-73
-100
-113
-137
-165
-169
-164
-146
-140
-154
-155
-151
-167
-179
-175
-164
-148
-147
-146
-152
-153
-168
-180
-177
-162
-143
-149
-128
-97
-96
-90
-81
-71
-52
-19
14
49
86
109
122
127
133
141
129
122
119
115
140
165
188
211
207
204
200
180
177
187
201
204
195
203
203
193
177
158
168
157
125
112
122
118
80
64
53
25
-3
-38
-65
-62
-75
-117
-136
-131
-117
-122
-133
-146
-153
-144
-148
-147
-134
-127
-123
-93
-78
-63
-47
-50
-44
-22
10
42
64
50
46
51
42
30
28
27
20
3
-35
-50
-58
-69
-93
-110
-119
-145
-181
-190
-166
-168
-182
-190
-200
-226
-229
-223
-219
-208
-220
-220
-215
-205
-192
-180
-167
-144
-129
-123
-84
-43
-5
22
42
63
85
94
86
95
100
103
85
72
79
72
73
87
84
62
54
59
66
55
22
3
-12
-33
-42
-32
-15
-4
1
23
48
52
51
83
108
104
103
104
110
128
140
134
145
145
125
132
134
134
135
144
192
242
276
314
343
350
364
377
385
380
371
368
359
370
384
390
392
396
380
357
339
325
325
304
268
251
232
215
203
199
213
205
189
189
190
202
192
157
155
145
126
133
117
88
77
60
42
36
21
-5
-18
-5
13
26
40
41
55
75
59
34
28
42
68
89
92
89
102
126
142
132
116
98
86
85
53
31
18
-1
-9
-24
-59
-73
-72
-88
-89
-101
-135
-161
-194
-226
-245
-278
-297
-309
-318
-321
-343
-344
-342
-322
-273
-237
-200
-175
-176
-187
-191
-184
-184
-196
-200
-205
-197
-161
-162
-176
-171
-181
-188
-189
-196
-194
-178
-164
-166
-159
-150
-149
-139
-151
-166
-163
-155
-152
-144
-140
-153
-158
-151
-152
-150
-149
-160
-160
-156
-158
-154
-158
-188
-203
-197
-187
-168
-161
-164
-169
-175
-177
-175
-191
-213
-235
-254
-275
-291
-276
-266
-256
-241
-245
-247
-233
-221
-201
-180
-173
-138
-84
-17
48
90
108
116
142
181
218
239
251
254
259
261
256
246
233
218
208
185
147
116
80
56
29
9
-6
-9
0
-15
-43
-65
-93
-129
-137
-137
-130
-123
-138
-156
-141
-114
-106
-97
-101
-91
-77
-58
-51
-25
0
12
37
47
84
131
151
164
172
165
145
112
103
101
95
78
70
68
62
68
58
39
33
35
37
36
23
16
27
23
25
27
5
-3
-1
2
29
55
73
96
121
142
164
176
167
155
166
170
167
175
170
162
149
133
97
63
53
39
34
13
-14
-40
-45
-56
-81
-88
-103
-100
-90
-70
-36
-24
-24
-3
31
65
104
117
148
183
222
260
273
289
296
303
303
301
300
312
315
330
355
379
399
383
381
385
366
351
335
295
264
221
175
130
62
22
-5
-48
-88
-117
-138
-159
-188
-218
-256
-300
-322
-332
-328
-301
-273
-238
-187
-134
-82
-37
9
36
55
64
72
82
89
126
158
180
200
222
233
263
289
297
306
308
308
297
279
267
242
202
177
173
168
163
165
155
147
114
65
38
18
-5
-20
-31
-45
-27
-31
-38
-48
-78
-98
-108
-119
-149
-168
-187
-193
-209
-227
-232
-262
-272
-266
-255
-239
-214
-209
-218
-208
-211
-227
-239
-237
-211
-186
-155
-112
-70
-36
-11
-12
-26
-21
-39
-57
-51
-66
-73
-85
-90
-75
-54
-44
-45
-47
-59
-40
-32
-29
-31
-49
-48
-55
-61
-92
-127
-151
-162
-149
-153
-126
-107
-113
-103
-109
-132
-163
-172
-190
-207
-208
-225
-241
-263
-282
-292
-300
-327
-341
-337
-347
-344
-345
-348
-352
-365
-374
-371
-364
-373
-374
-362
-355
-351
-350
-348
-346
-314
-273
-243
-204
-167
-141
-133
-117
-114
-129
-144
-158
-162
-151
-137
-123
-79
-57
-33
-7
5
24
27
21
3
-1
-2
-2
-6
-2
1
-10
-33
-54
-58
-68
-69
-81
-73
-62
-54
-40
-37
-32
-43
-47
-49
-35
-17
-9
12
22
44
78
113
166
213
238
263
283
311
329
339
343
320
313
320
329
325
341
374
384
394
400
416
438
453
458
472
505
514
517
509
472
464
456
449
447
430
431
437
443
466
473
464
469
439
416
413
396
375
360
344
319
291
258
230
209
213
209
169
128
99
74
33
8
-7
-24
-39
-39
-42
-55
-43
-42
-52
-46
-32
-20
1
14
16
13
23
40
24
4
-6
-8
-27
-62
-85
-100
-114
-129
-158
-168
-158
-180
-213
-253
-277
-285
-287
-297
-302
-306
-333
-361
-391
-407
-416
-421
-443
-449
-418
-383
-351
-321
-297
-298
-296
-303
-313
-297
-265
-235
-204
-183
-148
-125
-114
-117
-124
-109
-100
-73
-70
-77
-58
-33
-12
-15
-7
-4
-12
-20
-23
-22
-1
10
-2
4
25
51
82
118
139
165
185
201
223
242
280
315
323
316
312
317
331
336
342
346
342
329
330
345
356
345
322
302
271
243
217
178
131
99
76
50
26
1
-25
-39
-52
-77
-91
-99
-125
-136
-117
-121
-129
-92
-67
-55
-37
-38
-34
-23
-7
5
17
7
-10
-8
-9
-9
-34
-54
-61
-69
-70
-73
-66
-64
-69
-68
-67
-70
-81
-69
-63
-79
-94
-112
-120
-133
-159
-174
-189
-213
-226
-228
-237
-249
-265
-277
-290
-293
-298
-317
-317
-303
-270
-238
-214
-193
-187
-166
-135
-115
-92
-68
-68
-73
-84
-79
-61
-49
-19
6
35
45
67
99
132
147
156
161
159
186
184
200
195
188
213
225
239
243
244
231
225
205
174
154
123
97
70
63
55
39
36
37
37
25
24
1
-21
-39
-59
-71
-94
-106
-110
-95
-82
-65
-55
-43
-25
-19
-21
-23
-20
-28
-34
-22
9
42
54
68
107
137
146
149
149
142
128
115
87
87
87
86
89
82
93
98
107
118
131
154
157
142
136
132
109
81
63
47
37
28
31
31
-8
-34
-58
-89
-110
-119
-124
-132
-133
-161
-183
-196
-186
-186
-186
-166
-162
-152
-145
-139
-141
-132
-113
-95
-87
-102
-95
-86
-94
-96
-62
-38
-33
-7
7
24
41
37
31
29
33
18
-7
-13
-29
-62
-83
-104
-123
-127
-117
-118
-114
-102
-108
-113
-138
-165
-179
-202
-215
-204
-189
-177
-157
-157
-158
-148
-126
-123
-120
-95
-95
-94
-95
-101
-104
-94
-79
-83
-62
-46
-22
-9
-2
7
11
34
40
48
60
76
98
126
141
141
126
115
136
153
154
162
178
180
188
193
199
201
210
209
201
197
170
147
127
123
113
88
53
30
20
13
14
19
20
21
33
17
1
3
-2
-7
-15
-29
-37
-28
-44
-50
-35
-31
-15
-15
-8
18
27
34
43
51
71
78
78
84
87
101
113
126
148
172
194
218
246
256
271
273
275
277
258
260
267
249
234
232
213
213
227
226
238
257
258
251
247
256
267
261
239
233
253
269
259
242
232
220
215
212
213
204
180
168
149
148
157
150
158
151
141
140
134
120
116
92
74
78
64
60
54
48
40
24
15
20
8
-28
-59
-83
-106
-119
-126
-148
-150
-153
-167
-184
-197
-192
-188
-184
-197
-209
-226
-247
-265
-301
-330
-349
-356
-353
-352
-357
-362
-372
-380
-370
-359
-353
-358
-371
-368
-371
-374
-374
-370
-370
-380
-390
-401
-377
-363
-363
-341
-331
-328
-325
-313
-316
-306
-293
-291
-284
-299
-283
-269
-270
-252
-241
-244
-246
-230
-224
-219
-205
-190
-174
-156
-146
-152
-172
-177
-169
-179
-163
-145
-128
-98
-57
-30
-6
13
6
6
14
31
34
51
78
101
125
124
141
158
180
202
216
238
231
227
228
225
228
222
205
212
225
227
215
195
187
169
168
151
108
99
110
101
99
97
72
46
27
16
14
17
16
34
42
30
14
10
30
34
34
22
7
0
-4
0
-10
-22
-25
-37
-27
-15
-12
7
37
67
74
65
51
53
56
52
53
44
34
21
11
-14
-37
-55
-61
-54
-58
-69
-81
-78
-77
-71
-83
-85
-73
-68
-57
-51
-51
-56
-51
-51
-53
-51
-56
-57
-51
-48
-39
-27
-18
-14
-16
-20
-15
8
23
39
55
65
73
82
115
123
113
104
97
89
91
102
103
115
120
119
128
138
176
215
238
251
243
229
229
232
239
262
259
243
246
244
245
242
233
223
224
227
243
271
280
288
293
287
296
312
330
331
319
290
259
262
284
315
331
350
378
397
411
406
414
410
402
396
372
348
320
328
346
349
353
354
370
380
397
412
418
413
392
376
349
310
259
208
171
126
93
73
63
78
91
99
94
89
82
62
48
17
-27
-78
-132
-194
-262
-331
-374
-392
-405
-406
-390
-377
-367
-357
-360
-361
-371
-405
-455
-502
-537
-566
-598
-619
-634
-659
-672
-659
-641
-606
-577
-575
-561
-539
-528
-528
-533
-542
-561
-579
-575
-557
-546
-510
-476
-455
-425
-389
-359
-312
-282
-279
-269
-265
-253
-260
-259
-256
-251
-238
-216
-178
-152
-117
-72
-31
20
68
83
102
127
140
150
151
151
141
118
108
116
118
136
151
154
183
212
228
245
269
268
248
221
189
169
126
83
60
46
25
0
-13
-17
-12
-4
7
-2
-22
-53
-63
-74
-101
-133
-169
-192
-213
-222
-229
-232
-249
-265
-284
-299
-317
-353
-382
-400
-420
-460
-496
-508
-510
-539
-558
-562
-593
-629
-655
-664
-674
-685
-711
-712
-712
-702
-687
-689
-667
-662
-664
-672
-664
-667
-678
-652
-621
-593
-562
-482
-398
-326
-262
-208
-164
-126
-86
-51
-20
-2
29
73
120
177
246
330
422
513
609
699
782
865
918
956
1009
1052
1085
1145
1228
1315
1387
1465
1561
1625
1677
1724
1776
1803
1784
1789
1775
1742
1718
1700
1686
1678
1671
1643
1625
1574
1530
1468
1382
1300
1185
1066
915
794
661
495
359
247
126
-25
-128
-209
-313
-431
-491
-523
-590
-648
-667
-681
-728
-752
-736
-746
-775
-768
-763
-759
-754
-736
-703
-676
-613
-579
-542
-488
-451
-433
-431
-407
-399
-425
-440
-416
-431
-478
-466
-442
-467
-505
-484
-469
-512
-560
-569
-593
-682
-777
-873
-968
-1040
-1075
-1112
-1148
-1177
-1237
-1217
-1117
-1031
-1004
-982
-935
-916
-893
-830
-725
-705
-710
-619
-499
-404
-336
-217
-74
10
78
203
346
451
537
641
726
755
791
889
1007
1082
1123
1162
1228
1278
1337
1418
1465
1468
1464
1491
1505
1509
1508
1510
1538
1558
1561
1576
1616
1639
1628
1617
1609
1526
1343
1200
1107
998
849
680
505
282
123
34
-34
-104
-204
-298
-362
-386
-414
-440
-469
-496
-548
-632
-667
-675
-728
-806
-824
-847
-908
-940
-905
-828
-804
-769
-713
-697
-709
-717
-696
-692
-740
-807
-814
-806
-848
-870
-846
-864
-905
-892
-873
-910
-971
-990
-997
-1061
-1149
-1217
-1278
-1345
-1373
-1361
-1364
-1373
-1362
-1322
-1263
-1216
-1197
-1179
-1154
-1164
-1211
-1197
-1145
-1206
-1319
-1306
-1245
-1289
-1298
-1161
-1069
-1072
-975
-764
-665
-667
-577
-454
-447
-470
-406
-326
-314
-264
-142
-1
121
222
369
541
674
764
885
1031
1122
1151
1219
1330
1359
1327
1372
1474
1480
1434
1481
1597
1644
1680
1834
1996
2052
2087
2215
2342
2385
2410
2459
2462
2366
2163
1987
1915
1830
1658
1498
1438
1251
971
914
1043
1011
801
758
783
637
507
599
645
440
244
199
128
-29
-87
-93
-200
-323
-407
-495
-526
-474
-451
-496
-502
-483
-542
-576
-485
-429
-541
-645
-628
-627
-713
-731
-651
-660
-749
-778
-706
-705
-796
-825
-831
-890
-1011
-1083
-1126
-1206
-1277
-1313
-1321
-1352
-1379
-1414
-1438
-1370
-1350
-1463
-1545
-1484
-1497
-1621
-1582
-1440
-1515
-1689
-1552
-1324
-1389
-1438
-1185
-977
-1040
-970
-680
-573
-674
-615
-406
-387
-458
-376
-248
-228
-231
-120
50
170
221
339
553
738
867
1032
1227
1310
1289
1341
1473
1489
1415
1443
1528
1524
1508
1611
1747
1802
1878
2067
2280
2372
2428
2548
2697
2772
2789
2814
2667
2302
2019
2043
2005
1677
1438
1372
1108
766
874
1116
883
503
542
606
285
124
334
280
-116
-235
-96
-206
-420
-381
-322
-458
-596
-636
-740
-835
-791
-798
-867
-856
-845
-958
-992
-833
-844
-1054
-1105
-1023
-1115
-1250
-1169
-1143
-1328
-1411
-1305
-1318
-1423
-1418
-1415
-1479
-1534
-1547
-1649
-1790
-1802
-1820
-1890
-1888
-1837
-1834
-1785
-1667
-1619
-1670
-1755
-1816
-1803
-1687
-1608
-1601
-1495
-1345
-1350
-1316
-1091
-943
-978
-897
-610
-498
-529
-385
-201
-183
-190
-69
-1
-50
-38
36
131
209
242
271
351
478
547
628
824
1008
1074
1167
1370
1463
1398
1422
1583
1663
1641
1703
1843
1908
1934
2046
2206
2322
2404
2481
2570
2719
2873
3016
3207
3385
3313
2908
2576
2598
2602
2291
1983
1856
1462
869
813
1185
1058
498
381
542
285
-48
131
234
-220
-547
-362
-288
-576
-685
-580
-672
-848
-909
-1026
-1197
-1222
-1168
-1169
-1091
-968
-1018
-1066
-831
-630
-792
-975
-912
-867
-979
-1013
-955
-1069
-1297
-1315
-1182
-1138
-1172
-1166
-1166
-1178
-1166
-1280
-1458
-1529
-1555
-1680
-1803
-1779
-1743
-1773
-1710
-1506
-1416
-1563
-1714
-1642
-1453
-1376
-1404
-1330
-1239
-1281
-1308
-1135
-936
-1007
-1094
-916
-671
-627
-633
-449
-270
-216
-142
7
91
59
61
148
248
260
185
173
266
353
384
518
792
1007
1124
1279
1495
1595
1591
1727
1992
2128
2069
2065
2179
2203
2116
2114
2213
2242
2202
2219
2326
2428
2486
2552
2702
2892
2762
2204
1834
1959
1921
1429
1160
1140
575
-202
-83
496
269
-323
-141
160
-262
-563
-152
-65
-657
-864
-575
-617
-892
-790
-600
-749
-852
-847
-1094
-1289
-1119
-1049
-1266
-1233
-1028
-1189
-1357
-998
-678
-948
-1166
-944
-871
-1134
-1208
-1138
-1346
-1634
-1662
-1575
-1565
-1554
-1523
-1561
-1520
-1425
-1567
-1785
-1797
-1773
-1985
-2143
-1951
-1761
-1758
-1632
-1321
-1227
-1448
-1571
-1432
-1393
-1519
-1518
-1384
-1322
-1330
-1169
-930
-766
-603
-383
-169
-27
78
178
281
413
555
589
595
667
760
795
817
923
958
885
876
995
1104
1152
1260
1483
1682
1725
1755
1852
1897
1869
1884
1978
2085
2130
2168
2303
2404
2408
2394
2476
2657
2776
2827
2911
3092
3310
3483
3702
3891
3519
2611
2132
2291
2118
1301
857
796
130
-399
244
1129
927
452
913
1270
751
478
766
457
-423
-706
-487
-682
-954
-657
-380
-478
-512
-545
-891
-1128
-1006
-1120
-1552
-1612
-1431
-1646
-1727
-1169
-873
-1257
-1471
-1139
-1066
-1472
-1591
-1517
-1765
-2085
-2084
-1985
-2001
-1976
-1893
-1873
-1908
-1982
-2296
-2651
-2628
-2522
-2712
-2840
-2537
-2075
-1867
-1621
-1164
-1122
-1552
-1929
-2028
-2215
-2605
-2748
-2660
-2603
-2474
-2023
-1338
-783
-319
173
481
630
710
718
620
413
210
-73
-401
-429
-208
-49
116
453
824
1011
1142
1465
1778
1843
1979
2256
2389
2333
2234
2207
2111
1917
1776
1653
1621
1743
1853
2004
2330
2694
2984
3253
3591
3903
3983
4236
4653
4996
5304
4446
2396
479
-517
-1099
-2838
-4299
-4100
-4230
-4348
-2840
-290
1464
1697
2898
4624
4008
2795
2585
2158
795
-691
-933
-1102
-1937
-1816
-1111
-900
-1191
-1730
-2005
-2004
-1626
-1072
-756
-28
906
1348
1618
1944
1927
1055
37
-505
-1183
-2169
-2864
-2996
-2959
-2865
-2601
-2479
-2435
-2247
-2171
-2120
-2094
-2126
-2371
-2794
-2617
-2168
-1959
-1908
-1718
-1140
-802
-681
-580
-897
-1373
-1938
-2159
-1892
-2322
-2896
-2925
-2708
-2319
-2437
-2366
-1708
-1354
-767
155
958
1595
1805
2023
2210
1841
1175
402
-246
-616
-866
-904
-712
-298
199
650
1341
1928
2142
2330
2665
3073
3184
3060
3061
3112
2943
2670
2413
2182
1927
1715
1702
1669
1719
1824
1921
2185
2463
2683
2998
3359
3818
4418
4874
5476
5097
2947
785
-814
-1881
-3181
-5075
-5390
-4931
-4992
-3645
-1202
881
1917
2519
4134
4636
3127
2299
2138
1231
-164
-945
-1074
-1815
-2311
-1724
-1315
-1674
-2471
-2875
-2694
-2216
-1330
-685
12
1348
2350
2710
2723
2654
1910
507
-330
-951
-1930
-2747
-2777
-2479
-2604
-2714
-2524
-2536
-2520
-2295
-2055
-1898
-1716
-1320
-1406
-1571
-1343
-1220
-1370
-1642
-1384
-953
-903
-697
-705
-1147
-1594
-2255
-2253
-2309
-2895
-2597
-2407
-2201
-1671
-1616
-941
104
679
1410
1997
2265
2348
2077
1781
1388
803
168
-443
-749
-794
-631
-299
-7
456
807
1129
1743
2120
2325
2673
3030
3174
3090
3051
3022
2786
2547
2249
2033
1966
1776
1668
1537
1636
1899
2037
2414
2861
3156
3678
4136
4517
5084
5612
6236
5033
2206
201
-1640
-3426
-4716
-5750
-6070
-6058
-5346
-3093
-762
1038
2375
3191
3956
3879
2938
1982
1292
596
-451
-1061
-1391
-2245
-2662
-2496
-2555
-2993
-3776
-4180
-3889
-3045
-1676
-689
140
1352
2268
2487
2116
1815
1003
-305
-1100
-1740
-2468
-3109
-3250
-3008
-3129
-3440
-3556
-3604
-3355
-3066
-2717
-2301
-1799
-1347
-1639
-1641
-1500
-1610
-1815
-2241
-1876
-1325
-1356
-1078
-992
-1530
-2101
-3074
-3248
-3129
-3756
-3649
-3305
-2731
-1867
-1097
-7
911
1528
1931
2072
2208
1955
1245
720
210
-239
-828
-1337
-1115
-1027
-890
-375
152
782
1133
1412
1999
2527
2926
3225
3383
3599
3605
3513
3408
3063
2745
2323
2116
2138
2009
1805
1686
1887
2189
2536
2930
3381
4030
4546
5061
5817
6300
7021
5966
2772
720
-1389
-3246
-4367
-5440
-5182
-5144
-4715
-2470
-476
1211
2544
3095
3949
3754
2818
2302
1906
1724
464
-328
-413
-1493
-2059
-2112
-2157
-2595
-3630
-3969
-3650
-2920
-1506
-320
687
1810
2372
2503
2067
1550
844
-343
-1038
-1421
-1882
-2386
-2661
-2619
-2597
-2856
-3298
-3420
-2955
-2307
-1854
-1352
-661
-173
-508
-786
-868
-1242
-1626
-2134
-1792
-1162
-968
-472
-301
-514
-1045
-2231
-2441
-2430
-3275
-3043
-2667
-2403
-1667
-1088
-158
759
1463
1942
2122
2316
2160
1599
1241
830
193
-496
-1154
-1281
-1416
-1445
-1069
-797
-89
590
1037
1795
2444
2850
3253
3656
3741
3649
3534
3467
3254
2913
2584
2178
1984
1759
1476
1107
1059
1274
1559
2234
2852
3673
4554
5139
5822
6529
6851
7570
6807
3571
959
-1314
-3228
-4623
-5819
-5863
-6020
-5621
-3594
-1592
175
1670
2641
3676
3954
3394
2567
2049
1831
639
-453
-981
-2073
-3050
-3570
-3841
-4288
-5326
-5750
-5165
-3988
-2386
-1114
208
1546
2380
2763
2503
2160
1470
335
-593
-1274
-1904
-2655
-3071
-3271
-3563
-3949
-4178
-4111
-3657
-2936
-2261
-1633
-989
-371
-769
-1252
-1458
-1764
-1902
-2214
-1746
-980
-495
-75
-66
-609
-1303
-2298
-2892
-2683
-2966
-2777
-2327
-1901
-1216
-938
-490
85
605
850
1006
1412
1690
1633
1457
1368
1023
381
-410
-883
-1085
-1348
-1283
-1032
-439
310
818
1535
2250
2627
2852
2920
2903
2879
2731
2640
2530
2288
1960
1544
1373
1134
635
330
371
867
1400
1986
2924
3825
4526
4948
5220
5637
5972
6111
6868
5805
2419
133
-1971
-3622
-4763
-6047
-6243
-6452
-5692
-3550
-1676
211
1789
2826
3872
4310
3898
3134
2502
2173
936
-300
-895
-2340
-3327
-3765
-4057
-4265
-5257
-5316
-4392
-3070
-1521
-406
1115
2275
2856
3262
3041
2734
1792
416
-536
-1409
-2130
-2792
-3370
-3752
-4140
-4271
-4242
-4013
-3351
-2594
-1673
-843
43
471
-273
-810
-1234
-1478
-1555
-1840
-1233
-379
38
247
-8
-747
-1586
-2228
-1838
-1339
-1790
-1820
-1222
-500
-189
119
498
598
968
1089
1464
2084
1986
1739
1664
1353
587
-351
-1091
-1579
-1850
-1666
-1120
-661
36
929
1655
2305
2731
2793
2691
2956
3335
3371
3340
3232
2905
2460
1908
1427
1050
520
187
339
879
1578
2245
2997
3630
4211
4733
4939
5187
5366
5772
6146
6848
7076
4030
947
-969
-3029
-4115
-5453
-5954
-5762
-5687
-3941
-1773
-142
1388
2333
3587
4862
4874
4325
3698
3388
2311
386
-594
-2013
-3745
-4481
-4801
-4799
-5344
-5658
-4530
-3276
-1911
-500
597
1768
2390
2816
2835
2382
1757
335
-719
-1342
-1997
-2636
-3471
-4045
-4614
-4947
-4783
-4414
-3746
-2941
-1999
-911
-159
162
-282
-1047
-1425
-1717
-1738
-1814
-1602
-874
-323
-108
-432
-1188
-2045
-2546
-2395
-1698
-1296
-867
-194
-135
-106
-523
-958
-747
-702
-239
505
1223
1868
1899
1805
1475
676
27
-950
-1939
-2230
-2232
-1821
-1320
-757
-121
127
608
1195
1411
1794
2207
2492
2756
2738
2653
2463
2080
1624
1121
776
296
-46
174
596
1348
2114
2570
2920
3328
3899
4198
4548
4778
5063
5543
6292
6835
3998
545
-1445
-3692
-4688
-5525
-5808
-5485
-5660
-3993
-1656
-231
1042
1957
3059
4092
4148
3743
3388
3013
2177
644
-454
-1762
-3881
-4729
-4760
-4540
-4621
-4994
-3760
-2380
-1337
-188
520
1384
1836
2166
2558
2300
1772
669
-272
-838
-1770
-2436
-3245
-3858
-4164
-4545
-4134
-3495
-2924
-2359
-1721
-820
-290
-31
-531
-1269
-1482
-1601
-1374
-1334
-1106
-570
-216
17
-228
-1119
-2225
-2585
-2505
-1536
-340
-261
-71
-2
-67
-159
-350
61
184
500
1524
2436
2879
2456
1952
1492
836
311
-590
-1335
-1430
-1172
-474
231
509
463
377
731
1398
1801
2020
2341
2709
3062
3141
2958
2665
2081
1670
1493
1279
985
868
1292
1832
2534
3012
3090
3326
3648
4159
4847
5272
5613
5944
6513
7296
5005
1163
-1091
-3075
-3757
-4275
-4557
-4173
-4842
-3851
-1861
-814
172
911
2195
3430
4082
4508
4189
3673
2662
1183
-102
-1491
-3075
-3944
-3884
-3648
-3499
-4041
-3937
-2963
-2100
-898
-300
586
1629
2051
2716
2571
2045
1071
-231
-681
-1439
-2218
-2810
-3514
-3778
-4312
-4469
-4010
-3563
-2959
-2545
-1753
-1113
-781
-990
-1857
-2057
-2345
-2091
-1805
-1602
-775
-596
-175
-226
-1356
-2496
-3315
-2895
-1691
-935
-319
-13
-303
-490
-642
-802
-568
-294
46
913
1684
2127
1950
1314
761
-60
-368
-577
-952
-1041
-1127
-459
-224
-551
-646
-1035
-825
-164
574
1330
1675
1966
2226
2260
2127
1773
1495
1412
1423
1639
1791
1604
1227
1310
1569
1919
2242
2389
2906
3543
4396
5058
5540
5980
6597
5099
1209
-1079
-2679
-3298
-3411
-3905
-3552
-4542
-4683
-2937
-1997
-1036
128
1676
2805
2856
3351
3530
3287
2742
1756
1036
-199
-1586
-2343
-2430
-2364
-2892
-3635
-4157
-3779
-2820
-1445
108
912
1626
1914
2065
2237
1666
1229
794
654
340
-626
-1175
-2170
-3164
-3807
-4272
-4084
-3892
-3036
-2127
-1544
-954
-795
-829
-1708
-2255
-2280
-1890
-894
-379
401
570
431
350
-563
-1426
-2462
-2668
-1630
-917
-371
-120
-468
-773
-1040
-832
-264
302
1013
1895
2589
2403
2051
1310
435
-71
-488
-266
-253
-244
-231
-607
-673
-1074
-1150
-884
-599
515
1317
1978
2492
2392
2289
2131
2154
2078
1984
2097
2321
2471
2331
1952
1349
682
630
1234
2036
2826
3412
4349
4777
5325
5651
6142
6023
2080
-407
-1204
-1679
-796
-1776
-2339
-3629
-5395
-3866
-2845
-2185
-560
1034
2692
2641
2566
2384
1472
1543
1640
1754
1482
587
-205
-746
-1122
-1864
-3091
-4230
-4107
-3207
-2014
-320
600
618
348
534
1015
709
639
1246
1890
1938
1245
248
-1331
-2662
-3207
-3247
-3063
-3201
-2889
-2508
-2222
-2176
-2637
-2347
-2726
-2756
-2075
-1564
-321
-533
-484
-47
-646
-684
-1232
-1615
-1639
-1919
-1758
-1452
-1331
-2060
-2511
-2214
-2347
-1752
-658
263
1215
1581
2118
2204
1482
704
250
693
854
1051
812
-79
-368
-1148
-1423
-1217
-1429
-1082
-435
620
1353
1352
1419
1226
1222
1439
1658
2263
2519
2470
2608
2644
2366
1679
1002
810
1000
1589
2362
3099
3343
3313
3666
4091
4616
4892
6038
5157
1321
112
-522
-897
-682
-1853
-1991
-3814
-5050
-3050
-2496
-1545
76
1374
1885
898
1343
1446
979
1604
1647
1838
1503
211
-458
-1135
-1424
-1899
-3135
-3515
-3046
-2470
-1825
-906
-651
-1158
-1086
-206
425
645
1090
1529
1540
966
404
-345
-1297
-1638
-1693
-1580
-1991
-2805
-3115
-3495
-3427
-3581
-3580
-2918
-3268
-2903
-2476
-1964
-1072
-1718
-1154
-607
-947
-314
-626
-848
-1165
-2131
-1891
-1637
-2168
-2933
-2772
-2457
-2603
-1597
-612
84
651
915
1751
1727
934
570
797
1149
889
979
450
-516
-1122
-1903
-1444
-957
-978
-259
608
1243
1143
1106
1416
1419
1921
2665
3360
3595
3063
2957
3236
3095
2781
2502
2189
2057
2236
2879
3481
3581
3163
3216
3934
4744
5578
6321
6919
3626
12
319
297
1013
815
-954
-2075
-4433
-4081
-1892
-1964
-874
928
1744
1344
586
1068
918
1227
2391
2487
2271
1312
12
-242
-199
-258
-985
-2082
-2044
-1768
-1704
-1131
-793
-1148
-1298
-185
824
595
591
1013
1243
1129
892
847
194
-351
-226
-472
-759
-1859
-2813
-2713
-3031
-2972
-3288
-3175
-2909
-3711
-3123
-2562
-1934
-1531
-1947
-667
-386
-722
-273
-946
-1044
-1200
-1828
-1768
-2322
-3002
-2922
-2499
-2541
-2590
-1775
-982
-259
269
798
1395
1051
630
600
842
721
291
165
-587
-1114
-1397
-1541
-793
-575
-546
96
438
384
118
335
810
1044
1812
2442
2327
1842
1503
1742
2092
2131
2369
2336
1511
1275
1622
2053
2651
2676
3048
3725
4051
4660
5233
5716
3131
-36
304
463
1194
1180
-477
-2003
-4753
-4599
-2459
-2116
-1031
108
511
86
-520
140
-72
151
1278
1346
1117
328
-665
-1071
-690
-36
-403
-1415
-1816
-1977
-2081
-1337
-513
-576
-1077
-706
-42
-242
-150
176
495
694
593
920
97
-930
-741
-746
-432
-979
-1793
-1816
-2685
-2796
-3072
-3335
-3007
-3779
-3283
-2771
-2332
-1728
-2293
-1364
-938
-948
-58
-486
-497
-1221
-1566
-39
-1276
-1997
-1785
-2762
-2206
-2196
-1548
-540
-738
-6
724
1182
915
666
1165
1094
1308
1222
613
-15
-1001
-1157
-731
-391
-422
-524
-9
298
591
815
738
923
1242
1870
2471
2435
1872
1664
2074
2459
2838
2821
2580
2263
1932
2399
2807
3080
3276
3384
3915
4391
5192
6185
6121
2965
600
1600
1539
2339
2013
-618
-2075
-4278
-2957
-610
-1317
-17
543
79
-155
-417
897
763
896
1852
1022
627
-263
-1030
-325
72
534
-202
-1434
-1686
-2175
-1731
-565
39
-91
-696
-328
-306
-965
-305
288
749
1076
862
902
-432
-1147
-304
-62
339
-363
-1203
-1371
-2189
-2045
-2333
-2442
-2531
-3517
-2994
-2949
-2508
-2182
-2582
-1528
-1577
-1250
-444
-1055
-1349
-1401
-566
88
-894
-1647
-2320
-2768
-2457
-1854
-943
-735
-724
-382
73
458
382
540
547
559
885
719
312
-362
-776
-611
-393
-196
-393
-413
-214
196
845
1191
1342
1071
1025
1463
1793
1833
1495
1370
1701
2183
2749
2751
2319
2028
1940
2352
2910
3143
3122
3280
3501
4002
4565
5306
4516
1204
528
1378
1539
2085
432
-1446
-3082
-4209
-1936
-860
-1251
-95
-97
-719
-1256
-1000
184
81
493
842
-102
-504
-1073
-1217
-416
-121
-100
-860
-1877
-1823
-1916
-1291
-92
-157
-719
-1295
-1026
-1107
-1628
-579
114
200
188
-17
-88
-1015
-1039
-167
11
86
-691
-1239
-1640
-2282
-1946
-2037
-2116
-2875
-3646
-3141
-3175
-2573
-2508
-2483
-1607
-2105
-1744
-1284
-1768
-1491
-1218
-817
-1039
-1403
-1532
-2027
-1429
-1509
-1614
-706
-843
-365
177
305
899
671
572
835
954
897
626
532
96
-73
272
409
488
544
607
746
966
1294
1782
2142
1941
1648
1873
2094
2002
1760
1420
1625
2008
2175
2405
2152
1879
2091
2533
3285
3506
3484
3702
3845
4458
5297
5392
2882
800
1451
1503
2288
1885
-522
-1819
-3619
-2710
-645
-1114
-375
-289
-1054
-891
-539
557
577
506
771
-195
-629
-870
-1091
-724
-367
-98
-830
-1855
-1981
-1744
-1222
-164
547
-10
-982
-1274
-1184
-1221
-807
-275
-108
-195
-541
-581
-953
-1221
-712
-457
-377
-871
-1462
-1479
-1742
-1546
-1636
-2010
-2539
-3690
-3367
-3002
-2651
-2182
-2753
-2259
-2189
-2233
-1605
-1983
-1792
-1871
-1697
-798
-1789
-1802
-1366
-1842
-969
-948
-794
-156
-458
214
865
867
732
461
632
727
970
1173
617
235
50
156
569
367
249
621
837
943
1311
1776
1951
2017
2065
2077
2363
2639
2543
2282
2095
2374
2697
2593
2255
1920
2345
2696
2980
3775
3596
3486
3962
4277
5294
5935
4377
2191
1836
2236
2800
2979
1135
-697
-2009
-2379
-471
3
-413
78
-657
-1078
-600
380
1145
602
672
638
-184
-535
-793
-479
74
46
-182
-1001
-1680
-1586
-1385
-508
290
60
-658
-1293
-1028
-993
-771
-60
-512
-802
-1019
-962
-621
-1294
-829
-369
-947
-1107
-1829
-1858
-1769
-2090
-1612
-1976
-2561
-3334
-3844
-3267
-2965
-2465
-2775
-2947
-2608
-3026
-2177
-2240
-2778
-2356
-2944
-2013
-1852
-3078
-2474
-2713
-2432
-1380
-1450
-1003
-1155
-1129
-177
256
447
99
-185
-172
-23
534
583
35
-390
-345
193
559
252
89
310
634
1127
1427
1513
1443
1485
1896
2090
2287
2346
1987
1952
1958
2477
2835
2064
1774
1770
1785
2575
3115
3055
3206
3309
3825
4901
5161
3876
2035
1682
2438
2930
2775
1285
-595
-1804
-1880
-204
494
-182
19
-299
-867
-511
339
933
697
645
509
-98
-493
-741
-518
-71
-22
-259
-996
-1360
-1038
-930
-403
78
-248
-917
-1405
-1065
-823
-593
22
-295
-683
-895
-992
-627
-863
-504
-42
-465
-828
-1614
-1679
-1345
-1401
-1043
-1606
-2348
-3052
-3651
-2778
-2251
-2022
-2129
-2596
-2286
-2427
-2206
-2031
-2391
-1858
-2118
-2104
-1635
-2429
-2148
-1808
-1847
-1103
-1098
-947
-706
-808
-175
412
559
336
-49
109
399
775
1145
799
345
161
281
903
1252
1169
1089
1116
1265
1509
1879
1871
1614
1698
1918
2278
2475
2186
2148
2285
2419
2742
2571
2120
1811
1827
2167
2397
2513
2376
2710
3313
3681
4592
4195
2262
1618
1918
2473
2860
1737
82
-1225
-1858
-804
302
140
2
-294
-661
-294
327
975
997
595
408
-192
-517
-540
-767
-370
-112
-395
-826
-1421
-1376
-1118
-731
48
14
-616
-1243
-1427
-1023
-800
-347
-363
-991
-1161
-1416
-1266
-978
-780
-235
-646
-1267
-1646
-2039
-1593
-1338
-1262
-1314
-2016
-2666
-3214
-3005
-2403
-2109
-1973
-2443
-2497
-2459
-2629
-2047
-2264
-2403
-1995
-2593
-2671
-2571
-2659
-2109
-1827
-1573
-1412
-1415
-1131
-766
-138
241
487
695
228
87
403
685
1051
1023
620
133
104
541
894
1210
1329
1306
1298
1217
1377
1728
1807
1696
1812
2075
2244
2309
2180
2148
2471
2763
2732
2372
1808
1612
1785
1959
2119
2049
2040
2510
2990
3613
4013
2848
1841
1867
1886
2508
2249
756
-456
-1647
-1399
-161
-3
80
-174
-865
-806
-201
710
1097
813
518
27
-357
-544
-657
-561
-510
-433
-729
-1202
-1315
-1414
-1038
-406
-134
-353
-1118
-1422
-1190
-1008
-486
-279
-613
-747
-980
-1073
-911
-726
-213
-71
-540
-1076
-1617
-1758
-1501
-1298
-1310
-1609
-2241
-2933
-3015
-2671
-2286
-2109
-2306
-2303
-2374
-2606
-2085
-1547
-1681
-1684
-1704
-2089
-2211
-1964
-1935
-1649
-1340
-1324
-899
-883
-782
-92
233
614
935
915
838
828
1090
1368
1481
1261
752
547
655
779
916
1049
1006
974
1135
1295
1679
2051
2093
2155
2127
2256
2532
2397
2208
2301
2673
2969
2668
2285
2076
1948
2160
2228
2084
2015
1955
2365
2917
3311
3228
1954
1250
1360
1635
2484
1625
139
-493
-1488
-755
323
69
378
-249
-846
-175
60
821
1169
571
464
131
-161
-411
-753
-564
-520
-596
-677
-996
-1251
-1285
-664
7
-67
-485
-1156
-1421
-1180
-989
-515
-495
-965
-1122
-1475
-1621
-1364
-1129
-726
-822
-1271
-1548
-1953
-2082
-2097
-2140
-2034
-2349
-2879
-3238
-3313
-2984
-2636
-2425
-2389
-2463
-2700
-2891
-2613
-2447
-2106
-1809
-2107
-1933
-1979
-2101
-1480
-1403
-1039
-556
-887
-535
-268
-201
439
518
525
646
472
722
1023
1216
1321
1117
1044
1032
1225
1228
1039
1212
1161
1164
1189
1137
1562
1694
1760
2002
1830
2236
2396
2063
2532
2613
2668
2964
2372
2146
2472
2256
2187
2395
2106
1903
2343
2683
2843
3020
2420
1723
1719
1866
2105
1856
1089
314
-640
-863
-327
-65
220
240
-67
-228
-308
259
750
442
280
99
-193
-347
-519
-505
-734
-1017
-888
-795
-866
-984
-931
-698
-443
-273
-521
-830
-979
-1190
-968
-669
-658
-641
-912
-1035
-1053
-1198
-890
-715
-925
-978
-1032
-1040
-1173
-1585
-1656
-1614
-1972
-2213
-2264
-2424
-2360
-2241
-2163
-2050
-2333
-2552
-2453
-2453
-2286
-2074
-2059
-1923
-2022
-2062
-1772
-1750
-1567
-1282
-1051
-716
-639
-460
-145
13
211
419
496
500
624
992
1191
1121
1064
1077
1208
1204
1210
1249
1078
1062
1137
1240
1591
1792
1819
1806
1761
2100
2508
2639
2635
2618
2705
2721
2529
2187
1947
1809
1705
1701
1567
1491
1482
1511
1879
2164
2364
2259
1670
1444
1447
1471
1439
1187
978
514
10
-37
14
104
220
200
168
157
214
290
92
-170
-107
-191
-370
-403
-490
-523
-851
-1085
-952
-932
-821
-708
-571
-434
-547
-657
-775
-785
-711
-751
-596
-491
-477
-514
-713
-744
-875
-910
-973
-1309
-1355
-1415
-1461
-1545
-1879
-1853
-1901
-2147
-2205
-2344
-2282
-2254
-2248
-1985
-2011
-2094
-2203
-2269
-2147
-2296
-2302
-2088
-1934
-1746
-1738
-1617
-1606
-1804
-1483
-1142
-904
-624
-507
-220
-116
-29
296
376
439
656
869
918
815
908
1069
1048
941
831
767
639
571
697
896
1130
1257
1329
1338
1436
1816
2061
2189
2228
2212
2296
2113
1911
1778
1609
1504
1272
1281
1424
1399
1478
1517
1685
2015
2311
2522
2370
2172
2029
1910
2016
1909
1563
1115
500
79
97
316
484
474
349
217
1
-46
98
164
54
-227
-496
-631
-668
-706
-871
-1047
-1163
-1265
-1065
-830
-700
-551
-669
-766
-785
-832
-770
-829
-905
-893
-904
-940
-1054
-957
-869
-960
-1017
-1168
-1177
-1207
-1285
-1269
-1435
-1516
-1569
-1617
-1558
-1677
-1585
-1469
-1537
-1443
-1506
-1474
-1391
-1469
-1414
-1524
-1714
-1778
-1778
-1703
-1705
-1580
-1379
-1383
-1348
-1169
-920
-647
-417
-93
292
473
561
768
894
947
980
863
906
1103
1196
1208
1006
783
674
649
730
830
1088
1233
1156
1115
1178
1449
1716
1793
1790
1807
1851
1847
1834
1800
1672
1538
1303
1084
1060
1144
1330
1340
1284
1480
1768
1982
2114
2194
2131
1961
1852
1848
1885
1682
1252
767
271
27
68
185
209
24
-266
-453
-561
-540
-351
-427
-692
-834
-988
-1070
-1106
-1127
-1127
-1273
-1350
-1252
-1160
-1109
-1115
-1078
-989
-955
-895
-838
-808
-821
-856
-916
-1047
-991
-858
-834
-749
-756
-857
-925
-1000
-1023
-1086
-1121
-1207
-1389
-1386
-1412
-1468
-1458
-1493
-1463
-1514
-1594
-1511
-1509
-1590
-1627
-1657
-1715
-1920
-2017
-1999
-2016
-1963
-1970
-1950
-1939
-1840
-1524
-1284
-1104
-851
-514
-123
232
628
962
1039
1041
1033
1083
1213
1282
1268
1119
1005
936
888
933
1067
1337
1420
1300
1260
1412
1713
1892
1961
1926
1804
1706
1600
1561
1485
1381
1261
1010
874
945
1134
1316
1362
1462
1639
1782
1940
2031
2052
2071
2118
2157
2169
2100
1884
1701
1489
1307
1220
1018
808
598
457
418
263
216
269
173
85
39
38
-33
-195
-227
-302
-380
-359
-353
-476
-749
-886
-911
-915
-856
-827
-789
-766
-652
-414
-354
-434
-473
-515
-510
-487
-535
-645
-791
-906
-957
-1002
-1095
-1098
-1107
-1199
-1161
-1150
-1181
-1119
-1152
-1226
-1242
-1281
-1296
-1351
-1417
-1401
-1386
-1464
-1642
-1712
-1683
-1639
-1585
-1641
-1714
-1690
-1593
-1350
-1101
-960
-835
-695
-374
47
464
828
883
835
868
973
1154
1173
1030
843
604
384
345
440
552
745
880
843
842
984
1184
1291
1280
1301
1285
1186
1090
1017
949
759
546
501
494
484
532
515
555
721
920
1119
1158
1178
1189
1228
1438
1671
1904
1965
1843
1661
1398
1300
1337
1368
1336
1079
711
287
-6
11
93
83
-69
-194
-195
-194
-151
-58
-110
-376
-573
-614
-684
-744
-826
-1007
-1259
-1507
-1524
-1415
-1342
-1212
-1124
-1169
-1184
-1064
-870
-730
-804
-969
-1108
-1212
-1161
-1056
-974
-940
-1023
-1159
-1263
-1270
-1195
-1052
-925
-943
-1034
-1100
-1076
-1035
-1100
-1269
-1409
-1506
-1615
-1604
-1555
-1567
-1547
-1585
-1714
-1806
-1824
-1755
-1678
-1542
-1335
-1184
-1060
-873
-570
-251
46
258
377
520
684
905
1015
925
807
615
389
303
386
531
576
593
663
786
937
1025
1148
1265
1265
1283
1307
1259
1187
1124
1028
853
727
679
607
514
515
678
890
1017
1028
1034
1021
1061
1279
1500
1709
1839
1854
1905
1987
2155
2378
2499
2508
2356
2141
2001
1851
1733
1577
1339
1012
692
615
609
578
560
534
482
381
367
475
479
336
119
-130
-329
-508
-551
-540
-674
-799
-874
-881
-791
-704
-549
-415
-463
-541
-539
-510
-538
-614
-690
-724
-740
-802
-869
-926
-973
-936
-850
-800
-835
-852
-757
-746
-766
-724
-715
-793
-946
-1052
-1155
-1207
-1195
-1245
-1333
-1418
-1472
-1551
-1639
-1587
-1402
-1269
-1285
-1222
-973
-780
-613
-427
-291
-225
-134
116
259
317
353
231
92
4
88
172
63
20
98
206
258
314
412
451
487
499
494
453
415
381
268
195
177
77
-114
-243
-189
-9
158
315
374
385
487
621
843
1065
1210
1265
1253
1312
1427
1605
1818
1989
2131
2209
2186
2211
2267
2180
2030
1871
1728
1524
1214
874
483
211
56
-42
-151
-310
-326
-241
-205
-240
-243
-251
-441
-612
-628
-688
-766
-884
-946
-925
-944
-738
-621
-683
-676
-697
-577
-558
-550
-429
-498
-637
-883
-1035
-973
-961
-817
-737
-860
-856
-871
-789
-655
-708
-767
-884
-975
-1049
-1140
-1159
-1222
-1308
-1422
-1546
-1637
-1672
-1649
-1598
-1509
-1399
-1244
-1191
-1131
-955
-890
-923
-972
-942
-837
-728
-643
-594
-569
-622
-532
-318
-154
-27
-23
-37
-75
6
183
168
125
-5
-114
-126
-207
-229
-329
-469
-452
-370
-257
-200
-202
-206
-284
-273
-126
67
184
122
109
164
345
675
918
1063
1112
1149
1208
1290
1524
1754
1896
1908
1800
1872
2015
2135
2327
2421
2427
2431
2404
2318
2192
2059
1892
1658
1414
1240
1050
822
657
693
720
581
561
567
603
642
625
622
408
247
215
146
106
52
54
-44
-151
-64
-2
42
153
205
116
-74
-102
3
-46
-123
-243
-409
-544
-559
-433
-387
-340
-335
-420
-471
-484
-487
-573
-702
-757
-831
-1015
-1184
-1306
-1419
-1473
-1430
-1378
-1362
-1286
-1248
-1176
-1092
-1059
-1005
-1013
-988
-1028
-1072
-1061
-1085
-983
-873
-801
-721
-603
-469
-377
-245
-106
-35
22
17
-60
-147
-330
-447
-546
-692
-709
-698
-717
-806
-838
-783
-742
-693
-558
-385
-314
-265
-243
-226
-178
-52
115
234
383
481
542
675
903
1170
1318
1387
1474
1562
1677
1805
1911
2003
2056
2101
2064
2028
2069
2117
2232
2232
2198
2181
2011
1810
1688
1672
1528
1270
1132
1016
867
803
883
926
782
658
655
577
525
574
492
184
-104
-184
-371
-582
-583
-562
-670
-842
-769
-608
-507
-383
-340
-305
-282
-269
-256
-221
-174
-315
-538
-607
-625
-637
-659
-699
-753
-876
-884
-945
-1152
-1254
-1268
-1306
-1409
-1451
-1438
-1521
-1603
-1511
-1479
-1583
-1574
-1491
-1432
-1535
-1557
-1513
-1642
-1665
-1620
-1568
-1546
-1480
-1275
-1171
-1040
-828
-714
-642
-575
-477
-413
-487
-473
-498
-641
-689
-751
-813
-942
-1076
-1070
-1072
-998
-857
-763
-704
-642
-533
-469
-411
-277
-140
-54
-60
-63
15
76
130
303
531
672
808
1008
1237
1439
1566
1693
1799
1839
1912
1991
1970
1937
1986
2001
1918
1902
2002
2092
2076
2028
2030
1997
1856
1691
1651
1539
1295
1120
1012
881
698
616
604
572
556
592
585
444
385
458
410
283
242
213
106
21
108
186
114
48
94
203
277
352
336
248
235
195
87
-102
-240
-352
-565
-667
-720
-878
-1035
-1067
-994
-982
-978
-958
-1024
-1036
-964
-975
-1070
-1107
-1094
-1171
-1259
-1175
-1183
-1335
-1350
-1302
-1274
-1390
-1448
-1394
-1462
-1483
-1355
-1218
-1183
-1086
-968
-889
-855
-847
-787
-814
-835
-772
-777
-871
-978
-956
-903
-893
-831
-791
-732
-701
-664
-570
-442
-286
-186
-55
12
32
53
74
172
276
391
467
568
746
894
1010
1139
1300
1489
1633
1730
1815
1842
1837
1848
1793
1712
1728
1684
1639
1652
1658
1672
1688
1817
1879
1923
1992
2034
2042
1986
2036
1949
1702
1558
1469
1312
1188
1195
1146
972
897
980
961
870
832
763
583
542
618
446
231
221
225
89
12
137
187
-8
-58
6
-92
-235
-248
-283
-481
-555
-622
-794
-961
-1006
-1015
-1164
-1258
-1317
-1353
-1347
-1323
-1345
-1393
-1304
-1278
-1372
-1436
-1465
-1536
-1714
-1833
-1808
-1875
-1985
-1994
-2059
-2115
-2103
-2003
-1865
-1799
-1699
-1667
-1684
-1602
-1444
-1375
-1400
-1361
-1305
-1292
-1330
-1295
-1237
-1162
-1060
-1005
-878
-791
-733
-664
-600
-487
-427
-405
-370
-337
-315
-283
-224
-168
-77
85
239
382
516
621
713
819
994
1145
1172
1129
1125
1203
1267
1313
1384
1469
1539
1584
1586
1634
1735
1737
1707
1714
1729
1740
1750
1766
1787
1820
1843
1870
1933
2048
2100
2069
2081
2161
2140
1937
1801
1742
1585
1383
1298
1224
1052
891
769
693
646
615
602
570
549
533
453
302
180
141
29
-124
-257
-326
-460
-650
-683
-731
-820
-893
-812
-750
-773
-773
-836
-884
-965
-983
-1058
-1211
-1328
-1416
-1482
-1621
-1701
-1727
-1798
-1891
-1967
-1974
-1996
-2054
-2061
-2076
-2050
-1997
-1982
-1977
-1956
-1941
-1915
-1827
-1753
-1701
-1676
-1643
-1653
-1731
-1673
-1464
-1345
-1322
-1209
-1082
-1042
-944
-735
-590
-509
-395
-283
-253
-251
-166
-59
-4
23
77
99
192
327
375
451
517
605
689
742
856
943
984
1001
965
956
1038
1134
1133
1113
1190
1253
1297
1420
1543
1601
1650
1710
1760
1754
1814
1890
1892
2023
2089
2038
1950
1948
2069
2093
2087
2024
1970
1987
1967
1930
1863
1798
1702
1532
1440
1382
1306
1268
1217
1155
1097
1113
1140
1099
998
922
879
753
609
469
291
50
-150
-297
-462
-577
-670
-800
-897
-940
-960
-951
-965
-1025
-1115
-1225
-1299
-1413
-1621
-1783
-1904
-1971
-2056
-2134
-2130
-2163
-2139
-2096
-2057
-2027
-2011
-1979
-1964
-1904
-1837
-1832
-1883
-1896
-1860
-1823
-1781
-1737
-1743
-1760
-1729
-1624
-1519
-1548
-1574
-1549
-1501
-1412
-1318
-1186
-1006
-935
-906
-769
-602
-446
-296
-174
-94
-52
9
132
186
276
385
396
403
472
656
731
741
869
949
893
874
937
968
991
936
909
967
962
965
1011
1044
1139
1214
1228
1303
1405
1520
1551
1562
1661
1705
1669
1660
1725
1751
1713
1649
1627
1643
1634
1673
1673
1607
1604
1599
1565
1593
1630
1666
1617
1568
1606
1610
1594
1479
1308
1175
1065
1040
938
730
630
526
342
191
76
-31
-190
-383
-501
-591
-703
-785
-875
-951
-1043
-1176
-1271
-1340
-1358
-1387
-1478
-1530
-1594
-1595
-1624
-1700
-1687
-1737
-1754
-1758
-1703
-1679
-1737
-1609
-1555
-1668
-1778
-1695
-1605
-1671
-1669
-1676
-1689
-1647
-1539
-1455
-1418
-1345
-1324
-1361
-1343
-1212
-1135
-1147
-1156
-1096
-951
-898
-858
-745
-684
-601
-502
-409
-239
-90
9
95
163
224
276
314
318
379
517
658
695
717
832
874
877
902
942
1012
1070
1142
1198
1234
1268
1308
1309
1357
1373
1326
1333
1266
1276
1267
1183
1188
1196
1181
1103
1125
1207
1212
1197
1174
1178
1151
1197
1241
1207
1216
1231
1279
1308
1315
1288
1312
1374
1349
1274
1186
1135
1114
1086
874
674
621
555
449
322
221
72
-30
-121
-238
-344
-422
-396
-466
-585
-655
-705
-695
-788
-914
-947
-979
-1102
-1240
-1260
-1299
-1369
-1398
-1418
-1482
-1511
-1511
-1572
-1587
-1620
-1690
-1723
-1754
-1829
-1911
-1929
-1912
-1927
-1954
-1940
-1848
-1714
-1639
-1566
-1496
-1376
-1234
-1178
-1097
-1033
-966
-910
-849
-749
-700
-670
-660
-599
-534
-477
-366
-309
-301
-230
-131
-72
53
147
211
329
401
462
520
621
664
649
744
814
824
857
925
971
960
975
1066
1152
1171
1192
1178
1158
1159
1124
1099
1025
956
968
981
971
952
953
999
1050
1122
1185
1177
1160
1180
1201
1173
1178
1200
1151
1115
1118
1152
1133
1121
1128
1069
1039
1022
1013
938
855
773
658
598
506
439
423
352
294
228
140
107
99
113
58
-21
-110
-196
-172
-248
-362
-405
-478
-559
-635
-710
-770
-885
-1038
-1167
-1271
-1278
-1327
-1410
-1433
-1519
-1603
-1646
-1620
-1586
-1650
-1673
-1643
-1634
-1643
-1597
-1570
-1497
-1418
-1418
-1367
-1258
-1115
-1055
-1001
-950
-908
-848
-807
-766
-742
-674
-582
-526
-476
-395
-334
-276
-176
-62
-10
49
157
212
249
330
435
510
531
603
729
813
896
905
901
950
995
1032
1021
999
983
1002
1012
1025
1080
1097
1091
1048
1063
1092
1064
1102
1085
1056
1062
1029
1019
981
955
935
874
865
883
853
781
749
719
683
622
567
580
510
429
381
325
314
242
135
28
-81
-122
-156
-180
-212
-197
-157
-173
-187
-206
-197
-220
-255
-219
-228
-334
-403
-406
-397
-414
-418
-401
-479
-518
-461
-475
-545
-564
-545
-589
-681
-698
-677
-739
-848
-887
-869
-871
-852
-828
-891
-960
-964
-941
-968
-1041
-1019
-1023
-1086
-1157
-1169
-1128
-1076
-1025
-1025
-959
-903
-861
-831
-780
-693
-639
-590
-500
-341
-249
-162
-58
33
121
177
265
369
404
418
468
502
570
623
663
718
775
852
889
912
904
892
891
856
862
908
948
976
1051
1140
1141
1121
1146
1198
1206
1156
1160
1157
1116
1078
1025
978
950
942
886
825
791
763
767
714
650
655
639
589
529
471
473
441
383
354
319
289
260
253
199
133
79
-16
-89
-125
-151
-199
-274
-311
-314
-346
-379
-411
-444
-470
-506
-482
-447
-447
-464
-489
-463
-469
-508
-502
-505
-549
-577
-532
-477
-445
-405
-417
-439
-400
-413
-422
-443
-464
-445
-517
-515
-474
-480
-527
-617
-616
-610
-659
-678
-651
-673
-706
-676
-659
-695
-720
-741
-789
-805
-739
-645
-638
-629
-580
-510
-460
-408
-291
-184
-95
-6
91
158
244
302
321
368
380
413
431
476
525
535
589
631
666
646
585
588
659
687
637
587
610
644
580
535
549
580
528
502
547
551
526
474
475
489
505
504
473
462
425
391
343
298
279
219
159
125
88
77
15
-61
-110
-196
-270
-351
-381
-394
-441
-465
-514
-549
-576
-612
-626
-659
-712
-709
-704
-699
-667
-693
-722
-717
-662
-654
-680
-640
-620
-606
-620
-586
-445
-377
-359
-286
-186
-92
-58
0
61
86
70
85
147
155
168
155
153
114
115
118
87
96
73
57
-20
-59
-105
-175
-239
-232
-182
-220
-219
-209
-213
-189
-112
-57
-46
-33
-20
35
127
180
222
298
337
386
427
477
489
508
596
609
589
578
600
647
702
723
714
708
723
770
758
739
735
718
707
667
620
563
542
543
511
495
443
431
423
372
406
392
391
399
361
348
318
317
280
244
221
141
102
83
24
-28
-41
-82
-155
-246
-299
-321
-401
-491
-598
-662
-717
-824
-889
-927
-977
-1062
-1123
-1088
-1021
-1048
-1095
-1085
-1085
-1095
-1086
-1041
-983
-933
-889
-852
-769
-627
-558
-502
-443
-403
-322
-238
-194
-164
-77
-21
-19
4
56
88
81
52
71
124
139
127
98
147
171
147
138
148
165
147
132
124
225
267
215
221
297
328
275
345
464
504
473
515
574
547
534
531
543
557
560
566
578
574
574
545
555
602
600
618
649
673
701
730
714
715
716
676
711
770
789
815
841
814
800
792
744
714
676
613
543
518
490
460
428
362
328
296
266
211
174
187
156
97
69
10
-26
-34
-92
-133
-158
-207
-272
-293
-298
-386
-488
-560
-661
-720
-816
-883
-879
-943
-1018
-1109
-1144
-1141
-1171
-1226
-1254
-1224
-1198
-1183
-1184
-1157
-1125
-1097
-1069
-1048
-1006
-916
-849
-829
-766
-713
-683
-638
-627
-602
-554
-524
-474
-437
-384
-340
-305
-258
-270
-225
-136
-78
-8
26
87
157
222
301
317
359
447
499
490
510
557
583
581
562
551
527
497
485
473
451
464
470
458
424
397
410
390
358
398
457
444
441
398
402
480
521
561
551
553
564
589
619
642
625
556
562
620
642
582
514
482
454
437
408
341
292
309
295
239
215
213
180
150
154
150
139
136
137
136
145
136
98
54
15
-3
-53
-120
-190
-240
-253
-319
-419
-508
-555
-553
-555
-578
-600
-668
-748
-772
-799
-868
-885
-852
-858
-830
-775
-795
-835
-839
-844
-846
-846
-825
-804
-805
-808
-851
-842
-795
-797
-762
-696
-638
-588
-579
-537
-478
-420
-367
-369
-301
-180
-96
-20
59
140
175
185
226
294
325
320
393
481
492
495
478
459
476
504
542
532
537
589
575
591
611
632
675
692
742
797
829
812
796
782
788
797
798
810
798
797
784
783
767
748
733
711
698
678
666
614
567
576
540
440
437
467
438
423
443
424
369
385
367
386
421
387
400
438
421
359
311
278
259
232
243
252
212
172
127
63
-11
-39
-69
-80
-100
-148
-176
-262
-326
-406
-498
-531
-563
-635
-727
-740
-750
-814
-863
-909
-930
-949
-983
-997
-1018
-1045
-1096
-1111
-1136
-1146
-1090
-1052
-1004
-965
-930
-891
-831
-785
-716
-644
-645
-626
-569
-492
-461
-455
-428
-405
-393
-373
-329
-299
-281
-255
-231
-158
-101
-85
-45
-29
0
15
40
74
96
148
192
227
241
245
312
378
402
429
456
504
509
509
511
509
556
545
546
572
542
552
573
566
582
519
484
507
462
454
445
433
408
372
388
388
371
368
384
390
373
371
393
382
379
347
325
320
296
332
340
344
351
333
309
274
277
282
259
242
209
152
136
109
48
-31
-70
-64
-118
-187
-222
-262
-331
-388
-413
-450
-506
-543
-588
-618
-658
-716
-742
-776
-794
-781
-765
-769
-793
-803
-815
-861
-839
-808
-791
-743
-722
-697
-687
-664
-635
-608
-589
-575
-569
-557
-518
-473
-441
-415
-361
-341
-303
-212
-136
-66
-45
-21
42
34
32
70
137
199
222
262
281
322
302
284
314
296
306
342
368
389
387
406
472
481
476
530
563
534
517
546
570
575
576
591
621
642
658
705
717
686
650
622
611
580
544
515
504
479
421
406
391
364
372
346
317
310
285
266
251
226
209
206
207
201
185
187
177
153
136
124
123
74
46
53
6
-39
-79
-77
-66
-113
-165
-206
-235
-307
-345
-309
-313
-321
-331
-354
-341
-326
-336
-349
-371
-413
-433
-447
-441
-452
-499
-521
-502
-471
-460
-440
-442
-438
-423
-443
-435
-427
-431
-423
-437
-457
-450
-425
-377
-334
-310
-304
-284
-271
-278
-238
-248
-246
-199
-193
-201
-224
-214
-161
-144
-129
-95
-70
-59
-68
-54
-35
5
22
33
82
126
150
166
195
217
274
297
309
323
322
357
385
391
386
379
366
383
395
361
328
293
280
276
231
191
187
188
226
236
191
197
207
194
168
137
141
169
171
161
152
121
115
141
144
122
89
63
66
46
5
-10
-33
-16
1
-28
-50
-67
-50
-14
14
3
-24
-10
0
-8
-40
-61
-62
-74
-80
-77
-62
-64
-100
-121
-135
-148
-153
-150
-132
-144
-172
-195
-216
-195
-179
-209
-220
-246
-264
-228
-235
-262
-243
-246
-283
-272
-249
-224
-211
-239
-224
-207
-211
-200
-180
-166
-153
-157
-134
-101
-105
-84
-66
-60
-50
-42
-30
-10
24
-2
-9
22
21
42
48
73
117
109
131
138
111
128
124
117
137
156
147
166
188
147
144
161
171
165
156
173
165
152
163
173
161
158
177
200
209
199
207
221
202
178
206
228
195
189
200
191
198
203
181
191
191
150
116
80
53
30
11
-5
-3
-30
-35
-8
-7
26
25
-1
-5
10
21
49
91
107
124
103
106
91
63
86
83
68
53
54
47
-3
-62
-40
-32
-37
-25
-64
-76
-67
-63
-71
-70
-76
-97
-91
-101
-93
-87
-91
-70
-51
-59
-69
-89
-83
-66
-100
-118
-121
-134
-161
-172
-175
-198
-219
-223
-207
-200
-207
-206
-182
-186
-174
-129
-97
-52
-39
-53
-43
-27
-19
-18
-60
-95
-83
-67
-35
-33
-64
-70
-58
-54
-49
-52
-76
-68
-84
-103
-82
-78
-45
-9
19
55
77
91
125
143
164
195
169
160
167
177
181
191
190
190
200
178
172
126
96
90
41
30
43
33
31
11
2
10
7
9
0
12
17
16
27
18
31
31
0
14
21
4
14
0
-16
-28
-24
-40
-80
-98
-115
-94
-49
-17
-25
-17
14
23
48
84
112
114
102
111
140
168
158
144
164
194
218
210
191
187
186
186
190
196
176
147
151
172
162
153
149
103
82
78
55
28
-2
4
-27
-52
-80
-136
-104
-92
-109
-103
-114
-132
-149
-153
-105
-71
-92
-95
-79
-71
-72
-73
-79
-53
-41
-35
-40
-75
-85
-100
-111
-121
-112
-76
-55
-72
-101
-71
-38
-17
8
19
8
4
18
0
-18
-40
-44
-30
-41
-41
-48
-64
-73
-66
-66
-85
-121
-157
-167
-168
-179
-180
-185
-172
-152
-160
-146
-139
-124
-120
-140
-138
-142
-148
-150
-174
-174
-131
-119
-127
-108
-88
-85
-80
-97
-106
-93
-106
-94
-51
-1
35
32
52
94
133
156
177
200
222
260
264
279
280
280
301
318
341
342
357
348
324
309
286
294
291
269
268
286
291
275
268
263
251
255
261
251
254
246
236
250
237
218
223
241
243
199
147
121
116
102
69
55
15
-33
-57
-78
-98
-125
-125
-122
-145
-178
-171
-139
-129
-132
-156
-149
-132
-136
-140
-133
-136
-114
-83
-96
-114
-147
-162
-146
-139
-146
-151
-161
-150
-155
-179
-181
-185
-202
-225
-213
-220
-246
-256
-245
-231
-248
-258
-268
-255
-264
-271
-256
-240
-209
-210
-213
-207
-214
-229
-219
-206
-211
-211
-200
-200
-204
-207
-204
-179
-175
-149
-112
-95
-69
-64
-18
68
120
144
135
156
200
209
235
261
258
278
312
327
323
321
344
356
360
345
309
320
348
362
371
378
386
383
368
364
357
325
315
308
292
281
264
262
276
275
252
247
248
259
270
265
275
264
227
197
188
140
64
21
-9
-34
-52
-72
-95
-96
-90
-95
-89
-109
-117
-123
-128
-126
-141
-152
-134
-108
-133
-144
-147
-180
-186
-177
-188
-228
-260
-299
-327
-342
-395
-435
-453
-434
-406
-416
-417
-400
-367
-349
-328
-290
-262
-234
-229
-235
-235
-232
-219
-220
-236
-254
-289
-331
-355
-358
-365
-390
-396
-399
-399
-382
-367
-354
-326
-287
-277
-275
-265
-255
-249
-219
-194
-180
-138
-109
-86
-68
-51
-26
3
39
78
92
97
114
130
168
211
231
250
281
306
333
366
392
390
361
360
379
386
387
388
406
429
466
499
514
524
541
570
571
578
613
630
626
619
612
588
549
506
467
431
378
312
285
269
248
245
218
182
150
148
144
133
132
125
134
119
88
65
23
-2
-13
-47
-64
-95
-154
-183
-211
-221
-240
-278
-289
-310
-328
-329
-347
-364
-366
-359
-360
-356
-355
-366
-346
-327
-329
-326
-319
-300
-300
-325
-342
-354
-360
-360
-378
-387
-386
-384
-361
-356
-349
-329
-317
-313
-335
-338
-326
-335
-360
-375
-372
-359
-345
-349
-331
-300
-276
-242
-214
-164
-120
-113
-100
-85
-54
-20
-14
-3
25
68
104
134
157
176
171
177
210
250
283
280
298
329
340
344
353
365
380
403
417
452
478
511
529
526
539
519
496
496
502
509
513
511
517
523
505
467
433
418
406
400
403
392
387
364
322
288
256
202
168
131
70
49
42
32
3
-20
-28
-48
-79
-102
-118
-145
-176
-227
-253
-278
-322
-367
-399
-416
-431
-433
-456
-483
-497
-500
-516
-528
-543
-552
-570
-612
-640
-659
-648
-634
-625
-611
-604
-579
-561
-568
-562
-539
-530
-526
-516
-514
-514
-521
-534
-526
-517
-506
-485
-471
-445
-407
-380
-353
-321
-306
-293
-290
-276
-250
-234
-208
-173
-142
-108
-73
-57
-48
-35
1
43
78
118
159
178
200
205
190
215
246
274
288
298
316
333
370
413
442
452
490
528
568
583
579
592
616
656
681
694
701
706
704
690
681
714
734
719
716
700
688
668
630
610
602
587
563
527
505
469
433
412
396
367
317
278
244
213
164
135
105
72
43
-2
-43
-101
-144
-166
-191
-217
-233
-247
-268
-308
-328
-342
-364
-385
-428
-454
-466
-473
-492
-495
-498
-509
-522
-531
-541
-578
-592
-590
-560
-543
-536
-530
-544
-548
-542
-528
-526
-518
-504
-491
-477
-446
-448
-452
-428
-416
-415
-410
-390
-374
-345
-307
-270
-249
-225
-194
-168
-155
-140
-96
-82
-66
-39
-26
-12
9
38
69
103
144
180
188
208
232
270
310
321
332
343
362
380
403
431
436
438
438
442
463
488
509
522
556
598
625
645
663
703
719
715
707
682
663
623
595
603
595
586
586
575
580
576
576
584
563
532
507
486
450
411
385
361
324
285
250
243
239
212
176
162
145
94
79
61
26
-17
-41
-44
-71
-96
-139
-168
-182
-197
-223
-244
-265
-295
-334
-373
-405
-438
-450
-468
-478
-492
-506
-517
-527
-537
-538
-532
-563
-582
-576
-573
-591
-591
-572
-569
-600
-616
-605
-615
-611
-604
-607
-621
-606
-598
-612
-595
-568
-534
-509
-500
-483
-467
-472
-444
-410
-368
-326
-312
-276
-236
-228
-212
-173
-137
-104
-79
-57
-32
-36
-46
-21
-4
20
43
66
104
124
151
177
214
240
258
277
293
298
295
326
354
386
396
415
443
462
478
486
520
551
557
559
557
539
533
528
528
545
553
563
562
557
538
505
478
463
461
462
457
445
426
419
423
401
375
355
346
337
316
281
253
227
172
136
110
92
76
22
-18
-34
-41
-50
-59
-75
-101
-136
-168
-188
-204
-199
-204
-224
-237
-266
-293
-282
-294
-324
-337
-353
-361
-376
-390
-379
-388
-408
-398
-389
-398
-403
-404
-412
-407
-400
-379
-348
-338
-340
-350
-349
-329
-319
-314
-296
-301
-300
-286
-269
-235
-214
-208
-194
-159
-120
-97
-83
-76
-52
-40
-57
-48
-29
-28
-13
-1
17
56
102
135
169
203
217
248
269
277
281
282
282
284
284
295
319
316
318
324
352
373
347
349
379
392
377
371
380
387
384
366
374
375
382
401
402
409
388
354
329
318
303
291
280
266
256
245
229
214
195
171
174
154
134
131
112
105
97
79
80
58
21
1
-22
-56
-69
-78
-97
-101
-113
-102
-114
-128
-128
-148
-140
-141
-165
-192
-206
-236
-265
-290
-297
-297
-311
-302
-299
-275
-253
-248
-235
-235
-237
-236
-226
-221
-221
-233
-234
-217
-202
-173
-154
-139
-140
-164
-157
-154
-142
-132
-134
-126
-124
-121
-114
-94
-87
-78
-63
-60
-48
-35
-46
-62
-42
-33
-37
-36
-43
-79
-87
-71
-71
-50
-28
-21
-18
-20
-29
-19
-7
12
24
48
72
67
68
64
62
58
66
58
59
52
44
63
80
101
96
86
71
52
24
19
19
0
-13
-11
-5
-52
-67
-49
-51
-46
-14
13
10
1
-13
-24
1
24
-13
-39
-6
1
-9
1
0
-4
-6
-7
-21
-35
-25
-18
-22
-32
-40
-43
-32
-17
-9
-22
-16
0
-7
-13
3
4
-11
5
11
10
-7
-20
-18
-14
13
40
70
75
66
44
36
29
6
14
23
21
33
56
59
49
48
37
31
44
63
64
70
70
67
87
76
76
87
107
129
135
149
149
131
115
133
139
125
135
155
147
145
177
193
220
233
221
214
201
203
199
195
206
195
181
190
164
155
176
169
187
187
175
175
162
149
149
160
143
144
143
108
80
66
57
33
6
-19
-44
-50
-81
-101
-114
-140
-132
-127
-125
-126
-129
-133
-145
-153
-161
-171
-167
-170
-189
-182
-163
-171
-175
-161
-154
-151
-138
-116
-106
-81
-94
-115
-85
-78
-92
-86
-87
-80
-54
-64
-63
-64
-86
-80
-74
-74
-76
-78
-73
-60
-42
-23
-1
23
37
41
74
99
115
122
107
100
92
91
97
94
97
109
110
122
146
170
194
204
204
221
241
248
245
216
216
245
250
259
302
324
299
279
285
280
268
272
249
227
207
180
182
179
166
156
142
135
137
127
106
98
99
79
47
66
71
42
34
26
37
25
-5
-5
-17
-35
-55
-62
-93
-139
-154
-184
-188
-193
-221
-240
-247
-261
-288
-295
-316
-331
-326
-322
-326
-325
-313
-309
-316
-323
-305
-311
-328
-331
-334
-335
-350
-361
-359
-368
-384
-378
-365
-353
-341
-340
-325
-295
-299
-307
-304
-311
-305
-298
-272
-266
-257
-235
-231
-234
-215
-174
-157
-157
-154
-129
-130
-131
-101
-77
-51
-35
-28
-13
15
28
50
81
96
90
86
94
95
82
71
108
146
156
159
152
163
181
186
203
239
248
227
227
233
225
225
237
250
256
256
261
281
291
304
312
320
342
335
329
328
329
319
334
353
318
308
307
296
288
277
277
278
259
233
213
205
198
177
170
167
141
101
94
87
72
66
51
32
13
-9
-42
-65
-73
-75
-90
-116
-135
-160
-192
-201
-203
-216
-217
-236
-256
-271
-287
-284
-295
-297
-285
-283
-287
-292
-283
-283
-278
-270
-276
-280
-270
-264
-244
-220
-207
-205
-210
-215
-233
-225
-212
-203
-200
-190
-181
-182
-167
-161
-141
-104
-84
-74
-67
-59
-62
-61
-66
-64
-48
-49
-43
-33
-20
-17
1
47
68
91
113
128
147
153
155
178
187
205
217
226
241
240
245
246
264
270
261
259
255
274
284
284
297
313
331
339
348
380
398
392
391
383
374
376
366
357
357
354
344
351
353
333
327
324
320
310
289
291
296
272
260
262
245
225
201
172
142
100
75
85
73
40
8
-34
-62
-76
-94
-97
-113
-157
-189
-203
-213
-234
-251
-241
-232
-233
-247
-267
-247
-233
-250
-245
-232
-241
-254
-264
-264
-254
-261
-288
-301
-304
-319
-329
-338
-347
-349
-353
-341
-337
-329
-314
-310
-309
-305
-288
-265
-255
-235
-228
-257
-254
-233
-213
-194
-165
-133
-129
-112
-88
-51
-24
-11
26
37
42
46
49
57
61
79
100
105
111
134
147
171
191
202
216
209
194
175
172
165
151
134
133
140
132
147
172
187
188
182
162
133
121
111
95
95
82
64
58
49
53
66
77
84
83
71
77
87
77
60
41
19
0
2
7
6
-4
-13
-24
-43
-49
-53
-73
-72
-87
-111
-124
-138
-142
-158
-153
-151
-156
-167
-163
-173
-194
-199
-232
-249
-250
-251
-260
-262
-262
-267
-273
-284
-270
-271
-261
-241
-236
-234
-236
-226
-229
-234
-221
-192
-173
-170
-170
-175
-168
-170
-164
-148
-140
-134
-112
-80
-59
-41
-48
-48
-38
-25
-22
-15
3
12
36
53
67
102
123
156
173
163
176
169
156
161
159
148
149
159
169
184
208
234
238
259
272
271
281
283
283
260
248
255
245
237
245
240
239
247
247
248
241
240
233
229
236
226
224
234
237
235
215
209
226
200
182
175
153
145
139
133
129
114
102
108
98
82
52
22
14
-14
-40
-73
-92
-94
-118
-128
-108
-101
-98
-81
-94
-105
-132
-136
-148
-185
-186
-212
-225
-232
-247
-253
-235
-207
-202
-195
-183
-171
-166
-165
-161
-163
-162
-159
-163
-151
-160
-161
-157
-158
-142
-131
-113
-98
-83
-66
-46
-36
-43
-50
-34
-3
-9
-15
-8
-15
-28
-34
-17
6
17
29
51
64
75
96
114
142
146
141
161
183
187
192
194
203
226
249
269
272
274
269
280
269
236
216
201
196
189
191
182
181
188
196
202
181
174
169
161
159
142
123
126
122
98
86
84
87
76
72
83
69
42
5
-6
-26
-61
-78
-102
-103
-120
-136
-132
-130
-127
-135
-144
-150
-146
-160
-172
-186
-216
-231
-237
-243
-250
-267
-273
-270
-285
-291
-292
-308
-326
-313
-307
-333
-344
-350
-359
-362
-363
-372
-380
-387
-396
-378
-361
-365
-373
-366
-354
-341
-343
-337
-310
-326
-316
-291
-297
-293
-289
-280
-264
-248
-232
-214
-192
-173
-156
-133
-108
-78
-65
-56
-16
15
27
43
63
65
80
106
130
164
179
197
216
215
225
239
249
267
276
280
282
294
312
317
315
316
330
319
324
341
325
321
325
322
306
311
342
371
384
387
397
407
399
368
376
383
361
349
341
338
332
338
340
356
364
355
354
347
338
313
284
266
238
199
159
135
129
125
130
123
110
119
112
106
100
81
85
66
28
-2
-28
-43
-57
-60
-64
-69
-86
-107
-127
-155
-192
-223
-249
-273
-283
-293
-278
-270
-260
-253
-253
-249
-255
-241
-233
-229
-228
-233
-233
-248
-258
-274
-288
-301
-305
-291
-271
-245
-225
-190
-152
-135
-124
-109
-105
-97
-102
-95
-71
-79
-75
-76
-66
-52
-59
-49
-33
-46
-24
-1
-6
11
20
38
59
58
66
75
65
76
77
84
113
123
140
153
179
204
206
233
248
245
237
203
191
190
193
194
187
202
224
229
236
269
281
283
297
290
275
248
226
207
171
135
119
99
85
80
71
63
74
79
65
75
55
21
2
-39
-71
-97
-117
-125
-117
-101
-80
-53
-39
-22
7
16
9
-1
-27
-60
-115
-163
-183
-209
-233
-230
-231
-231
-220
-210
-208
-198
-186
-194
-196
-214
-233
-270
-304
-315
-339
-349
-359
-369
-364
-353
-337
-313
-304
-305
-292
-282
-279
-276
-274
-284
-300
-321
-328
-313
-291
-260
-236
-214
-202
-198
-190
-190
-187
-166
-150
-139
-117
-110
-109
-102
-92
-86
-85
-87
-87
-72
-68
-56
-29
-12
-14
-5
14
25
59
79
108
155
181
200
210
216
224
218
218
228
231
237
233
222
231
242
251
260
259
262
268
262
260
274
277
274
287
296
305
303
299
305
302
284
273
260
228
215
205
196
199
201
210
214
217
216
207
205
186
168
165
147
134
128
117
110
116
120
120
112
117
106
79
71
49
10
-21
-33
-50
-80
-106
-131
-137
-116
-99
-105
-104
-89
-88
-72
-46
-13
7
14
32
34
24
25
29
23
18
6
-1
-9
-15
-14
-10
4
14
21
29
34
30
31
39
54
59
54
54
45
36
37
50
57
69
78
83
101
102
104
96
75
48
11
-14
-41
-70
-90
-94
-102
-100
-89
-65
-43
-40
-29
-8
6
0
-3
-13
-18
-37
-63
-85
-91
-78
-71
-62
-55
-46
-62
-76
-94
-121
-140
-159
-165
-181
-181
-173
-171
-172
-177
-178
-165
-162
-165
-156
-164
-163
-174
-185
-170
-175
-171
-160
-155
-146
-153
-148
-137
-140
-138
-124
-130
-132
-118
-106
-97
-105
-107
-101
-102
-109
-113
-98
-78
-62
-40
-20
-5
0
-15
-7
2
-22
-43
-60
-68
-57
-38
-14
16
33
49
59
67
79
82
79
67
57
56
62
56
64
74
70
65
69
73
61
54
45
65
72
82
95
88
95
111
124
112
106
93
81
55
31
26
16
4
0
0
-2
-2
9
21
10
0
-9
-14
-29
-39
-35
-42
-57
-90
-109
-113
-118
-121
-117
-119
-113
-107
-88
-60
-54
-30
-10
-22
-41
-58
-90
-120
-146
-176
-216
-251
-243
-239
-226
-200
-176
-146
-123
-92
-70
-54
-45
-41
-43
-39
-40
-44
-47
-61
-59
-49
-31
-23
-18
-6
-5
9
38
45
50
80
80
79
75
68
87
92
99
117
138
160
172
194
212
225
235
236
249
260
249
247
256
252
262
268
272
283
282
296
302
312
350
365
366
382
394
395
398
388
401
410
410
424
419
421
420
406
388
369
360
342
302
259
231
197
170
162
156
150
132
123
115
99
101
104
111
103
102
101
81
59
20
-5
-19
-40
-56
-68
-73
-65
-57
-41
-41
-45
-44
-66
-91
-110
-130
-173
-215
-250
-290
-329
-355
-355
-349
-339
-326
-316
-320
-319
-317
-334
-352
-364
-379
-402
-427
-442
-462
-462
-435
-401
-366
-340
-298
-279
-263
-242
-248
-248
-250
-253
-276
-289
-286
-285
-297
-306
-306
-305
-286
-289
-296
-296
-307
-319
-320
-309
-296
-276
-266
-255
-232
-217
-194
-173
-157
-137
-122
-103
-90
-74
-46
-21
0
10
30
46
46
45
51
73
84
88
104
108
101
96
88
93
100
99
108
122
125
136
140
129
126
121
125
115
107
96
78
76
70
102
133
151
185
201
215
247
256
253
259
246
228
212
202
199
189
178
176
185
181
174
161
157
156
129
124
117
82
38
0
-16
-36
-46
-46
-46
-49
-61
-56
-43
-28
-12
-9
-11
-15
-16
-20
-30
-39
-49
-49
-40
-24
-16
-4
4
3
10
3
-4
2
-3
-18
-24
-30
-34
-48
-65
-58
-63
-65
-57
-46
-26
-22
-29
-47
-63
-56
-52
-51
-55
-57
-54
-49
-26
-15
-16
-12
-24
-23
-13
-4
16
30
28
20
19
24
27
16
16
25
35
57
80
83
77
83
83
87
95
113
105
86
81
63
73
84
84
89
74
70
70
72
89
78
72
57
30
37
38
38
39
39
45
47
67
92
116
115
96
92
74
70
84
72
58
62
46
27
32
27
5
-18
-26
-25
-26
-28
-51
-84
-115
-123
-111
-106
-100
-99
-99
-92
-80
-64
-58
-55
-66
-85
-97
-96
-89
-93
-96
-86
-90
-104
-95
-99
-106
-95
-103
-112
-117
-114
-96
-82
-89
-90
-97
-90
-73
-79
-81
-83
-79
-74
-63
-66
-69
-71
-93
-98
-93
-76
-59
-41
-17
1
17
39
58
77
84
78
73
80
77
57
51
50
68
101
135
161
189
200
201
202
208
214
210
203
178
153
137
130
131
141
163
170
175
192
196
211
232
239
237
229
233
221
194
165
127
82
53
38
35
39
38
61
85
98
105
101
78
44
18
2
-15
-38
-56
-86
-123
-153
-163
-167
-166
-162
-171
-189
-210
-219
-217
-214
-208
-225
-261
-285
-300
-309
-329
-348
-349
-345
-343
-335
-325
-313
-297
-277
-256
-245
-238
-234
-223
-242
-254
-240
-235
-209
-192
-177
-143
-123
-110
-90
-80
-74
-88
-107
-103
-95
-71
-52
-48
-43
-36
-32
-39
-38
-46
-51
-38
-17
7
32
48
40
48
54
57
58
57
74
69
74
90
105
133
158
179
192
215
232
250
264
275
290
294
281
266
257
241
222
219
210
200
221
223
219
228
230
248
