-22
-35
-25
-34
-30
-16
-28
-21
-13
-10
0
0
16
8
8
32
40
40
42
48
48
56
50
49
44
36
36
33
25
32
38
42
50
47
47
53
56
47
48
51
48
37
39
37
19
14
2
-17
-25
-19
-25
-11
1
-6
-1
-2
-18
-23
-19
-16
-12
-12
-9
12
22
20
24
27
38
40
45
44
45
40
36
29
18
23
29
32
31
33
34
37
37
37
30
13
10
7
3
0
-4
-6
-1
-1
-6
-2
-6
-6
-1
4
0
11
25
19
19
-3
-15
-15
-22
-25
-18
-13
-17
-18
-33
-17
-18
-20
-14
-18
-18
-21
-4
-5
-11
-11
-7
-7
1
12
10
13
21
21
17
23
29
33
27
19
24
18
10
10
0
0
0
0
-10
-16
-20
-33
-24
-20
-30
-40
-43
-45
-45
-50
-48
-57
-63
-62
-62
-58
-59
-45
-55
-54
-48
-47
-27
-22
-17
-2
1
10
29
24
19
14
7
6
2
-3
-2
3
0
0
0
2
-1
-8
-7
-21
-30
-24
-28
-40
-52
-54
-60
-57
-55
-58
-46
-45
-47
-40
-28
-29
-34
-31
-39
-45
-35
-35
-37
-26
-19
-16
-9
-4
-3
-2
0
4
9
13
11
15
20
31
29
21
33
24
15
21
22
33
29
24
27
23
9
0
-2
-3
0
0
-1
-4
1
2
8
8
4
-5
0
-2
-18
-8
-12
-14
-10
-15
-12
-8
-5
16
30
23
25
29
36
37
30
26
19
10
7
8
9
16
18
26
21
11
5
8
9
5
14
13
14
14
8
10
10
11
21
19
24
46
48
55
54
53
62
59
46
24
9
9
8
-2
-11
-14
-10
-9
-3
3
-4
-1
-10
-14
-1
-1
1
-6
4
-6
-15
-8
-15
-13
-17
1
10
0
1
10
5
-8
-2
-1
9
10
2
6
2
7
11
13
17
14
18
17
25
25
26
34
28
27
22
11
4
5
-2
-19
-13
-11
-19
-8
2
0
-6
-4
-6
-8
-5
-3
-8
-8
-6
-4
8
-2
-3
-9
-14
-7
-1
10
8
13
17
16
31
43
38
22
22
20
16
26
18
11
3
-6
-5
-23
-36
-31
-34
-39
-25
-26
-33
-25
-21
-21
-27
-30
-26
-24
-20
-23
-22
-9
-5
0
17
27
38
31
23
18
0
-1
-6
-8
-3
-1
-4
-3
2
5
9
5
13
23
14
0
-4
-15
-25
-30
-41
-29
-22
-16
-15
-17
-15
-30
-32
-31
-32
-25
-26
-34
-41
-32
-33
-38
-50
-50
-49
-54
-44
-32
-10
-9
-15
-10
-18
-24
-31
-41
-38
-37
-48
-53
-49
-40
-38
-45
-46
-39
-38
-30
-32
-27
-17
-23
-19
-23
-14
-13
-16
-12
-6
3
-3
-7
-8
-6
-11
-5
-1
-6
-1
8
10
13
17
18
21
20
23
22
11
6
8
3
-1
-5
-8
-7
-15
-10
-13
-8
1
-2
10
25
31
34
33
38
45
43
41
27
30
33
20
24
18
19
18
16
23
16
18
23
16
9
3
3
2
-5
6
3
0
9
21
23
27
43
41
43
40
34
35
39
41
51
53
54
48
34
49
45
42
52
46
34
32
21
9
19
19
17
26
25
28
36
25
26
34
37
36
29
22
21
19
27
26
25
31
21
17
21
24
14
12
18
19
15
21
14
15
27
25
28
14
13
8
0
-2
-5
2
-2
-2
-5
1
2
0
6
8
6
0
-2
-8
-13
-15
-14
-23
-25
-12
-14
-8
-8
-13
-9
-9
-8
-18
-17
-22
-24
-25
-21
-11
-23
-13
-10
-18
-14
-11
-25
-34
-46
-64
-54
-51
-48
-45
-35
-32
-43
-35
-44
-59
-45
-41
-50
-35
-40
-47
-46
-60
-53
-48
-43
-40
-44
-34
-35
-34
-21
-12
-4
-9
-12
-17
-13
-1
9
26
26
29
39
39
36
31
17
10
-3
-10
-7
-6
-6
-11
-8
-4
3
1
2
-1
-2
-4
-10
-10
-12
-18
-12
-9
-6
3
-4
3
9
14
15
9
16
11
5
-1
-5
-6
-8
-5
-2
3
9
15
21
23
13
11
17
16
14
24
16
12
19
8
9
10
10
9
14
5
-3
10
4
2
11
23
18
17
20
12
12
5
2
5
0
3
9
-4
0
-1
-4
1
-15
-18
-21
-29
-27
-32
-41
-42
-37
-41
-45
-51
-52
-41
-39
-40
-34
-34
-31
-20
-32
-44
-38
-36
-37
-46
-48
-44
-54
-46
-44
-47
-37
-34
-32
-22
-16
-18
-13
-8
7
7
-1
8
13
22
25
29
23
10
0
-8
-2
-6
-9
-3
7
15
23
25
26
35
38
31
26
29
30
23
14
11
7
1
3
2
-6
-8
9
12
10
24
12
14
17
22
26
29
40
27
27
33
35
33
27
27
26
16
14
29
35
35
30
35
33
33
41
55
60
49
43
42
43
40
31
31
33
18
16
17
8
7
14
17
8
14
10
8
18
13
9
12
12
9
18
4
-9
-7
-12
-20
-19
-11
-15
0
-4
-7
-5
-8
-5
-15
-17
-18
-14
-17
-14
-5
-4
-1
-4
-14
-22
-29
-31
-22
-15
-12
-13
-9
-6
-5
-5
-6
0
0
-6
2
-7
-8
-8
-25
-13
1
8
14
16
16
17
12
3
0
-7
-16
-28
-35
-35
-35
-41
-32
-35
-35
-29
-37
-14
0
11
9
8
13
12
21
11
14
19
18
39
40
35
35
38
52
55
61
54
50
48
33
35
27
18
26
23
16
5
7
10
13
19
12
11
10
5
10
13
13
0
-6
-5
-13
-20
-20
-22
-17
-6
-2
8
4
2
4
-10
-8
-16
-19
-18
-14
-3
5
7
-8
8
14
15
14
7
23
16
11
10
2
0
8
9
6
15
13
19
22
24
18
16
5
-8
-12
-20
-19
-22
-20
-31
-31
-32
-36
-37
-28
-23
-34
-34
-49
-52
-54
-62
-50
-47
-38
-33
-36
-38
-37
-38
-32
-26
-22
-17
-21
-30
-49
-54
-55
-61
-66
-58
-53
-54
-47
-55
-51
-56
-46
-41
-45
-37
-33
-19
-31
-31
-15
-23
-47
-43
-35
-35
-22
-19
-14
-4
-1
-9
-12
-26
-24
-22
-32
-26
-34
-30
-28
-31
-41
-40
-41
-53
-38
-37
-30
-24
-19
-13
-17
-8
-11
-16
-14
-17
-18
-5
0
5
7
-2
0
0
0
4
12
28
24
16
18
14
9
20
28
13
23
23
8
4
1
7
-3
-22
-9
-7
-20
-9
-6
-1
8
12
16
15
12
10
22
32
32
40
43
41
34
34
36
33
48
41
31
38
40
49
54
57
62
65
65
67
64
61
56
50
42
37
33
31
33
32
20
19
28
22
29
43
39
30
28
27
27
18
19
22
15
16
21
22
26
25
25
30
29
43
48
54
58
49
55
54
57
56
60
54
38
40
34
36
46
40
38
26
10
13
12
3
-12
-18
-13
-17
-14
-18
-23
-18
-11
-14
-10
-1
-9
-11
-19
-26
-29
-36
-53
-55
-39
-41
-27
-19
-19
-12
-6
-9
-8
10
13
6
-1
0
-1
-9
-16
-16
-16
-14
-12
-22
-25
-25
-18
-4
-8
-8
-4
-2
3
-1
6
0
-11
-5
0
10
20
24
23
27
24
17
10
7
3
8
18
9
2
-4
-5
-5
0
7
3
6
18
21
23
25
25
19
7
22
19
3
13
15
1
-3
3
-5
4
20
22
38
34
29
25
19
16
11
18
17
14
22
22
17
14
13
13
17
30
29
36
42
33
25
18
14
8
1
-5
-11
-11
-21
-22
-24
-30
-32
-40
-46
-59
-62
-64
-58
-50
-58
-42
-36
-39
-34
-38
-40
-47
-53
-51
-53
-57
-66
-70
-68
-83
-81
-69
-69
-63
-65
-72
-70
-65
-64
-65
-73
-72
-73
-70
-55
-59
-61
-59
-66
-72
-68
-63
-66
-75
-76
-67
-71
-66
-68
-71
-62
-54
-47
-44
-47
-45
-39
-34
-33
-38
-30
-46
-47
-39
-50
-50
-57
-53
-50
-57
-49
-33
-32
-11
4
9
38
43
40
43
39
41
43
54
61
61
71
67
66
54
43
42
30
30
31
28
25
22
10
9
14
17
20
32
34
37
45
59
69
62
64
50
53
59
60
58
63
68
62
65
64
69
59
59
77
70
62
73
79
82
90
85
82
64
48
44
28
18
16
9
14
21
30
57
71
63
63
64
80
86
82
76
63
70
69
90
100
88
89
89
68
49
53
43
45
40
45
51
52
64
65
48
39
41
13
10
20
17
29
36
34
26
14
-5
-10
-31
-43
-36
-43
-35
-25
-24
-21
-12
-15
-8
11
5
7
15
5
4
3
-7
-15
-38
-45
-38
-56
-65
-54
-62
-66
-60
-55
-39
-33
-32
-32
-30
-30
-26
-23
-30
-25
-22
-36
-36
-24
-24
-21
-21
-23
-28
-29
-26
-14
-9
-12
-7
4
14
16
16
10
8
-6
-1
-5
-18
-14
-25
-25
-25
-23
-16
-12
-17
-28
-15
4
7
-2
5
13
18
30
29
19
15
14
14
14
14
14
14
15
24
28
24
19
17
10
-6
-12
-5
3
1
6
9
8
18
13
1
-9
-21
-30
-39
-43
-37
-38
-29
-30
-31
-33
-41
-35
-28
-10
0
3
0
2
3
-2
0
2
0
-10
-14
-29
-36
-53
-57
-39
-42
-39
-34
-45
-63
-68
-93
-108
-100
-94
-88
-77
-60
-49
-36
-45
-60
-58
-64
-68
-73
-70
-68
-64
-53
-51
-51
-54
-53
-49
-42
-33
-35
-23
-13
-1
7
3
1
-6
-9
-10
-7
-2
-6
-23
-25
-29
-35
-29
-26
-17
-18
-15
-7
-7
-9
-14
-27
-44
-38
-31
-28
-14
-11
-19
-9
-7
-20
0
7
5
20
29
34
38
26
18
16
15
32
39
45
55
51
45
50
58
63
58
59
58
52
49
46
48
42
37
37
32
46
59
63
82
77
71
64
54
50
39
32
23
19
14
18
29
18
21
30
30
48
42
32
46
50
40
49
64
64
81
93
105
117
112
97
97
89
82
95
87
83
73
78
94
99
101
86
70
64
64
48
46
34
25
21
11
12
15
26
23
24
13
2
2
5
21
33
34
36
49
45
30
33
29
23
14
18
13
5
17
11
10
1
-8
-30
-45
-42
-49
-43
-43
-37
-35
-21
-24
-45
-35
-36
-42
-38
-31
-20
-17
-15
-18
-23
-28
-30
-16
-15
-17
-12
-20
-33
-37
-44
-53
-47
-45
-31
-19
-19
-5
-5
-18
-16
-21
-40
-46
-41
-43
-44
-35
-15
-7
-14
-10
-9
-20
-24
-34
-40
-37
-40
-40
-39
-33
-41
-41
-30
-41
-34
-33
-38
-33
-29
-21
-15
-10
-6
0
-7
-12
0
3
0
3
-6
-9
-4
-8
0
9
12
9
11
0
-9
0
-11
-9
-6
-22
-28
-27
-30
-23
-17
-17
-19
-18
-19
-41
-35
-39
-49
-43
-48
-41
-27
-9
5
13
10
10
-1
-5
-18
-31
-33
-25
-12
-1
10
19
22
10
2
-7
-11
-23
-34
-35
-36
-24
-27
-24
-20
-17
-22
-30
-30
-30
-40
-50
-47
-51
-49
-35
-24
-12
2
1
5
-3
-10
-16
-17
-16
-13
-5
-5
13
12
7
0
-12
-14
-17
-16
-12
-1
1
2
6
4
5
20
24
42
56
42
43
40
37
43
47
52
53
46
33
28
24
10
10
5
4
13
11
12
7
15
24
18
0
7
9
1
14
20
23
26
22
12
17
24
38
37
32
35
39
50
49
55
50
52
56
50
43
47
51
37
35
42
33
31
25
5
12
13
14
9
-11
-23
-35
-45
-49
-44
-46
-45
-45
-55
-68
-82
-86
-81
-65
-52
-39
-23
-15
-5
-6
-9
2
12
31
53
80
99
115
134
129
131
139
146
172
177
181
198
192
193
202
190
184
164
144
144
148
152
134
128
110
89
70
65
53
34
25
-3
-19
-48
-75
-94
-131
-151
-167
-184
-196
-190
-183
-199
-201
-207
-223
-237
-262
-262
-258
-271
-278
-269
-259
-257
-269
-271
-255
-236
-205
-179
-149
-121
-103
-83
-63
-41
-12
2
28
65
85
112
128
145
165
181
193
223
249
248
262
266
267
279
292
293
303
311
295
297
293
288
284
264
261
260
253
259
269
263
248
235
185
133
108
94
75
38
8
-26
-69
-99
-115
-145
-171
-168
-170
-183
-176
-158
-181
-198
-190
-200
-193
-168
-183
-213
-222
-218
-210
-209
-203
-204
-211
-198
-173
-183
-204
-213
-225
-247
-259
-243
-248
-246
-240
-244
-241
-247
-256
-273
-298
-315
-315
-323
-333
-335
-347
-380
-392
-410
-428
-423
-430
-435
-449
-455
-459
-467
-460
-441
-438
-443
-428
-403
-381
-356
-328
-324
-292
-246
-215
-182
-134
-92
-58
22
102
174
240
291
348
407
472
549
608
652
702
738
769
804
830
844
860
885
916
933
943
967
970
957
959
961
934
915
908
880
844
821
762
680
628
587
532
426
336
246
113
25
-4
-80
-189
-251
-286
-337
-381
-383
-412
-470
-506
-504
-527
-548
-530
-558
-616
-602
-546
-553
-547
-500
-472
-481
-440
-372
-364
-369
-337
-318
-349
-338
-315
-336
-355
-334
-331
-359
-344
-334
-360
-384
-373
-378
-422
-420
-407
-429
-430
-431
-471
-510
-493
-479
-489
-484
-491
-526
-531
-492
-501
-540
-547
-563
-605
-606
-571
-560
-574
-553
-507
-486
-417
-318
-260
-218
-149
-81
-41
32
121
169
191
260
343
406
477
581
679
737
800
879
952
1003
1057
1113
1129
1138
1184
1237
1281
1321
1353
1343
1327
1375
1423
1419
1393
1345
1232
1141
1155
1144
969
777
666
484
325
322
301
126
-46
-93
-115
-150
-140
-172
-316
-424
-381
-350
-386
-344
-361
-502
-553
-438
-380
-429
-397
-344
-375
-372
-257
-185
-204
-195
-163
-186
-182
-122
-116
-157
-185
-188
-249
-301
-283
-279
-313
-330
-366
-426
-449
-478
-534
-596
-668
-780
-840
-844
-861
-894
-942
-999
-1054
-1051
-1044
-1046
-1080
-1114
-1103
-1137
-1153
-1119
-1143
-1210
-1170
-1074
-1021
-983
-900
-786
-706
-615
-497
-419
-375
-309
-204
-108
-10
83
98
107
173
304
395
453
552
658
760
871
1015
1075
1075
1050
1069
1171
1273
1302
1262
1262
1298
1347
1422
1532
1551
1516
1573
1686
1746
1760
1710
1384
1105
1134
1182
965
693
595
321
44
169
425
305
-13
-80
-85
-83
77
193
-35
-371
-371
-337
-375
-237
-170
-394
-595
-360
-70
-20
-1
82
123
93
235
374
370
272
140
44
-5
9
-59
-152
-201
-247
-298
-349
-370
-395
-374
-400
-547
-655
-677
-700
-794
-805
-810
-1029
-1210
-1184
-1096
-1106
-1147
-1163
-1258
-1310
-1238
-1200
-1311
-1447
-1496
-1514
-1462
-1297
-1179
-1243
-1290
-1222
-1064
-901
-803
-708
-632
-558
-487
-360
-251
-222
-191
-122
-5
67
129
209
312
444
590
721
771
846
973
1058
1105
1130
1126
1112
1164
1280
1354
1376
1336
1328
1450
1625
1758
1799
1804
1809
1843
1925
1996
1887
1601
1407
1337
1233
1112
1009
760
464
388
459
429
240
112
27
-20
91
263
233
-11
-102
-78
-109
-74
-30
-140
-340
-303
-79
33
51
89
129
106
173
340
350
230
166
175
144
64
-10
-132
-306
-418
-412
-446
-551
-635
-685
-724
-777
-825
-896
-981
-1058
-1112
-1164
-1296
-1425
-1494
-1547
-1559
-1526
-1472
-1457
-1461
-1411
-1339
-1405
-1583
-1567
-1464
-1502
-1530
-1458
-1522
-1667
-1606
-1424
-1297
-1301
-1243
-1100
-1005
-790
-515
-422
-500
-422
-271
-261
-118
34
23
-15
119
386
560
654
748
899
973
1082
1313
1410
1359
1327
1369
1417
1479
1542
1608
1687
1762
1921
2098
2174
2263
2398
2466
2459
2479
2442
2220
1984
1868
1724
1358
1069
954
688
443
447
455
247
55
38
-10
-168
-260
-265
-453
-669
-590
-599
-775
-743
-712
-848
-827
-628
-488
-414
-314
-136
37
73
113
208
110
-39
-40
-118
-256
-335
-426
-489
-478
-555
-658
-685
-811
-883
-817
-827
-891
-974
-1041
-1092
-1186
-1275
-1344
-1479
-1618
-1567
-1506
-1568
-1567
-1535
-1538
-1539
-1507
-1504
-1768
-2041
-1970
-1861
-1952
-1973
-1886
-2031
-2073
-1838
-1591
-1435
-1484
-1405
-1132
-896
-644
-356
-340
-502
-297
-116
-95
117
179
82
156
397
670
874
860
934
1242
1354
1487
1708
1725
1695
1790
1891
1997
2100
2004
2046
2257
2370
2550
2695
2756
2863
3037
3221
3269
3208
3105
2973
2746
2610
2545
2105
1651
1471
1271
1017
836
762
548
233
134
208
46
-169
-106
-270
-561
-493
-484
-678
-683
-638
-699
-716
-672
-525
-404
-373
-155
66
-19
17
168
45
-40
-60
-311
-484
-506
-612
-660
-698
-830
-921
-910
-895
-839
-840
-940
-976
-1084
-1101
-1033
-1159
-1368
-1484
-1559
-1654
-1633
-1643
-1760
-1838
-1859
-1790
-1810
-1830
-1920
-2205
-2254
-2072
-2017
-2241
-2258
-2239
-2380
-2207
-1947
-1739
-1798
-1803
-1474
-1172
-896
-643
-451
-568
-472
-82
-22
27
131
197
204
342
632
809
815
741
1052
1348
1406
1500
1564
1635
1647
1727
1831
1881
1817
1754
1931
2092
2160
2228
2393
2551
2647
2907
3112
3173
3175
3282
3301
2957
2672
2494
2284
1886
1511
1318
871
429
375
535
390
112
22
-131
-164
-110
-20
-108
-460
-575
-484
-384
-349
-295
-408
-643
-597
-406
-221
-153
-173
-160
-71
2
-36
-43
-152
-399
-633
-765
-812
-967
-1112
-1140
-1135
-1258
-1390
-1340
-1372
-1406
-1391
-1393
-1515
-1641
-1551
-1569
-1656
-1749
-1881
-1956
-2018
-1969
-1885
-1863
-1928
-1956
-1825
-1796
-1914
-2086
-2173
-2222
-2360
-2350
-2249
-2286
-2439
-2384
-2191
-2115
-1974
-1706
-1427
-1281
-1024
-643
-444
-329
-114
114
165
227
355
483
607
682
922
1123
1163
1241
1450
1687
1783
1894
1973
2011
1936
1885
2058
2017
1905
1984
2095
2097
2105
2364
2565
2712
2896
3145
3437
3622
3939
4213
4417
4279
3682
3285
3275
3185
2664
2392
2076
1240
661
835
1211
804
304
254
41
-258
-11
394
-152
-721
-639
-645
-712
-566
-279
-473
-820
-651
-354
-320
-483
-396
-368
-399
-230
-204
-145
-133
-346
-658
-778
-869
-1184
-1222
-1088
-1073
-1376
-1595
-1444
-1411
-1363
-1182
-1084
-1388
-1662
-1517
-1359
-1392
-1672
-1837
-1875
-1960
-1906
-1725
-1619
-1876
-2077
-1997
-2013
-2332
-2751
-2832
-2915
-2963
-2779
-2622
-2716
-2931
-2689
-2304
-2116
-1996
-1729
-1497
-1421
-1012
-556
-389
-483
-469
-126
144
274
371
559
612
619
854
1062
1165
1126
1285
1611
1873
1982
1970
2084
2041
2128
2322
2378
2427
2374
2593
2871
3017
3136
3276
3401
3303
3649
4140
4279
4256
4413
4748
4326
3769
3654
3667
3154
2446
2474
2087
1210
780
1013
977
359
262
230
-92
-394
-150
38
-663
-998
-872
-804
-873
-722
-305
-468
-633
-493
-292
-330
-666
-820
-842
-694
-660
-626
-488
-501
-639
-886
-949
-1130
-1430
-1576
-1564
-1537
-1813
-1896
-1882
-1912
-1803
-1592
-1433
-1796
-2029
-1834
-1704
-1902
-2347
-2458
-2510
-2699
-2675
-2422
-2222
-2382
-2509
-2348
-2157
-2398
-3068
-3553
-3662
-3457
-3300
-3147
-2974
-3064
-3001
-2461
-1843
-1612
-1609
-1986
-2352
-2004
-1605
-1432
-1378
-1296
-607
221
709
1283
1750
1812
1974
2275
2238
2069
1961
1883
2146
2494
2378
2266
2371
2449
2592
2578
2623
2711
2584
2890
3670
4248
4320
4562
5215
5671
6056
6419
6676
6734
6743
6280
4575
2506
1182
154
-1672
-3262
-3727
-4153
-4747
-4193
-2117
-624
-138
643
1677
2177
2299
2838
2550
1648
1430
1356
1227
1008
1202
1205
343
-414
-679
-976
-1728
-2097
-1992
-1724
-1185
-944
-577
133
480
147
-314
-446
-727
-1127
-1412
-1203
-1124
-1579
-1555
-1304
-1332
-1614
-1989
-2533
-3191
-3596
-3772
-3778
-4159
-4692
-4574
-4113
-3752
-3419
-2917
-2376
-2076
-1772
-1221
-1035
-1273
-1800
-2789
-3618
-4474
-4490
-3908
-4226
-3871
-3019
-2640
-1673
-422
153
736
1021
365
362
204
-377
-131
-671
-990
-127
80
281
1375
1926
1983
2468
2339
2494
3438
3822
4336
4879
4565
4275
4273
3689
2988
2422
1646
1620
1981
2341
2940
3435
3766
3995
4732
5202
5327
6020
6717
7295
8631
8214
4805
1546
-1467
-3344
-4996
-7714
-8261
-7539
-7221
-4789
-443
2180
3162
4136
5059
5605
5226
4567
4111
2730
1112
912
642
-696
-1342
-1461
-2254
-3133
-4094
-4708
-4580
-4164
-3269
-1899
-358
488
1115
2004
2417
1720
177
-759
-1213
-1634
-2026
-1974
-2202
-3488
-4155
-4032
-4299
-5059
-5503
-5333
-4753
-4225
-3289
-2219
-2280
-2854
-3222
-3003
-2570
-2699
-2604
-1527
-573
-76
-20
-304
-1067
-2129
-3490
-5740
-6815
-7231
-6643
-4502
-3531
-2615
-824
17
994
2808
3231
3197
3296
2329
1724
1737
806
-135
-571
-1441
-1423
-740
-823
-113
994
1009
1849
2966
3090
3886
4868
4795
4809
4985
4164
3983
4198
3534
3638
3970
4211
4481
4746
4793
4706
4849
4582
5025
5700
6371
7260
8380
8982
9794
8843
3355
-1055
-4238
-7079
-8597
-9312
-8599
-7452
-5356
-1431
2586
4563
5743
6389
6547
6521
6368
5895
4520
3067
1336
-237
-1564
-3350
-4747
-5067
-5031
-5282
-5790
-5304
-4256
-3542
-2081
-200
1277
1649
1933
2670
2566
1595
108
-970
-1752
-2465
-3004
-3643
-4455
-5679
-6131
-6008
-6042
-6036
-5472
-4280
-3187
-2206
-1530
-898
-1505
-2499
-2904
-3124
-2540
-2353
-1868
-793
-35
-76
-480
-1544
-2912
-4804
-7500
-7504
-7009
-6638
-4339
-2238
-1248
-148
860
1138
2070
2340
2327
2941
2428
1188
469
-626
-1822
-2265
-3250
-3200
-2045
-1536
-211
1786
2532
2699
3305
3444
3674
4155
4112
4455
4871
4843
4878
5235
4987
4522
4819
4976
5330
5278
4926
5055
5007
4764
5545
6308
6253
6559
7114
8122
8894
10306
8327
2137
-2357
-5134
-7032
-8604
-8900
-8133
-7475
-5017
-449
2845
4839
6603
7647
7962
7300
7009
5400
2942
1221
-815
-2527
-3616
-4884
-5686
-5021
-4404
-4995
-6125
-5999
-5305
-4266
-2300
-319
1488
2056
2673
3556
3193
1807
-366
-2027
-2646
-2932
-3370
-3757
-4299
-5007
-5555
-5705
-5782
-6166
-5530
-4568
-3351
-2048
-1376
-981
-1930
-2701
-3227
-3582
-3167
-3144
-2430
-1017
164
527
-280
-1733
-3275
-5476
-7528
-7771
-7206
-6021
-3885
-1763
-661
201
1043
1250
1813
2156
2301
2259
1415
406
-501
-1083
-1631
-2141
-2653
-2443
-1272
-358
627
1809
2314
2535
3091
3543
4080
4648
5042
5273
5561
5884
5760
5638
5336
5069
5138
5416
5698
5347
4941
4885
4560
4417
4790
4910
5254
6051
6981
8075
8603
9705
10438
6156
143
-3324
-5914
-7639
-8685
-8458
-7523
-6502
-3442
471
3394
5265
6584
7447
7201
6551
5503
3264
1494
-89
-2249
-2861
-3648
-5039
-5148
-4736
-4514
-5681
-6533
-6087
-4861
-2588
-278
2047
3172
3510
4068
3691
2594
872
-1008
-1856
-2052
-2410
-2897
-3524
-4362
-5539
-6487
-6775
-6920
-6411
-5367
-3749
-1941
-1050
-156
-537
-1824
-2676
-3725
-3821
-3755
-3442
-2377
-1297
-275
-114
-1272
-3536
-5815
-7285
-7999
-7775
-6573
-4755
-2317
-423
602
2018
2465
2130
2285
2453
2551
1956
1133
419
-112
-817
-1801
-2295
-2569
-2173
-1602
-948
283
1402
2330
3329
4313
4921
5351
5782
5954
5999
6319
6532
6148
5770
5624
5590
5571
5481
4963
3862
3107
2336
2069
2705
3251
3843
4774
5887
6907
8123
8769
10537
9535
3009
-1787
-4936
-7086
-8119
-8796
-8069
-7740
-6340
-2430
1103
3314
4964
6126
6995
6444
5942
4680
2290
1214
-888
-2446
-3009
-4752
-5577
-5653
-4958
-5010
-6693
-6829
-6080
-4314
-1887
-30
1635
2205
2843
3486
3180
2290
702
-728
-1320
-1863
-2468
-3487
-5004
-5989
-6848
-7140
-7226
-7201
-5966
-4695
-2864
-1616
-1091
-559
-1762
-2614
-3216
-3526
-3203
-3505
-2851
-1538
-502
266
-10
-1598
-3580
-5747
-6553
-6514
-6408
-4488
-2415
-417
864
1389
2118
1980
1885
2007
2476
2566
1892
1209
549
34
-846
-1740
-2377
-2239
-1786
-1010
350
1487
2600
3359
4159
5008
5477
5438
5425
5752
6163
6797
6866
6532
6233
5726
5150
4508
3926
3359
2414
1716
1495
1801
2655
3757
4795
5886
7069
8209
9011
10232
10567
5242
-818
-4447
-7398
-8604
-9741
-9324
-8647
-8117
-4559
-721
1456
3468
5100
6101
6062
5336
4486
2533
1170
-535
-2390
-2308
-3463
-4788
-4817
-4285
-3666
-5214
-6071
-5544
-4704
-2943
-1329
618
1805
2536
3451
3619
3293
2014
119
-886
-1444
-2012
-2833
-4416
-5418
-6220
-6527
-6565
-7013
-6317
-5278
-3797
-2340
-1805
-1038
-1385
-2360
-2850
-3268
-2797
-2867
-2982
-1886
-524
641
847
-124
-1952
-4395
-6207
-6374
-6110
-4701
-2544
-678
699
1123
1963
2225
2136
2345
2802
3350
2997
2295
1432
782
93
-670
-1135
-1118
-658
-132
892
2076
2933
3384
3804
4540
5105
5375
5498
5964
6487
6998
7050
6456
5824
4788
3932
3465
3332
2933
2345
1696
1448
1787
2577
3821
4639
5979
7570
8930
10400
11987
8741
1574
-3625
-7515
-9797
-11191
-10708
-9585
-8981
-5806
-1254
1609
2965
4564
5817
5968
5320
4417
2750
1316
252
-1493
-2412
-3139
-4291
-4855
-4503
-3468
-3655
-4645
-4563
-3939
-2951
-1895
-520
998
1624
2254
2800
2692
1640
-120
-1098
-1408
-1529
-2206
-3281
-4792
-6393
-7019
-7217
-6878
-6716
-5833
-4510
-2969
-1666
-1351
-1600
-2918
-3561
-4201
-3937
-3003
-2577
-1690
-612
590
551
-570
-2499
-4778
-6508
-6803
-5859
-4466
-2039
291
1609
1653
1524
1558
1222
1682
2297
3283
3885
3502
2978
1920
1068
24
-1088
-1401
-854
153
1337
2752
3740
3935
3855
3716
3678
3945
4100
4466
5154
6089
6889
7100
6403
5235
4384
3840
3484
3426
3098
2465
2314
2269
3106
3577
4132
4821
5602
7232
9130
10386
5473
-480
-4085
-7716
-9273
-10015
-9069
-8074
-7191
-3533
563
2461
3819
5303
5956
5817
4556
3101
1143
-120
-778
-2470
-3108
-4258
-5212
-4760
-4465
-3131
-3183
-3509
-2783
-2529
-1668
-1311
-223
1239
1639
2209
2331
1990
711
-1141
-1460
-1173
-1238
-1508
-2553
-3902
-5479
-6539
-6241
-6080
-5706
-4801
-3693
-2117
-1579
-1222
-1796
-3247
-3860
-4565
-3871
-2846
-1893
-308
890
1416
767
-1239
-3222
-4911
-7679
-7146
-5293
-4092
-992
712
1588
1443
861
695
743
1816
2924
4495
5079
4560
3849
2481
1317
480
-654
-935
111
1106
2796
4556
4681
4292
3654
2928
2763
3050
3842
4746
5883
6665
6885
7090
6308
5080
4142
3576
3756
3738
3675
3754
3906
4035
3641
3743
3817
4244
5414
7797
8873
3443
-2239
-4944
-7890
-9629
-10155
-8797
-7522
-7144
-3246
1359
2816
3582
5038
5913
5295
4163
2739
789
-733
-1617
-3060
-4224
-5960
-7462
-6109
-4909
-3328
-2599
-2567
-1156
-870
-207
248
780
1795
2127
2870
2313
780
-754
-2217
-2306
-2434
-2756
-2278
-2442
-3202
-4045
-4437
-4289
-5113
-5598
-5087
-4129
-2798
-2169
-1518
-2107
-3557
-4211
-4723
-4099
-3440
-2571
-785
138
546
93
-2401
-4901
-5794
-5868
-5281
-4140
-2597
-866
469
1138
702
-53
-620
-743
782
2434
3853
4710
3989
3328
2195
1139
960
489
509
1467
2927
3876
3984
3764
2977
2235
1898
2001
2872
3982
5202
6521
7490
7466
6157
4868
4497
4426
4331
4792
5314
5086
4753
4272
3594
2689
1684
1341
1908
2838
4987
8050
5585
-408
-4181
-7056
-8290
-8543
-7304
-5951
-6366
-4492
-1092
886
1468
2634
4378
4247
4035
3674
1677
218
-422
-1456
-2987
-4777
-6035
-5647
-4475
-3208
-2424
-2578
-2393
-2190
-1575
-480
490
1675
2310
2705
2611
1380
-396
-2174
-2617
-2060
-1896
-1695
-1693
-2202
-2882
-3468
-3471
-3982
-4901
-5094
-4532
-3141
-2105
-1466
-1987
-3634
-4483
-4866
-3967
-2901
-2234
-892
17
766
465
-1492
-4056
-5562
-5512
-5000
-3212
-1640
-1145
-261
60
-349
-835
-1088
-509
1226
3155
4408
5181
4341
2608
1586
427
0
439
1387
3423
5080
5541
4897
3568
1796
524
701
1439
2703
4488
6108
7200
7267
6268
4958
3846
3373
3632
4493
5740
6547
6634
6137
5132
3418
1692
1268
1588
2362
3559
5082
8038
6503
-417
-4365
-7125
-8852
-8078
-6409
-3980
-4463
-4308
-1447
-478
-712
245
2895
3833
3763
4794
3733
1536
-174
-1870
-3660
-5626
-6721
-6038
-3838
-2359
-2449
-3422
-4302
-4092
-3795
-2572
-703
687
2048
2756
3037
1708
-679
-2298
-3134
-2926
-2414
-1446
-431
-893
-2112
-2976
-3311
-3882
-4757
-4438
-3508
-2923
-2745
-2537
-2750
-4525
-5586
-5629
-4818
-3072
-1930
109
1453
998
232
-1473
-3569
-5697
-5402
-3203
-1966
-684
-241
-528
-1082
-1970
-2073
-1289
60
1517
3947
5456
4770
3583
1369
-104
-532
-610
1063
2880
4535
5722
6020
5097
1945
-73
-437
99
1898
3216
4997
6421
6308
5670
4668
3630
2903
3370
4969
6576
7754
8260
7548
5893
4133
2788
1932
1798
2410
3426
4616
5063
6580
5338
-1322
-4937
-6482
-7351
-5567
-3816
-1858
-3113
-4535
-2583
-2371
-2336
-851
2168
4520
4371
5062
3664
335
-1251
-2236
-3237
-4691
-5015
-3565
-1906
-1602
-2861
-4317
-5529
-5484
-4287
-2130
-124
747
1568
2014
1668
-24
-1981
-2694
-2414
-1572
-664
-184
-588
-1758
-3262
-4070
-4132
-4090
-3494
-2324
-1702
-1892
-2947
-3750
-4483
-6543
-6599
-5385
-4201
-2224
-1302
194
697
-426
-1049
-2801
-4305
-4508
-3012
-930
-776
-541
-783
-1446
-1601
-2215
-1359
40
1180
2425
3350
3635
2321
1191
200
-274
449
968
2555
3929
4311
4814
4555
3726
2378
1795
2197
2466
3355
3826
4020
4378
3848
3429
3246
3267
3985
5166
6459
6960
7074
7264
6780
5874
5156
4565
4162
4383
4209
3848
3981
3957
5136
1773
-4739
-5551
-5971
-5467
-3473
-2877
-2086
-4405
-4957
-2592
-2106
-541
1876
4091
4525
3652
3741
1292
-1243
-1109
-1031
-1584
-2791
-2962
-2083
-1870
-2631
-3841
-4649
-4475
-3382
-1696
-50
-170
-901
-783
-142
-79
-1174
-1202
-991
-1061
-789
-1079
-1334
-2554
-3354
-3076
-3028
-2229
-1987
-1387
-1039
-2450
-3200
-4035
-4047
-4181
-5633
-4818
-4665
-4541
-3207
-3288
-1803
-1165
-943
4
-1197
-2395
-2747
-1709
-1279
-1238
-712
-1105
-733
-1151
-1049
296
272
877
1637
1977
1896
924
579
-173
-110
642
1412
2975
3156
3759
4318
3709
3515
2887
2776
2923
3083
3682
3544
3315
3225
2773
2824
2979
3087
3908
4455
5365
6090
5987
6189
5967
5727
5634
5383
4738
4370
4070
3610
4004
5058
4589
-1300
-5608
-5263
-5898
-4728
-3719
-3799
-4220
-6073
-4529
-2571
-2085
614
2988
3645
2808
2448
2135
-445
-907
78
-506
-1540
-2953
-3330
-3299
-3833
-4042
-4218
-4036
-3021
-1808
-970
-1036
-1949
-2142
-1097
102
192
-98
-39
-582
-796
-757
-900
-1355
-2430
-2331
-2015
-2185
-2160
-2399
-1822
-2009
-2822
-2724
-3198
-3128
-4152
-5413
-4865
-5248
-4242
-3095
-2621
-1297
-1464
-1083
-1278
-2664
-2850
-2362
-418
357
-171
456
-484
-1277
-525
58
1258
2006
2592
2789
2031
715
-544
-523
-976
-399
1429
2124
2454
2599
3144
3579
3771
4276
4395
4514
4602
4431
4391
3852
3080
3331
3530
3441
3541
3607
3538
3262
3862
4797
5703
6397
6405
6346
6639
6529
5429
4909
4725
4669
6013
5739
17
-4732
-5022
-5549
-4433
-3773
-4796
-5495
-7529
-6420
-3697
-2993
-438
2296
2931
2093
1491
1292
-766
-1076
447
108
-1412
-3173
-3783
-3934
-4025
-3757
-3967
-3981
-3248
-2221
-1605
-1508
-2189
-2436
-1293
254
378
-661
-737
-1332
-1878
-1468
-1039
-560
-1421
-2089
-2206
-3105
-3179
-3075
-2839
-2135
-2137
-1890
-2425
-3181
-3744
-4971
-4677
-4308
-3220
-2068
-2445
-2368
-3107
-3183
-2824
-2912
-2524
-1791
-60
30
-631
-749
-1778
-1515
-368
701
1800
2085
2605
2904
2524
1403
236
198
-316
-146
1052
1200
1048
1123
1676
2580
3604
4467
4749
4785
4262
4206
4885
4821
4244
4093
4302
4335
3961
3634
3476
3355
3660
4113
4761
5192
4952
5276
6142
6072
6001
6144
5874
6037
7081
6239
343
-3031
-2662
-3255
-1759
-2634
-4905
-6511
-9556
-7432
-4434
-3224
-55
1333
1649
881
536
647
-837
607
2291
1462
-283
-2510
-3178
-3498
-3266
-2365
-2954
-3585
-3447
-3334
-3055
-2689
-2505
-2117
-1077
223
-143
-1492
-1697
-1823
-1242
-545
-471
-346
-1674
-2420
-2599
-3114
-2371
-2282
-2383
-2540
-3047
-2723
-3186
-3092
-3403
-4061
-3294
-3605
-2676
-2446
-3217
-2535
-3545
-3336
-2495
-3496
-3301
-2268
-1949
-1468
-1041
-1476
-1577
-1107
-763
437
1712
1508
2123
3145
2986
2675
1982
957
295
378
594
850
1071
935
1243
2186
3247
3913
4404
4569
4233
4648
5324
5261
5072
4443
3973
4242
4396
4418
4320
4302
4050
3742
4382
4326
3943
4667
5544
6739
7578
7749
7552
8047
6058
547
-139
-15
-949
820
-2159
-5369
-6884
-9365
-6833
-5086
-3788
-261
-427
-1120
-1102
-142
767
-128
1581
2479
663
-774
-2404
-2608
-2558
-2189
-1002
-2218
-3055
-3067
-3606
-2913
-2769
-2166
-1615
-1998
-812
-923
-1539
-1456
-1968
-692
0
-344
-804
-2280
-1775
-1339
-1656
-1208
-1613
-1864
-3077
-3760
-3376
-3532
-3130
-3947
-4213
-3980
-4268
-2959
-3033
-3054
-1783
-2522
-2596
-2890
-4093
-2904
-2398
-2180
-464
-877
-1992
-1778
-1766
-1039
-7
399
653
772
1229
1729
2159
2276
1908
2215
2073
1127
1242
1001
798
1652
2314
2942
2970
2784
2989
3306
3997
4537
4890
5285
4593
3774
3667
3626
4536
5358
5618
5683
5050
4804
4540
4121
4647
5291
6134
6203
6106
6416
6321
7255
4314
642
1349
407
279
281
-2687
-4354
-6660
-7553
-5035
-4041
-2491
-1215
-2051
-2192
-2059
-873
-388
-396
1717
1804
-73
-1652
-2629
-1993
-1913
-1795
-1487
-2278
-2492
-2818
-3008
-2737
-3247
-2957
-2607
-2404
-1779
-2908
-2876
-2275
-2354
-890
-946
-1107
-1169
-1696
-911
-1088
-925
-751
-1244
-1651
-2907
-2872
-2669
-2647
-2489
-4159
-4720
-5109
-4595
-2496
-2851
-2184
-1827
-2930
-2216
-2846
-3330
-2215
-2200
-1735
-494
-519
-1455
-1508
-1306
-1137
207
233
-432
236
451
929
1679
1819
2021
2390
2390
1827
1773
1778
1425
1894
2536
2697
2714
2369
2075
2667
3902
4577
4642
4531
3777
3380
3806
4269
5109
5604
5228
4935
4571
4650
5250
5288
5603
5752
5582
5553
5378
5647
6305
6492
3644
1314
2079
945
462
63
-2561
-3807
-5804
-6046
-3805
-3327
-2077
-1745
-2869
-2811
-2369
-1208
-894
-467
981
262
-1574
-2676
-2798
-2251
-1953
-1542
-1444
-2191
-2460
-2433
-2795
-2633
-2654
-2537
-2246
-2325
-2342
-3563
-3783
-2765
-2339
-1304
-1440
-1791
-1565
-1700
-896
-760
-741
-300
-655
-1037
-1886
-2039
-1835
-2316
-2725
-3955
-4443
-4766
-4512
-3211
-3897
-3219
-3034
-4130
-2178
-2515
-2810
-550
-1523
-1565
-377
-1551
-1219
-39
-179
524
1269
142
-608
-282
-385
491
1920
1821
1454
1772
1730
1629
2252
2561
2733
3199
3341
3140
2808
2535
2189
2704
3726
3751
3722
3801
2981
3327
4089
4161
4736
4413
4579
5044
5381
6320
6102
6158
6290
5707
5859
5581
5218
5585
6258
5917
3005
1561
1530
630
677
-756
-2595
-3610
-5133
-4252
-3051
-2721
-1874
-2694
-3269
-2754
-2099
-923
-879
-644
-15
-1196
-2748
-3564
-3631
-2748
-2066
-1956
-2195
-2952
-3080
-3084
-2809
-1951
-2120
-2185
-2405
-2761
-3104
-4218
-4083
-3487
-2934
-2212
-2663
-2864
-3010
-2620
-1347
-1071
-556
-660
-1270
-1460
-1976
-1385
-1275
-1670
-2308
-3608
-3719
-4274
-4066
-3506
-4193
-3707
-3840
-3782
-2646
-2470
-2008
-1850
-1256
-570
-1121
-336
-458
-481
961
469
827
1098
-48
144
163
346
1331
1681
1555
1268
1618
1781
1632
2402
3014
3691
4180
3998
3498
2729
2560
2702
3407
4096
3774
3409
3054
3096
3761
4316
4342
4030
4052
4506
5417
6459
6927
7241
7022
6447
6528
6017
5887
6289
6093
5310
3036
1729
1285
204
281
-909
-2515
-2954
-4578
-3876
-2452
-2365
-1415
-2184
-2966
-2253
-1512
-753
-498
-236
-849
-2191
-2758
-3564
-3674
-3183
-3114
-2670
-3128
-3501
-3334
-3651
-2725
-1723
-1450
-1191
-1718
-2187
-2808
-3516
-3006
-2507
-2537
-2690
-3154
-3348
-3386
-2988
-2217
-1360
-663
-970
-1371
-1817
-1908
-1440
-1572
-1431
-1906
-3213
-3621
-3866
-3591
-3426
-3865
-3680
-4042
-3892
-2859
-2682
-2413
-2126
-1659
-1212
-1230
-304
-211
-97
733
257
825
1012
131
710
714
781
1627
1417
1320
1265
1250
1638
1784
2256
2817
3342
3947
4073
4075
4103
3619
3644
4039
4087
3982
3509
3325
3667
4061
4080
3807
3771
3856
4425
5466
5971
6470
6549
6185
6233
6353
6653
6197
5669
5603
5329
4396
2228
867
351
318
410
-1064
-2209
-3553
-4821
-3825
-2873
-1984
-1439
-2311
-2087
-1486
-1315
-605
-654
-1049
-1272
-1761
-2654
-3588
-3752
-3710
-3536
-3122
-3039
-3403
-3958
-3809
-2694
-1869
-1530
-1493
-1780
-2216
-2913
-3105
-3102
-3230
-3192
-3264
-3332
-3338
-3275
-3157
-2743
-2039
-1472
-1265
-1315
-1438
-1452
-1374
-1369
-1492
-2137
-2713
-2854
-3112
-3214
-3404
-3608
-3456
-3437
-2889
-2259
-2200
-1932
-1993
-1791
-1201
-704
84
288
310
587
597
927
1228
1439
1773
1834
1971
1765
1641
1809
1845
2088
2094
1944
2013
2216
2829
3509
3718
3899
3628
3264
3400
3526
3528
3238
3257
3521
3565
3326
3028
2796
2789
3721
4737
5326
5595
5262
5038
4985
5218
5830
5773
5284
4809
4490
4465
3967
3286
2480
1681
1471
1079
791
368
-490
-941
-1453
-1498
-1038
-951
-784
-771
-777
-470
-482
-931
-1569
-2203
-2863
-3441
-3665
-3526
-3565
-3853
-4152
-4669
-4815
-4522
-3768
-2928
-2879
-2921
-2857
-2990
-3161
-3338
-3442
-3632
-3979
-4028
-3857
-3685
-3423
-3232
-3068
-2972
-2528
-1931
-1725
-1502
-1343
-1253
-1349
-1408
-1264
-1474
-1887
-2429
-2905
-3096
-3154
-2898
-2627
-2370
-2029
-1991
-2156
-2359
-2217
-1925
-1540
-940
-673
-505
-240
-20
-28
-173
217
869
1336
1829
1942
1961
1942
1905
2228
2194
2238
2272
2220
2767
2980
3132
3422
3111
3075
3179
3299
3514
3301
3433
3604
3509
3371
3051
3012
3244
3822
4543
4863
5119
5153
5104
5325
5340
5477
5396
4947
4849
4748
4654
4344
3799
3431
2880
2378
2003
1533
1218
866
532
-11
-939
-1440
-1494
-1262
-989
-1037
-1049
-1141
-1537
-1876
-2264
-2581
-3013
-3722
-4092
-4360
-4217
-4307
-4976
-5115
-4903
-4134
-3468
-3580
-3636
-3700
-3676
-3353
-3165
-2799
-2741
-3292
-3584
-3663
-3346
-2847
-2617
-2431
-2336
-2217
-2071
-1919
-1720
-1563
-1459
-1465
-1349
-953
-764
-1061
-1654
-2235
-2343
-2408
-2494
-2307
-2095
-1841
-2036
-2379
-2445
-2428
-2138
-1685
-1376
-1345
-1418
-1094
-638
-336
17
8
38
251
544
947
1114
1192
1223
1374
1564
1842
2086
2165
2375
2659
3136
3532
3666
3789
3759
3872
4170
4285
4400
4370
4097
3761
3476
3623
3817
4082
4473
4627
4796
4607
4662
4904
4989
5156
4933
4650
4242
3964
3983
3725
3424
3194
2649
2200
1814
1304
1087
697
312
-7
-661
-1203
-1557
-1832
-1872
-1876
-1693
-1602
-1858
-2062
-2519
-2599
-2613
-3121
-3647
-4281
-4393
-4429
-4673
-4698
-4666
-4353
-4102
-3845
-3386
-3132
-3003
-3135
-3163
-2797
-2653
-2855
-3310
-3464
-3167
-2765
-2464
-2272
-2023
-1961
-1898
-1959
-1916
-1620
-1487
-1318
-1272
-1231
-1132
-1361
-1735
-1876
-1919
-2053
-2278
-2374
-2079
-1798
-1841
-1985
-2072
-2125
-1997
-1701
-1413
-1438
-1501
-1247
-1089
-787
-615
-461
-265
-112
448
622
810
1106
1181
1429
1523
1875
2136
2075
2358
2658
3130
3378
3333
3556
3524
3684
4151
4512
4661
4464
4266
4075
3954
3993
4030
4034
3980
4160
4430
4391
4415
4577
4660
4689
4518
4282
4036
3692
3721
3598
3224
3095
2834
2746
2550
2262
2092
1481
977
648
316
114
-387
-1008
-1590
-1905
-1753
-1780
-2069
-2442
-2623
-2554
-2701
-2819
-3043
-3635
-4040
-4254
-4309
-4234
-4198
-4111
-4247
-4295
-3896
-3450
-3117
-3002
-3008
-2842
-2806
-2928
-2879
-2778
-2763
-2735
-2656
-2507
-2204
-1891
-1758
-1724
-1612
-1587
-1559
-1348
-1136
-1023
-1199
-1329
-1344
-1287
-1282
-1583
-1757
-1890
-1880
-1687
-1740
-1775
-1694
-1758
-1737
-1631
-1539
-1584
-1667
-1439
-1406
-1301
-972
-805
-614
-416
-92
202
309
580
873
1034
1459
1916
2225
2416
2449
2615
2776
2859
3101
3326
3328
3412
3884
4292
4341
4374
4166
3823
3833
4034
4272
4387
4393
4293
4067
3928
3943
4080
4226
4317
4348
4239
4065
3959
3760
3476
3282
3107
2921
2709
2664
2885
2913
2586
1902
1118
708
510
426
171
-425
-1080
-1775
-2233
-2346
-2323
-2240
-2456
-2907
-3096
-3175
-3147
-3100
-3202
-3419
-3791
-3980
-4024
-3890
-3588
-3339
-3201
-3195
-3040
-2882
-2897
-2966
-3014
-2931
-2754
-2504
-2306
-2380
-2571
-2626
-2594
-2367
-1991
-1644
-1498
-1662
-1677
-1618
-1609
-1473
-1508
-1580
-1549
-1599
-1601
-1630
-1590
-1407
-1426
-1639
-1914
-1986
-1764
-1454
-1240
-1258
-1311
-1344
-1378
-1457
-1543
-1384
-1203
-946
-539
-235
86
114
40
151
413
935
1282
1649
2036
2224
2393
2291
2214
2326
2555
2916
3219
3670
4030
4167
4167
3981
3871
3829
3873
3924
4027
4247
4251
3993
3640
3391
3438
3642
3717
3751
3700
3541
3530
3493
3437
3333
2979
2656
2437
2337
2441
2518
2518
2395
2173
1983
1622
1133
631
350
294
59
-362
-1102
-1892
-2366
-2516
-2437
-2617
-2917
-3052
-3061
-2911
-2803
-2842
-3198
-3822
-4135
-3822
-3202
-2862
-2957
-3302
-3568
-3556
-3441
-3298
-3174
-3035
-2871
-2751
-2563
-2413
-2363
-2361
-2426
-2287
-1986
-1827
-1789
-1816
-1700
-1440
-1304
-1292
-1324
-1300
-1262
-1247
-1112
-958
-791
-772
-1095
-1442
-1646
-1546
-1205
-942
-813
-773
-839
-871
-930
-987
-908
-909
-654
-334
-190
-75
-229
-307
-378
-233
278
514
853
1149
1335
1668
1779
2050
2314
2409
2677
2827
3017
3251
3400
3585
3457
3373
3531
3528
3558
3580
3718
3802
3728
3769
3621
3599
3683
3513
3285
2983
2909
2974
2856
2894
2894
2607
2155
1720
1670
1684
1624
1659
1489
1351
1363
1324
1236
1021
946
848
501
270
94
-109
-556
-1125
-1588
-2246
-2708
-2706
-2556
-2543
-2743
-2993
-3217
-3250
-3049
-2896
-2943
-3091
-3198
-3138
-3066
-2944
-2891
-3141
-3318
-3247
-3019
-2932
-2975
-2909
-2785
-2589
-2365
-2229
-2314
-2486
-2538
-2407
-2180
-1986
-1722
-1542
-1545
-1440
-1283
-1169
-982
-832
-629
-424
-513
-700
-834
-814
-568
-374
-295
-357
-489
-545
-638
-638
-495
-380
-183
-129
-201
-197
-420
-521
-361
-96
281
422
469
478
512
827
1137
1463
1759
1910
2157
2339
2593
2843
2857
2931
2999
3148
3332
3375
3316
3100
3027
3071
3029
2933
2829
2882
2800
2591
2573
2503
2389
2327
2317
2359
2282
2178
1929
1616
1597
1720
1761
1558
1203
995
840
664
570
493
479
484
619
821
701
540
313
4
-170
-335
-589
-1044
-1510
-1901
-2288
-2684
-2921
-3035
-3116
-3057
-2864
-2532
-2393
-2358
-2333
-2533
-2697
-2764
-2829
-2855
-2807
-2724
-2835
-3004
-2943
-2818
-2717
-2583
-2337
-2090
-1984
-1793
-1592
-1568
-1595
-1588
-1565
-1479
-1204
-813
-536
-424
-420
-450
-601
-733
-611
-437
-325
-314
-247
-166
-177
-212
-380
-494
-554
-492
-271
-155
-31
58
41
-35
-52
86
237
293
351
526
724
916
1025
1204
1333
1328
1530
1729
1986
2306
2531
2680
2719
2858
2937
2810
2746
2785
2842
2827
2751
2791
2751
2591
2480
2313
2071
1925
2059
2211
2222
2224
2124
1877
1522
1283
1289
1283
1312
1295
1003
742
555
329
146
10
109
166
56
78
69
108
121
147
216
0
-207
-395
-603
-702
-740
-845
-1369
-1993
-2299
-2517
-2632
-2447
-2197
-2160
-2257
-2281
-2282
-2392
-2487
-2492
-2526
-2572
-2523
-2490
-2671
-2831
-2719
-2675
-2729
-2619
-2395
-2248
-2149
-1931
-1769
-1759
-1728
-1534
-1351
-1237
-1060
-927
-954
-943
-708
-515
-498
-426
-368
-489
-507
-315
-25
106
57
143
117
-18
0
24
-12
-65
-2
109
95
191
252
112
60
251
529
599
621
781
900
888
998
1299
1468
1549
1754
1973
2125
2281
2447
2553
2574
2730
2862
2671
2515
2512
2510
2424
2228
2179
2022
1796
1819
1893
1879
1700
1619
1589
1443
1374
1351
1188
946
788
717
678
565
454
265
23
-6
85
71
-45
-35
55
13
-44
-42
-124
-288
-350
-243
-120
-119
-201
-398
-649
-834
-888
-810
-874
-1060
-1230
-1502
-1796
-1961
-1904
-1879
-1972
-1936
-1915
-2011
-2075
-2034
-2005
-2061
-2061
-1924
-1889
-1963
-1836
-1731
-1824
-1912
-1798
-1624
-1535
-1304
-1052
-999
-932
-703
-516
-454
-414
-342
-303
-376
-264
18
140
233
314
297
211
191
339
346
298
348
360
376
343
336
318
193
198
371
579
735
816
847
856
867
905
942
998
1086
1157
1286
1383
1437
1495
1561
1657
1752
1931
2016
1995
2142
2326
2395
2384
2281
2128
1887
1665
1594
1522
1494
1433
1328
1116
767
651
570
389
400
421
257
71
-5
-52
-181
-302
-370
-432
-474
-393
-228
-172
-267
-372
-446
-579
-566
-421
-468
-601
-683
-773
-828
-770
-578
-408
-311
-292
-273
-236
-379
-447
-387
-533
-777
-922
-1042
-1293
-1535
-1582
-1679
-1825
-1757
-1598
-1485
-1460
-1363
-1251
-1301
-1261
-1105
-1126
-1313
-1263
-1126
-1253
-1344
-1164
-1027
-1021
-863
-581
-443
-442
-273
-53
-30
56
274
276
177
315
521
494
415
507
485
352
408
555
521
423
496
581
578
619
728
727
605
612
722
714
707
804
750
593
541
532
486
441
479
520
525
512
538
628
715
824
972
1082
1114
1182
1198
1178
1219
1219
1222
1113
944
785
638
545
444
432
367
143
-11
-119
-246
-348
-395
-388
-436
-500
-534
-625
-686
-674
-734
-852
-955
-1012
-987
-980
-1003
-1058
-1199
-1331
-1370
-1372
-1351
-1221
-1096
-995
-769
-544
-381
-201
-22
93
182
231
181
64
-13
-121
-401
-654
-820
-946
-1045
-1068
-932
-823
-788
-657
-504
-455
-335
-179
-205
-245
-158
-73
-95
-153
-115
-135
-191
-110
47
181
253
463
663
701
821
995
1042
1073
1176
1206
1145
1113
1147
1150
1116
1045
971
939
933
1009
1084
1086
1093
1141
1177
1143
1158
1191
1116
1064
1006
952
903
790
727
655
530
370
266
292
284
360
534
607
641
654
642
675
774
932
1005
905
770
657
506
374
344
316
100
-149
-265
-431
-597
-607
-621
-764
-923
-999
-1097
-1220
-1176
-1114
-1192
-1331
-1406
-1439
-1560
-1573
-1533
-1655
-1792
-1807
-1843
-1953
-1927
-1788
-1681
-1607
-1478
-1358
-1259
-1038
-756
-474
-252
-103
41
183
350
463
443
414
355
240
201
132
-78
-274
-279
-295
-434
-423
-324
-292
-174
107
337
358
339
357
216
102
234
293
150
93
176
100
-8
158
378
421
500
777
898
864
935
1023
980
953
1040
971
802
820
930
861
783
930
1066
1113
1169
1156
1056
973
1001
1121
1146
1048
920
757
637
569
536
436
205
77
25
-79
-186
-315
-447
-529
-516
-404
-283
-250
-236
-169
-129
-158
-167
-121
-137
-230
-260
-335
-474
-534
-535
-560
-627
-638
-743
-900
-845
-691
-643
-728
-795
-863
-1041
-1193
-1214
-1269
-1410
-1512
-1619
-1778
-1902
-1946
-2001
-2049
-1949
-1834
-1872
-1873
-1628
-1398
-1326
-1156
-923
-856
-768
-459
-226
-183
-78
125
208
284
585
707
637
788
1019
1026
906
963
1035
865
836
1040
962
761
784
858
775
757
934
938
837
862
906
811
676
659
677
625
611
717
779
737
813
1041
1117
1029
1071
1189
1166
1196
1353
1326
1139
1132
1301
1309
1248
1314
1305
1158
1171
1396
1378
1150
1089
1088
917
784
802
667
461
433
353
55
-175
-302
-450
-567
-626
-594
-693
-891
-885
-860
-933
-950
-932
-928
-907
-853
-840
-941
-1013
-1090
-1160
-1111
-1133
-1126
-1092
-1130
-1084
-985
-962
-1058
-1106
-1095
-1160
-1185
-1216
-1347
-1478
-1637
-1777
-1922
-2109
-2221
-2271
-2275
-2219
-2121
-2109
-2168
-2086
-1880
-1680
-1489
-1295
-1126
-984
-813
-532
-321
-212
-118
-77
-27
50
247
443
554
750
964
1060
1175
1440
1672
1786
1927
2074
2049
1935
1964
2006
1847
1701
1642
1448
1230
1246
1358
1290
1213
1276
1250
1141
1198
1266
1160
1085
1073
1018
886
832
887
833
813
911
941
920
998
1231
1423
1419
1396
1405
1385
1309
1353
1520
1487
1362
1279
1210
1098
1009
961
779
662
628
485
297
100
-21
-204
-493
-653
-775
-937
-1123
-1289
-1386
-1599
-1839
-1914
-1960
-2038
-2101
-2136
-2186
-2278
-2278
-2199
-2182
-2172
-2147
-2113
-2073
-1943
-1783
-1769
-1780
-1703
-1608
-1601
-1600
-1533
-1567
-1721
-1746
-1744
-1836
-1909
-1943
-1946
-2024
-2039
-2021
-2073
-2012
-1898
-1819
-1792
-1701
-1494
-1337
-1204
-984
-856
-787
-600
-401
-272
-154
32
130
203
417
608
722
865
1092
1302
1490
1771
2003
2068
2177
2343
2457
2532
2618
2661
2544
2442
2371
2241
2180
2163
2166
2092
2004
1979
1949
1985
2037
2067
2044
1970
1902
1840
1819
1843
1760
1642
1576
1539
1574
1657
1659
1549
1581
1618
1622
1664
1699
1719
1652
1599
1547
1461
1355
1249
1149
1082
967
808
652
432
207
22
-118
-329
-566
-701
-860
-1116
-1302
-1395
-1626
-1833
-1839
-1982
-2290
-2330
-2254
-2398
-2520
-2478
-2527
-2679
-2658
-2563
-2610
-2624
-2505
-2505
-2584
-2516
-2337
-2216
-2245
-2146
-2015
-2066
-2051
-1961
-1926
-1960
-1956
-1971
-2064
-2131
-2131
-2095
-2076
-2029
-1931
-1877
-1871
-1725
-1563
-1470
-1323
-1138
-999
-939
-812
-663
-568
-504
-423
-303
-170
-13
108
235
420
571
680
871
1083
1255
1442
1642
1850
1994
2191
2399
2471
2556
2652
2653
2623
2674
2715
2643
2609
2696
2649
2538
2577
2625
2546
2551
2633
2612
2585
2554
2539
2479
2381
2371
2269
2105
2046
1985
1895
1808
1812
1785
1659
1648
1715
1712
1676
1681
1668
1601
1566
1558
1434
1274
1135
1015
837
643
505
334
139
-60
-168
-350
-615
-757
-885
-1072
-1243
-1378
-1557
-1803
-1923
-1941
-2082
-2281
-2414
-2484
-2607
-2702
-2682
-2775
-2978
-3006
-2970
-3073
-3028
-2900
-2960
-2999
-2895
-2767
-2732
-2708
-2573
-2541
-2550
-2398
-2296
-2309
-2273
-2229
-2256
-2266
-2133
-2021
-2010
-1857
-1714
-1718
-1654
-1514
-1408
-1299
-1182
-1064
-1000
-963
-793
-619
-500
-363
-264
-225
-133
138
477
611
717
921
1027
1126
1350
1636
1719
1751
1959
2032
2055
2274
2457
2423
2458
2616
2597
2546
2644
2750
2717
2598
2626
2607
2481
2515
2555
2482
2403
2416
2487
2446
2448
2441
2344
2353
2338
2287
2231
2161
2095
1988
1888
1895
1936
1844
1755
1704
1654
1663
1682
1648
1530
1398
1272
1068
896
831
651
379
173
22
-204
-452
-482
-586
-899
-1093
-1207
-1443
-1623
-1651
-1779
-2009
-2177
-2248
-2394
-2481
-2444
-2561
-2776
-2877
-2846
-2844
-2872
-2850
-2821
-2900
-2902
-2776
-2726
-2710
-2647
-2530
-2511
-2473
-2352
-2329
-2359
-2244
-2139
-2156
-2087
-1966
-1886
-1813
-1668
-1533
-1495
-1461
-1320
-1196
-1111
-949
-846
-813
-751
-596
-507
-515
-410
-310
-223
-35
153
238
280
341
493
679
831
1012
1048
1072
1220
1389
1503
1624
1734
1755
1817
1931
2050
2087
2167
2194
2178
2248
2276
2273
2259
2294
2389
2429
2429
2529
2523
2524
2614
2616
2585
2552
2551
2522
2465
2369
2269
2132
1995
1926
1899
1847
1755
1724
1645
1606
1634
1603
1484
1348
1244
1121
989
817
627
418
237
67
-83
-248
-415
-524
-662
-839
-984
-1065
-1177
-1299
-1454
-1576
-1680
-1852
-1995
-2113
-2230
-2336
-2415
-2553
-2644
-2662
-2676
-2745
-2819
-2821
-2831
-2831
-2802
-2787
-2809
-2791
-2769
-2705
-2614
-2552
-2485
-2443
-2349
-2259
-2151
-2028
-1948
-1891
-1804
-1690
-1614
-1535
-1469
-1378
-1273
-1156
-1014
-907
-818
-734
-665
-560
-414
-311
-200
-138
-13
120
173
293
372
458
537
649
757
873
1011
1127
1239
1343
1457
1526
1638
1753
1835
1909
1987
2045
2085
2140
2238
2314
2317
2364
2373
2393
2434
2492
2496
2460
2469
2468
2503
2504
2457
2409
2372
2333
2307
2269
2224
2141
2053
1986
1906
1882
1826
1797
1709
1589
1550
1454
1382
1356
1260
1096
997
927
756
616
537
384
208
69
-63
-234
-352
-459
-649
-801
-975
-1119
-1266
-1422
-1513
-1675
-1826
-1919
-2045
-2164
-2290
-2422
-2482
-2576
-2647
-2651
-2667
-2770
-2891
-2873
-2881
-2930
-2892
-2807
-2827
-2805
-2701
-2668
-2693
-2575
-2393
-2452
-2401
-2188
-2092
-2066
-1952
-1840
-1835
-1741
-1584
-1522
-1412
-1227
-1135
-1052
-913
-761
-643
-525
-382
-283
-169
-15
104
175
265
383
459
525
616
715
762
873
995
1046
1123
1236
1389
1465
1515
1633
1705
1723
1745
1788
1815
1811
1831
1847
1834
1841
1897
1900
1854
1892
1924
1902
1913
1970
1954
1933
1927
1928
1882
1792
1759
1733
1694
1600
1602
1581
1467
1409
1382
1336
1279
1261
1211
1159
1076
1011
956
865
791
709
575
441
352
218
70
-91
-213
-325
-466
-582
-703
-816
-943
-1046
-1129
-1242
-1366
-1447
-1549
-1643
-1712
-1830
-1932
-2006
-2107
-2189
-2189
-2222
-2279
-2326
-2369
-2403
-2410
-2370
-2381
-2385
-2333
-2285
-2295
-2296
-2222
-2165
-2190
-2127
-2002
-1954
-1877
-1783
-1698
-1648
-1551
-1421
-1370
-1267
-1114
-991
-888
-749
-599
-550
-462
-290
-208
-146
-39
50
104
203
334
384
501
626
681
788
935
1038
1096
1205
1276
1288
1330
1421
1477
1504
1596
1641
1634
1648
1689
1724
1760
1816
1867
1870
1900
1978
1990
2012
2027
2027
1993
1979
1997
1971
1940
1909
1834
1765
1773
1743
1659
1622
1621
1575
1502
1440
1375
1307
1267
1209
1079
981
906
828
717
607
536
410
290
232
148
19
-61
-117
-231
-344
-381
-429
-532
-632
-692
-757
-854
-904
-969
-1100
-1187
-1197
-1232
-1323
-1349
-1367
-1455
-1530
-1530
-1556
-1639
-1661
-1640
-1687
-1748
-1715
-1733
-1813
-1807
-1774
-1786
-1782
-1776
-1756
-1733
-1696
-1628
-1631
-1621
-1543
-1461
-1419
-1354
-1258
-1178
-1075
-972
-908
-856
-773
-704
-623
-537
-438
-362
-315
-245
-125
-4
52
158
239
301
402
506
587
645
726
756
835
943
1003
1060
1115
1217
1310
1366
1435
1499
1546
1612
1688
1714
1669
1686
1704
1674
1723
1748
1710
1690
1727
1746
1728
1728
1729
1688
1634
1602
1545
1491
1430
1355
1312
1251
1094
983
972
894
783
722
612
471
420
381
342
276
134
14
-72
-183
-242
-261
-373
-496
-556
-636
-712
-757
-846
-951
-1007
-1068
-1137
-1172
-1220
-1254
-1268
-1334
-1412
-1411
-1445
-1485
-1444
-1447
-1513
-1549
-1557
-1579
-1580
-1613
-1672
-1686
-1719
-1732
-1677
-1672
-1704
-1694
-1622
-1577
-1524
-1446
-1444
-1423
-1360
-1297
-1259
-1224
-1164
-1076
-999
-913
-808
-760
-738
-613
-465
-431
-321
-197
-148
-56
78
179
214
304
396
473
590
689
766
821
884
952
989
1028
1078
1103
1162
1248
1306
1338
1371
1431
1468
1506
1554
1526
1500
1579
1644
1669
1732
1757
1719
1706
1732
1715
1688
1701
1668
1594
1562
1557
1534
1485
1481
1420
1330
1346
1264
1163
1132
1086
989
849
774
692
572
493
406
257
152
81
-5
-110
-197
-282
-442
-583
-649
-745
-850
-875
-937
-1059
-1126
-1165
-1277
-1352
-1346
-1412
-1506
-1534
-1546
-1603
-1595
-1540
-1577
-1630
-1607
-1623
-1665
-1660
-1627
-1595
-1618
-1624
-1600
-1601
-1567
-1493
-1444
-1407
-1315
-1222
-1189
-1174
-1110
-1058
-1043
-984
-926
-879
-849
-748
-650
-664
-594
-484
-423
-343
-208
-103
-27
87
114
97
173
263
290
368
465
498
578
634
651
701
739
795
860
899
934
1042
1123
1145
1237
1332
1365
1445
1522
1531
1553
1610
1637
1632
1639
1631
1641
1662
1678
1706
1751
1767
1763
1750
1717
1699
1651
1633
1594
1519
1481
1431
1408
1344
1280
1265
1193
1147
1078
990
883
722
578
436
336
223
127
55
-30
-121
-200
-256
-382
-513
-611
-763
-962
-1094
-1161
-1266
-1389
-1457
-1533
-1647
-1698
-1718
-1775
-1826
-1858
-1925
-2019
-2080
-2067
-2061
-2098
-2126
-2128
-2148
-2153
-2080
-2064
-2068
-2011
-2005
-2000
-1927
-1889
-1893
-1759
-1624
-1585
-1427
-1357
-1322
-1216
-1146
-1018
-927
-896
-845
-761
-708
-584
-472
-434
-328
-221
-126
-63
45
152
193
245
331
407
422
517
616
632
701
803
811
807
907
982
1028
1076
1102
1134
1152
1248
1318
1300
1357
1422
1448
1522
1575
1573
1577
1570
1582
1598
1615
1636
1667
1725
1754
1764
1774
1794
1785
1758
1735
1719
1685
1588
1526
1542
1503
1413
1399
1351
1233
1184
1171
1084
973
881
800
681
549
494
419
311
223
133
-5
-123
-206
-350
-454
-545
-666
-770
-875
-970
-1041
-1117
-1203
-1291
-1379
-1437
-1521
-1618
-1675
-1739
-1790
-1822
-1826
-1824
-1873
-1929
-1932
-1927
-1960
-1947
-1924
-1963
-1963
-1915
-1886
-1856
-1785
-1712
-1664
-1605
-1544
-1485
-1407
-1322
-1261
-1230
-1154
-1081
-1001
-907
-839
-710
-593
-523
-433
-317
-231
-143
-16
45
115
266
363
392
455
519
570
643
711
736
755
836
895
909
946
1011
1069
1075
1101
1149
1181
1240
1289
1307
1331
1394
1443
1421
1446
1524
1538
1518
1608
1671
1627
1691
1771
1732
1715
1756
1750
1737
1777
1760
1694
1686
1706
1643
1604
1644
1588
1487
1445
1427
1356
1268
1208
1117
1058
990
881
802
736
625
483
376
283
168
17
-92
-156
-290
-401
-472
-603
-722
-818
-906
-1033
-1149
-1215
-1350
-1457
-1505
-1591
-1703
-1777
-1826
-1900
-1944
-1949
-1967
-2017
-2057
-2091
-2137
-2120
-2122
-2173
-2139
-2096
-2113
-2082
-2029
-1978
-1932
-1900
-1825
-1793
-1732
-1667
-1640
-1551
-1497
-1449
-1335
-1222
-1119
-1007
-908
-815
-763
-733
-641
-535
-432
-341
-285
-192
-104
-10
88
166
230
285
346
420
507
596
668
699
775
845
898
962
1012
1082
1117
1169
1269
1297
1288
1356
1385
1385
1448
1476
1506
1561
1549
1540
1562
1575
1586
1600
1644
1650
1658
1661
1647
1664
1633
1606
1599
1610
1593
1586
1572
1503
1450
1361
1333
1313
1221
1174
1099
966
894
844
758
685
622
551
523
475
384
315
199
82
-3
-112
-227
-323
-415
-551
-660
-713
-787
-840
-911
-1069
-1163
-1225
-1301
-1378
-1418
-1442
-1565
-1630
-1672
-1766
-1786
-1770
-1832
-1877
-1852
-1860
-1853
-1848
-1816
-1767
-1739
-1683
-1677
-1663
-1618
-1587
-1538
-1507
-1463
-1404
-1357
-1279
-1186
-1112
-998
-912
-843
-718
-636
-555
-457
-383
-306
-222
-143
-31
91
183
282
375
430
472
561
649
678
781
885
884
944
1020
1085
1171
1228
1297
1325
1348
1394
1413
1455
1465
1459
1507
1537
1522
1559
1610
1619
1654
1651
1658
1714
1693
1656
1630
1563
1508
1485
1460
1424
1410
1377
1345
1317
1272
1253
1210
1156
1118
1046
965
918
855
760
708
678
622
569
498
426
374
299
200
108
38
-39
-137
-229
-285
-330
-375
-407
-440
-488
-579
-668
-762
-882
-981
-1043
-1126
-1201
-1221
-1249
-1304
-1312
-1322
-1383
-1417
-1478
-1543
-1577
-1615
-1673
-1720
-1724
-1711
-1675
-1654
-1622
-1618
-1625
-1588
-1564
-1548
-1498
-1484
-1519
-1494
-1455
-1414
-1337
-1277
-1231
-1127
-1046
-999
-934
-878
-813
-743
-653
-587
-509
-441
-389
-285
-224
-175
-107
-30
74
173
267
379
454
494
579
653
697
745
800
882
940
1004
1079
1139
1186
1221
1270
1288
1284
1313
1331
1298
1338
1379
1387
1390
1362
1368
1339
1345
1363
1319
1231
1179
1151
1053
1006
973
941
905
847
814
761
768
724
661
633
556
489
418
362
313
270
229
183
144
120
82
-7
-93
-168
-239
-323
-397
-457
-534
-600
-642
-664
-723
-769
-791
-828
-863
-902
-926
-950
-1022
-1066
-1062
-1087
-1088
-1106
-1166
-1179
-1169
-1213
-1224
-1184
-1212
-1210
-1205
-1222
-1182
-1122
-1094
-1080
-1015
-973
-930
-876
-840
-799
-784
-745
-709
-664
-582
-519
-463
-391
-359
-299
-181
-120
-64
-31
-9
43
79
144
234
304
313
383
468
495
611
697
749
838
901
932
940
969
979
993
1022
1060
1106
1120
1134
1146
1179
1190
1202
1230
1230
1224
1202
1197
1199
1182
1150
1181
1194
1162
1187
1187
1143
1148
1110
1039
1057
1030
976
922
856
815
785
766
732
720
708
654
606
566
478
421
385
312
236
179
129
45
-8
-52
-118
-168
-206
-251
-290
-336
-400
-455
-523
-586
-652
-729
-802
-898
-952
-973
-1024
-1027
-991
-1039
-1110
-1130
-1214
-1290
-1330
-1358
-1385
-1426
-1376
-1399
-1428
-1385
-1405
-1394
-1357
-1318
-1320
-1302
-1271
-1282
-1258
-1209
-1181
-1139
-1096
-1082
-1037
-969
-906
-866
-823
-745
-690
-656
-615
-590
-547
-472
-390
-308
-256
-219
-184
-146
-96
-23
45
102
172
244
293
363
453
478
519
577
621
649
663
717
760
794
823
856
886
909
965
972
988
1027
1028
1072
1084
1056
1061
1083
1073
1051
1071
1047
1043
1068
1050
1042
1033
996
964
927
875
867
843
824
822
773
718
673
611
546
501
472
408
345
314
264
193
128
64
-21
-71
-111
-153
-184
-235
-307
-356
-403
-485
-528
-590
-650
-696
-740
-788
-838
-859
-906
-936
-969
-992
-1017
-1043
-1062
-1070
-1060
-1090
-1087
-1085
-1119
-1126
-1111
-1121
-1132
-1118
-1132
-1119
-1071
-1054
-1007
-951
-953
-915
-865
-840
-793
-737
-697
-665
-584
-537
-515
-487
-459
-411
-357
-273
-218
-153
-89
-28
55
103
131
161
213
261
317
375
422
480
506
554
609
635
699
767
799
837
902
913
922
929
925
937
925
944
989
1021
1013
1013
1038
1030
1020
1038
1024
985
968
933
899
863
836
833
804
792
776
725
722
718
633
581
574
523
479
456
426
385
347
316
264
211
187
159
131
110
104
67
6
8
-40
-99
-131
-170
-197
-238
-273
-281
-302
-353
-375
-404
-450
-459
-461
-471
-495
-533
-575
-637
-662
-681
-725
-728
-719
-712
-729
-733
-729
-746
-751
-734
-702
-699
-686
-661
-649
-637
-627
-590
-562
-548
-523
-503
-495
-449
-396
-392
-346
-310
-302
-249
-207
-167
-93
-49
-23
45
90
121
171
193
201
254
309
311
330
362
374
410
479
504
533
571
566
600
631
643
652
643
657
674
688
712
712
728
723
693
666
620
598
572
563
549
512
498
479
458
442
451
448
436
433
403
383
350
301
262
219
209
180
172
189
163
110
66
26
-49
-93
-129
-155
-206
-237
-237
-268
-276
-313
-344
-357
-394
-421
-424
-441
-459
-457
-468
-514
-531
-528
-558
-541
-544
-562
-549
-560
-565
-548
-574
-596
-611
-636
-639
-650
-663
-678
-684
-679
-654
-604
-548
-521
-495
-456
-477
-486
-449
-435
-428
-415
-375
-350
-340
-316
-309
-281
-265
-248
-197
-170
-155
-112
-91
-80
-19
-2
1
37
72
117
154
196
215
233
251
265
321
366
410
470
480
484
519
517
521
537
516
513
562
574
582
613
629
645
632
621
612
585
573
572
561
562
563
536
527
520
510
494
442
421
398
332
299
281
247
219
200
179
129
84
65
31
-5
-11
-35
-87
-104
-121
-188
-244
-263
-289
-316
-314
-319
-353
-381
-376
-375
-392
-411
-425
-474
-523
-542
-577
-569
-558
-561
-555
-564
-538
-490
-450
-408
-377
-390
-382
-377
-397
-397
-369
-342
-339
-297
-268
-264
-229
-178
-140
-101
-57
-58
-64
-66
-63
-65
-62
-32
-30
-43
-20
5
14
54
103
102
111
150
146
154
170
189
200
189
222
233
234
265
316
338
345
395
424
424
439
461
457
441
459
468
471
493
492
483
465
485
513
496
515
522
484
455
478
495
452
441
470
445
424
469
477
440
446
451
419
384
397
414
362
331
328
284
239
230
203
124
61
45
14
-23
-39
-72
-123
-154
-166
-211
-253
-274
-322
-379
-393
-401
-465
-514
-513
-543
-578
-558
-571
-618
-650
-655
-671
-706
-694
-675
-685
-688
-669
-653
-657
-636
-587
-574
-577
-506
-458
-463
-422
-398
-403
-400
-385
-371
-360
-315
-286
-262
-262
-239
-208
-208
-175
-162
-134
-105
-107
-73
-43
-36
13
51
54
84
137
157
182
224
253
288
313
339
359
377
405
425
443
454
485
510
521
545
546
514
510
528
502
527
566
533
543
559
537
548
544
538
538
512
499
488
448
388
384
375
318
306
316
291
288
319
310
286
292
276
217
188
175
152
130
127
121
81
48
33
17
-29
-40
-52
-101
-151
-195
-265
-344
-388
-451
-509
-525
-521
-531
-533
-530
-553
-577
-584
-610
-628
-671
-726
-723
-762
-788
-764
-767
-788
-795
-790
-780
-770
-769
-751
-751
-753
-755
-761
-757
-765
-721
-697
-679
-604
-563
-520
-459
-402
-364
-321
-289
-299
-290
-279
-270
-236
-174
-117
-52
11
62
144
216
281
330
376
394
428
498
499
509
549
564
587
627
680
731
774
819
854
855
851
871
862
820
810
804
777
777
809
813
810
819
809
788
791
790
740
698
678
630
591
562
543
533
497
469
462
457
407
384
387
332
295
256
195
158
132
105
91
61
0
-54
-80
-104
-135
-151
-176
-184
-236
-263
-269
-310
-323
-344
-355
-386
-402
-417
-441
-459
-498
-530
-559
-590
-594
-598
-635
-641
-623
-626
-654
-661
-659
-681
-674
-649
-652
-658
-651
-643
-638
-643
-625
-619
-634
-628
-589
-552
-530
-481
-433
-418
-380
-308
-290
-272
-217
-169
-138
-89
-23
-6
14
49
77
104
138
193
218
229
264
303
311
321
352
333
333
373
388
434
493
524
535
544
557
575
586
605
633
619
603
614
597
573
571
572
556
521
525
544
548
557
556
530
514
495
450
428
418
425
403
392
400
344
314
301
254
218
187
124
74
36
-13
-66
-93
-106
-146
-178
-185
-196
-209
-213
-225
-236
-246
-274
-300
-316
-347
-398
-449
-481
-487
-503
-514
-509
-533
-556
-572
-583
-576
-579
-569
-572
-603
-620
-638
-649
-638
-641
-651
-638
-629
-630
-616
-609
-624
-619
-606
-616
-610
-579
-572
-541
-499
-495
-490
-473
-466
-466
-445
-424
-400
-361
-333
-318
-287
-254
-254
-238
-202
-156
-81
-41
-12
21
20
38
78
118
146
196
233
251
323
380
404
457
480
468
513
545
568
629
664
681
700
739
770
775
822
856
855
888
897
899
878
851
851
821
790
786
783
733
720
722
694
666
648
626
574
554
528
466
418
401
369
320
316
310
254
203
186
150
100
82
59
-22
-63
-83
-139
-194
-215
-225
-277
-315
-322
-351
-362
-352
-401
-438
-456
-499
-557
-601
-603
-627
-662
-657
-649
-682
-689
-686
-711
-717
-721
-739
-761
-742
-717
-730
-725
-704
-693
-673
-658
-645
-639
-628
-602
-571
-537
-537
-527
-520
-491
-455
-430
-380
-371
-351
-308
-276
-240
-203
-168
-145
-115
-63
-21
-2
31
65
81
118
157
172
194
231
246
250
283
318
352
391
435
459
480
508
528
548
554
580
611
625
658
699
725
753
774
763
754
754
761
776
777
777
786
763
744
741
730
719
729
724
693
675
655
632
600
564
535
489
441
441
409
348
330
302
243
197
169
116
67
40
-21
-82
-117
-144
-195
-240
-249
-299
-362
-395
-435
-504
-536
-547
-581
-613
-653
-698
-748
-766
-788
-814
-834
-834
-832
-866
-854
-827
-834
-829
-811
-815
-822
-805
-796
-783
-746
-731
-716
-695
-669
-643
-627
-606
-564
-516
-497
-473
-434
-402
-371
-335
-304
-278
-237
-196
-156
-112
-101
-90
-68
-50
-30
-18
6
40
61
88
113
129
143
162
186
238
276
292
335
352
376
392
393
405
418
441
470
490
488
500
508
507
510
546
543
541
566
553
557
565
576
563
559
548
534
534
516
502
474
472
460
424
382
371
390
363
355
354
322
301
285
257
229
219
179
123
109
98
49
41
46
12
5
-9
-40
-48
-71
-117
-158
-199
-224
-235
-261
-277
-280
-294
-319
-312
-299
-318
-317
-308
-347
-370
-356
-378
-386
-372
-389
-397
-394
-400
-388
-381
-383
-368
-377
-383
-356
-359
-369
-338
-328
-350
-331
-309
-299
-265
-231
-222
-209
-179
-163
-132
-100
-86
-74
-64
-42
-19
18
51
67
114
136
151
182
194
204
233
255
251
287
326
315
339
355
350
372
382
392
402
410
424
422
416
433
425
398
386
389
375
366
391
402
390
400
378
337
337
329
297
286
296
278
262
273
268
237
211
208
199
161
154
140
91
67
44
20
-21
-15
-26
-79
-70
-82
-115
-138
-157
-205
-240
-247
-271
-299
-313
-326
-352
-375
-380
-371
-386
-392
-389
-420
-461
-455
-454
-474
-464
-450
-450
-446
-437
-451
-458
-458
-446
-434
-430
-418
-411
-396
-386
-374
-356
-349
-340
-310
-283
-256
-221
-200
-199
-189
-177
-150
-117
-74
-28
-4
16
39
41
49
98
126
150
187
198
203
217
244
265
276
287
285
276
289
294
297
328
350
355
367
381
380
381
378
370
348
337
341
328
315
294
281
265
263
260
237
216
204
189
162
166
152
134
134
110
94
98
106
103
115
123
104
96
77
67
43
15
14
-3
-22
-39
-45
-56
-65
-78
-104
-124
-145
-160
-170
-173
-201
-217
-244
-274
-280
-299
-304
-312
-322
-345
-353
-363
-388
-399
-421
-433
-444
-443
-427
-440
-453
-442
-441
-436
-421
-411
-403
-407
-421
-409
-385
-383
-376
-356
-336
-317
-286
-243
-215
-183
-161
-133
-103
-76
-32
6
46
71
117
142
170
203
202
226
240
268
293
326
353
362
400
411
414
430
437
452
475
482
470
487
506
505
509
491
481
470
466
481
475
472
473
476
486
498
498
515
516
501
503
492
496
515
510
490
467
449
453
463
475
480
477
476
460
440
409
370
335
300
254
211
162
118
83
34
-29
-67
-108
-138
-143
-174
-203
-247
-277
-289
-318
-338
-343
-366
-411
-426
-456
-484
-500
-523
-556
-577
-578
-583
-572
-571
-573
-575
-588
-584
-586
-590
-586
-593
-612
-622
-618
-613
-616
-611
-603
-611
-600
-588
-573
-554
-532
-511
-514
-498
-472
-467
-447
-414
-401
-367
-317
-288
-249
-204
-152
-106
-74
-35
-1
21
51
97
129
165
226
259
287
314
340
356
367
392
398
401
419
445
463
486
513
518
526
547
562
560
577
597
592
603
612
605
595
589
604
594
582
586
580
560
545
535
504
486
470
441
429
415
388
364
345
325
289
268
258
225
195
178
145
115
104
80
63
39
12
-13
-49
-82
-125
-158
-209
-242
-250
-288
-313
-336
-371
-415
-434
-460
-498
-514
-531
-546
-569
-583
-588
-608
-614
-601
-604
-616
-624
-641
-651
-646
-631
-626
-615
-598
-602
-585
-548
-531
-517
-493
-477
-452
-430
-401
-361
-340
-325
-311
-288
-258
-215
-188
-157
-114
-92
-62
-22
10
24
42
56
53
71
104
117
143
173
200
218
260
304
315
336
352
377
386
422
454
468
480
474
488
496
519
544
555
569
584
594
596
616
623
614
627
634
617
617
625
611
597
596
579
559
543
525
508
490
470
459
454
425
406
388
358
333
300
258
211
179
157
109
78
70
32
-3
-33
-68
-103
-135
-157
-180
-200
-220
-252
-299
-320
-325
-336
-347
-355
-374
-389
-397
-401
-404
-419
-434
-447
-460
-462
-458
-461
-470
-485
-488
-497
-513
-520
-522
-509
-510
-499
-495
-485
-472
-464
-451
-441
-420
-410
-384
-364
-345
-326
-326
-305
-283
-253
-217
-200
-185
-178
-173
-159
-131
-113
-91
-53
-27
-3
18
43
44
69
102
123
152
174
192
203
234
254
273
299
330
355
360
371
384
388
393
414
426
426
446
455
458
469
480
496
504
506
506
496
492
489
474
467
468
453
429
409
395
381
376
359
332
320
282
253
223
185
165
128
95
75
57
23
-3
-16
-44
-64
-92
-133
-157
-189
-212
-227
-253
-259
-276
-305
-324
-340
-365
-381
-382
-394
-411
-423
-424
-457
-477
-472
-478
-489
-485
-469
-482
-473
-464
-475
-494
-507
-512
-530
-530
-517
-509
-493
-462
-453
-449
-431
-424
-404
-380
-351
-332
-324
-295
-272
-256
-230
-194
-180
-156
-119
-105
-80
-56
-25
4
41
55
66
92
102
123
131
142
166
192
217
245
256
271
303
302
312
332
356
369
381
407
431
445
456
471
475
474
488
500
508
522
516
524
538
531
534
544
541
548
559
557
553
532
513
491
456
443
434
426
427
407
371
348
325
277
247
228
200
169
144
122
84
51
13
-15
-33
-68
-78
-83
-92
-107
-148
-181
-203
-244
-267
-286
-320
-335
-360
-380
-397
-435
-444
-468
-497
-513
-538
-541
-544
-542
-547
-558
-559
-567
-575
-588
-567
-561
-565
-541
-543
-536
-523
-511
-501
-488
-467
-467
-450
-422
-403
-388
-368
-343
-337
-333
-303
-274
-260
-229
-203
-189
-176
-160
-147
-142
-110
-78
-56
-49
-22
20
51
91
124
142
158
178
178
190
210
223
263
290
307
333
353
370
385
408
418
443
474
487
516
546
551
548
562
579
586
595
610
616
608
599
603
589
571
572
556
552
545
536
521
507
493
459
430
410
385
341
306
264
228
197
156
139
110
83
60
25
1
-17
-38
-59
-71
-92
-120
-130
-145
-165
-199
-222
-241
-254
-268
-290
-304
-327
-344
-369
-383
-403
-432
-448
-464
-485
-509
-514
-520
-538
-558
-568
-578
-591
-597
-599
-612
-624
-630
-628
-620
-616
-594
-562
-536
-514
-498
-479
-459
-453
-446
-428
-413
-397
-375
-336
-305
-282
-251
-220
-200
-185
-158
-132
-116
-99
-84
-60
-28
3
40
73
114
134
142
167
197
197
200
238
256
268
298
329
341
375
401
416
437
444
462
456
459
461
452
443
448
465
457
470
476
449
441
441
419
397
401
415
407
405
418
418
407
403
397
366
358
351
324
293
267
239
229
226
202
190
184
165
138
114
89
60
46
23
10
-8
-27
-39
-68
-98
-122
-140
-162
-166
-173
-182
-186
-195
-199
-204
-210
-235
-258
-274
-297
-310
-314
-307
-301
-309
-311
-321
-318
-295
-287
-283
-282
-288
-298
-307
-304
-308
-297
-275
-265
-258
-249
-238
-240
-218
-209
-212
-210
-194
-179
-184
-156
-140
-142
-132
-112
-92
-86
-58
-30
-12
4
25
52
77
96
120
142
148
154
163
176
173
160
158
154
140
123
125
124
116
123
128
121
114
111
112
109
98
95
106
116
111
117
136
156
171
175
170
171
184
184
169
170
166
152
149
148
138
123
112
97
89
68
38
13
-24
-44
-61
-74
-81
-89
-92
-88
-97
-117
-120
-117
-135
-162
-166
-188
-189
-177
-188
-190
-183
-183
-190
-192
-210
-230
-235
-224
-218
-208
-198
-203
-204
-187
-156
-138
-140
-126
-123
-137
-129
-122
-134
-126
-112
-118
-100
-79
-74
-74
-68
-47
-49
-47
-33
-20
-10
0
7
7
25
53
78
92
109
124
117
127
132
141
159
164
159
157
167
171
177
168
158
150
152
169
173
181
189
191
197
211
215
193
185
182
192
216
219
230
241
236
238
236
239
233
227
216
199
196
184
177
157
151
162
159
148
139
128
95
86
79
58
50
38
28
17
10
-10
-20
-32
-45
-39
-51
-61
-76
-100
-108
-118
-123
-121
-123
-119
-120
-131
-143
-150
-166
-177
-185
-211
-217
-221
-237
-234
-229
-239
-242
-243
-239
-239
-241
-236
-242
-251
-254
-239
-226
-217
-200
-189
-175
-159
-141
-140
-141
-144
-150
-140
-122
-104
-102
-103
-90
-81
-68
-56
-42
-27
-8
7
8
24
29
32
45
56
67
64
76
95
94
96
113
121
135
144
136
138
144
138
140
161
175
186
208
215
221
239
246
234
225
228
235
224
219
211
201
209
227
236
230
230
215
209
206
207
206
180
168
153
136
131
134
131
125
128
124
109
103
97
77
59
34
11
-23
-38
-65
-98
-107
-130
-139
-138
-128
-130
-132
-131
-134
-150
-159
-173
-205
-232
-258
-281
-295
-294
-298
-299
-291
-284
-293
-300
-313
-322
-335
-359
-370
-376
-373
-380
-378
-374
-361
-361
-356
-351
-363
-363
-371
-371
-359
-343
-337
-311
-289
-282
-279
-279
-269
-260
-240
-224
-200
-193
-176
-131
-103
-92
-83
-58
-35
-11
5
16
28
51
69
95
124
153
181
197
239
251
255
265
282
295
304
325
336
344
358
376
383
391
385
377
380
372
363
347
332
320
306
288
281
269
252
248
258
263
269
265
255
253
239
233
231
224
208
194
186
180
186
187
170
170
172
181
196
189
190
180
168
172
176
165
166
154
128
122
105
72
39
24
-4
-28
-49
-69
-85
-99
-100
-99
-125
-151
-163
-210
-246
-253
-262
-280
-281
-284
-307
-314
-314
-338
-360
-373
-397
-413
-429
-424
-434
-434
-406
-396
-385
-368
-349
-335
-315
-293
-278
-273
-260
-239
-222
-191
-151
-123
-108
-80
-59
-51
-52
-34
-21
-17
9
22
38
52
79
100
108
127
143
151
154
160
169
180
196
210
218
236
242
243
250
249
236
228
235
229
216
210
208
208
202
202
214
218
221
227
224
205
194
196
196
208
209
216
217
211
211
203
190
167
160
159
144
136
132
111
97
91
83
64
53
53
39
32
21
19
21
10
11
4
-2
8
17
18
13
-9
-20
-45
-62
-72
-98
-111
-123
-124
-123
-123
-123
-139
-143
-150
-156
-171
-179
-189
-202
-198
-204
-208
-203
-202
-202
-201
-201
-192
-184
-182
-177
-186
-181
-169
-178
-176
-156
-152
-138
-127
-115
-102
-94
-79
-63
-42
-38
-33
-23
-12
2
11
3
4
4
4
8
11
23
32
39
23
10
9
15
6
4
7
5
18
24
27
25
32
34
38
35
40
44
45
54
50
52
54
51
41
43
31
8
2
-3
0
0
-4
2
5
10
27
31
28
26
28
34
31
33
29
8
14
16
12
12
12
10
-1
-6
-28
-35
-29
-39
-35
-28
-27
-25
-21
-21
-25
-20
-21
-21
-21
-19
-24
-37
-40
-48
-50
-39
-28
-30
-22
-18
-19
-35
-59
-52
-57
-62
-62
-43
-26
-17
5
9
12
16
19
20
14
18
23
11
17
23
15
14
6
0
3
11
11
12
21
28
9
6
25
29
29
39
44
60
85
100
109
112
111
104
97
81
83
90
88
91
96
101
105
120
123
123
123
127
122
123
139
139
149
141
131
134
139
136
115
123
124
113
107
103
97
75
54
44
34
36
39
33
39
46
44
38
34
27
21
19
6
-4
-2
-8
-16
-12
-24
-27
-32
-48
-47
-50
-63
-68
-65
-68
-57
-55
-57
-60
-61
-67
-78
-70
-70
-77
-83
-65
-59
-53
-46
-54
-64
-65
-60
-66
-64
-69
-72
-65
-55
-55
-61
-63
-73
-68
-52
-54
-57
-56
-56
-54
-56
-48
-47
-44
-19
0
0
2
20
25
18
28
21
20
27
25
32
30
17
9
2
-7
-4
-12
-20
-20
-25
-26
-12
-3
-10
-5
-8
-19
-6
-9
-23
-22
-24
-27
-31
-26
-13
-17
-24
-15
-11
-15
0
0
-8
-13
-23
-24
-26
-30
-34
-38
-44
-49
-51
-51
-38
-41
-42
-39
-34
-44
-57
-55
-66
-65
-79
-81
-91
-99
-95
-99
-95
-98
-99
-109
-108
-104
-109
-125
-132
-132
-134
-124
-119
-108
-111
-114
-110
-111
-116
-131
-133
-141
-138
-123
-124
-133
-139
-117
-114
-117
-90
-94
-93
-87
-81
-63
-59
-40
-32
-24
-14
-8
-4
4
9
6
18
22
20
17
8
9
17
29
48
64
61
64
75
71
81
97
107
108
110
111
99
102
107
108
106
109
108
105
106
105
117
125
134
139
151
155
157
162
169
186
194
196
191
187
172
169
173
170
173
178
170
156
158
152
156
173
173
176
174
169
165
157
166
155
149
152
139
133
131
125
118
114
109
97
84
80
74
70
72
67
75
65
52
48
41
53
52
38
34
27
23
16
11
20
19
24
39
41
40
32
29
22
11
5
3
-1
-14
-12
-4
-2
0
5
3
6
13
0
-8
-5
-6
-9
-12
-14
-15
-13
-9
-11
-17
-35
-33
-29
-43
-34
-32
-30
-35
-49
-51
-61
-57
-58
-54
-50
-54
-49
-63
-58
-59
-60
-58
-54
-51
-52
-46
-41
-28
-27
-25
-23
-14
-6
-10
-15
-13
-11
-12
-6
-5
-15
-28
-41
-57
-63
-67
-73
-77
-71
-68
-62
-50
-53
-54
-58
-64
-77
-86
-82
-86
-84
-71
-76
-90
-85
-80
-89
-89
-86
-87
-80
-75
-81
-74
-65
-79
-92
-94
-99
-119
-131
-120
-124
-131
-132
-139
-164
-173
-170
-181
-188
-185
-189
-192
-188
-202
-204
-205
-206
-206
-191
-178
-175
-165
-151
-128
-114
-101
-99
-108
-109
-107
-115
-122
-117
-119
-126
-116
-108
-104
-95
-94
-82
-73
-62
-45
-47
-37
-34
-23
-22
-20
9
13
28
24
20
20
18
26
21
19
24
34
41
57
59
58
75
69
66
76
78
91
95
96
111
125
129
123
133
138
143
149
150
156
148
138
146
142
133
133
131
123
121
120
117
119
124
132
131
138
139
136
139
138
146
156
154
147
146
142
151
159
162
159
141
132
116
122
122
115
116
96
83
62
56
55
48
57
59
57
66
75
70
70
73
59
48
56
40
36
32
27
22
15
16
11
19
12
18
20
15
23
23
22
24
37
40
45
55
60
47
27
16
6
-7
-9
-5
-2
4
13
5
7
23
19
25
28
22
17
11
6
8
13
18
29
31
29
31
24
25
17
17
13
3
9
2
15
17
20
29
18
38
42
37
43
53
64
65
75
74
74
81
73
76
71
62
