-39
-76
-39
-57
-56
-57
-59
-44
-53
-58
-105
-52
-49
-50
-48
-43
-59
-53
-19
-58
-49
-96
-59
-13
-78
-70
-9
-22
-56
-58
2
-6
-75
-65
-26
10
-57
-40
1
7
-32
-60
-13
0
-5
3
64
-1
-2
52
32
33
75
41
18
63
45
47
24
43
72
84
19
40
98
48
61
51
120
98
37
67
64
85
48
56
77
60
105
103
83
100
136
100
85
139
114
115
128
86
68
114
94
32
56
98
60
13
83
89
41
52
94
96
95
75
67
132
69
72
121
109
130
91
70
132
142
89
148
160
102
110
149
116
45
129
115
61
107
93
64
53
99
113
83
65
87
76
63
93
68
63
75
96
94
88
100
75
63
63
66
85
49
61
65
57
88
40
44
75
63
87
80
33
72
65
40
59
45
39
53
97
36
7
48
34
-4
13
38
-34
-33
-15
-23
-10
2
3
12
27
24
44
17
1
18
1
-7
-25
-26
3
-4
11
42
-15
-19
19
10
-5
-38
-32
23
-6
-54
-31
-17
0
-21
21
51
-8
14
11
-53
-50
-47
-61
-75
-105
-52
-72
-74
-49
-70
-51
-73
-54
-73
-86
-109
-114
-88
-127
-136
-130
-105
-131
-129
-124
-148
-136
-142
-120
-119
-120
-67
-69
-79
-75
-92
-84
-131
-125
-90
-125
-137
-130
-109
-109
-102
-80
-70
-102
-89
-41
-59
-56
-50
-76
-85
-63
-93
-74
-77
-123
-95
-71
-60
-99
-70
-86
-133
-102
-103
-135
-112
-85
-149
-88
-65
-123
-98
-79
-96
-84
-66
-77
-40
-65
-76
-76
-81
-57
-52
-46
-46
-1
-3
-24
-17
-13
-5
-31
-48
-36
-54
-60
-35
-47
-60
-46
-23
-12
-29
-3
23
-26
-48
-29
-3
-23
-36
-8
-30
-60
-40
-33
-49
-11
-12
-23
-4
5
6
10
26
9
15
8
5
25
72
70
0
51
51
14
16
10
-1
-4
8
1
35
12
1
25
32
37
52
67
60
117
102
52
52
57
47
52
85
83
89
72
83
107
81
84
75
66
117
120
89
121
106
92
125
121
131
134
93
75
120
111
56
55
100
92
60
76
67
81
88
85
98
79
80
110
118
57
44
62
36
64
77
79
92
69
113
118
111
148
115
117
123
102
101
104
110
97
94
79
74
77
63
34
26
23
15
45
46
60
66
51
60
60
102
129
130
103
110
124
100
93
75
88
81
72
62
78
78
59
69
19
18
34
17
18
50
37
13
20
18
30
21
20
21
15
22
39
54
34
-20
-1
0
-50
-29
-29
-56
-71
-35
-27
-55
-7
6
-26
-22
-20
-30
-41
-34
-39
-55
-34
-37
-52
-52
-53
-47
-40
-76
-66
-29
-59
-35
-54
-83
-78
-77
-104
-139
-100
-119
-123
-110
-122
-123
-115
-130
-139
-104
-114
-134
-112
-115
-150
-121
-122
-146
-107
-99
-105
-97
-96
-88
-73
-83
-89
-87
-111
-129
-115
-121
-106
-108
-118
-62
-63
-85
-83
-90
-104
-113
-122
-107
-96
-100
-74
-63
-72
-81
-61
-83
-89
-84
-107
-86
-108
-107
-86
-103
-118
-131
-123
-120
-117
-86
-74
-70
-59
-72
-44
-25
-45
-23
-24
-72
-67
-28
-46
-65
-51
-47
-61
-45
-10
-36
-54
-44
-71
-57
-31
-39
-54
-40
-14
-31
-17
-5
-15
-11
-36
-39
-43
-52
-31
-26
-34
-39
-33
-8
13
39
44
21
3
18
39
43
57
37
36
77
82
74
76
56
35
51
49
46
65
57
64
69
61
62
43
57
64
48
40
62
63
34
52
52
59
68
81
92
77
86
94
90
94
109
112
128
141
136
151
154
133
142
164
144
160
174
144
140
160
169
188
199
196
226
223
210
218
215
189
173
177
180
176
169
186
195
186
196
203
190
207
204
203
191
180
197
169
168
154
138
140
121
122
147
137
130
134
116
106
93
95
72
78
68
36
45
39
65
60
22
25
46
20
30
38
21
44
63
59
24
34
29
0
-9
16
9
-25
-27
-47
-58
-39
-50
-68
-46
-51
-42
-34
-44
-37
-23
-40
-46
-39
-67
-69
-70
-94
-124
-114
-145
-148
-115
-152
-157
-149
-159
-198
-192
-188
-201
-196
-214
-205
-214
-222
-201
-215
-244
-215
-212
-229
-235
-240
-234
-241
-237
-232
-201
-191
-174
-166
-168
-176
-208
-188
-210
-216
-186
-178
-173
-144
-124
-116
-97
-91
-81
-85
-84
-93
-98
-111
-106
-107
-119
-87
-104
-112
-86
-76
-80
-59
-62
-62
-38
-49
-24
-32
-52
-39
-17
-8
-13
6
0
-2
19
8
-5
5
5
18
36
30
40
44
30
19
20
9
18
28
16
25
46
42
34
59
51
37
43
38
27
28
45
35
24
32
34
29
34
34
34
26
19
28
15
0
10
34
44
43
60
77
67
50
43
40
41
35
34
48
79
83
67
86
103
100
89
89
85
69
55
56
46
30
34
50
57
52
46
54
63
38
43
53
46
55
56
56
72
75
51
68
75
70
80
87
75
52
62
59
42
42
52
43
39
59
63
42
41
44
30
41
33
24
30
41
38
48
50
42
71
59
46
57
75
66
77
86
70
72
64
66
63
64
65
59
47
53
47
28
30
27
24
23
34
42
24
2
11
20
2
6
15
14
5
-12
-8
-22
-48
-37
-34
-44
-59
-71
-69
-66
-72
-64
-54
-67
-75
-77
-82
-82
-79
-88
-66
-44
-52
-33
-40
-43
-36
-26
-22
-35
-7
-13
-46
-67
-80
-88
-82
-81
-80
-78
-75
-46
-52
-53
-47
-37
-29
-44
-44
-53
-70
-68
-59
-69
-52
-37
-49
-49
-48
-50
-52
-53
-58
-72
-82
-79
-94
-96
-90
-82
-82
-80
-72
-55
-41
-41
-35
-54
-47
-43
-67
-70
-84
-97
-95
-94
-82
-61
-69
-57
-56
-74
-43
-44
-57
-37
-36
-51
-48
-61
-64
-47
-49
-43
-29
-17
-16
-18
-26
-38
-55
-49
-52
-56
-26
-27
-18
21
16
12
41
18
22
41
28
14
4
-3
-7
5
9
17
12
23
42
37
39
38
27
34
53
35
14
15
13
19
31
26
32
35
33
40
44
54
65
67
42
50
31
11
33
37
27
19
27
25
26
37
48
59
74
86
91
91
92
77
64
68
75
68
55
71
61
48
46
46
49
39
51
43
35
32
33
35
28
32
12
5
33
43
35
51
58
46
67
86
94
98
116
117
112
116
107
93
83
83
78
62
46
45
29
15
25
1
-22
-23
-37
-53
-55
-56
-53
-33
-19
-6
3
16
40
44
41
40
51
61
49
36
37
60
57
52
65
59
58
68
80
65
63
72
73
78
63
70
89
84
92
109
101
95
105
124
123
120
132
105
79
64
49
42
21
11
13
-4
-5
23
9
-10
-5
-22
-32
-26
-35
-29
-11
-18
-20
-3
-11
-7
9
-3
3
0
5
15
-6
-18
-13
-27
-46
-53
-62
-74
-80
-67
-82
-99
-93
-93
-104
-93
-80
-109
-102
-92
-103
-115
-109
-103
-96
-82
-87
-81
-76
-72
-79
-99
-109
-99
-101
-113
-119
-129
-126
-140
-177
-182
-178
-177
-151
-149
-139
-125
-116
-97
-81
-74
-84
-72
-83
-74
-52
-35
-13
-18
-20
-5
-14
-35
-32
-47
-52
-50
-45
-52
-64
-66
-73
-70
-79
-69
-58
-50
-21
0
-19
-30
-17
-16
-13
-12
-8
-7
-8
-15
1
7
-2
1
-7
-28
-41
-51
-68
-66
-62
-74
-71
-54
-42
-31
-34
-34
-24
-29
-10
14
13
26
37
18
-3
-6
-18
-24
0
3
6
19
5
-9
-28
-60
-87
-100
-129
-130
-127
-143
-142
-146
-143
-129
-118
-116
-106
-84
-79
-80
-58
-55
-57
-49
-45
-40
-45
-44
-30
-19
-1
25
35
62
98
114
129
147
171
213
236
255
278
287
326
363
387
408
448
473
489
504
490
495
486
476
469
445
429
411
401
378
345
321
298
277
259
248
231
219
221
213
225
226
231
242
223
204
192
170
142
126
106
89
58
29
0
-56
-87
-117
-140
-163
-191
-214
-233
-269
-320
-352
-386
-419
-452
-471
-474
-478
-474
-471
-479
-480
-455
-428
-409
-369
-353
-352
-325
-295
-288
-276
-255
-252
-253
-253
-245
-236
-226
-203
-161
-124
-118
-85
-42
-7
21
46
73
102
136
166
211
247
269
294
316
351
378
394
425
471
502
533
574
609
647
677
717
772
820
848
883
938
975
1014
1052
1098
1127
1145
1172
1193
1193
1168
1119
1032
942
838
703
543
405
273
84
-92
-224
-381
-534
-624
-700
-805
-925
-1000
-1054
-1109
-1152
-1179
-1223
-1274
-1296
-1294
-1294
-1285
-1227
-1197
-1169
-1092
-1000
-944
-895
-793
-711
-670
-619
-543
-505
-482
-458
-452
-463
-447
-434
-430
-401
-407
-452
-495
-520
-579
-615
-632
-674
-707
-744
-780
-883
-991
-1053
-1125
-1195
-1223
-1230
-1272
-1288
-1256
-1237
-1220
-1177
-1114
-1036
-907
-732
-580
-459
-316
-179
-86
29
157
244
311
383
463
511
541
579
605
647
733
773
753
783
826
850
914
1002
1045
1019
1020
1110
1178
1213
1277
1343
1380
1449
1566
1690
1774
1844
1942
2001
2046
2102
2154
2149
2182
2229
2038
1716
1548
1510
1343
1091
945
722
285
9
105
137
-115
-313
-365
-512
-659
-593
-576
-807
-943
-927
-998
-1068
-985
-984
-1180
-1221
-1035
-986
-1075
-948
-717
-658
-615
-505
-475
-500
-447
-354
-329
-346
-359
-379
-331
-185
-147
-285
-399
-435
-445
-397
-343
-402
-569
-660
-638
-657
-762
-895
-1047
-1206
-1249
-1204
-1202
-1334
-1503
-1545
-1517
-1573
-1691
-1705
-1666
-1680
-1600
-1336
-1178
-1248
-1224
-1010
-845
-775
-615
-427
-375
-281
-36
80
12
68
203
240
272
404
495
472
531
744
890
857
824
870
969
1096
1207
1250
1250
1211
1241
1391
1497
1555
1582
1624
1690
1800
1951
2087
2156
2191
2260
2331
2420
2482
2543
2664
2582
2099
1697
1761
1793
1452
1259
1293
837
132
108
562
525
147
161
207
-60
-77
239
180
-135
-135
-142
-343
-284
0
-123
-492
-453
-275
-470
-662
-407
-177
-269
-324
-251
-261
-356
-418
-453
-485
-570
-703
-719
-514
-334
-468
-724
-802
-855
-951
-884
-807
-944
-1147
-1185
-1148
-1212
-1344
-1491
-1633
-1764
-1801
-1743
-1693
-1764
-1922
-1956
-1909
-2041
-2271
-2238
-2098
-2082
-1972
-1724
-1658
-1782
-1715
-1456
-1365
-1384
-1193
-1028
-1059
-889
-510
-436
-597
-596
-462
-433
-462
-313
-177
-227
-238
-47
109
92
91
178
345
512
626
716
795
862
997
1193
1322
1369
1365
1473
1657
1790
1948
2124
2228
2245
2392
2684
2852
2875
3029
3216
2866
2184
1967
2099
1826
1370
1354
1234
487
-7
387
746
407
126
210
74
-170
67
326
0
-270
-192
-228
-345
-133
163
-54
-344
-162
-53
-286
-322
-6
224
254
302
347
351
331
262
171
82
-77
-271
-249
16
108
-135
-303
-364
-512
-521
-367
-392
-701
-876
-764
-775
-1025
-1306
-1478
-1673
-1869
-1868
-1753
-1720
-1850
-1958
-1886
-1828
-2036
-2202
-2088
-1935
-1803
-1603
-1560
-1910
-2179
-1995
-1718
-1725
-1697
-1490
-1545
-1606
-1122
-460
-293
-457
-452
-334
-316
-220
6
31
-96
-20
145
161
115
142
241
377
637
962
1157
1188
1328
1718
2030
2079
1970
1929
2017
2128
2233
2302
2269
2213
2322
2629
2897
2968
2994
3139
3359
3687
4108
4129
3367
2365
2170
2483
2209
1583
1278
994
275
-54
562
1001
549
24
-90
-288
-601
-640
-556
-752
-758
-299
-114
-138
243
742
745
488
452
359
-32
-243
46
344
220
-140
-378
-383
-319
-438
-696
-808
-910
-1096
-1055
-770
-686
-989
-1151
-1003
-999
-1174
-1343
-1555
-1836
-2031
-1972
-1997
-2282
-2419
-2298
-2146
-2162
-2180
-2048
-1978
-2013
-1927
-1679
-1600
-1802
-1827
-1584
-1688
-2161
-2406
-2338
-2401
-2478
-2073
-1576
-1466
-1398
-1023
-571
-390
-297
-133
-198
-341
-247
-153
-234
-266
-198
-173
-217
-124
194
436
598
848
1174
1468
1744
2093
2378
2514
2450
2292
2258
2235
2189
2232
2379
2551
2617
2741
3033
3232
3266
3312
3463
3738
4157
4738
5150
5051
4372
2824
701
-1204
-2440
-3270
-4255
-4866
-4527
-3891
-3137
-1876
-425
577
906
1274
1871
2117
2258
2495
2370
1872
1328
720
-71
-753
-1041
-1325
-1778
-2066
-1976
-1718
-1418
-738
102
563
845
967
929
902
656
322
-19
-257
-407
-700
-914
-1117
-1583
-2117
-2537
-2817
-2979
-3008
-2694
-2362
-2186
-2021
-1926
-1957
-2264
-2381
-2204
-1960
-1598
-1217
-583
75
264
169
-256
-924
-1444
-1709
-1464
-1318
-1191
-1016
-2022
-3117
-3684
-3850
-3369
-3544
-3091
-1605
-1038
-134
1215
1855
2352
2394
2190
2013
1272
657
492
112
-383
-356
-245
-506
-266
128
288
653
662
990
1898
2407
3087
3668
3615
3454
3092
2720
2373
1818
1414
1384
1611
1850
2267
2786
2909
2957
3287
3805
4337
4809
5455
5716
5153
3613
1282
-633
-2510
-4106
-4879
-5460
-4697
-3484
-2507
-449
1160
2086
2879
2999
3392
3481
3163
3412
3089
2351
1491
371
-727
-2060
-2810
-3386
-4073
-4127
-3891
-3184
-2237
-1314
-288
303
825
1353
1473
1506
1370
1182
871
375
-3
-541
-1105
-1617
-2348
-3039
-3531
-3801
-3847
-3705
-3198
-2704
-2271
-1961
-1917
-1850
-2185
-2416
-2382
-2250
-1635
-1105
-414
285
294
-11
-707
-1464
-1752
-2059
-1718
-1176
-1070
-602
-1439
-2649
-3180
-3965
-3597
-3144
-2851
-1336
-155
613
1889
2492
2253
1985
1680
974
166
-341
-938
-1054
-1057
-1345
-941
-840
-769
87
580
1080
1810
2365
3101
4113
4778
4951
5137
4840
4114
3765
3303
2574
2303
2193
2284
2517
2565
2903
3152
3239
3471
4016
4697
5365
5984
5863
5072
3050
225
-1794
-3779
-5354
-5836
-6231
-5266
-3668
-2484
-449
1048
2000
2812
2995
3307
3534
3528
3425
2947
2218
927
-424
-1532
-3035
-3782
-4302
-4703
-4315
-3828
-2787
-1789
-927
-115
429
1176
1629
1951
2111
1885
1623
972
176
-572
-1565
-2254
-2844
-3550
-4036
-4420
-4349
-4144
-3770
-3058
-2606
-2048
-1974
-1974
-1949
-2526
-2456
-2483
-2212
-1454
-1149
-489
-151
-408
-897
-1837
-2419
-2452
-2535
-1810
-1185
-751
-832
-2579
-3168
-3594
-4201
-3335
-2549
-1662
-395
656
1478
2061
2073
1522
771
362
-136
-689
-832
-1078
-878
-660
-593
-261
-278
182
1129
1526
1909
2620
3381
4136
4840
5213
4932
4513
3916
3191
2947
2480
1890
1933
2080
2227
2447
2519
2792
3006
3321
3889
4655
5459
6142
7142
6717
5667
3668
105
-1966
-4195
-5893
-6117
-6287
-5050
-3811
-2317
-121
966
1996
2839
3116
3677
3991
4392
4174
3254
2796
1148
-557
-1829
-3442
-4047
-4593
-4539
-4076
-3527
-2354
-1619
-790
-60
577
1409
1981
2414
2492
2147
1674
863
-177
-939
-1918
-2725
-3216
-3848
-4168
-4327
-4092
-3778
-3475
-2845
-2477
-1911
-1687
-1721
-1576
-2019
-2065
-1957
-1666
-910
-536
-8
308
24
-416
-1336
-2177
-2185
-2166
-1444
-718
-312
150
-1447
-2535
-2887
-3583
-2949
-2128
-1077
63
1150
2011
2132
2075
1718
1104
611
87
-460
-737
-1012
-925
-856
-815
-264
-228
47
922
1686
2263
2860
3772
4364
4892
4985
4475
4047
3438
2733
2177
1685
1078
796
937
1312
1746
2080
2676
2995
3324
3920
4711
5662
6263
7164
6770
5347
3037
-683
-2910
-4992
-6770
-7239
-7315
-6033
-4857
-3473
-1142
340
1552
2758
3407
4007
4321
4808
4746
3754
3068
1288
-763
-2390
-4095
-4789
-5144
-4808
-4349
-3684
-2253
-1440
-716
101
945
1897
2687
3270
3407
2948
2285
1512
295
-744
-1687
-2572
-3159
-3700
-3913
-4068
-3861
-3566
-3453
-2887
-2494
-1855
-1465
-1323
-968
-1411
-1480
-1379
-1201
-535
-175
305
486
121
-469
-1493
-2273
-2364
-2234
-1549
-713
-363
-1169
-2047
-1935
-3092
-3379
-2348
-1967
-732
554
1489
2001
2107
2123
1472
997
640
59
-324
-455
-266
-182
-166
-163
-467
-454
92
578
1074
1855
2506
3000
3535
3879
3740
3373
3051
2455
2078
1804
1115
766
819
951
1132
1320
1529
1902
2398
3010
3746
4531
5327
6035
6834
6413
5011
2380
-1311
-3879
-5962
-6939
-7392
-7312
-6227
-5362
-3595
-1683
-405
1122
2563
3786
4794
5454
5927
5317
4168
3090
1176
-842
-2527
-3823
-4594
-4744
-4235
-3888
-3392
-2429
-1530
-729
195
1390
2488
3452
4032
4073
3590
2585
1499
145
-1076
-2038
-2908
-3531
-4084
-4294
-4332
-4172
-3764
-3582
-3164
-2569
-1863
-1190
-913
-711
-1096
-1422
-1341
-1127
-488
-108
290
555
226
-213
-1199
-1957
-1917
-1585
-619
211
585
-422
-2043
-2323
-2877
-2825
-1749
-1065
-104
940
2088
2628
2362
2193
1624
1179
799
126
-243
-472
-303
-195
-434
-421
-816
-1143
-609
242
1069
1746
2521
3055
3341
3576
3298
2905
2459
1885
1655
1416
1041
815
784
1115
1440
1542
1725
1948
2265
3000
4016
5109
5717
6225
6727
5668
3457
94
-2847
-4501
-6304
-6843
-6798
-6187
-5058
-4252
-2438
-944
105
1707
2897
3932
4988
5852
6206
5272
3987
2447
78
-2058
-3852
-4827
-4913
-4804
-4370
-4257
-3633
-2713
-2319
-1453
-270
1118
2302
3125
3638
3443
2759
1820
669
-722
-2026
-2968
-3557
-3965
-4163
-4022
-3984
-3867
-3692
-3457
-2970
-2498
-1535
-928
-763
-838
-1406
-1440
-1366
-946
-397
-59
450
377
51
-428
-1185
-1585
-1719
-1624
-1237
-923
-436
-195
-340
-407
-913
-1079
-716
-72
1035
1901
2592
2578
1839
1071
241
-228
-342
-324
-99
246
587
633
269
-153
-449
-519
-50
801
1617
2359
3056
3511
3426
2953
2323
1684
1259
1150
1359
1609
1605
1311
1055
903
860
1048
1445
2082
2971
3819
4563
5261
5725
6080
5838
4412
1456
-1849
-3571
-4411
-5117
-5408
-5382
-5376
-5498
-4723
-2878
-1343
425
2663
4162
5083
5593
5631
4832
3594
2602
1167
-658
-1991
-2948
-3652
-3916
-4171
-4669
-5099
-4420
-3052
-1880
-343
1226
2254
2679
2852
2786
2083
1413
947
251
-621
-1444
-2177
-3119
-4024
-4551
-4680
-4530
-4105
-3496
-2786
-1972
-1304
-883
-958
-1337
-1967
-2208
-1664
-835
129
690
1116
1219
716
-50
-975
-1493
-1509
-1076
-166
321
-107
-362
-397
-734
-887
-798
-535
35
1165
2464
3133
3147
2463
1330
242
-499
-688
-666
-414
12
144
130
24
-553
-1079
-918
-287
553
1533
2575
3190
3383
3334
2899
2332
1892
1649
1654
1914
1988
1837
1501
1027
733
641
927
1302
1813
2681
3646
4462
4920
5181
5545
5861
5200
2929
-212
-2639
-3885
-4559
-4966
-5100
-5326
-5708
-5385
-4188
-2646
-822
1411
3162
4191
5177
5608
5090
4033
2919
1807
267
-1277
-2343
-3227
-3756
-4111
-4691
-5327
-5244
-4028
-2451
-770
924
2045
2609
2704
2475
2182
1649
1136
572
-236
-1066
-1924
-2883
-3975
-4869
-5318
-5240
-4734
-3916
-2987
-2247
-1645
-1227
-1271
-1666
-2242
-2540
-2057
-1021
132
880
1112
1019
532
-321
-1178
-1969
-2337
-2013
-1246
-339
72
93
-224
-849
-1102
-1095
-779
151
1185
2092
2530
2269
1482
281
-627
-944
-785
-268
-40
-44
-69
-275
-498
-935
-1309
-1310
-804
270
1366
2251
2817
2847
2497
2021
1687
1747
1981
2361
2585
2562
2397
1748
1039
710
889
1448
2217
3003
3452
3770
4166
4413
4673
5141
5768
6186
4480
1118
-1142
-2300
-3133
-3953
-4473
-4761
-5588
-5514
-4042
-2540
-858
1157
2775
3409
3798
4665
4764
4112
3771
3040
1742
405
-855
-1831
-2681
-3228
-3887
-4926
-4859
-3677
-2149
-681
466
1380
1523
1658
2030
1960
1977
2007
1812
1030
-255
-1230
-2115
-3125
-3988
-4467
-4383
-4001
-3426
-2735
-2344
-2102
-2095
-2121
-2021
-2206
-2045
-1446
-496
436
725
860
729
225
-234
-735
-1287
-1857
-1903
-1002
-218
-97
-403
-966
-1282
-1331
-941
-150
374
939
1366
1311
1084
511
42
-252
-486
-325
-187
-192
-523
-1101
-1222
-1160
-1043
-956
-825
-177
540
1242
1895
2139
2040
1903
1975
2089
2104
2287
2551
2520
2329
2009
1579
1253
1227
1619
2257
2803
2958
2952
3087
3370
3909
4474
5030
5859
6442
4952
1453
-937
-1717
-2321
-2925
-3500
-4161
-5205
-5537
-4359
-3145
-1886
267
1897
2310
2979
4134
4435
3862
3586
3179
1788
608
-182
-1172
-1916
-2646
-3498
-4648
-5058
-3860
-2436
-1059
12
592
1027
1179
1644
1851
1889
2348
2204
1430
377
-564
-1328
-2382
-3203
-3577
-3770
-3618
-3253
-2813
-2629
-2650
-2498
-2183
-1916
-1983
-1742
-1344
-757
-84
168
401
343
90
-201
-580
-1335
-1963
-1958
-1658
-1035
-828
-1019
-1134
-1280
-1195
-718
-89
221
390
803
912
736
525
228
13
-362
-415
-271
-445
-664
-1105
-1293
-1145
-965
-643
-436
7
560
1013
1614
1936
1955
1945
2084
2146
2109
2320
2382
2185
2028
1902
1781
1643
1759
2155
2642
3007
3029
3097
3105
3353
3786
4259
5025
5837
5674
2372
-988
-1708
-1759
-1724
-2392
-3333
-4659
-6215
-5694
-4365
-3425
-1546
636
1643
1607
2167
3075
2864
2558
2734
2447
1516
550
-330
-1111
-1726
-2460
-3336
-4280
-4139
-2857
-1556
-524
-288
-257
45
632
1378
1673
2031
2385
2131
1280
226
-364
-974
-1626
-1847
-2157
-2579
-3064
-3138
-3019
-3220
-3062
-2683
-2100
-2095
-2350
-2000
-1851
-1293
-784
-353
310
370
230
-213
-900
-1665
-1995
-1655
-1351
-1071
-1084
-1400
-1715
-1932
-1574
-769
-107
298
715
1016
799
591
472
417
574
421
447
342
-136
-558
-1213
-1404
-1300
-1005
-337
39
370
589
833
1203
1394
1718
2115
2372
2405
2285
2217
1978
1742
1818
1888
1836
1713
1951
2367
2629
2785
2862
3053
3185
3609
4163
4811
5611
6058
4264
376
-1221
-773
-423
-472
-1646
-3390
-5442
-6291
-4997
-3591
-2216
-200
1070
1062
1147
1971
2411
2419
2987
3382
2708
1587
629
-230
-783
-1165
-1702
-2514
-3108
-2484
-1573
-808
-416
-730
-496
193
1208
1972
1974
2131
1912
1173
513
47
-132
-526
-989
-1364
-2029
-2779
-3248
-3230
-3162
-3050
-2743
-2348
-2244
-2841
-2947
-2752
-2408
-1472
-877
-119
378
351
208
-577
-1342
-1684
-1092
-505
-671
-626
-1225
-1917
-2070
-2038
-1306
-596
-79
266
333
218
-177
-214
-279
-81
306
122
-102
-737
-1271
-1486
-1616
-1376
-1272
-799
-333
-310
0
236
627
1306
1818
2302
2425
2284
1976
1758
1826
1847
2183
2400
2178
1893
1902
2150
2420
2888
3198
3382
3685
4070
4490
4840
5203
5861
4889
1218
-724
-217
75
136
-1125
-3192
-5104
-6337
-5075
-3259
-2080
-417
302
-102
-249
766
2013
2363
2933
3343
2515
1088
-123
-796
-888
-694
-685
-1164
-2018
-2375
-2043
-1524
-986
-831
-569
232
970
1370
1309
1277
1326
1066
798
565
410
113
-545
-1204
-1835
-2530
-2821
-2612
-2574
-2704
-2946
-2945
-2706
-3286
-3310
-2939
-2848
-1884
-1418
-954
-437
-586
-255
-594
-1200
-1218
-1107
-581
-411
-1289
-2738
-2988
-2435
-2167
-1197
-828
-1347
-1254
-770
-105
367
730
1008
699
381
340
410
-139
-955
-895
-1053
-1392
-1352
-1323
-975
-441
-15
280
786
1472
1962
2644
3069
2848
2651
2444
2269
2159
2187
2397
2165
1696
1613
1913
2295
2766
3246
3449
3810
4259
4622
5141
5361
5967
4843
951
-464
227
387
259
-1325
-3088
-4498
-5397
-4165
-2740
-1804
-419
-39
-878
-991
593
2142
2546
2883
3109
2127
608
-274
-423
93
521
226
-729
-1901
-2285
-1847
-1315
-665
-326
-208
294
472
321
364
554
939
1169
1069
920
426
-25
-209
-626
-999
-1777
-2164
-1945
-2239
-2242
-2584
-2882
-2673
-3282
-3242
-3008
-3059
-2242
-1891
-1245
-567
-712
-343
-497
-1119
-1280
-1070
-456
-192
-737
-1397
-1591
-1964
-1869
-1171
-1048
-668
7
354
343
-49
-116
-109
-31
327
610
835
142
-767
-922
-1083
-827
-390
-364
-296
-408
-502
-303
-66
561
1548
2373
2790
2516
2124
2089
2106
2511
2968
3054
2561
1739
1514
1586
2111
2918
3321
3556
3652
3720
4176
4725
5586
6296
3526
268
536
925
1059
279
-2143
-3732
-4934
-4561
-2912
-2298
-1125
-145
-965
-1858
-1133
644
1695
2250
2888
2377
927
-39
-667
-581
469
907
115
-1092
-1835
-1716
-1099
-202
557
423
170
306
182
130
431
800
970
956
1088
795
-117
-397
-341
-461
-633
-1434
-1843
-2115
-2420
-2225
-2625
-2325
-2421
-3428
-3285
-3545
-3258
-2531
-2381
-1383
-1137
-1022
-633
-1212
-1373
-1221
-724
-467
-1134
-1074
-1089
-1601
-1564
-1579
-1505
-908
-305
239
795
429
-23
124
-62
581
1264
1003
485
-568
-1012
-1105
-971
-181
125
446
297
-412
-287
-4
578
1520
1982
2342
2346
2008
1913
1965
2250
2826
3125
2948
2446
1717
1648
2194
2863
3544
3654
3573
3855
4199
5118
5836
3524
598
546
1177
1421
946
-1086
-3195
-4667
-4599
-2802
-1858
-1305
-455
-993
-1812
-1278
-84
516
857
1507
1416
253
-701
-791
-449
252
708
-5
-1131
-1747
-1784
-1357
-845
-124
454
124
-270
-655
-958
-306
275
644
638
165
94
-696
-1096
-289
166
323
-579
-1523
-2048
-2904
-2582
-2493
-2367
-2155
-3094
-3167
-3585
-3586
-2873
-3148
-2413
-1830
-1609
-1663
-2671
-2486
-2323
-2223
-1228
-1224
-1651
-1704
-1984
-2093
-1406
-461
9
296
137
81
275
-54
62
226
472
969
950
820
135
-200
258
580
1015
893
441
542
617
829
1365
1484
1275
1395
1595
1769
1929
1854
2055
2293
2827
3463
3329
3110
2718
2479
2868
3081
3581
3850
3595
4057
4438
5561
4979
1540
880
1346
1549
2280
785
-1048
-2570
-3977
-2938
-1653
-1030
132
-236
-1506
-1369
-410
446
977
1423
1544
521
-554
-719
-550
-23
616
467
-215
-691
-822
-662
-553
-41
696
435
-212
-853
-1371
-846
-250
170
497
1
-71
-592
-1652
-1411
-982
-177
121
-737
-1050
-2135
-2650
-2270
-2347
-1840
-2860
-3623
-3412
-3711
-2834
-2746
-2811
-2280
-2496
-2326
-2280
-2473
-2274
-1966
-1461
-1189
-1331
-1753
-2168
-2042
-1504
-687
-260
-126
-198
-513
-186
14
431
976
686
616
439
226
236
-93
182
831
1094
1096
722
500
701
1026
1583
2033
2067
1901
1436
1188
1517
1990
2387
2353
2140
2428
2830
3001
3332
3440
3702
4075
4025
4056
4153
4525
5148
5682
3743
818
877
1089
1263
1589
-65
-1165
-2436
-3620
-2338
-1317
-401
438
-421
-1091
-460
401
393
304
875
1110
282
-989
-1663
-1271
-294
160
-190
-791
-1109
-1225
-1040
-560
6
808
760
206
-441
-1422
-1082
-810
-632
192
-41
71
-536
-1632
-1307
-1360
-754
-609
-1359
-1382
-2306
-2372
-1944
-1775
-1586
-3030
-3501
-3634
-3609
-2633
-2978
-2802
-2749
-2993
-2667
-3277
-3279
-2827
-2254
-1765
-2217
-2380
-2879
-2972
-2374
-2010
-1057
-882
-1073
-1217
-1340
-627
-521
-224
34
-6
580
556
650
507
53
437
707
1004
1127
957
847
766
1274
1684
1828
1753
1517
1837
2065
2115
2025
1993
2304
2383
2481
2318
2162
2451
2522
3093
3455
3452
3734
3519
3924
4595
5609
4704
1583
1221
1352
1379
2009
422
-826
-1856
-3330
-2070
-515
360
1246
444
-525
-211
528
799
1160
1646
1721
1041
-412
-1129
-774
-175
228
-17
-302
-399
-863
-1053
-819
-526
234
509
47
-190
-807
-774
-452
-609
125
182
-107
-495
-1463
-1130
-787
-300
41
-788
-1137
-2107
-2471
-1907
-1650
-1052
-2063
-2717
-2807
-3169
-2274
-2488
-2144
-1399
-1890
-1997
-2911
-3308
-2836
-2405
-1640
-1775
-1775
-2073
-2618
-1916
-1375
-459
184
-158
-203
-196
116
79
72
400
324
517
210
-58
208
337
824
1055
1053
1142
1128
1258
1376
1614
1815
1732
1749
1822
2057
2253
2207
2298
2443
2686
2771
2928
3256
3208
3323
3254
3132
3066
2936
3395
3630
3888
4245
4594
3846
1749
1211
1176
1467
2262
974
-359
-1560
-3122
-2293
-1033
-126
843
468
-90
-357
-430
-42
633
770
569
486
-522
-1291
-1145
-985
-584
-620
-667
-440
-892
-947
-652
-654
-265
54
-130
-553
-1243
-1356
-1245
-1311
-582
-307
-435
-424
-1048
-1305
-1359
-1151
-763
-1087
-1138
-1573
-2189
-2366
-2327
-1912
-2481
-2831
-2844
-3224
-2927
-3148
-2893
-2252
-2581
-2364
-2700
-3209
-2828
-2980
-2970
-2730
-2774
-2894
-2773
-2658
-2385
-1467
-1113
-714
-188
-335
-63
-187
-488
23
138
45
23
4
81
109
202
465
845
933
1071
1147
1145
1511
1588
1504
1625
1506
1629
1864
1820
2060
2396
2571
2563
2754
3019
3250
3485
3163
3245
3530
3100
3145
3285
3207
3409
3640
4146
3268
1600
845
664
1648
1827
1214
1138
-426
-1850
-1389
-538
657
1233
871
735
232
-12
839
1012
770
1385
1035
69
-183
-376
-380
-850
-1206
-436
-155
-400
-370
-697
-967
-402
66
20
-80
-530
-735
-820
-804
-247
-327
-712
-942
-1164
-1110
-915
-830
-1284
-1548
-1545
-1839
-2070
-2306
-2037
-2049
-2786
-2846
-3014
-2962
-2705
-2915
-2245
-2020
-1913
-1751
-2694
-2635
-2307
-2195
-1728
-2005
-2219
-2261
-2420
-2311
-1914
-1396
-990
-763
-879
-491
50
14
180
249
312
511
575
660
658
624
572
518
519
776
1143
1185
1051
934
1042
1447
1665
1733
1773
1761
1955
2180
2515
2783
2765
2821
3004
3143
3226
3210
3026
2840
2828
2881
2733
2399
2174
2240
2469
2952
3136
2427
1395
1100
1702
1890
1694
1610
1049
180
-222
139
751
976
981
701
82
-44
704
1039
414
416
484
-100
-552
-650
-208
-386
-979
-1010
-1195
-1332
-1100
-860
-823
-690
-505
-839
-1138
-1153
-1119
-1064
-1105
-858
-698
-882
-989
-1233
-1287
-1016
-941
-1220
-1620
-1662
-1729
-2093
-2349
-2435
-2543
-2758
-2866
-2927
-2991
-2855
-2650
-2548
-2461
-2277
-2151
-2336
-2523
-2567
-2696
-2590
-2333
-2246
-2082
-1915
-1821
-1853
-1797
-1506
-1364
-1124
-697
-318
-134
-63
52
-36
-132
88
509
542
375
514
540
572
649
564
480
407
625
873
852
1106
1322
1412
1527
1787
2398
2684
2787
2786
2850
3187
3247
3122
2870
2826
3033
2786
2429
2262
2196
2253
2341
2578
2785
2978
2780
2168
1868
2074
2437
2267
1927
1664
1012
286
112
535
814
604
246
-222
-489
-139
375
202
-245
-307
-522
-820
-794
-466
-538
-1210
-1427
-1400
-1506
-1264
-854
-674
-887
-1071
-968
-1041
-988
-682
-615
-868
-1103
-914
-883
-994
-732
-723
-907
-1097
-1341
-1446
-1578
-1525
-1602
-2011
-2210
-2269
-2254
-2271
-2204
-2059
-2186
-2362
-2490
-2361
-2059
-1898
-1882
-2258
-2693
-2834
-2869
-2733
-2592
-2364
-2132
-2176
-2212
-2119
-1774
-1500
-1395
-1229
-1058
-798
-505
-89
272
446
607
496
425
668
986
1194
960
826
1027
1233
1399
1400
1503
1556
1506
1579
1766
2145
2434
2584
2602
2654
2928
3016
2877
2706
2704
2817
2733
2600
2422
2224
2166
1989
2064
2378
2509
2658
2725
2798
2653
2223
2006
2067
2090
1906
1675
1198
543
180
176
268
297
293
277
46
-159
0
46
-230
-473
-474
-577
-737
-645
-514
-805
-1333
-1426
-1150
-872
-729
-607
-673
-886
-804
-543
-405
-252
-109
-187
-442
-637
-408
-157
-138
-231
-570
-807
-948
-1163
-1285
-1453
-1520
-1786
-2275
-2384
-2283
-1997
-1883
-2019
-2145
-2359
-2301
-2165
-2106
-1940
-1896
-1973
-2291
-2624
-2652
-2667
-2530
-2389
-2256
-2117
-2277
-2256
-1991
-1661
-1297
-1135
-1071
-953
-683
-167
297
420
335
364
539
746
1035
1188
1159
1063
1060
1297
1424
1446
1545
1580
1561
1676
1856
1961
2090
2238
2356
2428
2512
2555
2451
2280
2210
2200
2030
1873
1788
1680
1637
1586
1519
1527
1740
2087
2322
2436
2538
2565
2300
1943
1860
1843
1763
1591
1209
650
61
-225
-87
131
112
-2
-220
-463
-328
-87
-62
-292
-527
-487
-671
-802
-536
-394
-374
-576
-758
-726
-722
-475
-266
-369
-396
-363
-347
-307
-247
-198
-403
-574
-534
-463
-372
-424
-525
-663
-765
-792
-1076
-1382
-1486
-1532
-1601
-1679
-1587
-1618
-1894
-1985
-2003
-2106
-2222
-2262
-2123
-1980
-1862
-1815
-2009
-2217
-2247
-2133
-1982
-1849
-1749
-1867
-1958
-1825
-1540
-1231
-1044
-894
-787
-528
-232
55
462
670
679
665
746
1031
1249
1231
1180
947
754
825
894
1104
1393
1456
1417
1313
1321
1586
1671
1749
1827
1750
1830
1867
1914
1941
1777
1592
1427
1502
1793
1851
1634
1457
1401
1467
1677
1790
1935
2141
2144
2090
1978
1911
1884
1738
1631
1485
1264
1011
677
219
-190
-175
86
153
60
-63
-237
-394
-204
168
80
-214
-365
-416
-429
-381
-197
-255
-478
-411
-393
-524
-493
-406
-375
-510
-478
-370
-480
-455
-478
-668
-889
-977
-905
-837
-637
-584
-956
-1306
-1372
-1241
-1241
-1379
-1484
-1787
-1869
-1627
-1546
-1679
-1977
-2090
-2179
-2322
-2173
-2036
-1906
-1747
-1650
-1671
-1866
-1908
-1867
-1847
-1786
-1705
-1653
-1615
-1505
-1301
-1040
-846
-689
-498
-186
235
538
626
735
895
1003
1138
1196
1151
1028
836
646
616
730
862
936
837
794
814
906
1164
1305
1363
1398
1337
1265
1212
1270
1316
1165
1102
1154
1061
983
1106
1262
1315
1277
1384
1624
1764
1940
2021
1929
1999
2200
2473
2632
2473
2161
1780
1575
1551
1462
1284
977
481
-78
-270
-165
-124
-156
-246
-331
-412
-236
118
-9
-338
-414
-437
-575
-647
-486
-535
-937
-1221
-1232
-1150
-1017
-834
-771
-853
-846
-643
-541
-594
-615
-706
-852
-878
-736
-618
-646
-724
-841
-977
-1119
-1228
-1205
-1112
-1024
-1189
-1423
-1381
-1406
-1491
-1542
-1509
-1429
-1573
-1698
-1694
-1590
-1394
-1255
-1278
-1492
-1667
-1693
-1728
-1689
-1443
-1220
-1186
-1212
-1152
-898
-546
-276
-63
49
281
629
794
931
1013
1007
934
762
680
638
517
337
203
256
444
639
623
499
529
637
811
924
926
872
744
754
880
1030
1098
954
771
652
691
905
1104
1156
1068
966
958
1037
1182
1361
1486
1649
1846
2025
2217
2311
2391
2308
2051
1848
1658
1457
1010
644
518
107
-332
-493
-351
-140
-101
-7
50
105
222
258
138
-135
-127
-159
-528
-671
-698
-776
-1026
-1228
-1009
-908
-840
-593
-443
-287
-223
-265
-361
-409
-337
-400
-597
-833
-928
-934
-973
-898
-978
-1202
-1321
-1416
-1371
-1277
-1217
-1283
-1496
-1490
-1439
-1490
-1625
-1815
-1915
-1972
-1825
-1534
-1383
-1353
-1416
-1510
-1544
-1439
-1248
-1285
-1360
-1237
-990
-708
-530
-338
-179
-136
-18
233
509
798
1012
1023
929
889
864
738
557
434
412
285
70
6
-6
25
62
46
39
49
160
307
388
377
363
377
318
277
278
307
297
262
318
349
360
465
718
962
1171
1368
1474
1589
1745
2006
2229
2293
2392
2512
2557
2556
2507
2350
2071
1759
1543
1383
1154
834
418
-33
-200
-39
88
75
4
-35
-50
5
130
138
-23
-235
-355
-450
-442
-358
-460
-620
-779
-740
-579
-557
-460
-382
-391
-464
-547
-567
-651
-712
-752
-850
-933
-980
-909
-851
-914
-942
-1017
-1054
-1023
-1001
-976
-1006
-1018
-1104
-1205
-1219
-1162
-1128
-1237
-1287
-1273
-1297
-1316
-1406
-1457
-1376
-1346
-1331
-1300
-1272
-1129
-976
-788
-658
-629
-515
-402
-229
-71
-2
42
-35
-28
165
286
317
249
114
-41
-132
22
64
-36
-117
-176
-107
-53
46
121
100
129
160
158
123
90
77
31
57
158
252
277
299
489
708
940
1209
1318
1330
1363
1468
1654
1766
1820
1779
1670
1698
1856
2173
2422
2442
2390
2345
2304
2206
2006
1830
1636
1264
919
706
526
349
257
272
257
242
364
473
464
520
593
533
300
108
12
-222
-397
-359
-350
-514
-608
-558
-592
-600
-416
-206
-231
-344
-316
-306
-330
-315
-372
-495
-555
-499
-399
-396
-399
-406
-553
-588
-485
-457
-526
-643
-800
-990
-1057
-1048
-1116
-1289
-1446
-1579
-1722
-1710
-1543
-1368
-1308
-1312
-1245
-1104
-953
-825
-767
-767
-749
-699
-620
-606
-560
-415
-337
-340
-338
-193
-18
60
101
105
66
-69
-210
-269
-303
-383
-506
-631
-746
-715
-558
-499
-490
-446
-438
-511
-599
-538
-407
-359
-290
-177
-156
-104
73
265
444
612
776
881
948
1127
1347
1507
1664
1770
1800
1849
1895
1980
2089
2173
2281
2347
2277
2161
2115
2044
1870
1709
1644
1507
1218
996
873
648
414
409
477
406
330
369
330
216
289
411
306
103
52
-70
-391
-448
-288
-369
-612
-706
-630
-623
-524
-271
-315
-483
-343
-51
-14
-66
75
40
-161
-168
-76
-87
-139
-112
-228
-482
-565
-634
-832
-942
-863
-922
-1173
-1284
-1342
-1392
-1338
-1269
-1302
-1378
-1285
-1199
-1328
-1354
-1220
-1205
-1305
-1310
-1273
-1378
-1438
-1252
-1002
-818
-639
-531
-545
-485
-263
-173
-301
-353
-297
-322
-507
-642
-679
-774
-785
-701
-643
-571
-534
-558
-535
-463
-365
-354
-441
-435
-340
-246
-226
-243
-115
145
333
447
615
753
828
909
1068
1281
1452
1553
1614
1573
1546
1678
1755
1756
1816
1980
2088
2050
2101
2196
2172
2098
2086
2031
1807
1623
1573
1360
1071
978
940
789
619
650
737
692
697
788
806
752
772
796
634
379
218
67
-150
-143
63
22
-178
-202
-73
12
74
278
414
357
346
381
286
145
112
37
-139
-252
-255
-331
-508
-560
-542
-650
-828
-939
-1017
-1042
-977
-944
-1013
-1089
-1150
-1277
-1356
-1354
-1412
-1592
-1712
-1692
-1670
-1652
-1625
-1686
-1770
-1705
-1527
-1334
-1188
-1011
-849
-813
-733
-588
-528
-543
-563
-605
-642
-662
-674
-713
-801
-884
-901
-858
-816
-739
-682
-619
-557
-478
-344
-323
-340
-295
-247
-206
-117
5
101
160
216
296
346
466
655
790
888
988
1097
1140
1157
1246
1388
1464
1468
1524
1590
1652
1744
1823
1885
1932
1997
2021
1970
1945
1958
1952
1889
1768
1688
1579
1346
1135
1083
1146
1079
932
863
803
700
685
748
666
544
524
501
362
267
359
310
128
144
213
138
81
192
242
140
122
177
113
2
5
-29
-252
-398
-384
-454
-586
-669
-735
-868
-984
-968
-963
-1062
-1132
-1164
-1262
-1297
-1279
-1312
-1393
-1492
-1540
-1552
-1591
-1701
-1768
-1783
-1813
-1863
-1860
-1777
-1802
-1857
-1771
-1620
-1467
-1326
-1174
-1073
-1057
-961
-874
-920
-941
-876
-852
-978
-1012
-917
-954
-990
-909
-809
-752
-695
-606
-549
-466
-310
-233
-331
-354
-254
-220
-198
-114
-34
-4
43
172
357
512
658
745
774
892
1028
1071
1066
1048
1022
1043
1073
1138
1252
1344
1400
1434
1536
1709
1830
1919
2044
2093
2056
2013
1977
1954
1950
1876
1660
1402
1241
1176
1092
1040
1001
875
762
787
834
784
703
653
585
511
561
642
549
371
283
218
147
213
342
320
202
141
88
13
3
-16
-159
-345
-434
-473
-577
-632
-661
-762
-896
-981
-974
-979
-1029
-1084
-1181
-1285
-1336
-1417
-1533
-1593
-1635
-1712
-1788
-1826
-1844
-1835
-1848
-1893
-1922
-1903
-1830
-1737
-1594
-1438
-1389
-1420
-1437
-1389
-1275
-1171
-1094
-1112
-1150
-1128
-1127
-1089
-994
-888
-817
-801
-735
-624
-553
-476
-389
-321
-256
-182
-157
-180
-139
-47
25
64
151
286
371
491
625
691
732
799
901
935
939
1011
1054
1044
1081
1166
1214
1211
1267
1344
1384
1475
1577
1636
1678
1750
1831
1834
1848
1903
1932
1893
1862
1877
1842
1779
1760
1749
1686
1633
1630
1582
1479
1453
1419
1284
1171
1112
1073
994
974
975
869
776
753
735
688
683
658
489
315
268
205
48
-117
-252
-440
-665
-729
-723
-758
-781
-849
-991
-1101
-1089
-1066
-1113
-1122
-1118
-1211
-1367
-1447
-1480
-1588
-1621
-1617
-1699
-1784
-1826
-1851
-1913
-1915
-1899
-1966
-2044
-1991
-1884
-1883
-1902
-1893
-1880
-1848
-1743
-1619
-1526
-1447
-1395
-1360
-1288
-1169
-1091
-1070
-1061
-989
-903
-845
-796
-762
-708
-626
-520
-428
-389
-311
-215
-193
-107
48
140
185
171
202
298
361
462
547
592
671
733
769
807
818
817
808
810
812
839
900
924
950
998
1058
1111
1161
1213
1250
1296
1302
1298
1335
1398
1484
1501
1449
1460
1521
1611
1685
1701
1668
1608
1596
1614
1665
1709
1690
1618
1549
1517
1506
1525
1523
1455
1335
1241
1159
1047
926
805
652
507
396
263
139
14
-114
-261
-409
-507
-615
-739
-813
-861
-976
-1102
-1186
-1226
-1261
-1302
-1295
-1302
-1326
-1350
-1376
-1408
-1455
-1491
-1531
-1577
-1613
-1621
-1668
-1761
-1778
-1769
-1799
-1841
-1852
-1824
-1801
-1756
-1682
-1609
-1571
-1568
-1544
-1454
-1330
-1233
-1203
-1186
-1150
-1077
-957
-880
-821
-764
-720
-642
-524
-399
-299
-215
-172
-134
-58
41
148
239
327
425
495
537
601
708
807
879
916
930
958
982
1000
973
918
856
801
796
855
924
899
831
806
844
923
999
1049
1049
1047
1075
1120
1181
1217
1212
1191
1200
1280
1351
1368
1391
1395
1377
1418
1463
1465
1459
1429
1419
1436
1442
1472
1449
1347
1261
1177
1094
1028
959
889
793
660
568
507
439
367
286
194
81
-47
-168
-244
-311
-409
-487
-549
-632
-674
-705
-787
-874
-928
-947
-1000
-1070
-1133
-1235
-1371
-1476
-1497
-1500
-1512
-1502
-1504
-1553
-1610
-1614
-1603
-1606
-1579
-1566
-1596
-1600
-1588
-1557
-1513
-1464
-1377
-1302
-1261
-1191
-1108
-1031
-944
-865
-770
-692
-642
-575
-522
-484
-408
-318
-258
-194
-100
-26
18
41
73
164
266
399
499
517
515
526
591
670
755
803
806
808
847
911
927
928
929
946
977
984
979
975
983
1001
999
985
966
925
911
906
896
916
929
942
932
921
918
910
925
913
911
945
931
929
954
958
945
878
830
820
808
783
753
718
658
613
563
539
490
394
356
312
268
268
210
145
91
43
-20
-160
-220
-207
-204
-173
-221
-373
-533
-608
-585
-555
-623
-769
-882
-914
-882
-866
-960
-1144
-1242
-1226
-1185
-1202
-1279
-1367
-1432
-1390
-1304
-1268
-1306
-1353
-1368
-1382
-1348
-1320
-1338
-1282
-1165
-1093
-1080
-1136
-1172
-1069
-843
-639
-571
-578
-605
-516
-353
-260
-267
-330
-218
66
256
195
21
-89
61
398
531
508
483
527
670
753
711
683
734
926
1146
1151
1007
892
878
1004
1183
1222
1161
1108
1126
1184
1242
1266
1189
1130
1176
1224
1197
1169
1115
1016
982
975
948
925
938
1000
971
845
731
631
637
716
682
587
516
415
395
404
287
167
159
179
157
121
72
-82
-147
43
72
-107
-204
-321
-398
-201
2
-90
-338
-499
-464
-390
-339
-324
-526
-646
-480
-362
-457
-681
-922
-1015
-888
-724
-731
-949
-1136
-1115
-1022
-990
-1069
-1234
-1319
-1214
-1083
-1092
-1219
-1358
-1396
-1334
-1253
-1238
-1271
-1261
-1219
-1159
-1093
-1084
-1099
-1063
-989
-911
-821
-760
-750
-700
-608
-518
-447
-361
-287
-295
-238
-135
-115
-8
186
270
309
331
351
463
629
791
863
783
760
902
996
1029
1018
918
929
1091
1213
1196
1020
881
969
1149
1305
1279
1051
888
923
1057
1108
1048
950
889
895
943
883
699
631
669
724
797
765
581
455
511
561
517
472
396
277
323
396
284
173
108
-5
-56
3
-26
-147
-258
-361
-362
-288
-281
-369
-487
-540
-504
-386
-310
-399
-539
-583
-517
-410
-362
-499
-674
-726
-724
-664
-636
-706
-737
-743
-744
-697
-672
-630
-633
-708
-691
-656
-669
-660
-694
-791
-794
-721
-706
-718
-704
-704
-751
-811
-839
-826
-789
-712
-693
-780
-840
-802
-690
-593
-592
-682
-678
-560
-408
-280
-268
-334
-278
-96
-8
37
97
122
160
266
378
415
474
621
714
698
708
702
726
902
1057
1068
993
963
1046
1078
1082
1113
1031
1007
1173
1209
1092
1042
959
925
1093
1216
1163
1056
936
955
1080
1078
982
906
849
852
878
723
563
546
538
543
545
444
286
199
162
161
176
124
4
-81
-124
-148
-198
-290
-386
-453
-440
-480
-581
-668
-738
-748
-701
-669
-701
-741
-779
-802
-776
-734
-704
-664
-641
-670
-702
-723
-705
-660
-662
-634
-557
-560
-609
-659
-724
-675
-570
-502
-471
-539
-596
-535
-514
-550
-521
-534
-576
-540
-514
-550
-537
-533
-571
-567
-555
-504
-486
-517
-461
-399
-403
-327
-245
-283
-261
-139
-104
-96
-18
-21
-18
72
123
82
45
94
175
269
330
332
328
383
485
586
651
659
654
673
700
737
787
826
865
905
882
828
815
824
850
884
906
851
762
748
769
777
744
682
659
661
701
731
670
595
515
461
461
421
312
183
94
46
0
-70
-151
-236
-298
-343
-438
-510
-477
-473
-514
-553
-650
-731
-760
-772
-794
-800
-769
-804
-869
-896
-905
-883
-878
-869
-873
-846
-755
-713
-710
-722
-702
-636
-586
-563
-563
-510
-382
-292
-286
-309
-327
-303
-252
-216
-199
-150
-115
-77
-3
15
30
18
0
28
94
189
208
180
155
154
179
175
162
136
147
230
285
264
210
173
154
221
323
310
258
244
254
299
368
409
380
332
369
408
394
410
401
410
484
532
557
608
669
673
694
786
835
858
895
881
844
890
908
848
838
851
864
873
887
871
835
858
841
772
680
591
561
554
510
433
361
289
219
167
64
-48
-24
-3
-52
-70
-157
-278
-347
-393
-403
-451
-537
-584
-603
-636
-656
-739
-850
-857
-867
-890
-883
-883
-909
-901
-887
-926
-958
-982
-989
-943
-894
-895
-911
-893
-862
-843
-831
-811
-790
-759
-699
-662
-670
-623
-509
-426
-359
-297
-285
-258
-204
-145
-76
-27
19
91
139
147
185
193
172
245
316
326
355
373
353
335
357
382
383
370
342
319
321
352
357
345
335
316
307
326
354
359
370
382
387
414
449
427
388
385
386
400
471
533
513
488
484
501
532
569
595
593
579
569
575
607
623
574
526
548
580
553
529
496
446
465
499
468
400
332
291
276
224
125
54
8
-5
6
-79
-214
-306
-349
-364
-364
-404
-522
-617
-648
-699
-780
-840
-907
-996
-1029
-1011
-1087
-1168
-1209
-1282
-1312
-1288
-1301
-1352
-1351
-1381
-1472
-1482
-1425
-1402
-1344
-1288
-1335
-1360
-1331
-1255
-1167
-1094
-1053
-1015
-921
-800
-743
-774
-726
-602
-494
-409
-374
-396
-390
-305
-193
-116
-85
-80
-72
0
109
168
205
244
253
268
297
337
417
434
416
453
444
430
513
558
551
607
650
692
763
753
723
763
804
807
784
769
789
787
736
711
680
634
691
772
796
808
762
722
782
841
825
829
836
843
909
932
873
830
836
868
893
871
831
796
818
851
808
724
651
617
630
676
668
581
508
433
369
354
314
229
143
94
-1
-99
-130
-187
-248
-300
-347
-400
-418
-466
-538
-544
-591
-654
-676
-713
-764
-793
-854
-935
-953
-923
-929
-967
-973
-993
-999
-956
-925
-962
-1023
-979
-886
-823
-781
-804
-882
-887
-820
-754
-677
-656
-651
-623
-588
-537
-466
-364
-289
-221
-172
-122
-59
-3
69
144
221
274
308
271
230
254
294
358
427
453
416
406
433
451
414
395
416
426
463
517
508
480
510
499
486
478
471
427
412
426
399
411
405
412
426
431
412
392
410
402
419
455
474
491
447
403
394
401
434
438
405
382
400
448
446
410
383
387
415
427
446
425
381
344
336
340
320
275
220
206
176
146
131
105
78
43
-19
-107
-171
-201
-241
-279
-300
-366
-444
-470
-517
-588
-639
-699
-723
-681
-635
-652
-739
-825
-876
-862
-801
-784
-810
-836
-830
-822
-797
-781
-836
-874
-863
-815
-755
-716
-699
-692
-662
-621
-622
-643
-630
-597
-545
-464
-416
-411
-393
-351
-280
-228
-211
-196
-147
-58
22
49
48
76
95
115
162
201
245
286
319
348
360
343
374
435
419
417
444
439
457
479
452
450
478
490
537
530
485
463
438
424
393
355
330
345
357
353
347
338
357
378
351
347
377
365
378
412
408
385
403
426
448
480
466
441
465
483
484
519
512
456
427
400
391
395
348
283
232
212
238
247
176
91
25
-16
-1
-20
-127
-213
-229
-225
-224
-238
-271
-294
-267
-262
-287
-338
-393
-392
-375
-342
-364
-428
-457
-437
-435
-464
-473
-504
-508
-444
-405
-443
-490
-496
-494
-460
-449
-483
-498
-483
-441
-415
-429
-443
-415
-374
-332
-303
-303
-283
-227
-180
-130
-112
-144
-136
-97
-32
21
18
15
41
78
119
104
65
86
131
211
281
272
244
219
207
215
225
226
236
291
364
396
351
314
296
318
379
407
416
433
448
418
436
453
411
392
391
393
382
396
401
385
370
345
284
229
235
237
256
282
284
259
260
265
237
221
205
205
188
198
210
161
150
151
130
121
117
100
118
158
165
166
158
121
60
1
-59
-93
-71
-47
-37
-73
-133
-182
-235
-246
-255
-296
-335
-354
-346
-317
-309
-344
-378
-377
-375
-378
-391
-431
-454
-448
-400
-358
-362
-371
-358
-342
-347
-331
-296
-255
-248
-243
-217
-213
-203
-173
-182
-194
-178
-201
-191
-135
-91
-99
-105
-113
-132
-120
-95
-57
-60
-33
11
45
63
39
26
20
57
80
87
113
119
127
118
83
67
89
112
148
168
163
167
163
180
175
118
83
125
176
199
224
223
205
207
212
189
141
103
93
112
150
160
163
122
71
77
74
106
148
145
116
127
117
56
23
23
40
61
110
116
102
108
90
58
25
6
-14
-3
32
35
35
30
18
10
-2
-17
-17
5
25
41
38
33
12
-7
0
-4
0
5
2
-39
-44
-22
-21
-10
-36
-89
-124
-117
-132
-153
-162
-155
-146
-173
-197
-237
-264
-252
-233
-218
-226
-248
-260
-249
-219
-215
-259
-258
-216
-220
-218
-190
-200
-199
-156
-138
-127
-100
-100
-80
-41
-45
-35
-32
-34
-28
-5
21
49
54
51
86
89
86
96
109
141
175
179
178
165
145
172
207
206
181
163
130
140
157
149
144
119
119
132
136
129
112
76
58
71
55
22
-4
-26
-5
20
12
-17
-53
-55
-49
-15
27
42
54
65
90
96
89
73
75
105
129
187
205
190
171
160
170
174
179
162
185
214
231
244
237
212
190
179
158
138
130
159
188
194
144
55
1
-7
-6
-1
10
-9
-38
-54
-68
-108
-164
-180
-168
-166
-157
-155
-194
-206
-195
-205
-200
-210
-226
-210
-164
-114
-92
-81
-85
-85
-78
-79
-63
-19
27
37
19
-8
-22
-17
-12
-19
0
16
15
42
48
29
18
12
0
-17
-14
-2
8
33
44
11
-47
-87
-94
-87
-75
-91
-109
-98
-78
-82
-123
-143
-163
-145
-81
-80
-116
-113
-109
-113
-57
-22
-44
-47
-41
-49
-45
-45
-44
-46
-61
-47
-29
-30
-40
-50
-82
-73
-37
-14
18
16
2
0
3
12
18
12
19
33
38
50
45
35
26
30
38
37
59
79
83
74
64
25
-6
3
5
25
56
67
51
36
34
14
-10
-12
-3
15
40
31
-14
-38
-25
-41
-53
-45
-61
-66
-45
-41
-35
-30
-53
-74
-102
-108
-104
-78
-68
-81
-75
-95
-126
-151
-150
-157
-147
-127
-121
-104
-107
-132
-157
-171
-185
-179
-159
-137
-120
-110
-105
-99
-81
-84
-118
-144
-141
-141
-108
-65
-70
-92
-103
-128
-165
-153
-142
-106
-66
-40
-31
-59
-98
-139
-148
-147
-129
-115
-104
-89
-105
-109
-119
-133
-122
-109
-98
-95
-82
-69
-75
-85
-113
-133
-139
-122
-94
-70
-33
-12
-8
0
5
-12
2
43
74
111
134
136
148
163
164
175
190
211
234
247
262
288
326
325
313
305
298
313
323
347
368
366
377
405
425
433
417
397
395
397
431
439
417
394
373
368
372
375
344
327
334
330
329
320
288
253
252
237
231
223
211
209
190
184
179
174
190
180
149
155
147
140
127
94
60
30
42
57
55
58
65
47
23
32
20
-17
-27
-33
-57
-86
-129
-152
-180
-180
-185
-204
-206
-223
-245
-271
-254
-244
-262
-272
-285
-322
-349
-356
-384
-394
-386
-381
-387
-385
-390
-380
-368
-366
-370
-370
-355
-353
-341
-340
-330
-320
-318
-277
-286
-312
-307
-320
-316
-277
-239
-222
-201
-179
-187
-184
-147
-139
-139
-116
-115
-96
-59
-28
-11
-14
-3
18
49
93
128
165
183
206
216
198
192
194
207
210
247
275
282
287
286
286
262
265
271
286
286
282
296
284
272
267
246
222
206
175
177
182
165
168
174
154
123
101
71
43
40
19
-26
-44
-76
-96
-106
-146
-170
-183
-191
-195
-197
-220
-245
-262
-247
-227
-242
-261
-295
-316
-331
-314
-300
-328
-347
-376
-395
-394
-385
-400
-406
-395
-401
-391
-394
-401
-423
-418
-415
-415
-393
-403
-401
-403
-415
-424
-415
-398
-384
-369
-368
-354
-325
-307
-279
-257
-264
-250
-254
-250
-235
-218
-202
-206
-196
-165
-133
-133
-116
-94
-54
-17
-4
2
6
24
51
69
58
72
104
137
182
241
284
333
374
383
398
387
402
470
538
576
586
579
605
612
633
666
662
677
695
712
714
715
710
725
738
731
728
714
716
710
703
675
647
628
623
632
609
581
550
535
500
453
403
355
332
315
323
317
273
244
211
174
167
146
98
54
10
-27
-39
-49
-71
-101
-143
-169
-193
-203
-203
-210
-222
-226
-228
-273
-326
-355
-365
-359
-324
-320
-361
-383
-395
-396
-383
-362
-360
-383
-389
-379
-391
-405
-389
-376
-350
-314
-326
-357
-363
-354
-333
-336
-350
-368
-374
-349
-339
-341
-344
-341
-327
-313
-289
-285
-290
-275
-259
-241
-247
-256
-246
-225
-180
-166
-169
-160
-121
-63
-25
-9
-8
15
49
80
92
89
102
140
175
222
251
250
269
303
337
352
362
366
379
428
460
467
481
483
482
482
468
460
481
488
483
460
415
418
418
422
448
446
408
380
364
343
350
337
290
262
244
204
170
142
101
79
72
37
7
-11
-47
-82
-115
-145
-164
-177
-191
-215
-233
-250
-259
-265
-266
-287
-342
-363
-395
-430
-422
-434
-459
-472
-480
-488
-492
-508
-524
-543
-556
-547
-555
-546
-520
-541
-555
-534
-521
-521
-520
-530
-524
-481
-444
-413
-403
-403
-392
-383
-359
-341
-334
-324
-298
-245
-202
-178
-184
-189
-146
-109
-95
-77
-88
-99
-88
-69
-43
-22
-2
1
-9
-1
41
91
128
173
212
246
274
295
303
299
295
306
355
387
406
404
405
423
458
493
507
517
513
540
574
609
649
655
647
635
620
633
643
628
626
631
631
609
585
591
590
585
580
554
526
489
481
483
461
451
427
407
385
371
367
346
317
286
266
252
223
172
134
118
88
73
58
9
-47
-82
-104
-122
-118
-103
-107
-132
-169
-201
-227
-242
-235
-243
-256
-267
-288
-296
-297
-295
-302
-308
-321
-318
-314
-311
-294
-295
-289
-303
-323
-333
-318
-288
-290
-303
-294
-284
-292
-293
-303
-305
-312
-317
-289
-263
-244
-237
-240
-232
-217
-198
-164
-131
-113
-100
-79
-73
-78
-78
-71
-57
-53
-46
-35
-35
-3
35
49
58
54
41
47
78
103
110
113
115
119
124
127
131
140
176
226
255
248
238
228
214
235
267
265
252
256
257
273
294
300
283
252
256
249
236
239
243
233
214
183
138
100
71
41
39
48
18
-15
-28
-48
-66
-63
-75
-63
-53
-69
-70
-105
-139
-158
-176
-183
-194
-230
-271
-292
-319
-343
-330
-325
-333
-361
-404
-412
-419
-393
-346
-323
-340
-379
-410
-437
-433
-409
-399
-397
-392
-413
-440
-432
-412
-419
-409
-385
-361
-333
-324
-294
-263
-255
-263
-262
-275
-278
-252
-233
-213
-212
-211
-191
-165
-158
-160
-153
-115
-54
-12
14
22
16
19
24
44
64
83
97
111
133
133
141
148
150
145
152
204
248
276
285
303
305
294
302
314
339
348
343
342
359
357
324
309
306
298
285
317
346
335
309
278
262
264
276
275
266
250
254
262
266
277
244
200
195
200
182
170
160
152
148
146
151
118
75
63
56
70
91
95
78
50
12
-34
-58
-58
-32
-20
-24
-44
-66
-96
-120
-119
-131
-140
-175
-193
-181
-171
-165
-158
-173
-224
-266
-286
-266
-241
-201
-175
-179
-173
-189
-221
-227
-199
-192
-175
-144
-112
-91
-108
-121
-109
-91
-73
-66
-55
-42
-41
-26
-19
-19
-40
-58
-67
-73
-57
-39
-4
15
36
48
36
30
45
73
99
131
137
153
160
141
130
132
145
157
164
157
157
161
176
178
172
179
174
161
153
171
199
200
177
149
138
152
169
182
206
229
222
217
223
217
206
207
226
248
248
222
207
181
161
141
116
110
97
93
87
61
37
46
47
34
30
24
1
-22
-34
-43
-37
-47
-62
-85
-126
-141
-138
-123
-99
-87
-79
-104
-134
-123
-110
-106
-130
-148
-169
-198
-213
-229
-222
-212
-199
-185
-182
-195
-208
-214
-210
-206
-214
-223
-230
-235
-233
-209
-185
-170
-166
-159
-150
-157
-158
-148
-137
-134
-130
-146
-178
-191
-194
-178
-163
-164
-156
-144
-124
-86
-43
-23
-27
-38
-38
-33
-36
-22
-11
-10
-8
-8
-11
-13
-20
-19
14
42
52
56
41
27
20
8
22
23
11
29
35
32
62
107
131
149
160
161
151
137
113
89
83
59
47
39
29
35
42
50
46
28
7
1
-7
-10
2
7
-9
-29
-48
-50
-46
-59
-58
-66
-48
0
23
43
43
31
16
4
-16
-28
-23
-21
2
24
27
10
0
-6
-12
-24
-35
-24
10
33
49
63
57
47
25
8
-6
-12
-15
-19
-26
-24
-24
-40
-31
-40
-46
-44
-34
-22
-13
-15
-23
-20
-23
-7
4
11
29
36
40
73
100
113
126
125
131
124
140
151
138
125
112
112
110
115
102
99
98
88
85
73
71
82
91
101
105
98
108
101
99
102
104
117
102
86
86
94
97
131
151
160
169
135
117
110
100
80
78
96
106
125
117
102
103
89
75
97
97
90
88
68
75
68
42
25
4
-11
-18
-19
-23
-12
2
13
23
12
-3
-18
-48
-65
-75
-90
-104
-140
-174
-196
-215
-232
-218
-208
-198
-178
-154
-128
-126
-112
-114
-110
-109
-132
-141
-161
-169
-162
-156
-124
-112
-124
-126
-135
-131
-130
-155
-178
-179
-191
-194
-183
-170
-142
-136
-121
-114
-110
-101
-97
-72
-61
-62
-62
-55
-60
-61
-63
-53
-19
7
29
29
31
36
28
6
13
17
16
21
19
22
9
-5
-29
-37
-46
-61
-67
-51
-19
2
33
34
24
43
89
126
146
157
139
122
103
91
102
132
145
122
115
86
49
33
42
51
58
44
-3
-24
-19
-4
11
33
69
89
88
99
93
82
76
72
54
19
-8
-35
-67
-83
-58
-56
-54
-48
-68
-87
-113
-133
-123
-119
-114
-93
-97
-115
-130
-147
-160
-159
-160
-183
-221
-269
-307
-315
-296
-264
-237
-213
-184
-171
-166
-160
-162
-152
-104
-67
-55
-29
-16
-27
-36
-35
-34
-49
-59
-42
-34
-39
-34
-5
34
68
110
137
165
170
169
173
169
166
178
175
146
137
111
91
108
147
183
225
263
271
274
280
276
261
268
277
304
341
348
355
339
318
294
272
278
282
288
300
295
299
302
294
305
298
276
242
216
216
192
159
139
148
149
139
148
130
92
79
56
47
65
41
10
-17
-37
-23
15
30
2
29
17
-40
-74
-108
-133
-152
-129
-137
-209
-255
-283
-310
-300
-282
-303
-333
-318
-281
-283
-295
-299
-326
-341
-346
-352
-361
-348
-319
-323
-294
-283
-335
-332
-304
-320
-302
-274
-277
-265
-225
-231
-243
-201
-174
-146
-142
-137
-134
-160
-154
-121
-115
-117
-81
-84
-106
-99
-96
-84
-47
-22
-9
1
7
19
36
67
62
70
63
52
101
133
167
173
188
214
210
210
189
144
138
154
163
186
217
238
244
272
272
244
218
205
225
243
233
226
218
201
185
167
172
174
166
140
137
135
129
146
162
161
154
164
174
195
210
180
131
109
63
5
14
29
55
83
101
95
50
34
53
95
92
79
58
11
-14
-73
-114
-115
-96
-54
-8
15
-9
-11
-22
-52
-64
-107
-127
-88
-83
-94
-107
-142
-142
-121
-115
-119
-129
-120
-99
-82
-70
-97
-119
-145
-169
-190
-190
-163
-167
-143
-117
-116
-132
-152
-134
-122
-99
-73
-89
-96
-105
-133
-150
-141
-97
-71
-48
-36
-53
-46
-27
1
8
12
24
8
-3
-12
-5
9
12
5
9
16
12
37
52
47
51
50
52
75
75
58
65
55
58
59
22
5
-8
-14
7
42
65
83
92
60
53
40
15
35
61
72
63
57
68
58
44
51
37
50
63
35
11
5
25
28
33
16
5
28
30
15
-7
-19
-33
-19
17
14
-26
-43
-36
-6
26
7
-28
-56
-50
-55
-63
-41
-17
18
56
60
-7
-45
-23
-2
18
0
-32
-39
-44
-24
-21
-62
-79
-64
-57
-77
-110
-127
-92
-57
-55
-54
-38
-8
15
22
3
-29
-53
-49
-44
-51
-41
-32
-42
-28
-14
-39
-10
35
42
55
46
31
28
45
45
1
-30
-8
19
32
26
-16
-20
4
24
2
-17
-19
9
38
40
40
24
41
63
70
49
29
-2
-20
16
54
72
45
59
108
118
99
72
35
19
30
5
-21
-6
28
54
59
38
15
22
41
30
13
6
-8
-31
-55
-54
-70
-67
-51
-49
-31
-37
-52
-52
-45
-51
-63
-56
-68
-87
-95
-102
-111
-110
-70
-47
-43
-44
-80
-58
-19
-32
-58
-71
-87
-89
-65
-48
-32
-32
-26
-10
-13
-19
13
50
66
56
20
3
10
29
36
47
65
91
100
104
119
137
150
136
124
107
92
105
135
144
154
140
90
94
110
110
104
124
139
128
113
107
125
136
135
127
125
119
119
106
95
94
83
101
116
126
131
115
88
69
69
53
34
44
31
28
60
88
88
91
105
78
50
44
16
11
22
0
-44
-63
-43
-30
-10
-7
-38
-55
-61
-67
-88
-109
-122
-138
-140
-135
-153
-170
-168
-189
-218
-227
-248
-254
-213
-173
-160
-149
-150
-159
-174
-167
-135
-133
-129
-131
-149
-150
-159
-187
-196
-204
-207
-189
-175
-161
-141
-124
-135
-137
-131
-144
-150
-160
-156
-125
-119
-113
-103
-128
-140
-131
-141
-157
-152
-139
-143
-138
-122
-125
-123
-101
-53
-21
-25
-23
-40
-31
-12
-10
-3
-10
-2
-3
-12
1
36
78
115
111
111
97
92
127
135
159
149
138
145
151
181
225
279
294
270
240
227
229
248
261
266
260
279
288
276
261
239
247
283
315
290
256
229
213
215
213
194
167
131
107
119
112
122
144
152
142
92
41
51
100
109
106
101
58
-12
-37
-17
-9
0
13
1
-28
-59
-73
-58
-59
-74
-103
-141
-142
-147
-184
-190
-189
-199
-180
-180
-179
-171
-184
-190
-202
-221
-241
-252
-252
-220
-186
-194
-217
-246
-242
-243
-254
-222
-187
-164
-147
-164
-195
-189
-159
-134
-116
-82
-74
-86
-76
-53
-11
22
1
-27
-15
-13
-7
12
46
77
75
68
49
37
58
79
85
111
120
114
100
81
89
67
47
44
57
86
94
105
116
128
142
183
189
154
146
147
143
146
171
186
180
162
123
97
118
97
95
122
109
129
150
149
129
116
109
86
91
100
131
139
109
106
129
100
40
26
26
57
67
52
63
74
54
51
60
3
-35
-40
-36
-18
-3
-9
-47
-49
-50
-54
-53
-48
-33
-28
-13
0
-12
-13
-2
-28
-45
-64
-73
-76
-78
-97
-118
-79
-99
-129
-131
-136
-137
-129
-98
-77
-106
-128
-104
-150
-189
-200
-196
-161
-149
-133
-126
-117
-94
-78
-97
-73
-29
-42
-56
-37
-11
-4
-15
-34
-43
-46
-61
-74
-65
-46
-14
17
34
46
36
33
59
53
6
-14
-10
-24
10
45
40
50
46
37
36
49
53
46
38
18
-1
-13
-13
0
12
6
6
13
5
29
63
66
100
133
108
75
72
82
98
120
117
93
63
51
51
25
13
17
22
37
45
54
66
116
160
152
99
28
19
12
10
15
33
49
19
20
1
-56
-64
2
26
34
58
49
19
8
33
19
12
-6
-28
-27
-54
-106
-80
-36
-58
-57
-49
-55
-18
13
1
7
36
40
4
4
14
12
4
-10
7
15
-21
-38
-42
-97
-127
-118
-73
-45
-32
-17
-45
-33
-32
-23
17
4
5
34
4
-37
-40
-61
-52
8
13
-10
-51
-58
-37
-21
-2
12
55
35
32
20
7
26
14
0
-25
-21
-33
-23
6
5
34
57
42
20
12
1
15
72
88
98
125
105
101
95
59
50
73
83
72
94
93
50
64
48
-1
12
48
46
45
64
65
59
49
61
72
66
54
33
45
54
24
2
1
-17
-28
-17
-27
-21
-7
-4
-9
-15
-27
-39
-51
-78
-59
-27
-10
-14
-17
-14
-20
-32
-54
-47
-39
-55
-80
-90
-86
-73
-69
-78
-73
-75
-93
-66
-60
-71
-70
-76
-68
-94
-76
-53
-51
-80
-124
-110
-90
-77
-71
-93
-117
-74
-53
-65
-43
-29
-17
-9
-10
-11
-32
-36
-32
-38
-7
8
4
23
53
56
30
29
26
18
0
18
43
-9
11
31
5
37
52
39
37
73
74
79
95
55
61
79
60
45
17
-22
-63
-55
-25
6
-5
-12
23
3
22
26
45
81
69
93
75
41
45
77
54
23
20
-19
-15
-14
-24
-41
-44
-4
5
-3
1
13
-49
-65
3
0
15
52
38
5
-27
-57
-50
0
-10
-37
-30
-40
-61
-73
-54
-32
-55
-61
-7
-3
8
19
8
31
67
35
-10
45
28
12
-7
-9
29
20
39
28
3
-8
23
2
-1
49
51
62
44
53
100
100
50
51
76
42
6
32
61
42
69
105
79
40
70
61
23
44
35
47
60
62
76
96
101
59
68
60
19
1
4
9
-29
-33
-27
-21
-41
-27
48
45
64
45
3
0
-33
-53
-51
-31
-20
15
2
-27
-18
-11
-25
-36
6
3
-24
-4
-12
-47
-42
12
2
-3
31
-23
-30
-16
-25
7
22
27
46
77
46
11
10
-8
-18
-18
-9
-10
-41
-3
8
-35
-26
6
-7
-32
17
16
-10
5
15
-2
-31
-17
-21
-20
-13
-25
8
1
-9
32
59
37
17
63
73
46
37
78
59
-2
8
0
-22
-10
30
66
59
21
42
33
-53
-57
-22
-10
-12
-24
-17
-50
-109
-82
-64
-114
-89
-44
-51
-56
-51
-63
-61
-80
-101
-51
-38
-71
-95
-96
-94
-96
-105
-82
-53
-86
-74
-71
-35
15
-3
-66
-88
-42
-80
-87
-57
-70
-90
-62
-51
-101
-114
-107
-117
-83
-31
-55
-38
1
-25
-27
-16
-41
-8
-10
-40
-13
-32
-62
-69
-38
15
-29
-92
-36
19
18
25
56
39
15
20
5
-3
-7
2
9
20
12
11
