-35
-35
-34
-26
-4
15
14
19
10
14
20
29
36
37
31
22
31
18
19
22
27
39
49
52
51
52
45
37
29
35
33
28
25
19
13
21
22
25
27
30
31
26
24
20
30
23
25
23
19
20
14
16
12
9
15
18
23
30
31
27
19
26
25
23
27
25
33
28
13
6
5
12
16
11
0
-15
-15
-3
4
12
-7
-18
-16
-9
-11
-12
-2
-12
-8
-3
-5
-6
-10
-15
-22
-25
-22
-20
-28
-27
-32
-27
-24
-28
-40
-47
-37
-40
-37
-22
-3
0
-2
1
0
-3
-11
-7
-5
-7
-3
-7
-3
6
10
24
25
23
31
28
20
21
15
8
15
11
7
0
-7
-8
-10
-22
-38
-45
-47
-58
-77
-73
-76
-82
-83
-85
-80
-79
-81
-74
-57
-59
-65
-54
-52
-47
-36
-30
-14
-16
-13
-10
-6
-5
-13
-11
-9
-7
1
8
2
4
7
13
24
28
19
9
-2
-20
-24
-21
-23
-41
-45
-42
-44
-43
-46
-39
-36
-36
-21
-15
5
27
30
37
27
25
25
21
24
27
29
37
35
41
55
53
50
53
60
59
64
66
65
51
46
35
29
28
22
26
14
11
12
23
22
18
16
13
16
3
0
-6
-6
-4
-9
-4
7
18
16
18
16
13
14
27
39
43
43
32
31
18
19
16
-1
0
-3
6
11
9
0
-1
16
21
31
44
30
24
16
4
-2
-25
-37
-56
-67
-56
-60
-60
-57
-42
-38
-34
-15
-13
-1
0
0
7
-5
-8
1
10
16
22
20
16
14
-2
-6
-13
-20
-8
0
-1
-2
1
1
4
8
22
42
46
44
43
41
29
24
29
35
44
44
44
48
38
39
45
41
46
45
51
52
46
37
23
13
4
0
-6
-2
-1
0
-2
-13
-9
-16
-23
-10
3
4
14
22
14
6
-1
6
10
14
25
42
49
46
30
23
29
37
48
49
54
45
45
56
47
43
42
38
42
56
50
44
47
29
15
10
6
21
20
9
0
-15
-25
-35
-39
-41
-37
-27
-17
-6
5
2
4
4
-1
0
-1
4
5
15
12
-3
3
1
-3
-8
-14
-18
-19
-18
-26
-33
-36
-26
-22
-43
-50
-58
-62
-53
-55
-46
-46
-46
-48
-59
-71
-77
-72
-79
-70
-64
-60
-45
-46
-47
-51
-68
-73
-66
-75
-59
-43
-39
-28
-32
-37
-42
-43
-48
-50
-40
-24
-20
-19
-25
-44
-45
-39
-28
-31
-29
-11
-8
-5
-10
-19
-15
-20
-21
-22
-28
-18
-22
-27
-22
-15
-10
-14
-16
-9
-3
-14
-24
-23
-12
-12
-23
-22
-7
2
2
9
6
-5
-12
-8
-6
-8
0
6
1
8
19
15
20
22
21
15
-3
-8
-11
-20
-14
-11
-11
-5
-10
-5
2
-3
8
16
21
30
35
32
21
12
12
24
32
43
42
28
26
25
17
7
4
0
4
7
17
14
0
-3
-11
-12
-24
-24
-16
-9
-8
0
17
23
22
17
17
-1
3
11
1
0
2
0
-7
-9
-8
5
7
24
38
37
42
48
55
43
53
49
48
61
58
58
49
34
27
25
38
55
59
72
67
61
57
48
31
25
36
22
31
29
21
27
27
31
35
46
55
59
50
41
29
28
22
7
9
16
12
4
13
18
14
11
8
-3
-7
-7
-10
-7
-17
-17
-10
-4
15
19
20
22
17
14
10
16
20
20
16
15
9
15
18
4
2
-6
-11
-14
-14
-18
-22
-31
-41
-49
-54
-50
-62
-69
-64
-46
-29
-18
-4
13
16
11
7
17
28
28
30
27
20
16
22
30
36
16
6
4
10
18
14
12
-7
-12
-5
-8
-15
-21
-21
-22
-31
-32
-28
-32
-40
-44
-34
-33
-28
-30
-29
-23
-27
-28
-32
-22
-7
9
19
22
21
18
19
14
12
8
4
0
6
9
1
-12
-6
-2
-4
12
12
9
16
13
1
0
-4
3
6
-6
3
-3
3
-5
-16
-12
-22
-13
4
13
20
13
11
12
-1
-2
-7
-9
-11
-16
-11
-3
7
3
-7
-20
-24
-13
-16
-32
-34
-41
-43
-33
-25
-20
-26
-29
-31
-39
-45
-37
-34
-36
-37
-41
-37
-30
-15
-19
-29
-26
-34
-38
-38
-35
-36
-32
-24
-18
-17
-33
-45
-51
-52
-42
-28
-20
-18
-7
-14
-23
-24
-17
-17
-21
-27
-41
-32
-28
-21
-13
-15
-20
-22
-10
-14
-16
-5
8
8
0
11
19
13
9
11
4
17
44
60
70
64
63
58
55
58
59
51
41
36
19
12
21
18
15
23
18
22
31
32
24
25
19
10
5
-3
-17
-28
-13
-1
5
11
2
7
12
2
9
9
13
16
24
33
32
37
44
56
66
76
76
77
70
66
65
51
52
57
53
53
42
36
36
27
22
17
19
17
2
-5
-22
-37
-30
-31
-25
-36
-41
-37
-35
-37
-44
-18
-19
-8
6
0
3
7
14
6
3
1
12
20
30
32
33
41
44
52
45
36
14
8
21
12
4
3
3
-10
-8
1
-3
-8
-6
0
3
4
9
13
7
3
8
0
-16
-20
-27
-42
-32
-29
-33
-17
-16
-17
-29
-38
-39
-39
-33
-33
-25
-28
-32
-41
-43
-37
-43
-31
-32
-34
-27
-20
-21
-25
-19
-23
-22
-18
-19
-6
-2
2
24
22
23
31
25
19
16
14
3
6
-7
-14
-13
-27
-20
-31
-34
-29
-27
-23
-23
-27
-28
-17
-16
-8
-7
0
5
9
-2
1
2
6
20
20
25
30
38
20
12
2
-14
-21
-18
-11
-12
-11
-16
-21
-29
-27
-22
-31
-48
-51
-46
-37
-25
-24
-10
-8
-8
-8
-11
-7
-7
-10
-17
-12
-2
-8
-2
0
-10
8
11
9
17
16
23
13
4
5
-9
-15
-12
-9
-11
-1
6
-18
-21
-14
-15
-20
-20
-22
-20
-21
-23
-22
-19
-7
-5
3
3
4
14
25
27
33
39
38
49
59
66
58
60
57
50
58
45
36
42
34
39
40
37
39
37
51
46
44
45
35
26
17
24
30
26
23
17
11
11
15
8
-2
-6
-20
-25
-12
-6
7
22
27
39
46
46
39
32
24
13
11
0
-11
0
6
7
10
15
13
14
23
17
24
28
24
9
7
9
8
11
-4
-12
-22
-25
-18
-21
-21
-20
-24
-23
-17
-23
-33
-38
-47
-44
-54
-46
-38
-45
-36
-32
-26
-29
-18
-11
-14
-12
-18
-19
-20
-15
-12
-7
-4
-6
-8
-7
0
-9
-8
-7
-6
12
2
6
8
7
20
21
26
30
37
29
28
40
35
33
34
29
32
24
12
13
-5
-18
-21
-36
-41
-52
-55
-50
-46
-36
-22
-26
-37
-34
-58
-66
-67
-68
-60
-61
-53
-49
-32
-22
-20
-27
-23
-27
-29
-20
-10
18
8
11
21
28
40
56
77
82
90
97
88
78
86
85
75
88
91
89
95
78
60
56
52
62
63
61
55
45
46
50
37
30
33
29
37
35
31
33
28
28
33
32
30
42
45
42
42
28
16
4
-13
-31
-48
-54
-71
-89
-84
-97
-130
-150
-163
-170
-165
-170
-168
-179
-193
-200
-216
-218
-208
-200
-196
-193
-194
-186
-182
-170
-147
-131
-113
-103
-95
-95
-94
-98
-93
-73
-63
-48
-37
-14
-6
-12
-4
4
7
26
51
65
83
96
100
102
119
134
152
175
184
198
211
238
276
307
330
358
392
406
423
446
455
467
483
486
483
482
487
487
476
479
482
474
467
449
431
389
349
331
297
263
231
182
112
41
-25
-92
-167
-241
-316
-390
-457
-524
-582
-646
-708
-760
-803
-835
-868
-885
-893
-906
-912
-907
-889
-861
-832
-801
-777
-753
-696
-635
-578
-530
-485
-446
-414
-373
-329
-302
-288
-272
-268
-242
-225
-215
-209
-211
-203
-201
-193
-185
-164
-152
-126
-100
-75
-42
-23
4
15
31
48
80
127
163
201
248
312
375
433
488
535
603
679
744
823
907
992
1056
1116
1199
1260
1309
1376
1435
1464
1493
1515
1513
1489
1458
1415
1347
1256
1129
987
852
706
527
341
163
-23
-216
-362
-474
-601
-722
-815
-904
-989
-1049
-1074
-1099
-1155
-1178
-1158
-1146
-1115
-1071
-1037
-1026
-984
-906
-838
-764
-680
-608
-550
-476
-388
-308
-246
-216
-198
-193
-188
-179
-178
-197
-217
-215
-215
-222
-223
-220
-233
-252
-276
-287
-307
-328
-350
-404
-460
-512
-558
-606
-643
-653
-684
-723
-739
-741
-755
-757
-742
-727
-700
-654
-580
-504
-428
-360
-297
-222
-142
-60
23
94
158
237
302
367
411
448
475
479
498
508
518
539
557
554
563
565
574
617
658
714
773
830
886
939
999
1092
1192
1294
1387
1475
1571
1647
1750
1834
1895
1940
1991
2024
2033
2022
1926
1760
1581
1423
1252
1054
835
594
318
54
-131
-281
-429
-579
-712
-803
-861
-875
-875
-895
-922
-927
-892
-843
-761
-687
-660
-620
-574
-502
-414
-338
-279
-251
-221
-179
-142
-108
-74
-79
-116
-147
-172
-195
-234
-270
-345
-434
-492
-549
-603
-637
-674
-726
-786
-849
-917
-1017
-1098
-1176
-1241
-1298
-1374
-1422
-1478
-1526
-1556
-1586
-1629
-1683
-1715
-1701
-1661
-1601
-1534
-1463
-1381
-1280
-1125
-949
-802
-684
-571
-459
-339
-222
-114
-12
45
84
149
231
295
358
411
447
467
500
581
645
684
717
750
766
798
852
918
992
1028
1098
1192
1307
1445
1598
1737
1820
1900
2004
2131
2202
2214
2188
2084
1920
1753
1648
1526
1302
1063
862
641
455
396
371
241
88
0
-48
-109
-127
-92
-168
-292
-333
-312
-281
-259
-234
-238
-289
-277
-154
-43
61
168
232
277
336
415
430
409
374
265
148
70
38
-43
-138
-197
-299
-377
-401
-389
-409
-458
-486
-517
-560
-606
-622
-680
-779
-861
-926
-983
-1033
-1068
-1099
-1129
-1144
-1145
-1155
-1152
-1151
-1176
-1198
-1181
-1144
-1126
-1126
-1124
-1106
-1101
-1077
-1012
-948
-906
-831
-699
-556
-443
-350
-240
-172
-128
-48
15
49
62
71
101
146
196
261
290
287
335
407
478
565
626
675
705
746
819
905
991
1067
1124
1185
1300
1417
1571
1743
1877
1993
2109
2281
2443
2523
2552
2529
2357
2132
2014
1900
1611
1295
1083
798
487
374
403
296
83
-4
-12
-75
-99
-27
-34
-154
-231
-186
-123
-107
-58
-27
-91
-105
-22
31
92
165
184
224
305
376
401
390
340
219
57
-78
-159
-289
-504
-662
-770
-894
-981
-998
-1006
-1089
-1151
-1175
-1267
-1343
-1371
-1428
-1540
-1660
-1727
-1795
-1868
-1894
-1896
-1910
-1951
-1955
-1900
-1861
-1814
-1733
-1678
-1641
-1572
-1451
-1345
-1278
-1203
-1134
-1082
-1033
-942
-834
-753
-684
-583
-442
-320
-205
-86
-26
-30
-18
-22
-75
-103
-90
-68
-51
-9
92
184
288
447
613
733
847
997
1080
1136
1222
1329
1411
1494
1622
1739
1855
1982
2120
2284
2458
2590
2712
2839
2960
3065
3127
3153
3069
2815
2532
2361
2203
1893
1506
1191
818
429
278
327
264
8
-167
-220
-266
-309
-249
-216
-411
-602
-623
-560
-529
-530
-535
-633
-786
-843
-827
-817
-831
-882
-923
-922
-875
-851
-847
-820
-859
-966
-1073
-1113
-1101
-1155
-1227
-1277
-1348
-1429
-1451
-1369
-1295
-1282
-1306
-1338
-1382
-1441
-1475
-1515
-1627
-1726
-1804
-1861
-1811
-1727
-1671
-1695
-1752
-1773
-1780
-1800
-1799
-1797
-1867
-1898
-1776
-1603
-1466
-1281
-1079
-892
-784
-675
-464
-357
-312
-181
0
128
232
397
544
630
676
686
676
646
654
684
639
623
670
701
774
905
1024
1124
1254
1376
1438
1496
1574
1633
1697
1789
1951
2067
2149
2345
2558
2748
2900
3026
3119
3212
3414
3613
3694
3673
3518
3199
2831
2762
2875
2403
1585
1072
751
373
-8
3
46
-387
-728
-605
-491
-599
-668
-689
-899
-1047
-813
-477
-238
-83
52
107
23
32
47
-151
-509
-907
-1215
-1358
-1416
-1480
-1504
-1368
-1161
-1031
-943
-871
-896
-1098
-1327
-1412
-1497
-1574
-1535
-1423
-1295
-1240
-1185
-1148
-1273
-1453
-1658
-1929
-2224
-2503
-2583
-2571
-2478
-2343
-2297
-2109
-1949
-1894
-1828
-1796
-1945
-2312
-2516
-2368
-2102
-2011
-1822
-1393
-1067
-684
-154
246
415
393
341
295
160
67
54
-50
-223
-307
-268
-252
-242
-199
-50
172
243
340
627
1028
1388
1655
1902
2108
2141
2010
2035
2060
1905
1741
1657
1722
1793
1888
2105
2350
2578
2904
3401
3826
4103
4396
4759
5112
5106
4744
3968
2415
581
-813
-1674
-2688
-3999
-4417
-3875
-3170
-2150
-631
1044
2090
2546
3255
3845
3705
3261
2859
2176
1399
977
537
-61
-724
-1317
-1731
-2440
-3042
-3122
-3023
-2564
-1751
-902
-84
642
1123
1282
1217
975
544
-25
-494
-645
-898
-1303
-1540
-1909
-2399
-2783
-2977
-3043
-3171
-3202
-3026
-2761
-2555
-2345
-2271
-2412
-2454
-2337
-2108
-1842
-1434
-956
-594
-339
-311
-490
-828
-1279
-1727
-2015
-2358
-2834
-3065
-3076
-2926
-2827
-2817
-2619
-2336
-2000
-1244
-303
319
846
1286
1613
1766
1531
1102
638
13
-569
-753
-750
-631
-500
-322
205
819
1216
1646
2098
2339
2611
2799
2973
3150
3054
3005
2983
2782
2463
2215
2155
2178
2208
2325
2587
2973
3365
3925
4557
4839
5038
5278
5646
5672
5140
4032
1750
-496
-2107
-3147
-3852
-4956
-5018
-4025
-3194
-1721
310
2104
3255
3817
4506
4835
4440
3802
3298
2481
1075
263
-493
-1583
-2447
-3315
-3773
-4239
-4638
-4234
-3322
-2175
-946
230
1248
2121
2599
2568
2377
1961
1244
523
-38
-386
-858
-1605
-2350
-3140
-3757
-4151
-4205
-4089
-3986
-3625
-3115
-2505
-2181
-2026
-2117
-2448
-2508
-2478
-2088
-1608
-1134
-477
-269
-277
-490
-1094
-1636
-2229
-2467
-2632
-3118
-3034
-2662
-2227
-1996
-1981
-1619
-1227
-836
-245
741
1413
1580
1827
1633
1241
747
-75
-619
-1083
-1459
-1272
-948
-600
-144
370
903
1448
1991
2292
2760
3143
3350
3710
3915
3974
3731
3393
3114
2815
2442
2091
2007
1988
2090
2333
2583
2959
3304
3617
4029
4310
4653
5022
5523
5582
4932
3657
905
-1372
-2846
-4244
-4838
-5610
-5693
-4572
-3469
-1914
21
1549
2741
3837
4628
4742
4810
4185
3060
2604
1384
-215
-1155
-2108
-3365
-4335
-4715
-5215
-5328
-4754
-3897
-2558
-1084
-37
897
1809
2210
2198
2053
1658
775
-52
-573
-1182
-1913
-2753
-3689
-4523
-5001
-5139
-4901
-4472
-3924
-3334
-2628
-1869
-1535
-1434
-1799
-2014
-1856
-1772
-1218
-711
-309
236
304
-22
-587
-1423
-2161
-2470
-2272
-2600
-2948
-2340
-2095
-1866
-1498
-1456
-1161
-592
226
1037
1918
2440
2323
2160
1680
873
77
-658
-1206
-1586
-1523
-932
-292
251
699
1231
1637
1950
2483
2862
3435
3938
4002
4157
4237
3935
3367
2853
2255
1667
1355
1182
1291
1633
2078
2659
3104
3481
3795
4183
4630
4926
5269
5711
6426
6354
5448
3528
369
-1742
-3377
-4935
-5718
-6247
-5747
-4755
-3519
-1516
196
1540
2616
3601
4404
4532
4523
3862
2992
2176
868
-394
-1769
-2952
-3860
-4487
-4818
-5149
-4966
-4137
-2751
-1309
-241
775
1777
2464
2733
2727
2430
1798
1050
294
-422
-992
-1738
-2576
-3440
-4164
-4447
-4432
-4022
-3601
-3093
-2496
-1880
-1381
-1406
-1580
-2057
-2216
-2054
-1902
-1319
-884
-386
102
-10
-493
-1399
-2260
-2591
-2705
-2741
-2886
-2627
-1984
-1567
-1272
-1321
-1361
-1230
-866
-22
921
1794
2145
2066
1708
950
212
-608
-1392
-1966
-2225
-1888
-1286
-678
-136
257
693
1002
1396
2131
2753
3385
3713
3827
3910
3579
3150
2507
1835
1234
738
610
600
820
1174
1618
2218
2609
2951
3410
3965
4611
5005
5341
5657
6156
6468
5740
3768
577
-2059
-3655
-5059
-6057
-6745
-6539
-5718
-4565
-2610
-811
813
2426
3856
4935
5210
5296
4870
3803
2764
1343
-80
-1414
-2795
-3815
-4589
-4857
-5118
-5076
-4249
-2925
-1344
-193
881
1945
2820
3411
3496
3131
2426
1570
709
-64
-879
-1816
-2872
-3791
-4595
-4923
-4755
-4360
-3850
-3377
-2702
-1988
-1324
-1127
-1266
-1559
-1756
-1591
-1424
-1051
-691
-256
125
77
-336
-1146
-2132
-2913
-3020
-2701
-2446
-1997
-1346
-1232
-1361
-1417
-1526
-1212
-573
229
1142
2179
2760
2678
2302
1585
807
-95
-901
-1534
-1849
-1551
-920
-346
-73
159
401
678
1211
1900
2472
2942
3152
3269
3430
3304
2943
2340
1830
1413
1082
986
937
1126
1563
2175
2710
3102
3495
3876
4293
4695
5139
5498
5884
6526
6745
5349
2015
-1295
-3194
-4664
-5940
-6606
-6634
-6152
-5121
-3090
-969
463
1947
3355
4426
5187
5670
5657
4821
3785
2494
869
-851
-2574
-3942
-4806
-5035
-5143
-5386
-5114
-3913
-2338
-1120
-25
1094
2068
2823
3315
3433
2937
1995
1045
82
-945
-1851
-2707
-3646
-4521
-4881
-4885
-4551
-3874
-3324
-2838
-2361
-1685
-1165
-1107
-1374
-1738
-1736
-1548
-1210
-761
-358
129
397
244
-269
-1271
-1939
-2128
-2057
-1709
-1333
-666
-426
-380
-486
-1033
-1151
-950
-356
624
1772
2759
2919
2469
1815
1181
612
-120
-723
-1002
-901
-483
-128
257
272
11
0
267
1012
1723
2359
2794
2894
2925
2603
2133
1557
927
479
313
425
434
411
620
958
1301
1530
1815
2278
2858
3566
4253
4810
5106
5577
6278
5766
2879
-654
-2682
-3893
-5003
-5799
-6030
-6060
-5894
-4516
-2438
-797
636
2419
3896
4662
5367
5808
5263
4097
2859
1418
-261
-1909
-3204
-4199
-4736
-5037
-5644
-6066
-5501
-3827
-2248
-1035
219
1287
2187
2883
3315
3113
2491
1826
1073
205
-694
-1554
-2613
-3761
-4633
-4942
-4728
-4160
-3496
-2924
-2406
-1789
-1206
-952
-1184
-1681
-1692
-1402
-821
-102
419
941
1211
1160
609
-291
-1115
-1398
-1260
-1088
-918
-797
-573
-496
-673
-812
-723
-494
21
860
1909
2746
2905
2468
1604
760
-96
-595
-877
-1266
-1300
-1151
-625
-186
-84
-83
-178
88
632
1565
2494
2969
3139
3007
2759
2362
1842
1349
1060
881
800
835
767
717
904
1327
1834
2243
2625
3327
4069
4810
5190
5329
5695
6084
5902
2953
-704
-2430
-3337
-3933
-4872
-5281
-5495
-6124
-5313
-3759
-2483
-962
895
2843
3925
4811
5723
5288
4334
3242
2041
825
-587
-1486
-2346
-2921
-3243
-4256
-5273
-5218
-3835
-2223
-951
355
1422
2137
2748
3122
2957
2294
1697
1364
791
-8
-697
-1543
-2738
-3902
-4643
-4629
-4143
-3415
-2728
-2310
-1632
-1113
-886
-1256
-1933
-1868
-1599
-888
-74
260
706
861
736
278
-770
-1446
-1845
-1640
-698
-104
327
152
-364
-759
-1098
-804
-581
-115
881
1869
2675
2555
1946
1215
406
33
-170
-306
-504
-933
-1169
-1146
-1031
-1060
-1183
-927
-396
517
1624
2498
2947
2770
2567
2413
2210
1954
1672
1797
1904
1838
1512
834
244
-48
340
1130
1839
2422
2917
3539
4132
4498
4756
5171
5852
4799
1220
-1333
-2001
-2439
-3345
-4604
-5247
-6006
-6278
-4848
-3252
-2166
-597
1420
2581
2876
3553
4054
3652
3069
2532
1892
849
-387
-1415
-2282
-2865
-3616
-4790
-5352
-4560
-3014
-1577
-605
120
558
964
1623
1934
1923
1864
1973
1896
1096
-13
-1038
-1963
-3048
-3964
-4262
-4016
-3544
-3072
-2796
-2609
-2366
-2187
-1941
-2172
-2232
-1741
-1154
-246
122
309
603
596
577
182
-456
-626
-675
-669
-279
-296
-412
-604
-1050
-1148
-1083
-691
-189
473
1230
1748
2031
1752
1392
1139
892
803
709
307
-275
-832
-1436
-1703
-1661
-1476
-1089
-672
-92
680
1382
1953
2237
2345
2488
2679
2895
2881
2838
2685
2465
2199
1589
993
779
1126
1759
2448
3093
3417
3534
3942
4357
4915
5531
6490
6613
2931
-604
-1548
-1820
-1987
-3313
-4405
-5387
-6278
-5018
-3347
-2563
-1597
9
1561
2043
2499
3206
3017
2844
2657
2226
1813
591
-549
-1391
-2171
-2827
-4198
-5036
-4648
-3620
-2058
-966
-599
-630
-423
694
1361
1382
1472
1651
2132
1668
555
-399
-1459
-2249
-2949
-3217
-3174
-3264
-3093
-2934
-2884
-2868
-2692
-1877
-1760
-2083
-1709
-1219
-348
-124
-252
237
362
551
440
-190
-477
-1003
-1280
-1066
-1087
-904
-1149
-1414
-1429
-1673
-844
10
483
1043
1085
1233
942
354
224
376
706
618
179
-318
-952
-1425
-1640
-1468
-1017
-700
-40
744
1025
1212
1574
1967
2041
2221
2828
3260
3364
3149
2778
2476
2141
1822
1561
1426
1579
2051
2748
3245
2986
2914
3366
3809
4641
5517
6583
4766
300
-1251
-1243
-1223
-1711
-3180
-4095
-5517
-5790
-4079
-3060
-2134
-801
350
953
1119
1872
2145
1841
2257
2452
2357
1938
463
-547
-992
-1353
-2122
-3562
-3543
-2899
-2328
-1328
-932
-1036
-1495
-857
623
952
1189
1509
1777
1967
1354
868
44
-1024
-1343
-1634
-1644
-2089
-2937
-3161
-3580
-3534
-3485
-3207
-2485
-2996
-2816
-2183
-1604
-812
-1001
-354
281
185
642
371
-179
-645
-1171
-1086
-1383
-1787
-1927
-1975
-1707
-1875
-1540
-504
15
634
1364
1713
1622
952
502
574
602
649
384
-289
-902
-1361
-1281
-1178
-1131
-837
-689
-95
339
407
848
1250
1440
1557
1954
2437
2526
2352
2157
2122
2019
1753
1666
1640
1671
1950
2448
2970
2909
2988
3592
4306
4973
5450
6302
4055
-246
-923
-281
290
-72
-2228
-3668
-5109
-5126
-3367
-2831
-2137
-535
541
450
138
746
1093
1174
1804
2091
1909
1764
785
-214
-365
-447
-681
-1759
-1976
-1522
-1648
-859
-512
-799
-1057
-608
660
556
455
966
1209
1537
1295
1213
704
-301
-203
-23
37
-596
-1617
-1908
-2516
-2599
-2835
-2968
-2619
-3418
-3161
-2563
-2037
-1196
-1418
-653
-24
-70
425
82
-169
-522
-1293
-938
-847
-1424
-1712
-2063
-2440
-2832
-2243
-1042
-611
-160
418
711
618
149
231
672
802
974
855
77
-857
-1406
-1208
-835
-634
-526
-503
-163
-64
40
562
678
761
1310
2118
2478
2271
2220
2274
2489
2750
2678
2496
1957
1700
2187
2663
2963
2663
2683
3136
3838
4770
5567
5949
2520
-802
-268
470
1547
786
-1637
-3353
-5167
-4479
-2715
-2265
-1443
-441
37
-268
-184
474
516
723
1415
1484
1118
598
-515
-708
-193
-24
-330
-1373
-1416
-1329
-1359
-372
-208
-459
-710
-272
465
-132
26
425
617
1129
1125
1261
434
-471
-204
113
507
-27
-755
-1433
-2470
-2468
-2773
-2710
-2921
-3848
-3371
-3258
-2637
-2211
-2515
-1602
-1306
-804
-50
-366
-477
-808
-1165
-806
-954
-1699
-2029
-2109
-2436
-2230
-1357
-834
-577
-44
685
1086
999
630
764
1309
1250
1305
866
-386
-888
-1021
-702
-207
-225
-43
3
207
594
914
1395
1173
979
1465
1938
2096
1713
1572
1973
2432
2863
2868
2458
2061
2044
2566
3321
3609
3501
3412
3683
4282
5201
5803
2835
-351
-228
262
1332
783
-1545
-3145
-4712
-4101
-2356
-1832
-1117
-534
-714
-1229
-1022
-91
283
515
851
608
4
-341
-776
-878
-145
249
36
-718
-1053
-959
-1205
-441
236
257
-48
-509
-342
-764
-622
7
256
857
850
673
-91
-1015
-645
114
846
644
-78
-623
-1454
-1592
-1781
-1672
-1953
-3057
-2803
-2824
-2353
-1813
-2115
-1529
-1512
-1192
-474
-484
-358
-414
-638
-319
50
-565
-1288
-1448
-1968
-1947
-1009
-551
-398
-247
-28
199
258
87
94
792
894
920
841
-297
-616
-406
-212
49
-116
-96
-193
-62
406
891
1780
1893
1320
1409
1703
2092
2176
1765
1692
2013
2616
2869
2610
2063
1963
2557
3065
3324
3282
3241
3695
4378
5022
5881
3734
461
606
849
1507
1661
-824
-2537
-3952
-4030
-1983
-1386
-1241
-826
-1138
-1165
-712
-72
24
-21
564
400
-554
-1153
-1549
-1337
-528
-346
-823
-1705
-2023
-1571
-1527
-732
279
256
-208
-893
-914
-951
-906
-412
-420
-137
204
150
-414
-1124
-769
-19
347
22
-475
-778
-1330
-1376
-1552
-1531
-1773
-3060
-3279
-3619
-3238
-2319
-2739
-2240
-2174
-2231
-1844
-2591
-2964
-2821
-1797
-725
-766
-1036
-1907
-2225
-1743
-1126
-42
405
197
24
23
17
128
421
193
275
681
719
509
-271
-366
475
1203
1354
631
275
354
717
1534
1698
1648
1567
1236
1140
1137
1507
2092
2300
2195
2116
2369
2638
2749
2758
2872
3263
3408
3347
3273
3173
3794
4659
5580
5564
2407
305
1017
1599
2580
1795
-613
-2059
-3305
-2617
-895
-722
-408
-278
-819
-825
-240
580
776
786
963
351
-548
-1163
-1495
-945
-60
85
-475
-1290
-1568
-1407
-1049
-58
690
571
31
-592
-1103
-1168
-630
-190
-285
-482
-254
-311
-984
-1116
-645
137
277
-646
-1155
-1722
-1840
-1209
-1285
-1091
-2038
-3360
-3261
-3489
-2629
-2276
-2862
-2550
-2823
-2452
-2006
-2373
-2700
-2813
-1930
-1370
-1386
-1519
-2307
-2426
-1736
-952
-2
244
-283
-561
-425
-177
421
776
446
404
620
678
355
-226
-313
110
750
1028
519
52
73
462
1378
1873
1794
1633
1092
1076
1451
1851
2314
2115
1945
1920
1996
2384
2218
1971
2247
2746
3197
3126
2686
2671
3595
4658
5664
4887
1735
1006
1675
2139
3181
1602
-573
-1940
-3066
-1750
-194
-11
26
-396
-969
-610
34
181
309
604
875
327
-628
-1065
-1284
-781
-213
-599
-1071
-1589
-1730
-1529
-1305
-422
60
-46
-405
-819
-926
-796
-329
-127
-157
-306
-480
-959
-1643
-1283
-434
258
195
-806
-1430
-1927
-1789
-1135
-1065
-1091
-2348
-3293
-3276
-3364
-2242
-2191
-2473
-2210
-2934
-2788
-3001
-3472
-2718
-2236
-1708
-1599
-2271
-2371
-2322
-1916
-960
-409
-141
-271
-537
-268
196
486
660
516
209
176
174
312
396
486
858
705
472
489
364
675
878
890
1265
1243
1247
1261
1099
1534
1853
2076
2313
2271
2369
2475
2502
2598
2690
2627
2557
2502
2551
2728
2747
3080
3552
4271
5041
3267
1342
1578
1739
2783
2822
936
-262
-1726
-2060
-642
36
281
215
-485
-857
-352
470
701
718
852
495
-114
-665
-881
-465
-175
-234
-616
-1014
-1071
-1046
-817
-398
215
515
169
-336
-767
-870
-484
-78
118
78
-231
-493
-1044
-1386
-1042
-551
-230
-636
-1217
-1677
-2086
-1832
-1481
-1269
-1600
-2703
-3130
-3208
-2902
-2173
-2216
-2064
-2037
-2309
-2385
-2973
-2842
-2123
-1684
-1281
-1786
-2492
-2398
-2173
-1480
-434
-214
-380
-691
-1069
-489
191
478
648
403
326
248
216
319
435
909
1056
997
881
648
784
965
1169
1313
1334
1209
888
1005
1411
1946
2261
2133
2339
2433
2464
2697
2800
3180
3258
2952
2728
2402
2419
2566
2575
2933
3440
4178
4576
2954
1441
1694
2073
2942
2799
1043
29
-1085
-1567
-472
173
549
552
-289
-604
-218
294
843
1236
1130
577
-131
-818
-1045
-835
-468
-355
-787
-1126
-1304
-1546
-1485
-951
-316
-44
-347
-882
-1231
-1430
-1122
-677
-553
-494
-670
-885
-1284
-1500
-1116
-859
-509
-663
-1319
-1589
-1957
-1887
-1683
-1584
-1679
-2529
-2926
-3058
-2833
-2458
-2616
-2290
-2384
-2591
-2610
-3070
-2663
-2229
-1979
-1567
-2029
-2219
-2161
-2340
-1727
-1034
-770
-695
-948
-1162
-821
-417
-212
160
122
70
264
257
459
647
624
682
782
878
961
902
850
892
983
1324
1335
1059
1065
1143
1754
2217
2186
2385
2381
2566
2815
2862
3035
2960
2994
2857
2486
2482
2252
2171
2294
2318
2896
3459
2990
1759
1079
1129
1754
2492
1679
347
-546
-1477
-1089
-145
273
685
300
-341
-310
-23
553
1177
1171
746
396
-159
-664
-759
-634
-528
-747
-825
-870
-1144
-1226
-860
-257
113
276
-7
-338
-607
-578
-68
-266
-249
-167
-521
-445
-838
-826
-584
-678
-304
-612
-829
-993
-1717
-1775
-1873
-1817
-1991
-2721
-2852
-2953
-2718
-2482
-2493
-2412
-2695
-2570
-2586
-2619
-2154
-2067
-1764
-1693
-1877
-1623
-1733
-1653
-1327
-1093
-664
-573
-638
-601
-403
-218
-151
40
65
372
715
797
1000
861
897
935
893
1249
1361
1345
1150
948
1058
1143
1192
1154
1219
1545
1896
2064
2116
2191
2305
2471
2512
2366
2238
2082
2074
2169
2085
2007
1695
1435
1598
2044
2704
3078
2938
2110
1375
1479
1793
1952
1429
680
193
-691
-958
-444
-151
141
154
64
102
115
594
953
550
148
152
-18
-336
-394
-478
-803
-1200
-1269
-1111
-1113
-858
-415
-281
-287
-330
-312
-343
-420
-283
-283
-359
-372
-480
-525
-664
-824
-958
-1029
-899
-996
-1177
-1228
-1448
-1680
-1778
-1862
-2007
-2248
-2354
-2419
-2582
-2646
-2700
-2594
-2445
-2485
-2502
-2611
-2670
-2472
-2384
-2187
-1763
-1671
-1696
-1639
-1682
-1553
-1291
-1027
-774
-612
-377
-222
-274
-239
24
368
636
902
1113
1053
889
779
781
856
969
1210
1106
842
795
769
799
780
914
1247
1530
1756
1837
1863
2036
2323
2452
2375
2212
2016
1949
1829
1652
1631
1487
1449
1505
1539
1919
2102
2340
2647
2647
2677
2375
2159
2061
1707
1478
1238
847
378
78
116
229
183
54
53
240
484
515
310
47
-179
-274
-417
-679
-779
-869
-980
-1029
-1105
-972
-887
-863
-687
-515
-344
-416
-492
-509
-601
-558
-583
-560
-504
-555
-571
-814
-1074
-1142
-1212
-1120
-1129
-1324
-1413
-1533
-1729
-1885
-1933
-1884
-1797
-1921
-2044
-2167
-2405
-2424
-2436
-2287
-2230
-2375
-2331
-2564
-2732
-2618
-2523
-2206
-1949
-1758
-1531
-1542
-1410
-1136
-950
-755
-594
-391
-236
-96
114
299
522
776
833
807
801
871
1065
1053
953
855
728
694
627
641
649
687
876
1007
1292
1535
1653
1817
1914
2114
2279
2357
2308
2140
1990
1801
1634
1512
1475
1446
1391
1452
1546
1727
1983
2206
2441
2457
2352
2169
1914
1831
1720
1594
1278
756
521
429
346
342
305
254
139
9
35
37
31
20
-163
-378
-570
-689
-735
-748
-735
-805
-923
-876
-656
-496
-348
-274
-132
53
2
-63
-309
-483
-367
-314
-228
-213
-317
-423
-611
-776
-795
-865
-978
-1069
-1168
-1123
-1185
-1312
-1281
-1308
-1350
-1451
-1592
-1596
-1663
-1742
-1754
-1891
-1880
-1880
-2001
-2022
-2122
-2056
-1929
-1903
-1774
-1633
-1479
-1402
-1341
-1079
-840
-690
-514
-316
-115
44
303
585
756
822
889
1128
1316
1403
1440
1288
1188
1176
1172
1175
1109
1098
1161
1210
1282
1440
1573
1665
1757
1850
1953
2023
2082
2030
1867
1669
1359
1109
1049
1040
1044
904
872
991
1064
1326
1526
1781
2037
1944
1770
1557
1498
1710
1604
1173
802
457
179
40
82
120
21
-58
-165
-267
-263
-231
-270
-515
-733
-839
-995
-967
-886
-895
-1069
-1261
-1165
-1069
-992
-868
-732
-542
-444
-363
-430
-573
-458
-466
-560
-591
-602
-516
-617
-650
-566
-680
-838
-1022
-1140
-1090
-1097
-1207
-1385
-1504
-1397
-1362
-1487
-1564
-1624
-1776
-2000
-2124
-2067
-2058
-2084
-2022
-2159
-2254
-2089
-1984
-1955
-1863
-1716
-1618
-1599
-1571
-1360
-1093
-865
-593
-465
-315
58
517
871
982
1071
1243
1423
1621
1709
1673
1587
1466
1383
1332
1264
1233
1166
1096
1128
1249
1505
1675
1649
1619
1695
1782
1748
1722
1684
1561
1396
1166
982
862
809
867
901
862
900
1001
1132
1443
1787
1826
1652
1499
1489
1601
1593
1499
1222
741
517
412
213
157
207
203
-43
-345
-345
-377
-452
-410
-508
-733
-832
-691
-660
-866
-946
-827
-859
-945
-856
-789
-744
-642
-514
-539
-599
-425
-313
-450
-495
-401
-391
-418
-487
-507
-477
-451
-387
-483
-619
-611
-678
-873
-984
-1063
-1124
-1100
-1196
-1384
-1558
-1569
-1540
-1721
-1778
-1657
-1570
-1606
-1738
-1810
-1830
-1673
-1447
-1453
-1439
-1252
-1111
-1136
-1108
-858
-593
-470
-350
-226
-90
295
776
1053
1167
1371
1539
1476
1483
1646
1783
1775
1635
1470
1330
1286
1351
1303
1162
1158
1264
1395
1450
1509
1588
1585
1533
1487
1436
1350
1292
1191
1017
888
789
744
783
780
827
963
1108
1302
1452
1584
1658
1633
1615
1634
1636
1545
1481
1332
958
670
564
444
295
264
262
30
-222
-232
-166
-219
-401
-467
-552
-709
-683
-691
-814
-885
-798
-796
-982
-978
-791
-674
-733
-866
-886
-806
-713
-709
-822
-903
-904
-884
-864
-809
-770
-826
-925
-1022
-1030
-912
-902
-1126
-1394
-1434
-1301
-1324
-1459
-1544
-1684
-1785
-1735
-1745
-1811
-1899
-1878
-1760
-1800
-1778
-1697
-1726
-1766
-1682
-1524
-1489
-1460
-1403
-1349
-1210
-993
-830
-863
-896
-720
-457
-145
234
584
746
814
1024
1207
1289
1397
1530
1540
1386
1275
1211
1115
1130
1198
1200
1178
1193
1275
1325
1381
1486
1558
1497
1323
1202
1218
1288
1285
1236
1131
1011
929
862
871
890
991
1240
1380
1392
1397
1482
1614
1674
1817
1958
1856
1644
1531
1381
1071
905
885
642
263
92
125
43
-59
19
-47
-275
-255
-113
-304
-625
-615
-585
-865
-1067
-1010
-1059
-1228
-1134
-923
-1049
-1239
-1106
-955
-907
-778
-669
-795
-981
-875
-659
-659
-782
-837
-882
-840
-716
-711
-831
-974
-978
-956
-972
-1037
-1209
-1252
-1201
-1293
-1394
-1406
-1459
-1642
-1826
-1778
-1697
-1735
-1756
-1768
-1831
-1880
-1726
-1600
-1586
-1462
-1279
-1198
-1171
-986
-816
-749
-648
-489
-233
84
409
640
746
846
987
1081
1182
1330
1376
1273
1152
1082
1023
969
929
926
958
1007
1091
1161
1191
1272
1289
1210
1159
1148
1165
1156
1116
1064
1018
1005
907
798
808
894
1014
1099
1220
1274
1291
1479
1711
1889
1975
2031
2060
1915
1733
1713
1689
1519
1287
1015
698
515
568
620
469
279
282
278
145
21
-41
-205
-479
-517
-535
-734
-866
-914
-1005
-1084
-1030
-924
-970
-1030
-856
-738
-791
-819
-795
-779
-757
-639
-544
-601
-696
-692
-678
-644
-544
-516
-596
-669
-687
-778
-887
-901
-902
-902
-900
-904
-927
-1031
-1180
-1254
-1234
-1238
-1278
-1352
-1495
-1577
-1616
-1598
-1544
-1552
-1521
-1473
-1412
-1363
-1275
-1147
-1096
-976
-779
-517
-248
-7
281
484
544
615
726
844
936
953
902
816
737
698
689
657
668
733
777
820
854
915
954
910
878
853
787
706
627
554
559
592
535
467
423
436
510
598
739
877
1018
1187
1304
1471
1709
1916
2006
1943
1901
1887
1839
1825
1762
1582
1314
1132
1095
974
776
593
502
400
230
137
7
-193
-318
-370
-544
-800
-917
-1017
-1223
-1306
-1195
-1160
-1286
-1308
-1133
-1005
-951
-875
-829
-826
-780
-622
-568
-610
-560
-517
-514
-500
-424
-365
-414
-465
-509
-581
-566
-493
-480
-495
-527
-592
-665
-633
-548
-598
-729
-774
-878
-1101
-1112
-976
-1097
-1329
-1360
-1369
-1460
-1408
-1190
-1136
-1224
-1086
-850
-683
-483
-211
-54
-110
42
381
486
517
689
791
668
630
737
708
608
651
719
591
482
613
697
605
579
633
609
530
623
737
580
441
438
393
320
337
423
403
317
376
492
532
657
839
964
955
967
1161
1295
1422
1614
1702
1699
1743
1925
2038
1976
1878
1724
1593
1542
1480
1282
969
806
642
393
270
271
153
-90
-188
-281
-469
-575
-560
-632
-815
-874
-933
-1142
-1200
-1040
-986
-1101
-1131
-1010
-973
-903
-682
-623
-701
-665
-615
-628
-573
-447
-484
-644
-647
-597
-604
-572
-573
-662
-669
-552
-490
-562
-552
-437
-484
-521
-446
-464
-610
-677
-637
-754
-911
-973
-1085
-1191
-1145
-1015
-990
-1034
-949
-904
-913
-740
-523
-402
-325
-196
-93
-59
68
269
340
379
462
414
311
316
372
350
299
336
356
271
265
321
313
284
292
350
349
306
286
233
192
212
273
319
278
208
177
218
338
467
544
565
603
711
856
962
1107
1315
1430
1483
1603
1789
1960
2071
2119
2094
2027
2046
2045
1862
1721
1639
1410
1104
993
925
610
371
350
271
44
-94
-134
-369
-550
-496
-621
-990
-1099
-972
-1088
-1271
-1174
-1092
-1280
-1342
-1100
-1014
-1088
-1014
-1003
-1131
-1060
-785
-705
-820
-793
-747
-796
-744
-596
-562
-603
-507
-394
-385
-288
-176
-261
-311
-197
-196
-368
-406
-360
-562
-787
-794
-880
-1099
-1164
-1157
-1342
-1494
-1373
-1348
-1497
-1456
-1273
-1236
-1256
-1062
-869
-852
-723
-515
-479
-423
-198
-56
-133
-107
59
61
34
184
329
264
212
323
390
403
486
556
470
396
402
327
209
181
244
219
160
199
217
186
205
316
430
475
470
490
586
703
841
952
1004
1063
1171
1372
1511
1589
1750
1898
1964
2033
2166
2216
2149
2191
2283
2118
1897
1786
1602
1285
1076
1083
824
336
93
-5
-211
-405
-403
-482
-710
-703
-548
-627
-771
-678
-619
-797
-875
-730
-727
-947
-1021
-942
-976
-996
-889
-845
-915
-920
-793
-767
-814
-720
-630
-633
-655
-630
-580
-597
-600
-579
-607
-638
-661
-633
-578
-622
-735
-866
-999
-1124
-1195
-1236
-1413
-1598
-1617
-1648
-1747
-1709
-1544
-1482
-1466
-1348
-1195
-1096
-919
-665
-580
-610
-500
-327
-321
-330
-213
-169
-238
-138
57
100
107
226
301
230
276
436
444
362
363
325
168
82
147
182
89
57
60
-15
3
180
276
211
155
182
200
254
444
556
560
590
657
763
881
1049
1220
1352
1501
1658
1820
1986
2132
2256
2317
2338
2367
2376
2361
2284
2113
1920
1753
1559
1362
1242
1143
939
653
486
423
317
199
105
-17
-133
-179
-198
-285
-398
-418
-483
-682
-783
-710
-669
-752
-762
-688
-666
-654
-567
-451
-405
-372
-338
-344
-357
-267
-167
-216
-304
-331
-301
-301
-264
-188
-255
-454
-622
-650
-650
-754
-906
-1123
-1364
-1488
-1548
-1700
-1856
-1853
-1830
-1912
-1972
-1879
-1781
-1749
-1628
-1485
-1412
-1333
-1219
-1109
-1042
-915
-725
-659
-631
-452
-252
-186
-103
102
213
245
331
402
400
338
290
258
197
159
137
18
-119
-155
-149
-193
-231
-167
-127
-132
-72
45
141
178
211
286
382
504
644
704
705
788
927
1028
1138
1318
1497
1580
1678
1826
1899
1959
2037
2085
2120
2127
2098
1977
1849
1797
1664
1459
1313
1186
983
837
772
604
423
379
357
254
187
232
187
62
80
106
-13
-140
-152
-212
-360
-335
-223
-270
-331
-243
-191
-263
-236
-129
-121
-112
-32
10
-65
-104
-60
-91
-118
-70
-126
-287
-369
-405
-469
-553
-670
-815
-940
-1006
-1057
-1172
-1287
-1381
-1512
-1589
-1617
-1662
-1690
-1696
-1726
-1743
-1706
-1658
-1658
-1654
-1583
-1515
-1433
-1295
-1167
-1080
-985
-831
-738
-676
-489
-270
-139
-71
-2
20
24
110
186
175
125
115
40
-87
-125
-110
-136
-173
-184
-238
-243
-158
-59
-14
-42
-33
24
73
142
240
295
345
440
502
541
655
834
962
1080
1226
1353
1469
1602
1758
1863
1916
1991
2016
2016
2061
2083
2044
1969
1895
1819
1717
1611
1499
1394
1290
1187
1078
959
828
695
602
572
571
496
380
279
213
179
192
160
39
-43
-95
-132
-176
-168
-162
-226
-230
-195
-200
-186
-145
-107
-90
-30
45
-29
-157
-223
-253
-318
-403
-466
-610
-777
-840
-903
-1026
-1094
-1117
-1143
-1186
-1240
-1352
-1520
-1585
-1554
-1542
-1596
-1688
-1749
-1757
-1719
-1670
-1592
-1521
-1485
-1392
-1255
-1132
-1030
-965
-896
-806
-700
-562
-503
-491
-433
-341
-268
-248
-185
-125
-136
-151
-140
-135
-179
-248
-294
-335
-366
-365
-383
-412
-427
-371
-287
-267
-201
-70
6
65
189
333
421
515
663
789
895
985
1068
1152
1241
1396
1522
1562
1596
1616
1662
1714
1755
1778
1780
1783
1772
1750
1723
1662
1599
1556
1495
1433
1346
1280
1192
1044
918
849
787
637
524
464
352
248
227
208
112
54
42
-27
-102
-87
-50
-119
-153
-83
-94
-163
-125
-8
-1
-7
52
17
-73
-70
-21
-133
-285
-305
-358
-477
-563
-597
-689
-850
-891
-894
-990
-1074
-1117
-1173
-1233
-1248
-1304
-1414
-1486
-1482
-1466
-1488
-1455
-1400
-1433
-1474
-1450
-1387
-1349
-1324
-1239
-1146
-1100
-1070
-1001
-930
-838
-686
-543
-420
-353
-301
-214
-147
-68
30
99
71
15
48
64
52
80
118
64
1
79
109
120
204
206
217
246
296
344
318
368
470
572
637
667
716
756
871
1022
1141
1196
1225
1320
1411
1510
1571
1558
1573
1602
1658
1667
1643
1650
1653
1646
1617
1648
1655
1622
1568
1516
1570
1562
1515
1430
1248
1150
1088
1016
889
749
690
549
482
417
313
217
88
108
110
81
34
-20
-36
-95
-37
-42
-147
-227
-308
-347
-440
-405
-446
-650
-679
-751
-839
-943
-1026
-1029
-1167
-1249
-1348
-1462
-1568
-1657
-1556
-1572
-1608
-1690
-1833
-1828
-1738
-1627
-1741
-1804
-1769
-1766
-1636
-1675
-1655
-1540
-1522
-1461
-1409
-1259
-1172
-1061
-1012
-1044
-895
-853
-768
-794
-804
-692
-692
-636
-721
-695
-654
-654
-454
-424
-497
-583
-545
-429
-436
-341
-340
-367
-382
-367
-200
-160
-69
-24
55
246
294
423
458
479
646
747
891
1001
1064
1063
1051
1185
1271
1360
1379
1412
1474
1471
1626
1594
1539
1596
1617
1662
1645
1656
1556
1579
1569
1436
1435
1419
1458
1352
1325
1357
1264
1220
1116
1132
1080
938
936
848
739
699
671
577
483
525
435
319
382
379
242
133
129
53
-29
-47
-138
-243
-380
-475
-524
-628
-706
-763
-839
-960
-1012
-1008
-1080
-1145
-1216
-1281
-1379
-1447
-1416
-1438
-1481
-1522
-1540
-1483
-1424
-1472
-1565
-1532
-1520
-1515
-1427
-1406
-1419
-1443
-1431
-1351
-1261
-1259
-1276
-1223
-1164
-1064
-1041
-1006
-989
-1037
-971
-904
-827
-708
-682
-646
-550
-519
-476
-388
-238
-140
-123
-69
-53
-36
2
78
151
229
302
275
352
435
458
604
679
725
829
860
886
935
977
1022
1045
1058
1104
1127
1196
1284
1295
1364
1426
1423
1425
1433
1434
1464
1457
1445
1499
1471
1444
1463
1426
1402
1391
1380
1378
1330
1271
1209
1134
1128
1145
1124
1065
1058
1029
959
958
939
922
859
793
742
622
588
556
467
422
341
263
253
203
102
76
62
-29
-64
-164
-353
-412
-524
-683
-765
-881
-973
-1066
-1175
-1242
-1245
-1240
-1308
-1347
-1365
-1432
-1442
-1414
-1485
-1516
-1486
-1541
-1598
-1578
-1517
-1472
-1420
-1371
-1389
-1359
-1302
-1237
-1136
-1092
-1068
-1022
-967
-951
-926
-876
-853
-781
-720
-702
-662
-583
-508
-479
-449
-431
-419
-370
-327
-280
-255
-218
-171
-186
-130
-38
2
44
124
201
223
261
295
314
342
333
362
408
411
454
507
526
564
618
619
640
740
800
793
828
819
756
803
848
864
841
802
798
798
842
816
771
796
766
746
735
714
732
699
662
630
603
620
590
554
535
537
535
506
454
403
440
455
437
391
323
320
303
249
205
143
66
37
0
-55
-116
-163
-192
-269
-352
-412
-485
-569
-586
-654
-750
-773
-827
-888
-985
-995
-950
-991
-992
-987
-986
-989
-1021
-985
-989
-1007
-943
-894
-886
-839
-854
-909
-862
-834
-805
-770
-738
-672
-627
-601
-557
-486
-434
-348
-307
-288
-189
-125
-83
-80
-58
12
41
118
133
83
140
162
197
216
207
296
290
307
390
407
444
461
510
530
527
579
627
636
659
746
788
788
804
817
834
827
856
847
824
877
860
838
803
740
706
699
720
665
628
607
553
515
496
496
443
417
436
443
400
360
385
403
395
372
378
361
315
316
301
282
318
315
271
257
280
311
294
273
263
257
245
203
139
28
-20
-70
-113
-159
-264
-298
-348
-355
-396
-459
-472
-559
-579
-585
-611
-659
-733
-761
-796
-771
-767
-795
-763
-798
-787
-742
-734
-701
-680
-677
-721
-672
-638
-672
-628
-636
-645
-652
-640
-596
-591
-574
-530
-515
-548
-521
-462
-424
-397
-374
-364
-370
-345
-289
-227
-182
-127
-91
-79
-51
65
151
155
207
206
238
298
326
365
404
430
440
500
529
557
580
583
576
579
659
692
695
705
683
667
677
678
699
678
642
646
603
601
581
532
506
467
463
453
424
432
448
397
401
414
354
353
361
342
322
299
269
239
248
258
214
177
162
194
199
118
102
65
11
-16
-31
-15
-64
-127
-191
-243
-260
-274
-273
-321
-369
-380
-425
-447
-440
-470
-526
-546
-527
-557
-553
-579
-633
-633
-632
-609
-606
-593
-632
-641
-608
-638
-635
-631
-624
-632
-633
-601
-598
-588
-572
-555
-508
-481
-473
-460
-443
-380
-328
-325
-302
-228
-184
-170
-129
-116
-75
-15
46
90
76
114
165
218
256
257
282
294
341
387
417
414
397
413
391
439
490
493
481
456
465
467
496
536
537
530
509
526
507
456
496
500
488
501
471
438
480
498
458
485
460
426
432
396
371
325
307
278
253
298
243
167
149
122
100
95
108
68
0
-40
-31
-56
-113
-110
-143
-195
-199
-201
-235
-284
-296
-258
-240
-247
-232
-210
-225
-226
-207
-230
-244
-221
-204
-235
-271
-263
-283
-305
-274
-258
-274
-298
-292
-277
-277
-267
-258
-252
-251
-228
-187
-174
-148
-148
-177
-155
-113
-103
-107
-93
-105
-101
-73
-50
-44
-52
-13
-19
-18
9
-5
18
41
46
66
76
85
111
119
144
172
151
172
206
209
211
219
212
205
216
232
252
262
271
256
260
289
303
340
341
326
348
328
297
329
368
372
356
360
372
370
355
339
332
302
282
276
230
192
143
99
73
38
11
-24
-30
-63
-103
-157
-193
-190
-207
-194
-225
-271
-336
-367
-351
-348
-334
-350
-362
-367
-353
-333
-328
-335
-349
-366
-358
-326
-327
-337
-331
-331
-339
-354
-376
-359
-336
-325
-315
-307
-295
-293
-272
-255
-233
-233
-264
-218
-166
-170
-144
-136
-146
-132
-107
-72
-57
-51
-67
-61
-27
-4
40
41
40
40
34
90
118
82
64
89
87
121
131
88
115
111
115
125
98
84
73
83
80
64
61
62
52
32
47
63
76
93
119
169
205
220
226
233
252
274
289
291
302
324
341
340
359
383
365
381
414
416
424
420
416
436
424
398
379
348
307
271
255
223
189
164
126
127
115
64
46
20
-8
-54
-83
-104
-136
-155
-188
-226
-273
-276
-283
-323
-339
-356
-349
-340
-338
-324
-318
-329
-354
-378
-371
-365
-365
-366
-374
-353
-335
-326
-337
-350
-336
-338
-335
-334
-316
-307
-299
-282
-272
-248
-237
-218
-207
-190
-157
-116
-61
-26
17
50
60
73
86
114
136
149
157
166
203
210
217
250
240
236
256
263
307
334
314
296
285
237
231
270
250
224
195
178
165
153
162
175
171
143
138
137
146
165
176
204
224
250
298
315
341
354
345
374
387
416
448
471
511
487
485
499
497
512
513
498
485
477
470
443
401
377
324
263
229
212
184
143
123
119
89
59
31
6
-14
-54
-60
-92
-135
-133
-152
-173
-191
-239
-269
-277
-294
-315
-348
-364
-374
-370
-404
-449
-492
-542
-546
-547
-557
-589
-591
-597
-590
-589
-591
-589
-618
-611
-603
-582
-559
-539
-533
-537
-505
-469
-487
-469
-419
-404
-359
-321
-290
-273
-246
-218
-202
-178
-186
-169
-155
-144
-101
-81
-49
-16
0
28
27
14
11
41
54
31
37
33
43
63
68
94
108
129
124
115
153
179
192
192
215
247
273
312
325
321
337
364
379
394
410
409
427
466
489
501
514
522
531
537
509
525
592
599
608
605
590
579
564
572
545
523
509
487
471
451
426
397
380
377
397
387
337
284
250
239
201
142
111
88
45
-22
-83
-141
-196
-241
-272
-295
-323
-344
-412
-478
-511
-542
-554
-565
-566
-585
-613
-628
-634
-645
-667
-641
-610
-605
-606
-610
-567
-534
-507
-463
-444
-429
-407
-367
-343
-340
-328
-311
-307
-302
-270
-250
-231
-203
-190
-180
-170
-145
-110
-111
-115
-78
-75
-74
-30
-11
0
47
81
77
104
143
178
207
221
222
227
275
305
328
360
369
360
360
381
388
402
405
415
432
445
443
422
406
383
362
352
347
355
360
322
307
286
267
295
304
310
299
311
314
305
323
327
328
321
308
289
290
280
261
238
212
205
184
175
163
132
99
79
60
48
37
19
-24
-46
-54
-83
-105
-156
-170
-195
-252
-277
-311
-342
-351
-377
-402
-414
-441
-458
-462
-449
-445
-435
-431
-453
-446
-446
-469
-470
-491
-500
-499
-502
-483
-486
-507
-546
-546
-515
-508
-508
-506
-516
-524
-500
-498
-498
-480
-465
-443
-417
-410
-417
-422
-399
-370
-354
-336
-326
-296
-261
-224
-179
-141
-96
-64
-32
24
69
93
113
140
164
205
238
236
249
248
227
223
224
235
265
279
275
269
293
295
294
325
342
359
361
386
406
371
361
371
342
319
324
331
330
334
345
333
337
351
356
365
367
352
353
355
338
312
274
255
242
242
222
214
230
227
220
219
233
252
263
263
274
273
269
255
244
234
212
220
187
160
149
124
100
84
62
36
39
27
4
-28
-56
-76
-93
-110
-136
-167
-205
-224
-238
-254
-273
-298
-321
-346
-363
-377
-384
-391
-404
-402
-389
-388
-387
-381
-375
-344
-322
-325
-317
-285
-265
-266
-242
-238
-225
-197
-201
-192
-184
-164
-142
-117
-85
-93
-85
-68
-62
-59
-64
-53
-34
-18
-8
-7
9
24
19
24
29
47
68
87
100
112
128
150
177
193
208
219
234
255
256
271
284
282
290
279
270
262
240
245
248
230
209
202
195
175
167
158
151
145
145
116
99
112
106
111
108
126
148
164
190
187
174
155
156
161
163
171
176
184
182
168
144
115
100
92
78
56
27
5
-16
-43
-80
-112
-136
-173
-198
-219
-225
-248
-285
-288
-310
-336
-333
-325
-330
-332
-336
-347
-351
-365
-385
-383
-381
-384
-402
-433
-434
-414
-410
-420
-427
-433
-419
-403
-398
-391
-391
-402
-403
-393
-359
-357
-348
-323
-325
-297
-264
-239
-215
-184
-143
-121
-102
-76
-58
-39
-24
-19
-34
-40
-24
-24
-12
-2
2
4
0
14
24
29
51
67
66
82
89
91
90
99
101
93
126
147
140
165
169
157
164
168
171
177
180
165
162
153
144
117
71
59
52
42
38
32
20
17
35
56
63
72
96
100
100
111
114
121
141
151
151
145
153
165
161
168
177
167
154
151
141
142
133
118
111
98
86
68
51
38
35
33
23
20
29
36
31
42
46
56
61
51
54
51
38
26
31
36
37
51
50
25
40
45
31
42
42
52
57
58
57
60
69
60
54
34
2
-19
-17
-9
1
1
-10
-8
-2
0
4
23
30
26
28
37
48
68
71
84
116
130
157
183
218
239
263
292
313
336
342
344
343
336
333
339
327
308
302
292
286
276
254
227
205
176
151
133
127
114
96
72
44
54
30
1
-4
-23
-25
-20
-16
-13
-17
-12
-4
-2
14
25
41
63
58
63
67
67
57
42
25
13
8
0
5
7
0
-2
-9
-15
-29
-38
-35
-57
-55
-38
-42
-36
-29
-27
-42
-48
-42
-52
-58
-55
-56
-63
-76
-89
-87
-113
-134
-146
-167
-174
-189
-210
-239
-258
-289
-300
-301
-303
-287
-294
-308
-305
-293
-304
-289
-265
-235
-203
-191
-186
-205
-209
-200
-193
-196
-196
-177
-179
-186
-186
-203
-218
-206
-191
-178
-176
-168
-177
-205
-211
-223
-221
-203
-193
-181
-157
-153
-139
-121
-130
-121
-119
-123
-121
-118
-113
-111
-115
-120
-120
-128
-116
-107
-100
-100
-117
-113
-128
-138
-143
-151
-148
-155
-138
-141
-131
-109
-106
-86
-91
-86
-57
-44
-26
-12
-17
-17
-9
-6
-8
-6
5
12
42
68
65
68
70
79
101
132
151
170
181
172
151
142
140
144
151
148
148
129
107
99
92
68
56
45
30
24
21
33
28
19
19
20
19
20
28
35
56
63
60
60
72
80
78
100
103
111
111
109
118
118
113
113
100
88
94
80
67
55
54
57
45
36
40
47
45
43
34
40
28
14
2
-6
12
18
27
31
15
11
2
6
24
51
80
95
116
126
135
160
181
189
201
220
234
249
260
276
271
269
260
246
253
245
231
211
209
200
197
202
198
213
209
201
206
201
200
197
198
194
182
185
182
164
167
181
186
186
181
174
151
129
128
116
90
84
79
71
75
78
80
81
84
82
85
73
68
65
64
62
56
54
33
36
39
29
32
32
24
27
32
14
25
32
24
10
-9
-20
-28
-36
-37
-33
-42
-33
-13
-30
-51
-36
-38
-38
-37
-42
-56
-62
-46
-73
-97
-99
-112
-126
-142
-137
-147
-166
-167
-191
-217
-229
-251
-270
-270
-253
-244
-242
-245
-254
-260
-272
-293
-284
-263
-241
-232
-243
-238
-220
-219
-224
-221
-213
-201
-195
-183
-176
-168
-165
-162
-162
-173
-167
-159
-160
-151
-128
-129
-131
-132
-142
-140
-131
-127
-143
-158
-156
-157
-166
-167
-162
-164
-170
-169
-153
-136
-120
-93
-68
-55
-40
-18
-2
9
34
27
23
36
29
29
29
32
37
37
43
44
49
55
65
79
79
101
111
97
101
97
92
103
115
117
119
137
153
160
179
185
178
167
184
216
219
221
221
206
191
180
175
184
191
208
212
217
213
197
183
157
131
103
96
92
76
67
92
89
48
29
0
-19
-31
-39
-46
-51
-46
-57
-87
-115
-126
-157
-184
-193
-195
-208
-220
-223
-239
-247
-246
-235
-231
-224
-212
-214
-214
-208
-193
-176
-170
-168
-172
-170
-164
-172
-169
-177
-210
-218
-217
-218
-208
-200
-194
-205
-210
-203
-219
-217
-198
-191
-173
-159
-154
-157
-158
-142
-139
-137
-129
-109
-94
-88
-79
-66
-39
-7
8
15
30
29
30
45
60
86
110
126
133
147
174
186
195
199
192
193
202
208
226
257
295
316
328
328
322
334
357
372
389
412
429
448
454
460
463
451
442
434
445
452
459
461
461
468
469
457
436
427
407
386
365
345
338
307
276
258
233
216
211
200
192
186
182
172
164
149
126
92
51
30
-4
-19
-30
-57
-86
-94
-106
-148
-154
-170
-198
-208
-218
-235
-257
-262
-279
-289
-290
-291
-288
-305
-312
-319
-329
-334
-343
-351
-370
-376
-379
-376
-381
-397
-403
-402
-404
-404
-386
-389
-399
-395
-391
-412
-415
-419
-434
-426
-419
-415
-419
-399
-396
-414
-414
-411
-429
-438
-423
-428
-428
-420
-394
-384
-369
-325
-309
-292
-275
-249
-235
-219
-186
-160
-125
-88
-49
-22
18
52
65
78
98
124
142
162
184
200
205
221
245
261
281
310
333
351
364
370
382
400
418
424
447
463
479
495
501
528
539
543
548
553
543
528
518
501
485
481
472
440
421
407
389
369
346
329
311
293
278
240
204
184
168
177
184
178
166
156
144
131
127
118
99
71
56
32
6
2
-11
-28
-45
-63
-82
-104
-117
-137
-159
-193
-213
-255
-297
-321
-361
-386
-422
-449
-468
-494
-514
-522
-522
-538
-543
-544
-540
-541
-551
-533
-529
-521
-502
-499
-489
-493
-490
-480
-478
-451
-443
-446
-438
-441
-438
-429
-421
-409
-380
-351
-330
-295
-264
-248
-238
-223
-215
-201
-165
-135
-117
-97
-69
-47
-20
14
44
73
95
121
142
173
201
207
203
193
207
216
236
267
280
294
305
303
305
297
276
279
287
275
279
297
310
319
339
368
364
364
368
350
343
352
354
356
363
352
351
345
341
342
340
338
329
323
304
297
282
260
235
223
228
219
216
215
209
193
198
177
145
127
107
101
78
68
51
39
30
9
0
-7
-7
-5
-23
-31
-35
-49
-59
-66
-69
-87
-112
-125
-153
-165
-159
-164
-170
-170
-181
-208
-227
-233
-240
-247
-248
-249
-253
-247
-248
-259
-250
-251
-259
-248
-232
-221
-202
-199
-194
-192
-188
-177
-195
-189
-182
-176
-156
-147
-145
-144
-130
-130
-124
-110
-100
-80
-61
-48
-30
-6
5
16
11
7
8
1
21
33
23
19
22
5
7
22
35
51
53
58
50
46
45
37
35
35
44
50
49
73
76
59
57
34
41
39
22
16
14
22
40
50
58
70
51
43
28
6
4
-2
-8
-26
-31
-16
-4
-6
-5
-6
-23
-23
-34
-39
-33
-50
-69
-76
-69
-69
-62
-52
-50
-43
-41
-58
-70
-75
-87
-90
-98
-88
-84
-85
-67
-70
-71
-60
-55
-65
-68
-67
-54
-39
-34
-31
-27
-27
-13
0
-5
4
-2
-19
-14
-2
18
15
1
-2
-7
6
25
36
59
62
58
45
33
50
59
72
75
72
72
70
70
67
64
50
35
36
43
45
48
37
27
22
21
20
10
0
-20
-36
-29
2
30
44
56
69
70
82
100
99
91
92
92
75
70
79
77
85
94
103
111
123
124
111
108
94
71
51
55
49
31
34
39
28
22
23
7
8
1
-8
-27
-37
-35
-46
-37
-18
0
6
14
0
-11
-19
-19
-21
-28
-21
-28
-40
-56
-50
-43
-45
-38
-40
-39
-31
-30
-44
-49
-46
-39
-28
-28
-26
-38
-43
-37
-36
-28
-12
3
0
-1
-13
-22
-17
-21
-25
-9
1
3
13
24
29
33
43
45
33
32
30
31
31
33
41
42
53
62
62
62
65
58
57
55
47
61
90
117
124
130
126
119
113
112
111
114
120
111
110
102
97
77
73
79
63
57
51
50
57
51
61
76
75
84
87
96
98
87
99
85
63
54
38
30
24
21
15
21
24
6
9
3
-10
-16
-24
-26
-32
-41
-34
-30
-48
-53
-70
-88
-111
-131
-127
-129
-122
-126
-145
-162
-167
-178
-182
-177
-189
-199
-204
-212
-229
-248
-250
-257
-271
-270
-256
-228
-219
-221
-221
-228
-232
-230
-221
-220
-212
-195
-189
-185
-172
-153
-144
-137
-122
-121
-108
-95
-90
-90
-89
-76
-69
-71
-69
-57
-60
-55
-39
-29
-18
-5
-2
-7
-9
-5
15
26
29
43
49
60
73
54
39
43
41
58
76
71
78
89
91
107
127
132
135
125
122
126
133
151
156
138
133
136
141
158
162
160
156
162
182
206
214
213
201
181
178
172
165
158
146
126
105
95
88
87
85
82
76
64
53
41
26
5
-11
-10
-6
-11
-4
9
8
10
21
19
-6
-13
-12
-13
-7
3
0
-10
-7
-16
-23
-24
-26
-38
-49
-53
-58
-64
-74
-75
-71
-64
-60
-56
-48
-40
-47
-50
-44
-47
-53
-61
-57
-57
-59
-54
-45
-50
-52
-36
-34
-44
-42
-31
-25
-17
-9
2
10
7
14
8
-1
-2
6
5
13
17
5
7
8
11
16
19
25
47
59
63
66
57
52
45
47
55
59
48
35
20
9
14
21
25
18
11
11
18
16
23
24
11
14
11
16
17
17
27
28
31
22
26
30
25
17
7
0
-3
-1
0
7
20
35
35
31
19
12
8
-2
5
4
6
16
12
0
-6
-15
-29
-31
-31
-31
-31
-36
-39
-41
-46
-55
-65
-71
-76
-71
-63
-48
-40
-47
-57
-65
-61
-59
-55
-45
-37
-24
-25
-37
-51
-62
-68
-59
-53
-46
-36
-37
-26
-23
-17
-12
-7
-4
-13
-7
-14
-14
3
11
10
26
30
31
42
43
32
22
21
13
7
3
3
-4
-16
-25
-31
-30
-26
-7
-5
0
8
18
31
27
28
21
13
11
20
12
-2
-11
-23
-34
-30
-10
-2
6
22
35
35
30
36
32
35
47
49
55
49
37
25
24
21
16
12
10
6
-1
5
0
-4
1
0
-14
-21
-33
-32
-36
-45
-41
-56
-61
-58
-56
-55
-50
-50
-43
-49
-39
-26
-33
-26
-27
-26
-27
-23
-24
-23
-13
-9
-1
0
6
7
14
13
4
6
9
2
-1
2
9
18
16
19
22
24
12
-7
-4
0
10
14
19
9
-3
2
-9
3
12
25
34
23
18
16
16
30
46
43
43
42
40
37
36
38
32
41
57
69
67
68
67
68
64
56
73
74
72
72
73
84
85
90
96
103
112
112
109
98
83
69
56
56
52
35
22
12
14
25
29
37
32
23
14
4
4
-8
-14
-19
-28
-36
-38
-47
-66
-72
-73
-65
-69
-66
-66
-72
-76
-86
-86
-81
-75
-79
-82
-81
-82
-86
-91
-93
-86
-73
-63
-55
-54
-63
-77
-73
-63
-51
-28
-11
-13
-21
-28
-38
-45
-51
-50
-41
-34
-31
-23
-24
-23
-20
-21
-1
4
10
15
7
1
-16
-19
-8
-6
-11
-19
-24
-14
1
8
7
8
13
3
5
0
-14
-17
-21
-8
1
11
21
23
44
64
70
78
86
83
91
112
124
126
136
144
139
130
126
117
107
105
113
114
109
103
87
69
49
43
29
12
5
6
0
-4
1
-8
-4
0
0
-2
-18
-33
-47
-59
-75
-74
-84
-81
-64
-66
-60
-46
-41
-43
-43
-46
-39
-30
-26
-24
-27
-25
-21
-33
-50
-52
-47
-53
-61
-73
-77
-71
-66
-55
-66
-75
-70
-72
-60
-42
-39
-36
-39
-51
-57
-61
-55
-40
-43
-51
-52
-61
-73
-86
-87
-80
-75
-59
-52
-39
-35
-30
-26
-20
-5
-3
11
29
56
71
76
69
52
43
38
38
43
45
26
19
11
-3
-3
6
23
42
55
57
57
66
67
62
82
87
99
109
104
100
83
77
71
72
81
79
68
72
68
69
77
81
94
87
83
63
48
40
8
5
3
-4
0
17
46
51
59
68
72
83
99
113
105
117
104
92
85
68
68
54
43
33
24
8
7
4
-13
-28
-37
-34
-44
-54
-62
-64
-79
-86
-78
-70
-57
-44
-28
-24
-23
-33
-43
-57
-59
-51
-62
-51
-41
-38
-37
-47
-49
-54
-60
-56
-53
-48
-48
-57
-54
-68
-65
-57
-61
-43
-31
-34
-38
-34
-39
-36
-26
-19
-14
-15
-28
-43
-24
-12
-11
-14
-16
-22
-38
-47
-40
-27
-29
-27
-34
-47
-52
-52
-54
-51
-44
-47
-47
-34
-23
-21
-21
-8
-1
-5
8
17
16
13
7
6
3
0
3
16
38
48
53
48
53
55
32
36
51
53
64
68
69
62
53
61
62
61
58
52
52
46
50
51
43
27
3
-21
-40
-45
-36
-33
-32
-22
-32
-32
-26
-25
-17
-28
-34
-36
-40
-42
-58
-62
-53
-49
-31
-11
-2
-7
-10
-21
-35
-33
-38
-49
-58
-64
-57
-49
-48
-46
-52
-48
-47
-45
-31
-35
-37
-40
-54
-69
-64
-65
-84
-91
-97
-93
-72
-49
-26
-18
-30
-45
-49
-52
-49
-29
-20
-28
-24
-23
-35
-39
-29
-18
-9
0
29
42
36
46
32
19
35
37
41
40
36
36
38
56
70
86
91
87
84
65
64
57
55
53
48
52
70
95
103
103
96
97
98
118
128
126
124
121
113
101
100
93
99
101
95
96
95
85
81
78
70
84
91
84
81
82
78
69
74
81
86
91
100
106
90
88
88
93
89
71
67
58
58
62
65
59
46
37
23
21
5
-4
-21
-42
-47
-65
-77
-82
-72
-73
-72
-60
-62
-55
-57
-62
-65
-69
-66
-61
-58
-52
-46
-38
-17
-20
-16
-1
-7
-6
1
10
18
14
14
7
0
4
-13
-10
8
13
0
-13
-4
-5
-2
0
0
-16
-17
-8
-15
-14
-25
-28
-35
-36
-29
-12
-3
3
13
-3
-8
-19
-29
-29
-33
-22
-20
-24
-16
-23
-34
-29
-29
-13
7
10
18
22
19
10
17
15
11
27
35
41
57
69
63
64
59
44
30
15
4
-8
-14
-8
7
7
13
20
15
12
9
1
-15
-29
-48
-60
-58
-46
-53
-66
-63
-70
