1.54006
-0.0570075
0.143528
0.0921022
-0.10633
-0.11211
-0.0213536
0.0740247
-0.079845
-0.112964
0.0377609
0.0499266
1.96947
-0.411753
0.307543
0.054379
-0.0722688
-0.180293
-0.0132804
0.170922
0.00611844
-0.079593
0.04176
0.0621297
1.56615
-0.217914
0.0964675
0.135119
-0.08575
-0.214128
0.00545731
0.208164
0.0291611
-0.0252
0.0711678
0.103078
1.77678
-0.424473
0.176075
0.110139
-0.122469
-0.082871
-0.042415
0.141095
0.0832021
0.0049358
0.098691
0.128443
1.65638
-0.275105
0.0983524
0.157901
-0.129426
-0.118407
-0.0416331
0.119082
0.0850081
0.0246541
0.0750671
0.129514
1.80714
-0.431699
0.232663
0.0487608
-0.0864204
-0.0986246
-0.0872801
0.0527563
0.0772252
0.0655911
0.0662142
0.0728415
1.87968
-0.537139
0.311749
-0.0697329
-0.113101
-0.0520515
-0.0284726
0.0289553
0.0925816
0.0468428
0.0203569
0.112683
1.7009
-0.352213
0.312131
0.0372585
-0.0919206
-0.0437639
-0.0342368
0.0347823
0.075089
-0.005875
0.0254325
0.0858673
1.51351
-0.200637
0.225625
0.151666
-0.0848828
-0.0196784
0.0478649
0.00757948
0.0605292
-0.0529921
0.0366839
0.0826795
1.853
-0.366591
0.399296
0.0656552
-0.133768
-0.0346058
0.0384688
-0.0475639
-0.002656
-0.00856083
0.0690309
0.118604
1.84356
-0.272326
0.321173
0.103546
-0.154303
-0.0518146
0.00544391
-0.0292405
-0.00200596
-0.038001
0.071694
0.122735
1.8455
-0.260817
0.318793
0.0554662
-0.173981
-0.0933902
-0.0386456
0.00458339
-0.00541987
-0.0465323
0.0246109
0.0643114
1.46989
-0.0059385
0.277267
0.0399532
-0.194215
-0.125996
-0.105706
-0.0302656
0.0824406
-0.0126934
0.0146629
0.0897854
1.81611
-0.232136
0.382664
0.0228559
-0.0794562
-0.068927
-0.156469
0.0211527
0.103796
-0.0300859
0.0149107
0.100793
1.48236
-0.0413496
0.307577
0.128231
-0.0761291
-0.10907
-0.0920117
0.0121504
0.105381
-0.0139098
0.0286812
0.0796444
1.75804
-0.310322
0.438513
0.0578878
-0.0379132
-0.10854
-0.00394904
0.0589883
0.100118
0.00102124
0.061222
0.144562
1.50328
-0.168256
0.278774
0.125287
-0.0210744
-0.128807
0.0719491
0.0656325
0.0696234
-0.0350421
0.0246305
0.076124
1.56727
-0.031687
0.395475
0.212504
-0.0175439
-0.0537944
0.161609
0.148149
0.102601
-0.00374294
0.0518608
0.0977755
1.09182
0.436014
0.333176
0.277369
0.119377
0.0929848
0.140014
0.130713
0.121364
0.0867398
0.0736871
0.0432741
1.59939
0.373779
0.509858
0.521825
0.261812
0.104022
0.124957
0.254024
0.174139
0.0273406
0.0205871
0.0780831
1.7254
0.313125
0.563733
0.562356
0.225973
0.141045
0.353743
0.2826
0.0261643
-0.018588
0.112628
0.0945017
1.23028
0.472918
0.476733
0.462681
0.197811
0.146178
0.28303
0.226343
0.0549276
0.0382694
0.103391
0.064457
1.2277
0.393787
0.435109
0.465544
0.223132
0.163675
0.304687
0.222579
-0.00295479
-0.0239925
0.114655
0.0772152
1.92689
0.0217343
0.500668
0.687845
0.169911
0.20789
0.489762
0.178276
-0.0825794
-0.0275286
0.127462
0.0655923
1.81387
0.113953
0.428856
0.631328
0.186295
0.171507
0.472356
0.155305
-0.0938045
-0.0202798
0.153297
0.0645271
1.39495
0.274203
0.383881
0.497516
0.186914
0.167938
0.394859
0.182262
-0.111313
0.00532316
0.130699
0.0581367
1.27649
0.387082
0.446746
0.425286
0.148464
0.166532
0.29229
0.163158
-0.0572772
-0.0279741
0.133478
0.0579369
2.08951
-0.106597
0.462723
0.508552
0.198927
0.0765436
0.515996
0.0775362
-0.105746
-0.0130419
0.144929
0.154901
1.64188
0.131975
0.303504
0.518746
0.215363
0.131142
0.455794
0.133949
-0.0933408
-0.0562342
0.162264
0.109571
1.3646
0.37147
0.326562
0.363761
0.204375
0.090986
0.243785
0.165607
-0.104137
-0.0629611
0.184208
0.113736
1.66693
0.423372
0.412413
0.36074
0.105355
0.00761919
0.208228
0.00940024
-0.226746
-0.131649
0.117
0.0695902
1.57771
0.530385
0.356276
0.34358
0.0798721
-0.0640693
0.0458638
0.0378506
-0.149414
-0.148508
0.0897433
0.0818693
2.07783
0.452545
0.427474
0.357153
0.222252
-0.148157
0.08162
0.0262243
-0.247634
-0.135297
0.0408724
0.0761469
1.76162
0.596138
0.374992
0.324885
0.128763
-0.0784765
0.0113621
-0.0186321
-0.190147
-0.173708
0.0177222
0.0377704
1.63718
0.641246
0.377576
0.309072
0.14841
-0.0704506
-0.0266364
-0.0159513
-0.140412
-0.115681
-0.0133453
0.0105775
1.58993
0.677659
0.304586
0.189697
0.15041
-0.0698854
-0.0591586
-0.0288496
-0.0974883
-0.0635122
-0.053365
-0.0130998
1.94168
0.583551
0.324791
0.221048
0.235406
-0.19845
0.0347054
-0.0107872
-0.233954
-0.060874
-0.04813
0.0258178
1.63435
0.652318
0.331512
0.242121
0.151684
-0.0911526
-0.0128954
-0.0624431
-0.141282
-0.0742896
-0.0462968
-0.00699827
1.5977
0.648088
0.337315
0.13752
0.150111
-0.0979916
0.0161123
-0.0431518
-0.181781
-0.0769039
-0.074288
-0.0241841
1.53718
0.608006
0.368611
0.192315
0.0310295
0.000513264
0.0386567
-0.0500747
-0.101
-0.0887752
-0.069154
-0.0325913
1.70047
0.613293
0.345789
0.24017
0.183678
-0.140777
0.0351531
-0.0188177
-0.173573
-0.068415
-0.0828939
-0.0231868
1.66346
0.551385
0.337787
0.220755
0.216142
-0.109116
0.0527211
0.00473709
-0.197165
-0.0986857
-0.102733
-0.0366633
1.74882
0.529766
0.404346
0.156946
0.228056
-0.10576
0.0476292
-0.0222923
-0.179989
-0.061717
-0.105863
-0.0527281
1.55114
0.61018
0.350493
0.152268
0.12159
-0.0733802
0.0424472
-0.00842762
-0.155702
-0.0637762
-0.117591
-0.0670147
1.76808
0.564041
0.268851
0.140516
0.1762
-0.0923594
0.0806864
0.00895243
-0.138843
-0.0819651
-0.120325
-0.0546717
2.19678
0.402017
0.352986
-0.0134044
0.258485
-0.236408
0.120498
0.0627445
-0.183696
-0.00364162
-0.126792
-0.0345502
2.34036
0.294645
0.285213
-0.0432239
0.269542
-0.242602
0.126168
0.0645489
-0.227782
0.0284597
-0.0980275
-0.0491702
1.71566
0.556883
0.155369
0.0480569
0.0548965
-0.0760918
0.0545224
0.0329325
-0.0589576
0.0259951
-0.0375552
-0.0354158
1.95799
0.454797
0.0677373
0.0123194
0.0738025
-0.0580901
0.145075
-0.00639217
-0.132482
0.0630625
0.0208751
-0.011574
1.97608
0.36788
0.108007
-0.0901287
0.146235
-0.0235781
0.140331
0.00758654
-0.135787
0.0515393
0.0132774
-0.00343569
1.88011
0.339394
0.174768
-0.15759
0.176165
0.0231327
0.163458
0.0333937
-0.0940884
0.0732588
0.0389833
0.0298096
1.58367
0.286269
0.100635
-0.0397011
0.115755
0.0970277
0.107232
0.0806211
-0.135663
-0.00935974
0.00950259
-0.0110467
1.87237
0.246517
0.169214
-0.139438
0.241869
0.0413631
0.256017
0.0838337
-0.163217
0.0685867
-0.013117
0.00315737
1.76144
0.289011
0.143416
-0.129418
0.221083
0.0811928
0.267636
0.150103
-0.147862
0.096119
0.000647056
-0.00837445
1.73257
0.275292
0.109303
-0.0820322
0.238055
0.0666526
0.293393
0.127148
-0.163861
0.0826024
-0.0454522
-0.0219356
1.6206
0.284625
0.14438
-0.0951923
0.254657
0.10383
0.274077
0.11194
-0.0484706
0.0773595
-0.0264301
0.0177965
2.03149
0.0625684
0.232732
-0.212417
0.34847
0.00746006
0.371472
0.105607
-0.0410866
0.162558
-0.117203
0.0697972
1.80302
0.215367
0.156405
-0.144608
0.292889
0.0638709
0.348861
0.123568
-0.0464025
0.0967444
-0.0816466
0.00368243
1.4767
0.365432
0.113574
-0.0734579
0.210935
0.157817
0.29501
0.157921
0.000646486
0.0923718
-0.0637224
-0.0128759
1.62453
0.407311
0.119701
-0.048906
0.15999
0.105423
0.300118
0.132207
-0.0462807
0.117875
-0.105969
-0.0496895
2.02838
0.143433
0.371881
-0.209978
0.346479
0.0434019
0.390166
0.162917
-0.0885531
0.138758
-0.135456
0.029919
1.62331
0.33407
0.285678
-0.0779137
0.268812
0.169503
0.289099
0.183859
-0.0409361
0.0737708
-0.0934021
-0.0443438
1.53832
0.453582
0.22966
-0.0091765
0.218308
0.212326
0.250644
0.210932
-0.065765
0.0178677
-0.0852461
-0.0387499
1.67067
0.388837
0.347719
-0.0556205
0.2954
0.193613
0.255023
0.205896
-0.0362405
0.0258262
-0.0793292
-0.044705
1.99525
0.286714
0.511738
-0.261115
0.415961
0.168377
0.258305
0.237984
-0.0149626
0.0464046
-0.160659
-0.0471857
1.83602
0.513855
0.265752
-0.0590685
0.330195
0.19536
0.251343
0.235143
-0.0680049
0.0284716
-0.102306
-0.0763887
1.57321
0.612208
0.232066
0.0276977
0.251154
0.208593
0.253656
0.212161
0.00556296
0.0303048
-0.0983948
-0.0395437
1.81752
0.510369
0.237771
0.0433253
0.20988
0.148891
0.289446
0.21348
-0.0896123
0.0686027
-0.0675311
-0.050398
2.09725
0.395026
0.303829
0.0701798
0.295882
0.103117
0.417673
0.266867
-0.215509
0.0493433
-0.00817686
-0.0326395
1.6698
0.470322
0.261457
0.220172
0.216213
0.14415
0.392252
0.212658
-0.142425
0.015847
0.0423725
0.0569874
1.42957
0.482393
0.257639
0.247269
0.197688
0.218312
0.311233
0.157202
-0.0619228
-0.0369344
0.0540251
0.0625765
1.496
0.5103
0.302658
0.29991
0.187925
0.16863
0.362162
0.159097
-0.0969352
-0.0139834
0.0837259
0.0699019
1.89274
0.407503
0.332937
0.342169
0.256914
0.0793693
0.448419
0.158264
-0.108706
-0.00339398
0.0665636
0.0588363
1.61613
0.517786
0.342561
0.294352
0.185685
0.176706
0.335108
0.173119
-0.0832229
-0.0074838
0.0771422
0.0611265
1.59036
0.494057
0.371236
0.337739
0.212076
0.159213
0.295362
0.179036
-0.0705362
-0.00971811
0.0680986
0.0547348
1.63389
0.543233
0.304805
0.228298
0.214422
0.197815
0.270039
0.11453
-0.0715958
-0.000898143
0.0404602
0.0551371
1.85688
0.493409
0.247762
0.309854
0.260224
0.15057
0.342539
0.155482
-0.0606735
-0.0316693
0.0372973
0.0696935
1.48099
0.549338
0.355056
0.266953
0.228017
0.270325
0.348019
0.15577
-0.0618747
-0.021171
0.0427086
0.0557149
1.48746
0.552629
0.344728
0.275082
0.24845
0.24203
0.341597
0.171047
-0.0913905
-0.0320454
0.0737815
0.0718422
1.63603
0.470778
0.366038
0.378445
0.199473
0.159906
0.416353
0.240088
-0.0566069
0.0112281
0.0561544
0.0396637
1.56967
0.502889
0.42237
0.359783
0.160634
0.139203
0.311165
0.20265
-0.0724929
0.00200175
0.0778564
0.0403788
1.41712
0.621882
0.485488
0.32555
0.121682
0.165499
0.339524
0.148223
-0.0785538
-0.0493827
0.0483033
-0.00480502
1.84924
0.426788
0.40916
0.412096
0.216564
0.0549736
0.437138
0.121167
-0.162324
-0.00121814
0.0641654
0.00127021
1.73083
0.54411
0.539829
0.359867
0.156338
0.140652
0.432944
0.128522
-0.227797
-0.0498232
0.0773632
-0.0164831
1.34654
0.549632
0.453413
0.366843
0.159404
0.152424
0.313133
0.0896899
-0.165885
-0.0270074
0.0839281
-0.00229453
1.41322
0.498397
0.473425
0.434945
0.151223
0.187886
0.392416
0.113054
-0.164518
-0.00892187
0.113564
0.000769321
2.30011
0.10157
0.726965
0.546723
0.260643
0.0787624
0.673968
0.0473344
-0.23601
0.0106225
0.0899115
0.0582748
1.56464
0.411163
0.568545
0.545983
0.195321
0.247868
0.484043
0.18306
-0.169259
0.0329151
0.136792
-0.00276575
1.30851
0.569072
0.543782
0.465563
0.192846
0.20063
0.386564
0.155297
-0.124892
0.0363522
0.149327
0.0158772
1.14004
0.564145
0.460399
0.374498
0.214627
0.188373
0.23427
0.136574
0.0425782
0.0781305
0.0885572
0.0427745
1.24501
0.596244
0.525305
0.43448
0.21849
0.207055
0.317047
0.187221
0.0127552
0.0728457
0.121624
0.0545213
1.37215
0.62999
0.590928
0.485137
0.23697
0.263911
0.404274
0.229699
-0.00938073
0.093259
0.147127
0.0639113
1.46296
0.617222
0.593358
0.510743
0.239738
0.322235
0.462284
0.223013
-0.0123346
0.0774211
0.175862
0.0798391
1.132
0.559662
0.421652
0.362199
0.250062
0.211613
0.239249
0.18016
0.083286
0.0996647
0.134611
0.0770782
1.08114
0.558458
0.397665
0.316502
0.261987
0.22934
0.219142
0.193608
0.160637
0.132515
0.130242
0.0808762
1.1199
0.570785
0.415726
0.333222
0.256454
0.236053
0.248872
0.214614
0.159164
0.162255
0.156122
0.0932697
1.25217
0.603136
0.427876
0.346987
0.297162
0.292457
0.27763
0.202544
0.128109
0.154757
0.177621
0.115754
1.19258
0.618364
0.410192
0.341583
0.304407
0.25805
0.231222
0.206697
0.18598
0.149994
0.131207
0.0994711
1.07719
0.549772
0.401654
0.335215
0.264434
0.232826
0.206255
0.168683
0.129454
0.133998
0.145321
0.0785035
1.09356
0.573813
0.404805
0.297792
0.260494
0.249398
0.215277
0.16938
0.15157
0.141794
0.138613
0.0808912
1.17318
0.66377
0.509376
0.395511
0.298448
0.252436
0.208353
0.141083
0.142579
0.172483
0.152851
0.0980936
1.16601
0.630743
0.435104
0.346002
0.301313
0.225521
0.202651
0.182595
0.149998
0.146077
0.17762
0.0983559
1.07139
0.554752
0.38905
0.307933
0.246015
0.200893
0.184368
0.166901
0.128155
0.111909
0.119259
0.0672741
1.11682
0.591044
0.407897
0.304953
0.26583
0.248517
0.210521
0.152682
0.143143
0.124488
0.123619
0.0790755
1.36361
0.654023
0.516259
0.375104
0.314105
0.320993
0.273554
0.186824
0.102198
0.0834935
0.181194
0.115738
1.16169
0.593115
0.429827
0.326014
0.272349
0.244458
0.203968
0.161667
0.142154
0.160443
0.176663
0.0933951
1.07804
0.567373
0.393838
0.30017
0.233281
0.200131
0.175007
0.145913
0.131455
0.133789
0.14953
0.0696338
1.2038
0.646273
0.44203
0.342388
0.283883
0.236874
0.224059
0.196596
0.159897
0.150631
0.165758
0.103449
1.26227
0.727882
0.489941
0.356734
0.297737
0.255449
0.207471
0.184473
0.187977
0.145987
0.166686
0.112898
1.11629
0.591211
0.439936
0.334943
0.274361
0.248212
0.223125
0.183129
0.171035
0.164518
0.167843
0.0963909
1.07272
0.570744
0.401222
0.306163
0.250391
0.205658
0.180211
0.170135
0.149499
0.144358
0.133805
0.0746727
1.12661
0.597506
0.424101
0.325171
0.278919
0.253527
0.229052
0.179627
0.159369
0.148366
0.164216
0.0949843
1.26793
0.672926
0.470131
0.32074
0.25339
0.265784
0.273077
0.198113
0.126462
0.152173
0.189677
0.113297
1.11854
0.593449
0.41547
0.311886
0.254937
0.220193
0.178695
0.142495
0.164871
0.159068
0.157411
0.0844912
1.08148
0.56513
0.39522
0.310037
0.253943
0.223565
0.194108
0.158324
0.151773
0.14918
0.146464
0.0781993
1.12856
0.598475
0.45305
0.354586
0.253987
0.207573
0.201259
0.161805
0.161649
0.153173
0.161939
0.0912273
1.32751
0.707096
0.468563
0.310796
0.28177
0.234243
0.234957
0.161675
0.165504
0.144766
0.202556
0.124684
1.12527
0.562237
0.394087
0.275405
0.221255
0.206254
0.207339
0.183967
0.16925
0.164124
0.162831
0.083856
1.0509
0.559622
0.381641
0.275629
0.252226
0.214287
0.192115
0.145339
0.157266
0.163756
0.140581
0.073502
1.22493
0.588561
0.402336
0.291457
0.223515
0.196198
0.186878
0.186579
0.165247
0.126459
0.137683
0.0829215
1.24871
0.603928
0.376767
0.271957
0.205001
0.16328
0.21753
0.125271
0.107879
0.129609
0.1719
0.0855686
1.33789
0.680353
0.427819
0.316119
0.184125
0.175134
0.204752
0.0625865
0.166256
0.0750127
0.112762
0.0678509
1.31528
0.580038
0.395891
0.264804
0.169883
0.125832
0.11604
0.0903712
0.137598
0.0651171
0.0896363
0.0614965
1.19008
0.638154
0.459586
0.311434
0.200092
0.123533
0.122985
0.0794162
0.0948282
0.066753
0.129302
0.0645708
1.04085
0.531601
0.382239
0.284338
0.212296
0.178115
0.135739
0.103257
0.112983
0.102201
0.128576
0.0569186
1.19118
0.621701
0.455357
0.325984
0.255319
0.176797
0.136257
0.184827
0.180167
0.13079
0.181994
0.097701
1.41614
0.645872
0.592248
0.402075
0.282229
0.146577
0.147395
0.0957572
0.169776
0.169114
0.224301
0.144508
1.17457
0.588323
0.380261
0.315638
0.267053
0.217171
0.218825
0.211552
0.181137
0.198605
0.201935
0.105632
1.10292
0.570172
0.384945
0.312282
0.248226
0.199681
0.20155
0.156161
0.170321
0.168896
0.143946
0.0815479
1.1603
0.584559
0.421953
0.355199
0.289749
0.186652
0.15888
0.15628
0.194606
0.14815
0.180263
0.0947505
1.43125
0.634931
0.479064
0.460368
0.398542
0.191793
0.106963
-0.0404266
0.279228
0.173443
0.19861
0.105721
1.24988
0.613948
0.415545
0.354136
0.28442
0.178196
0.129349
0.0917337
0.154577
0.181278
0.192931
0.0986345
1.16056
0.56942
0.382193
0.318815
0.25102
0.144761
0.13988
0.13191
0.141221
0.151905
0.128788
0.0712564
1.25887
0.568001
0.408993
0.372872
0.285045
0.103628
0.0871304
0.0237183
0.157706
0.220808
0.155456
0.0770406
1.6902
0.637586
0.466922
0.375883
0.341972
0.0746158
0.0610327
-0.12396
0.104072
0.138006
0.150613
0.105404
1.44927
0.639348
0.499927
0.369594
0.321782
0.098019
0.00297505
-0.0825732
0.0834537
0.153051
0.140103
0.0790359
1.24164
0.60559
0.39177
0.29637
0.238883
0.160447
0.0488187
0.0364291
0.0623745
0.156024
0.147873
0.0774917
1.30315
0.627507
0.469296
0.351369
0.264629
0.105469
-0.00153648
0.0017578
0.122917
0.158274
0.142551
0.083499
1.50444
0.509735
0.443302
0.300567
0.381526
0.110613
0.0425733
0.00789218
0.246172
0.225753
0.231736
0.136136
1.25552
0.527102
0.428291
0.364072
0.262973
0.121247
0.0726778
0.0884213
0.182511
0.205741
0.113517
0.0725181
1.19504
0.59025
0.376881
0.294367
0.263234
0.153514
0.095533
0.0939102
0.171137
0.147456
0.154859
0.0766583
1.25233
0.550685
0.375269
0.333483
0.246404
0.133818
0.114576
0.0534738
0.158862
0.19033
0.127209
0.0721096
1.50759
0.525503
0.495117
0.245281
0.312419
0.0809158
0.0886814
0.00572386
0.303889
0.239946
0.124112
0.120661
1.14836
0.513363
0.428019
0.334866
0.193601
0.101882
0.0928235
0.147356
0.192484
0.1461
0.110798
0.0788403
1.26008
0.515068
0.384296
0.354051
0.295317
0.120481
0.0597105
0.0928635
0.216824
0.149894
0.121671
0.0717482
1.4473
0.554686
0.430371
0.316289
0.361037
0.0656964
0.101901
0.0941024
0.255244
0.172227
0.0625388
0.0733044
1.49909
0.532923
0.473678
0.392223
0.384044
0.0702447
0.077567
0.0749298
0.237145
0.210049
0.0696756
0.0693765
1.18097
0.546856
0.462638
0.347033
0.29167
0.16644
0.127025
0.134782
0.184414
0.158077
0.0765969
0.0722757
1.18984
0.575537
0.436851
0.363994
0.259142
0.125004
0.186219
0.107335
0.176648
0.185851
0.120854
0.0832216
1.25786
0.570851
0.462024
0.369182
0.26214
0.0879555
0.163015
0.0754789
0.204694
0.218019
0.116679
0.0918469
1.32129
0.481723
0.539721
0.25916
0.338032
0.0772325
0.159642
0.0575348
0.195067
0.262234
0.132516
0.107515
1.2264
0.582664
0.409177
0.314319
0.302604
0.105683
0.147733
0.14075
0.151744
0.128497
0.0783234
0.0711528
1.2341
0.629977
0.437839
0.270728
0.308535
0.128575
0.115031
0.0819107
0.136569
0.144454
0.0876361
0.0729614
1.35401
0.66158
0.453713
0.28285
0.281052
0.133303
0.130503
0.0908617
0.168132
0.130444
0.136939
0.0945128
1.47483
0.64123
0.633473
0.336238
0.256811
0.0179914
0.186057
0.0359017
0.144036
0.0405757
0.142101
0.129309
1.2243
0.648924
0.494449
0.286832
0.279302
0.130869
0.156932
0.0281921
0.0772729
0.0994975
0.116984
0.0711194
1.18488
0.528511
0.505571
0.293848
0.182636
0.170312
0.152731
0.0381668
0.112414
0.0933033
0.0935773
0.0495906
1.26135
0.487152
0.517134
0.244385
0.226109
0.123558
0.174543
-0.0172915
0.0926561
0.0511115
0.0852888
0.0707303
