1.10951
0.401083
0.6398
-0.0256519
0.14909
-0.0162585
0.156054
0.0407544
0.160644
0.00884715
0.027999
0.0883597
1.07329
0.363616
0.607124
0.0199383
0.193964
0.0210373
0.156022
0.0164415
0.13066
0.0173021
0.0183801
0.0890952
1.15244
0.330154
0.587627
-0.0118575
0.23671
0.0729957
0.071494
0.0354202
0.0935147
-0.0866682
0.0277996
0.0915616
1.14379
0.437807
0.546868
-0.0172049
0.200344
0.0526247
-0.00364003
0.0474183
0.104844
-0.118083
0.0671559
0.0759659
1.17383
0.395519
0.523949
0.0403405
0.264098
0.0952436
-0.0274642
0.0197534
0.0848901
-0.11166
0.079067
0.0692829
1.2571
0.41018
0.603767
-0.0301181
0.274322
0.102048
0.0638101
0.0297986
0.0732357
-0.14312
0.102473
0.114533
1.33369
0.448423
0.609646
0.0569839
0.212476
0.0323388
0.0728362
-0.044883
0.149351
-0.0849831
0.0822765
0.144624
1.11713
0.517643
0.547313
0.202877
0.197066
0.10661
0.0511829
0.0145141
0.158385
-0.00471751
0.0824384
0.0785998
1.17588
0.472414
0.48353
0.201925
0.177675
0.172206
0.0915387
0.0556443
0.147325
0.0633113
0.107161
0.079649
1.12593
0.579924
0.481068
0.21373
0.231582
0.165117
0.0942275
0.0410904
0.193408
0.0954269
0.113064
0.0866276
1.35237
0.527106
0.753906
0.222893
0.286868
0.134357
0.230252
0.0205011
0.15909
0.0394946
0.137142
0.149435
1.34608
0.672549
0.508575
0.349221
0.363715
0.219214
0.235541
0.0848683
0.0495812
0.0297926
0.106591
0.0692156
1.40502
0.677332
0.442622
0.35344
0.432994
0.255014
0.312296
-0.00862231
0.0329779
0.0508963
0.109302
0.0919382
1.36602
0.660781
0.382123
0.239376
0.334745
0.347773
0.355293
0.131829
0.053697
-0.013971
0.130761
0.112336
1.14385
0.602542
0.364233
0.254216
0.242855
0.267197
0.255901
0.15757
0.0578344
0.0241859
0.0838894
0.0633497
1.15468
0.555197
0.358647
0.284788
0.293218
0.287396
0.233426
0.140267
0.0842778
0.0630489
0.110414
0.079183
1.81102
0.73472
0.553088
0.172044
0.582612
0.446236
0.471314
0.0579033
0.0855522
-0.148775
0.109537
0.24817
1.50391
0.728646
0.46072
0.245236
0.441413
0.460429
0.412783
0.160887
0.00897741
-0.0730279
0.141061
0.148394
1.18601
0.610904
0.398139
0.290707
0.30621
0.32116
0.283101
0.186167
0.10552
0.0275146
0.101334
0.0815189
1.09945
0.562157
0.339901
0.257578
0.255812
0.240557
0.215761
0.142609
0.0959245
0.0886006
0.120417
0.0650858
1.24277
0.578119
0.411469
0.289392
0.367914
0.449066
0.261003
0.182348
0.053652
-0.0596649
0.197922
0.129397
1.32103
0.802346
0.563233
0.0570414
0.468225
0.537343
0.356382
0.138787
0.0764228
-0.136324
0.163392
0.148017
1.33343
0.585803
0.484343
0.208119
0.359149
0.464946
0.329369
0.12334
0.110946
-0.161396
0.207882
0.16133
1.16519
0.570785
0.409755
0.223873
0.223456
0.28785
0.288745
0.140476
0.0413421
0.00166798
0.11282
0.0652682
1.12011
0.51621
0.355309
0.265377
0.259856
0.268698
0.232015
0.112569
0.0470751
0.0357282
0.129772
0.0731879
1.2638
0.507653
0.440492
0.323105
0.301217
0.349077
0.366102
0.152989
-0.0604267
-0.0190745
0.211326
0.116755
1.5144
0.422679
0.478075
0.458283
0.282223
0.32776
0.571794
0.117459
-0.120221
-0.027334
0.198966
0.118455
1.3269
0.497841
0.398304
0.329754
0.172704
0.271143
0.44209
0.192417
-0.0443143
0.0210733
0.143392
0.0721856
1.14821
0.455567
0.337616
0.298305
0.211551
0.200104
0.266294
0.110923
-0.0165898
0.064742
0.0895929
0.0570412
1.40356
0.510682
0.305691
0.282278
0.139049
0.171723
0.353364
0.126953
-0.0861712
0.0554153
0.121289
0.0660489
1.79959
0.332555
0.389276
0.314985
-0.000533872
0.0455363
0.314498
0.000157348
-0.061388
0.0232965
0.185795
0.101026
2.11222
0.525711
0.445585
0.312846
-0.0677354
-0.0922103
0.149263
-0.0833436
-0.167142
-0.0390331
0.0443706
-0.0109484
1.70201
0.676051
0.403074
0.2616
-0.0146649
-0.0909766
-0.00718773
-0.0692907
-0.131073
-0.0293348
-0.0118245
-0.0157428
2.15576
0.65367
0.408989
0.258341
-0.0846538
-0.204235
0.0398095
-0.0743398
-0.221598
-0.0203006
-0.00807564
-0.0686027
1.49058
0.727499
0.382956
0.0681281
-0.0628083
-0.0117766
-0.0629203
-0.0924586
-0.0724254
-0.0738769
-0.0743122
-0.0496197
2.16144
0.832523
0.510043
0.0048535
0.00383303
-0.119713
-0.0255959
-0.129673
-0.226235
0.0937945
-0.0642285
-0.0796139
1.71924
0.837033
0.439893
0.0745484
-0.00645553
-0.0887654
-0.0806376
-0.111099
-0.185628
-0.0833411
-0.100844
-0.0747643
1.92137
0.817866
0.544798
-0.00311692
0.0642549
-0.114357
-0.0646889
-0.128011
-0.243678
0.0170368
-0.11085
-0.0864655
1.43526
0.746259
0.432626
0.0913153
-0.000944386
-0.115121
-0.127899
-0.121669
-0.148134
-0.0651657
-0.118274
-0.0775422
1.97693
0.763253
0.621751
-0.0547981
0.129639
-0.157845
-0.0130889
-0.187548
-0.166599
-0.00792038
-0.144242
-0.0434771
1.67288
0.882344
0.338157
0.0827559
0.0414053
-0.109655
-0.0892858
-0.174508
-0.111058
-0.0554689
-0.103793
-0.0608107
1.56069
0.755753
0.450185
0.0632907
0.0359579
-0.135824
-0.126308
-0.141975
-0.132904
-0.0378688
-0.112718
-0.0633986
1.94807
0.795237
0.608982
-0.255584
0.154558
-0.132833
-0.0519162
-0.260755
-0.102562
0.0108581
-0.166438
0.0337676
1.80882
0.792156
0.469168
-0.0197457
0.0614231
-0.124728
-0.0848186
-0.18914
-0.149178
0.0246948
-0.108239
-0.0541257
1.6988
0.845567
0.465167
0.0162247
0.0385071
-0.0665575
-0.0592304
-0.163583
-0.0544485
0.0110624
-0.0896168
-0.0264086
1.57044
0.707485
0.380695
0.114957
-0.00459112
-0.0724346
-0.0544038
-0.0983675
-0.0957865
-0.0165785
-0.075709
-0.0518956
1.93247
0.754392
0.490656
-0.0130577
0.0423139
-0.00671733
-0.0456724
-0.167695
-0.147141
0.0498644
-0.0773537
-0.0514833
1.64467
0.744361
0.404637
-0.0182484
0.066743
0.0522539
-0.0786663
-0.0539276
-0.0962485
-0.0477622
-0.0639935
-0.0499937
1.72132
0.711587
0.447534
-0.0452358
0.158676
0.052138
-0.105864
-0.0278506
-0.142668
0.0325894
-0.0997023
-0.103974
1.54456
0.761962
0.37885
0.00054055
0.16697
0.0418689
-0.0346674
-0.046902
-0.135611
0.0412013
-0.120324
-0.0537566
1.79699
0.720877
0.481272
-0.152082
0.272798
0.100308
-0.0481007
0.025587
-0.164375
0.0331765
-0.0866175
-0.109375
1.63302
0.742156
0.450385
-0.0773067
0.287381
0.104083
-0.0239285
0.0575247
-0.204742
0.0107988
-0.10408
-0.102028
1.49754
0.71423
0.400989
-0.0305238
0.286322
0.154017
0.0378803
0.066125
-0.158896
-0.0024508
-0.117997
-0.0699462
1.36537
0.720674
0.428181
-0.0237862
0.335795
0.150248
0.109586
0.0959189
-0.146583
0.019133
-0.167592
-0.0611489
1.67157
0.57383
0.699183
-0.436635
0.472758
0.284598
0.120391
0.154212
-0.135616
-0.0293617
-0.172854
-0.0642613
1.62119
0.502053
0.706675
-0.49263
0.446086
0.335025
0.110856
0.174589
-0.0476409
-0.00662587
-0.182386
-0.0452093
1.37301
0.551034
0.484638
-0.30678
0.403192
0.390117
0.117018
0.157136
-0.0520735
-0.0366517
-0.192919
-0.0523911
1.63407
0.398694
0.553002
-0.510892
0.502616
0.467798
0.11372
0.1576
0.0128372
0.00197809
-0.128135
-0.00925651
1.61248
0.437359
0.469677
-0.520465
0.471604
0.511657
0.146039
0.162003
0.0196145
-0.00927292
-0.129309
-0.00447816
1.52856
0.419774
0.33352
-0.33091
0.410014
0.522024
0.186285
0.204223
-0.0260194
0.0580106
-0.111779
-0.0505825
1.30734
0.401266
0.344763
-0.267734
0.34972
0.508899
0.148129
0.236607
0.0559797
0.0494296
-0.112524
-0.0203965
1.32649
0.327197
0.355555
-0.350703
0.465063
0.531267
0.151279
0.262736
0.0445903
0.0902432
-0.0867361
-0.0437377
1.59446
0.0436891
0.587122
-0.508352
0.600317
0.572358
0.115213
0.278258
0.0533773
0.0527756
-0.030458
-0.0229077
1.2589
0.309378
0.433346
-0.36247
0.545767
0.604233
0.0922693
0.260133
0.0153022
0.0662564
-0.0393886
-0.0142945
1.19787
0.355067
0.384338
-0.279073
0.533458
0.437965
0.099129
0.296489
-0.0647006
0.0190376
-0.0380096
-0.046559
1.20654
0.258557
0.446943
-0.321266
0.577352
0.480607
0.0873324
0.284616
0.00601591
0.0753332
-0.0168
-0.0398103
1.54411
0.0313228
0.58561
-0.618037
0.779072
0.414764
0.0753307
0.471699
-0.00976165
0.0555669
0.0533722
-0.0293664
1.25775
0.261996
0.474122
-0.512679
0.725811
0.472195
0.105391
0.380898
-0.00627695
0.0385517
0.0184814
-0.0597071
1.1353
0.396841
0.42162
-0.342127
0.564709
0.42438
0.12924
0.380636
-0.00795097
0.0243549
-0.00158069
-0.0585451
1.16433
0.198697
0.481852
-0.351862
0.655459
0.385846
0.150042
0.382978
0.0502718
0.0490375
-0.0587291
-0.0310517
1.68561
0.0766085
0.649348
-0.501587
0.746559
0.369142
0.0665708
0.476379
0.0102723
-0.030279
0.0208075
-0.000767204
1.27927
0.467772
0.342417
-0.00909226
0.533828
0.261416
0.195231
0.380305
-0.000107582
0.000195466
0.0214373
0.00633381
1.27146
0.486491
0.285596
0.140725
0.362209
0.262142
0.225515
0.265818
0.0472257
-0.0637594
-0.0624464
0.0342406
1.36082
0.49999
0.35711
0.172615
0.277185
0.268336
0.198359
0.263444
-0.0170259
-0.0635247
0.0609311
0.056153
1.46721
0.555375
0.32332
0.125967
0.356949
0.255014
0.210413
0.259813
-0.0683659
-0.037538
0.0308284
0.0467433
1.49417
0.56745
0.294579
0.119988
0.387642
0.29023
0.19037
0.221528
-0.0834283
-0.0482886
-0.00380704
0.0351783
1.70574
0.512613
0.341455
0.0514971
0.45415
0.25916
0.160973
0.263688
-0.171437
-0.00364579
0.0094278
-0.00853261
1.38363
0.518608
0.322014
0.134567
0.345237
0.24345
0.0990396
0.18338
-0.065419
-0.0950302
-0.00362259
0.0174892
1.26038
0.519432
0.281314
0.174907
0.294998
0.229051
0.157164
0.0975387
-0.0779969
-0.0295854
-0.0396165
0.0365572
1.91831
0.219941
0.390851
0.104649
0.442004
0.238796
0.18311
0.23271
-0.184221
-0.0104784
0.0712309
-0.00204882
1.83653
0.347914
0.374711
0.209968
0.339213
0.254634
0.238678
0.228055
-0.248824
0.0069239
0.0998781
0.0292276
1.26823
0.503787
0.299608
0.249434
0.222881
0.216652
0.201019
0.102538
-0.0406833
0.0187307
0.124578
0.0793443
1.3786
0.496216
0.378191
0.309562
0.267388
0.257696
0.262121
0.0977279
-0.114939
0.0124498
0.10084
0.074336
1.46586
0.571988
0.405527
0.260884
0.206016
0.250295
0.297686
0.138339
-0.101582
0.0218772
0.145203
0.0907911
1.16354
0.563167
0.380155
0.294711
0.229901
0.19527
0.166247
0.0995146
0.0523343
0.0749114
0.109978
0.0660019
1.16073
0.575726
0.397832
0.296502
0.239206
0.207614
0.182684
0.138792
0.0659661
0.0470413
0.0698521
0.0587796
1.62878
0.715256
0.457896
0.35012
0.303568
0.25831
0.249863
0.157522
-0.0318965
-0.0128868
0.177817
0.129838
1.22545
0.626951
0.433059
0.341162
0.246497
0.209102
0.210501
0.119683
0.0441267
0.0839216
0.134066
0.0744598
1.12124
0.559558
0.41084
0.335255
0.265018
0.213394
0.203721
0.166134
0.106946
0.132004
0.154327
0.0848366
1.11613
0.563863
0.403665
0.334206
0.286689
0.258206
0.209947
0.153882
0.119315
0.128521
0.140483
0.0849828
1.16162
0.600904
0.431515
0.346704
0.27086
0.23235
0.226079
0.16932
0.126837
0.150354
0.146314
0.0929116
1.15581
0.608489
0.411592
0.327656
0.275963
0.230743
0.212617
0.191889
0.155286
0.123051
0.133486
0.090943
1.39229
0.701823
0.495048
0.41265
0.333404
0.316086
0.313826
0.164965
0.0542366
0.105134
0.142039
0.102617
1.2097
0.653804
0.45291
0.36022
0.312749
0.276267
0.237213
0.143295
0.0993384
0.141558
0.147617
0.0970038
1.13679
0.584914
0.406145
0.313278
0.234016
0.193621
0.169757
0.140274
0.118706
0.109898
0.117986
0.0741686
1.14367
0.595986
0.43666
0.334488
0.295934
0.256146
0.194851
0.141458
0.114709
0.15421
0.170555
0.0903588
1.17347
0.621714
0.430507
0.336429
0.273711
0.254918
0.222643
0.167258
0.13253
0.119583
0.124172
0.0882827
1.10053
0.567711
0.399526
0.321155
0.269899
0.248527
0.217558
0.184637
0.166761
0.143296
0.131542
0.0869061
1.08786
0.561697
0.398664
0.3111
0.25417
0.209071
0.184011
0.174678
0.150664
0.135829
0.123669
0.0749469
1.1423
0.591302
0.41031
0.334372
0.298937
0.266441
0.241476
0.185878
0.14885
0.150768
0.136596
0.096314
1.1115
0.593771
0.4122
0.326847
0.286931
0.25468
0.231627
0.177364
0.138438
0.117097
0.114919
0.082573
1.10624
0.593786
0.418352
0.317849
0.274272
0.23331
0.209081
0.172768
0.148389
0.147369
0.116325
0.0798013
1.39021
0.768092
0.54228
0.372896
0.383836
0.354423
0.322962
0.265541
0.176923
0.0910654
0.0816243
0.0982907
1.08874
0.566734
0.391659
0.305866
0.254704
0.208659
0.190942
0.157916
0.132696
0.131448
0.106507
0.0644872
1.09959
0.600026
0.436289
0.337881
0.299549
0.261231
0.233555
0.191234
0.180272
0.161192
0.141522
0.0980268
1.08953
0.578899
0.400781
0.311124
0.25341
0.215847
0.198707
0.176249
0.157818
0.147383
0.13753
0.0788889
1.13885
0.597957
0.434592
0.341624
0.296263
0.256165
0.23323
0.200782
0.174216
0.168155
0.150941
0.103828
1.10506
0.599097
0.421121
0.326012
0.293161
0.259563
0.236504
0.200672
0.190791
0.155079
0.156825
0.10306
1.11477
0.600717
0.446024
0.35868
0.290675
0.26614
0.241427
0.199168
0.186996
0.191042
0.172993
0.113253
1.06776
0.56797
0.391718
0.3016
0.263915
0.22907
0.204372
0.181441
0.173717
0.151786
0.143172
0.0881457
1.0754
0.582966
0.399613
0.326999
0.268084
0.229441
0.20059
0.18614
0.179178
0.152855
0.141293
0.0936583
1.05845
0.557177
0.389763
0.29343
0.246869
0.218875
0.182764
0.151104
0.150529
0.139082
0.121893
0.0822867
1.08843
0.58457
0.426729
0.312524
0.263719
0.234587
0.211396
0.187764
0.170175
0.152786
0.141512
0.0961986
1.02736
0.540189
0.369703
0.28248
0.22758
0.179616
0.154566
0.136337
0.125963
0.118045
0.102266
0.0717757
1.05939
0.565662
0.401857
0.298153
0.235724
0.222104
0.182604
0.165099
0.138879
0.103154
0.113485
0.081585
1.05112
0.548874
0.382567
0.289752
0.234635
0.190722
0.163425
0.150661
0.140167
0.118649
0.110505
0.0762677
1.06694
0.549042
0.391026
0.296832
0.23651
0.201953
0.177253
0.159238
0.143517
0.114652
0.12179
0.0798045
1.08416
0.594322
0.414895
0.341139
0.257178
0.228806
0.212402
0.182689
0.189444
0.151864
0.168363
0.0978769
1.06716
0.578422
0.403515
0.299787
0.261005
0.2137
0.20394
0.195064
0.164865
0.152456
0.136418
0.0862328
1.06123
0.55852
0.39855
0.299379
0.252757
0.210581
0.199743
0.17359
0.171004
0.155163
0.144006
0.0826992
1.15841
0.661953
0.495783
0.347898
0.325809
0.280644
0.248106
0.196598
0.159117
0.174307
0.170672
0.117339
1.15315
0.701557
0.489102
0.307015
0.320398
0.227265
0.230388
0.190495
0.180846
0.153778
0.209778
0.116114
1.07217
0.57906
0.378752
0.298942
0.258307
0.224539
0.195752
0.187047
0.175958
0.142035
0.154991
0.0840762
1.06571
0.551178
0.38597
0.294828
0.250628
0.215547
0.200465
0.175943
0.159663
0.147785
0.143381
0.0788751
1.07922
0.589858
0.461852
0.320418
0.291364
0.226201
0.235966
0.201609
0.188887
0.2052
0.194917
0.107693
1.12421
0.622044
0.433868
0.334319
0.326745
0.248342
0.283639
0.20779
0.200167
0.172172
0.162067
0.116624
1.053
0.579629
0.405676
0.3119
0.248928
0.188312
0.199297
0.157203
0.173783
0.152727
0.140722
0.0824746
1.10148
0.580649
0.449064
0.284447
0.280363
0.220526
0.195938
0.175179
0.159882
0.178606
0.154125
0.0915118
1.07083
0.596212
0.481651
0.301194
0.293594
0.224811
0.250478
0.225162
0.169448
0.165587
0.199268
0.106597
1.1457
0.628264
0.635626
0.307855
0.389069
0.185467
0.225015
0.230959
0.128684
0.116292
0.234839
0.112583
1.05231
0.543844
0.377181
0.295479
0.238282
0.184043
0.179378
0.169662
0.130961
0.14326
0.140227
0.0772472
1.09425
0.568197
0.413141
0.307635
0.270947
0.217935
0.207671
0.189616
0.171373
0.13279
0.137353
0.0897868
1.10499
0.581206
0.452786
0.263036
0.265652
0.262512
0.185646
0.215308
0.167155
0.187801
0.171368
0.100654
1.0599
0.558266
0.399468
0.30191
0.241064
0.210478
0.213457
0.168649
0.152807
0.146434
0.155894
0.0863434
1.04398
0.521593
0.382544
0.287346
0.243095
0.216667
0.18918
0.162909
0.13344
0.137069
0.120725
0.0751522
1.04467
0.535897
0.416524
0.297636
0.25683
0.218528
0.204819
0.138238
0.136522
0.13808
0.109234
0.0787775
1.18714
0.586674
0.614453
0.263877
0.28158
0.188683
0.350833
0.196734
0.246943
0.154958
0.151324
0.135324
1.0464
0.554372
0.389401
0.298463
0.220692
0.200548
0.202039
0.138131
0.155169
0.151977
0.129365
0.072671
1.04823
0.524536
0.38528
0.285923
0.254256
0.17039
0.195098
0.160154
0.148398
0.158861
0.137402
0.0698495
1.24863
0.629012
0.573867
0.266647
0.272705
0.151767
0.206172
0.184001
0.220034
0.1091
0.206667
0.126313
1.23913
0.613251
0.513688
0.277625
0.26118
0.147872
0.162383
0.165237
0.204395
0.114039
0.138967
0.0966626
1.13776
0.626299
0.491655
0.282796
0.241935
0.182587
0.15337
0.163638
0.135991
0.116754
0.198003
0.0906801
1.11524
0.598027
0.438103
0.30382
0.25928
0.219772
0.111982
0.14111
0.123176
0.0882273
0.172565
0.0772524
1.32047
0.588791
0.63527
0.213034
0.271475
0.257618
0.140556
0.17411
0.107665
0.134483
0.183199
0.0992725
1.11002
0.534185
0.417035
0.308847
0.237375
0.218366
0.186797
0.177797
0.128072
0.136153
0.137779
0.0844479
1.23336
0.59367
0.527285
0.221008
0.235631
0.137023
0.238515
0.165068
0.165641
0.121627
0.147733
0.102951
1.12859
0.557483
0.453163
0.316551
0.232685
0.180796
0.229466
0.162055
0.162617
0.132104
0.137458
0.0925455
1.19049
0.584901
0.551853
0.2994
0.295829
0.139577
0.210457
0.118349
0.175813
0.0772198
0.180972
0.113728
1.06347
0.510391
0.365818
0.263527
0.201491
0.143753
0.168607
0.145812
0.116409
0.0809145
0.0711788
0.0710093
1.17924
0.557772
0.457191
0.283058
0.26763
0.136261
0.124929
0.161983
0.169725
0.109104
0.12331
0.0902947
1.06644
0.528328
0.400897
0.268246
0.259163
0.112187
0.126209
0.158437
0.074945
0.0845393
0.156201
0.076445
1.16689
0.515731
0.462729
0.331342
0.327731
0.0531917
0.145752
0.13275
0.109343
0.0404276
0.198518
0.102869
1.08856
0.493358
0.39292
0.239541
0.22014
0.125379
0.143094
0.107518
0.0871922
0.0697365
0.118166
0.071098
1.09798
0.498546
0.402022
0.308803
0.279874
0.105096
0.197223
0.139419
0.156655
0.0973804
0.095072
0.0805047
1.1653
0.510829
0.417696
0.287875
0.233834
0.0675496
0.215148
0.0980288
0.199369
0.0527324
0.114379
0.0839115
1.10352
0.474567
0.41074
0.181224
0.280431
0.0327038
0.168911
0.168276
0.170431
0.0843316
0.104184
0.0757291
1.12614
0.55991
0.390712
0.216672
0.245366
0.0292023
0.199895
0.08192
0.0753912
0.0799498
0.126233
0.0675745
1.22152
0.502596
0.534173
0.117016
0.236961
-0.0210691
0.196571
0.100294
0.086399
0.0454732
0.121353
0.0967877
1.16526
0.497252
0.531509
0.148439
0.230896
0.0263789
0.179099
0.084478
0.0353599
0.0377495
0.121646
0.075471
1.24321
0.45149
0.602393
0.137976
0.271536
-0.000277733
0.146308
0.049708
0.116575
0.0474259
0.117571
0.118562
1.11751
0.432401
0.480334
0.158092
0.238999
0.0101041
0.157959
0.0487099
0.131727
-0.00955353
0.0665925
0.0975893
1.21669
0.3675
0.494591
0.118965
0.29122
-0.00331309
0.19907
0.0359934
0.133626
0.0289705
0.0768324
0.129765
1.27222
0.425506
0.345436
0.119031
0.309167
-0.115279
0.159457
0.0758506
0.149078
0.0181441
0.0506395
0.121585
1.21441
0.417085
0.348196
0.135216
0.260758
-0.0533813
0.18929
0.0903029
0.154571
0.0180618
0.0518802
0.0913669
1.22288
0.448561
0.414834
0.0893849
0.309003
0.0318432
0.145367
0.0794708
0.162179
0.0606871
0.0549614
0.0848196
1.30826
0.358703
0.52804
0.0332059
0.321418
0.0235822
0.194774
0.0498114
0.136683
0.0764965
0.0157145
0.119347
1.21377
0.389729
0.586828
0.0320774
0.302092
0.0903536
0.176853
0.0728362
0.143891
0.0317336
0.0697541
0.113634
1.18304
0.431693
0.528814
0.126853
0.277508
0.129171
0.162351
0.0578902
0.163836
-0.042786
0.0960622
0.0932575
1.1503
0.481627
0.507796
0.150962
0.169338
0.092153
0.135226
0.0762133
0.125012
-0.0812898
0.0228272
0.0402364
