1.02863
0.335451
0.588265
0.0843594
0.148548
0.109316
0.0751057
0.0186252
-0.00597252
0.0376718
0.0429688
-0.0295732
1.06786
0.417585
0.544533
-0.0255813
0.13362
0.0867324
0.178039
0.0689682
-0.0587264
0.0280089
0.063383
-0.0287123
1.02582
0.4654
0.549563
-0.00950842
0.170143
0.119314
0.155115
0.104387
0.058871
0.00930345
0.0772954
-0.0297897
1.0639
0.526608
0.726844
-0.0933512
0.19093
0.141546
0.265141
0.0495896
0.0557363
0.0159933
0.0419816
0.00604454
0.978755
0.670709
0.66125
-0.0354308
0.167534
0.205366
0.280048
0.0762287
0.0199741
0.0324691
0.0722493
-0.032508
0.992121
0.573576
0.74794
0.00722906
0.198285
0.198494
0.234959
0.0628642
0.0892268
0.0189509
0.0127076
0.0125205
0.994419
0.504056
0.734514
0.00335645
0.228696
0.166467
0.278611
0.0629515
0.0851344
0.0493669
0.0738083
0.0405184
1.06211
0.434826
0.807514
-0.141572
0.233034
0.0910642
0.220952
0.0992506
0.146207
0.0691522
0.051937
0.103337
0.97525
0.419488
0.629899
-0.177082
0.184543
0.0868845
0.0932077
0.0577092
0.151929
0.0653555
0.101965
0.0756013
1.01451
0.497991
0.760741
-0.143835
0.207767
-0.0110163
0.11426
0.0321692
0.0916029
0.0214176
0.0485007
0.0957426
1.0079
0.492597
0.668546
-0.119311
0.187746
0.0303548
0.118682
0.0238885
0.102448
-0.00696659
0.0795279
0.0915126
1.07177
0.525043
0.678181
-0.0905555
0.201711
0.0753685
0.184521
0.0192689
0.0730824
-0.0561217
0.0892672
0.0947032
1.06226
0.619838
0.483119
0.187309
0.198678
0.187062
0.120772
0.0626087
0.0920921
0.00322564
0.102934
0.0265862
1.21115
0.617431
0.641894
0.188834
0.321065
0.151017
0.214654
0.0921787
0.201485
-0.0345887
0.117967
0.0866823
1.27021
0.704584
0.707602
0.0510934
0.395984
0.146639
0.345781
0.113681
0.1498
-0.0523842
0.106444
0.104305
1.08823
0.640634
0.46102
0.265538
0.305518
0.208774
0.256784
0.173775
0.171147
0.0975282
0.109433
0.0688865
1.07014
0.587888
0.391685
0.278711
0.250358
0.197602
0.204318
0.165035
0.139441
0.10117
0.113294
0.0611568
1.21879
0.680636
0.529658
0.255446
0.386685
0.313886
0.289109
0.172918
0.142089
0.0366167
0.130876
0.0953784
1.2546
0.786068
0.517828
0.307567
0.350048
0.330812
0.34103
0.208407
0.181026
0.0395353
0.113658
0.0904132
1.09342
0.601366
0.388944
0.326862
0.277491
0.264888
0.250929
0.15731
0.156526
0.0956663
0.108523
0.0757621
1.09239
0.594179
0.409779
0.323131
0.277587
0.246343
0.203054
0.167876
0.132059
0.105452
0.110956
0.0719061
1.29255
0.73558
0.45759
0.32677
0.404379
0.363609
0.313181
0.197833
0.108436
0.072573
0.0988196
0.100098
1.34104
0.643065
0.587213
0.338264
0.469168
0.278979
0.538737
0.25051
-0.0316036
-0.0275872
0.200129
0.146445
1.19258
0.597331
0.474742
0.305624
0.329346
0.310376
0.387465
0.223331
0.0399981
-0.0153892
0.173371
0.0968457
1.1004
0.550056
0.412893
0.294925
0.257946
0.287793
0.281163
0.136395
0.0904657
0.0612969
0.151312
0.0751234
1.17537
0.554341
0.448486
0.337722
0.288552
0.258887
0.341078
0.171067
0.0490055
-0.0125468
0.204328
0.0909217
1.5986
0.423016
0.876633
0.270845
0.472824
0.268311
0.507813
0.0767585
-0.0387369
-0.174827
0.208938
0.293416
1.26924
0.486271
0.645237
0.404989
0.301616
0.37804
0.386114
0.182286
-0.0631358
-0.0385477
0.282632
0.10203
1.20133
0.545026
0.53221
0.355062
0.188457
0.290971
0.288676
0.164857
0.0437177
0.0401162
0.170614
0.0682634
1.20666
0.516368
0.491491
0.371243
0.208867
0.256188
0.251591
0.134983
0.0476848
0.0334912
0.147177
0.0689713
1.27687
0.579989
0.508004
0.247413
0.0937694
0.18408
0.22825
0.178717
0.017228
0.0442135
0.244541
0.0778294
1.45026
0.650472
0.473264
0.208451
0.080692
0.158096
0.13848
0.0458489
-0.130513
-0.0594734
0.14151
0.0550348
1.64853
0.671811
0.491187
0.267059
0.125533
0.0237912
0.00957346
-0.0221112
-0.174917
-0.0296352
0.0580441
0.0312592
1.80384
0.647004
0.55518
0.103833
0.14377
0.069325
-0.0748321
-0.100343
-0.0483467
-0.204141
-0.00659092
0.0323753
1.76003
0.590632
0.548448
0.104921
0.141549
0.115178
-0.141158
-0.20204
-0.0218961
-0.242996
-0.0154072
0.045974
1.72478
0.669262
0.485078
0.031853
0.146856
0.0939806
-0.185559
-0.228026
-0.033035
-0.183046
-0.0470823
-0.0127637
1.64179
0.622712
0.426994
0.0233828
0.147446
0.116996
-0.141609
-0.175516
-0.0553416
-0.137814
-0.0499122
-0.0221158
1.83311
0.629008
0.538058
-0.0745567
0.214593
0.101377
-0.176724
-0.271262
-0.0212286
-0.0991081
-0.0886168
-0.00977048
1.59389
0.762316
0.429122
0.0518954
0.163112
0.0362195
-0.119988
-0.241141
-0.104646
-0.0447925
-0.107571
-0.0491971
1.71995
0.807762
0.481816
-0.0496745
0.192515
0.0721693
-0.096023
-0.313506
-0.0341198
-0.0466653
-0.110857
-0.00175354
1.61725
0.757052
0.425272
0.0927732
0.109515
-0.0269835
-0.0548464
-0.186635
-0.121872
-0.0551232
-0.118578
-0.0616231
1.37732
0.687797
0.386976
0.186022
0.0960203
0.0143536
-0.0346181
-0.0926653
-0.115798
-0.0906039
-0.0956533
-0.0495401
1.61708
0.709641
0.382095
0.0928795
0.0943705
0.0266377
-0.0476375
-0.154517
-0.125773
-0.0518645
-0.0977887
-0.0487699
1.70609
0.667996
0.3898
0.138568
0.141652
-0.0206905
-0.0119289
-0.135623
-0.161307
-0.0650417
-0.0887378
-0.0493491
1.82918
0.669738
0.337339
0.157563
0.129006
-0.0877355
0.0782107
-0.157646
-0.165416
-0.026861
-0.0953992
-0.0522852
1.39088
0.586373
0.331061
0.153465
0.10277
-0.0403582
-0.0385691
-0.114051
-0.146456
-0.0790744
-0.102649
-0.056548
1.44006
0.670317
0.318792
0.178564
0.143974
-0.0641664
0.0491852
-0.126423
-0.0889245
-0.0907961
-0.089376
-0.0369014
1.68017
0.619237
0.366732
0.141859
0.163523
-0.079879
0.0304512
-0.185961
-0.0662315
-0.10071
-0.0611426
-0.0127196
1.82183
0.596308
0.261523
0.144516
0.154645
-0.0879324
0.107093
-0.174522
-0.101456
-0.105064
-0.0645801
-0.0118745
1.62072
0.59158
0.262521
0.110414
0.129781
-0.0544522
0.0479467
-0.103017
-0.0776499
-0.0814887
-0.0623868
-0.0254497
1.59288
0.496379
0.251236
0.107828
0.105639
0.0373909
-0.0610678
-0.0939087
-0.161114
-0.0479242
-0.0711115
-0.0581995
1.89347
0.713362
0.104162
0.0590575
0.12135
-0.1183
0.105574
-0.106824
-0.152202
0.0622041
-0.0680639
-0.0136616
1.86852
0.679973
0.154
-0.0858169
0.162457
-0.0692069
0.0642684
-0.102032
-0.137242
0.134273
-0.084793
-0.0431129
1.95789
0.574352
0.225757
-0.222061
0.237851
-0.0493232
0.0840477
-0.131957
-0.147186
0.128431
-0.096309
-0.0377562
1.93182
0.569864
0.240741
-0.249371
0.246629
-0.0308704
0.0902323
-0.0879375
-0.110733
0.17025
-0.07143
-0.0277194
1.78546
0.66568
0.171473
-0.249565
0.2901
0.0625215
0.0557469
-0.0889235
-0.120724
0.129044
-0.0780716
-0.0298525
1.87209
0.393904
0.310553
-0.364434
0.444846
0.124862
0.0751583
0.00390174
-0.125753
0.0650894
-0.110227
-0.045579
1.83346
0.370613
0.362984
-0.412727
0.47643
0.211115
0.0953268
0.0106728
-0.116924
0.0876776
-0.119236
-0.0407432
1.83599
0.259789
0.379628
-0.4405
0.499358
0.2413
0.117211
0.0561812
-0.127775
0.0702352
-0.145756
-0.056248
1.81644
0.185972
0.425099
-0.431463
0.483002
0.211149
0.151989
0.116582
-0.0780352
0.105889
-0.113955
0.00426449
1.69914
0.206392
0.423173
-0.506038
0.532437
0.302977
0.174673
0.148286
-0.0537475
0.0806705
-0.123148
0.0199351
1.65523
0.18535
0.412461
-0.492928
0.506475
0.321502
0.215044
0.171038
-0.0472734
0.0916692
-0.129711
0.00486835
1.42132
0.343467
0.312239
-0.396614
0.470011
0.342459
0.243011
0.174249
-0.0341438
0.0941512
-0.122048
-0.0032719
1.48596
0.260302
0.294916
-0.392451
0.433807
0.269257
0.255975
0.21345
-0.0287503
0.119812
-0.117675
-0.03452
1.55592
0.157131
0.405102
-0.430581
0.533426
0.370108
0.237161
0.235292
-0.0395067
0.0833457
-0.088738
-0.0105491
1.73642
0.0499909
0.508784
-0.508304
0.588518
0.361652
0.18316
0.292141
0.00109825
0.0777282
-0.104353
0.00933335
1.41222
0.309263
0.332775
-0.293291
0.446991
0.408623
0.186922
0.232639
-0.0570655
0.0559886
-0.0933776
-0.0545398
1.19865
0.402155
0.291083
-0.170446
0.422583
0.377943
0.163633
0.24157
-0.0366251
0.0227965
-0.0859815
-0.00408968
1.46697
0.241598
0.501555
-0.353833
0.562438
0.39908
0.155433
0.222539
-0.0469091
0.0234438
-0.136405
-0.0384709
1.81717
0.0531486
0.664858
-0.481932
0.647111
0.377868
0.0612576
0.257927
-0.0384951
-0.0262384
-0.134131
0.0323177
1.29783
0.330994
0.463362
-0.261742
0.522951
0.374498
0.134626
0.237303
-0.0351564
-0.00526488
-0.114039
-0.0293042
1.15796
0.372747
0.280053
-0.0891313
0.427932
0.301312
0.115857
0.161396
-0.0776385
0.00260066
-0.132073
0.012543
1.43779
0.284065
0.526711
-0.193206
0.48574
0.324889
0.123938
0.23614
-0.0226644
-0.0508042
-0.137085
-0.054059
1.55012
0.228489
0.557211
-0.0948484
0.472713
0.2596
0.194649
0.287056
-0.0731638
-0.0102922
-0.0994497
-0.0682839
1.397
0.442882
0.308692
0.1918
0.356989
0.202553
0.225983
0.221794
-0.0901765
-0.0928864
-0.0986958
0.018902
1.41916
0.566262
0.250629
0.194738
0.363113
0.258373
0.243295
0.135972
-0.0280881
-0.0745714
-0.0553971
0.0312659
1.41744
0.541466
0.200271
0.155128
0.378615
0.222091
0.228442
0.121046
-0.0745867
-0.00478686
-0.0729829
0.0338358
1.66465
0.524814
0.306632
0.0840402
0.452305
0.225591
0.233981
0.164253
-0.114772
0.000840934
-0.0919835
-0.0138463
1.67771
0.498692
0.310608
0.0915233
0.61623
0.257377
0.198124
0.134089
-0.0812288
0.0622216
-0.0770576
-0.0180944
1.77678
0.504709
0.295097
0.0554855
0.582073
0.19227
0.178063
0.199975
-0.0750806
0.0435507
-0.0922738
-0.045256
1.38698
0.601324
0.227825
0.207361
0.360468
0.19317
0.215295
0.130374
-0.0262075
0.0033787
-0.0836838
0.0102797
1.39502
0.516716
0.229989
0.176379
0.397223
0.256199
0.173087
0.129956
-0.0477933
0.0238908
-0.0212204
0.0296357
2.14331
0.376843
0.333168
0.00336904
0.60859
0.120791
0.225345
0.165778
-0.146062
0.113623
-0.00836953
0.0325654
2.14853
0.356948
0.411088
0.0259111
0.595352
0.118829
0.280271
0.148659
-0.205187
0.167625
0.0588917
0.0741357
1.65566
0.626382
0.337056
0.182273
0.411715
0.228551
0.239378
0.0963415
-0.113902
0.19014
0.024919
0.037873
1.1978
0.567481
0.343823
0.209246
0.193291
0.164219
0.168149
0.118811
0.0509218
0.089636
0.0662425
0.0344839
1.40025
0.581254
0.384519
0.294495
0.356978
0.251157
0.215156
0.111898
-0.00676729
0.0939528
0.0621575
0.0524087
2.12087
0.331307
0.534328
0.191349
0.536309
0.165701
0.420875
0.186154
-0.199286
0.200203
0.0837312
0.023595
1.90846
0.372646
0.53347
0.37302
0.428126
0.181465
0.432549
0.144493
-0.20379
0.201677
0.17309
0.0314649
1.16313
0.557544
0.439252
0.334117
0.20951
0.180052
0.185542
0.0707147
0.013582
0.116369
0.0901538
0.040614
1.21544
0.550141
0.46042
0.406361
0.25631
0.222729
0.243823
0.110671
-0.00127929
0.0603859
0.119988
0.0512694
2.00446
0.332765
0.706976
0.375938
0.437938
0.219193
0.482805
0.104243
-0.250455
0.174084
0.215255
0.0529063
1.64194
0.475236
0.550065
0.497962
0.387122
0.265541
0.369649
0.182757
-0.133968
0.110248
0.18688
0.079142
1.18517
0.569643
0.438064
0.384668
0.320325
0.281336
0.264046
0.14682
0.0618407
0.114839
0.105618
0.0766817
1.12378
0.546088
0.381554
0.30118
0.236858
0.215263
0.216293
0.150485
0.0910395
0.10955
0.129634
0.0673213
1.34847
0.498118
0.550837
0.553043
0.388131
0.296881
0.303157
0.231193
0.0737889
0.11483
0.102285
0.0958387
1.50695
0.522111
0.573
0.532593
0.352807
0.328764
0.355575
0.213138
0.0427941
0.0982903
0.150632
0.104531
1.16642
0.573903
0.455817
0.395256
0.270893
0.238172
0.255858
0.178464
0.115882
0.140196
0.143557
0.0881453
1.08483
0.551352
0.401002
0.317409
0.241289
0.209449
0.199709
0.168433
0.12848
0.116078
0.114654
0.0700294
1.11431
0.559758
0.456609
0.375238
0.277706
0.256058
0.256098
0.175274
0.0913145
0.167237
0.182472
0.0919482
1.54563
0.56165
0.595105
0.602625
0.257523
0.169814
0.466441
0.263701
0.0319834
0.225455
0.158268
0.0722853
1.14298
0.572849
0.435798
0.382225
0.281953
0.239228
0.256275
0.203618
0.140915
0.149153
0.154053
0.0971504
1.07924
0.557511
0.389069
0.308238
0.249093
0.211581
0.190405
0.160368
0.143095
0.1324
0.108916
0.0688006
1.09615
0.587343
0.399224
0.304126
0.24496
0.225396
0.199185
0.169639
0.156124
0.139638
0.134237
0.0799338
1.48112
0.730423
0.532933
0.35143
0.314716
0.364472
0.358559
0.216209
0.0866262
0.119219
0.168649
0.130296
1.17593
0.611273
0.451473
0.340396
0.288774
0.295413
0.267918
0.250048
0.197314
0.135536
0.148229
0.112513
1.06151
0.568638
0.389387
0.297927
0.251125
0.222454
0.195952
0.172592
0.167334
0.145316
0.128534
0.0765561
1.06592
0.570844
0.408382
0.307596
0.244913
0.2139
0.189078
0.166043
0.149933
0.122486
0.122503
0.0715597
1.30434
0.690709
0.48448
0.311515
0.260148
0.280097
0.302201
0.224366
0.193247
0.115625
0.133307
0.104048
1.31035
0.654917
0.446423
0.289377
0.29231
0.25618
0.243991
0.22704
0.165835
0.0973369
0.157239
0.102257
1.26454
0.566071
0.349458
0.28659
0.253028
0.217898
0.245221
0.235133
0.170347
0.13705
0.13816
0.0853746
1.12033
0.567726
0.397374
0.2359
0.23638
0.23906
0.227606
0.193206
0.133567
0.0838649
0.0958332
0.0621049
1.36737
0.675167
0.448705
0.211756
0.246482
0.177049
0.284505
0.157944
0.135574
0.0947775
0.141383
0.0903749
1.1428
0.571344
0.395111
0.303642
0.248718
0.165194
0.15698
0.124223
0.0554161
0.137294
0.157661
0.0683529
1.33714
0.614838
0.434352
0.201483
0.303523
0.235269
0.304561
0.171896
0.124959
0.06176
0.194837
0.117821
1.39404
0.568994
0.569932
0.168221
0.257554
0.21915
0.27273
0.142579
0.0778908
0.0775061
0.211175
0.118495
1.21801
0.536353
0.479007
0.230893
0.23355
0.278948
0.255407
0.189117
0.115967
0.0707566
0.186557
0.0907319
1.07463
0.553698
0.359005
0.229402
0.257072
0.207255
0.183446
0.18031
0.127285
0.100586
0.149504
0.0664467
1.31731
0.611679
0.558202
0.0494761
0.266441
0.155266
0.294407
0.147688
0.108138
0.0688205
0.224111
0.125615
1.27435
0.611894
0.521322
0.197454
0.269438
0.157688
0.227632
0.115614
0.0684272
0.0128972
0.148172
0.078179
1.35973
0.640507
0.477204
0.172707
0.242508
0.0996059
0.155893
0.173856
0.0559601
0.0603628
0.156555
0.0761026
1.18124
0.502007
0.366829
0.196925
0.241688
0.18314
0.146824
0.0713535
0.0708456
-0.0288871
0.106024
0.0500369
1.33423
0.492395
0.494311
0.108769
0.255178
0.0803805
0.171948
0.0103189
0.0566124
0.0142407
0.11134
0.0902418
1.22712
0.401118
0.481696
0.180193
0.239215
0.0419019
0.226026
0.0686229
0.115946
0.112801
0.131575
0.0884891
1.34355
0.410263
0.506863
0.0719912
0.248872
0.0547075
0.37278
0.124359
0.0783398
0.105838
0.181676
0.137791
1.13844
0.557467
0.421365
0.225364
0.179957
0.133191
0.239487
0.130841
0.0787637
0.0779002
0.087982
0.0534447
1.14638
0.522833
0.50555
0.213999
0.219055
0.132955
0.26419
0.144124
0.123706
0.126815
0.109062
0.0621663
1.19813
0.537229
0.526926
0.199015
0.27892
0.227414
0.257727
0.132429
0.212248
0.10442
0.128282
0.0997376
1.2227
0.566816
0.717896
0.150366
0.329579
0.184205
0.305484
0.0668824
0.178099
0.0894837
0.174025
0.148886
1.10449
0.559886
0.456937
0.246246
0.214473
0.236749
0.183891
0.130021
0.165387
0.128505
0.151783
0.0812885
1.11684
0.554383
0.423737
0.2865
0.231933
0.210661
0.175309
0.158564
0.167833
0.13568
0.144777
0.0778049
1.11138
0.544453
0.414684
0.251066
0.279452
0.201305
0.213013
0.15927
0.170301
0.222687
0.168178
0.0874366
1.10564
0.586348
0.453644
0.282694
0.288719
0.167867
0.221778
0.205743
0.209341
0.171914
0.206687
0.104297
1.14615
0.62849
0.390845
0.275873
0.305893
0.175856
0.244948
0.169306
0.215711
0.183991
0.229193
0.113267
1.11294
0.609797
0.457042
0.312456
0.30657
0.169145
0.201916
0.184976
0.178575
0.13316
0.182451
0.096932
1.13547
0.578283
0.460333
0.261444
0.277703
0.222302
0.219805
0.164968
0.116081
0.13079
0.168374
0.0875159
1.17004
0.613276
0.453199
0.328275
0.286043
0.158569
0.151324
0.0948723
0.13279
0.11227
0.191581
0.0887203
1.19031
0.604789
0.442397
0.265076
0.209579
0.175911
0.166808
0.110657
0.0889063
0.133139
0.156513
0.0831805
1.30363
0.650163
0.514953
0.304049
0.322272
0.0541237
0.078625
0.0427222
0.0176277
0.0104696
0.153512
0.0758903
1.26713
0.589909
0.527243
0.193999
0.292542
0.0633485
0.169838
0.0393767
0.0363253
0.0411801
0.163976
0.0959417
1.38451
0.60313
0.606479
0.154566
0.249307
-0.0125434
0.184419
0.0614294
0.107037
-0.0096506
0.139547
0.12713
1.18834
0.569187
0.440409
0.160265
0.152631
0.114147
0.189815
0.103332
0.130096
0.0988513
0.115533
0.0693542
1.21829
0.539671
0.462573
0.136859
0.0891793
0.148163
0.299831
0.0990347
0.16978
0.0429634
0.169689
0.0686149
1.28036
0.514463
0.471003
0.0316544
0.163271
0.11966
0.224035
0.0902062
0.0952035
0.0895319
0.123136
0.0818051
1.40059
0.477221
0.525751
0.0458032
0.146781
0.153907
0.293867
0.0532414
0.116113
0.0393481
0.0986814
0.0971138
1.29221
0.540077
0.42784
0.0926315
0.124553
0.156934
0.22522
0.0585592
0.0785775
-0.0202194
0.0899707
0.0566142
1.34711
0.562135
0.444077
0.0998671
0.21703
0.0853252
0.223305
0.0316848
0.113529
-0.035786
0.0838867
0.0866678
1.45628
0.485571
0.547514
-0.0030496
0.225241
0.0320663
0.229072
0.0740381
0.173182
-0.101084
0.0697847
0.153673
1.36482
0.565514
0.522313
0.0311496
0.194992
0.0704697
0.208832
0.0382049
0.151778
-0.0954279
0.0955951
0.110135
1.33192
0.510256
0.487056
0.0739362
0.179232
0.061156
0.129722
0.047947
0.180483
-0.0462891
0.0580596
0.0895344
