1.14382
0.549631
0.463503
0.20794
0.177624
0.0809328
0.0652073
0.109568
0.168419
0.14551
0.127245
0.0972776
1.0932
0.545217
0.41633
0.213287
0.133626
0.129932
0.101183
0.0745532
0.0972215
0.122039
0.105818
0.0800295
1.13206
0.555325
0.414922
0.198287
0.178123
0.124772
0.0919992
0.107305
0.133496
0.0834775
0.117156
0.082127
1.13986
0.634732
0.445096
0.224733
0.1917
0.154971
0.197402
0.171871
0.152209
0.0981063
0.0351458
0.0709855
1.11634
0.57328
0.411854
0.252234
0.210098
0.125651
0.137844
0.132715
0.0967574
0.0886292
0.0664799
0.0732831
1.20728
0.647166
0.442383
0.254772
0.257444
0.162275
0.189501
0.164958
0.125557
0.0895195
0.0507102
0.0710158
1.13345
0.608161
0.427151
0.284639
0.230014
0.165669
0.210848
0.167835
0.102563
0.0549574
0.0604751
0.069795
1.22397
0.611098
0.522772
0.210109
0.202499
0.113433
0.109787
0.133134
0.0936848
0.029277
0.0763996
0.0659215
1.1195
0.557695
0.384845
0.223046
0.155047
0.140458
0.109445
0.0618172
0.0642531
-0.00587624
0.0965929
0.0640877
1.26192
0.513867
0.442923
0.211811
0.156292
0.120841
0.109086
0.0603318
0.142917
0.0372546
0.0239806
0.0604398
1.38296
0.510948
0.490706
0.142959
0.204975
0.17457
0.100838
0.0247124
0.1673
-0.0260147
-0.00249742
0.0641571
1.55034
0.428443
0.537142
0.0775707
0.260568
0.167626
0.128388
-0.0276326
0.171541
-0.0689142
0.0184584
0.135581
1.17392
0.480571
0.353012
0.150514
0.276269
0.173972
0.120553
0.0294783
0.063109
-0.0269474
0.0994482
0.0743127
1.13535
0.469314
0.417199
0.16464
0.2675
0.198716
0.105254
-0.0559585
0.00349851
-0.00808514
0.0878988
0.0605986
1.31413
0.375681
0.468312
0.232638
0.410005
0.241175
0.259876
-0.0952912
0.0162118
0.0339274
0.201095
0.140603
1.42635
0.4418
0.501575
0.234299
0.532208
0.222849
0.323002
-0.0448748
0.0210549
0.0864531
0.216296
0.185805
1.09723
0.488749
0.324053
0.262039
0.234622
0.19286
0.146516
0.140262
0.129878
0.105626
0.0949636
0.043933
1.53872
0.547427
0.519412
0.387462
0.531461
0.303888
0.249741
0.122585
0.0903356
0.0454124
0.153591
0.119171
1.95647
0.357986
0.651717
0.281958
0.553609
0.285563
0.359398
0.210838
0.114387
-0.0996344
0.0370421
0.243302
1.69164
0.625164
0.482909
0.474984
0.429474
0.289778
0.146568
0.176858
0.0392685
-0.0601261
0.153552
0.119515
1.40955
0.616361
0.441124
0.409451
0.329171
0.301843
0.283505
0.166952
0.0266591
-0.0328015
0.110593
0.0766888
2.22888
0.524915
0.463036
0.433575
0.275285
0.112582
0.319682
0.174896
-0.1259
-0.163371
0.12771
0.204112
1.13857
0.588561
0.415839
0.241751
0.0909264
0.0895505
0.104094
0.0585159
0.0149749
0.0314205
0.0792971
0.0387967
1.38845
0.625257
0.352492
0.284932
0.14276
0.00966092
0.0233198
-0.00252229
-0.0940357
-0.0928568
0.0156628
0.0201444
1.69085
0.670093
0.547496
0.37681
0.0290045
-0.0701936
0.0703767
0.0230014
-0.198484
-0.175323
0.0470169
0.0115854
1.67674
0.694531
0.524267
0.37016
0.0337348
-0.117026
0.0312046
0.0460273
-0.149391
-0.186273
0.0193803
0.0136133
1.60819
0.722123
0.45342
0.259988
0.026054
-0.0801188
0.0346338
-0.0210027
-0.173272
-0.116333
-0.0120368
-0.0187508
1.55957
0.709067
0.375542
0.250101
0.0858086
-0.0778916
-0.0495739
-0.0784179
-0.0868726
-0.0769978
-0.0258872
-0.00623991
1.76316
0.826432
0.514901
0.10935
0.068689
-0.0901348
-0.0153712
-0.0761686
-0.0963882
-0.000214683
-0.0704622
-0.0280296
1.68882
0.798995
0.465237
0.158894
0.0858678
-0.0873856
-0.0274945
-0.0954819
-0.134317
0.0139247
-0.0890981
-0.036469
1.96917
0.767469
0.607248
0.0884582
0.135295
-0.1602
0.0130859
-0.111532
-0.143453
0.110393
-0.0895364
-0.04527
1.7042
0.773447
0.469047
0.196627
0.101858
-0.0981566
-0.0224752
-0.0719817
-0.0576125
0.0275749
-0.121772
-0.0587497
1.63992
0.737107
0.449895
0.208656
0.0930273
-0.0371368
-0.0844995
-0.0667906
-0.0454984
-0.0477032
-0.10063
-0.0480834
1.86491
0.748808
0.437643
0.182806
0.0762223
-0.0506128
-0.0173742
-0.0550595
-0.0746879
-0.0184766
-0.099972
-0.0709041
1.97821
0.649516
0.405637
0.1871
0.0881044
-0.0830331
0.0354475
-0.0348818
-0.160719
-0.0808122
-0.098253
-0.0794047
1.59731
0.681988
0.381387
0.1774
0.063745
-0.0260227
0.00549127
-0.0310994
-0.0901402
-0.0326175
-0.136639
-0.0801728
1.73683
0.635644
0.355345
0.143284
0.0130953
-0.0668279
-0.0323609
0.0151
-0.0888595
-0.0278609
-0.110271
-0.0884197
2.17232
0.509543
0.303529
0.107382
0.0755189
-0.149313
0.0703211
0.0559077
-0.205676
0.0199567
-0.045154
-0.101227
1.81932
0.631671
0.313976
0.0583081
-0.00627215
-0.116442
0.0432966
0.0414054
-0.0665305
0.032119
-0.0708308
-0.0744839
1.62931
0.626413
0.229833
-0.0581103
-0.0125056
-0.0419126
0.0227855
0.0137399
-0.0674779
0.0361096
-0.0962376
-0.0827059
1.79612
0.473012
0.244533
-0.0483678
0.0389273
-0.0452162
0.0823266
0.0992176
-0.179389
0.0327391
0.0155058
-0.0284774
2.05385
0.418791
0.284421
-0.132876
0.137715
-0.188663
0.235771
0.055439
-0.164814
0.135779
-0.0226341
0.00203311
1.80968
0.415985
0.229394
-0.094279
0.0931563
-0.069823
0.217116
0.082758
-0.20527
0.0884311
-0.0127498
-0.0364174
1.59208
0.444503
0.205965
-0.0619331
0.135081
0.00866318
0.185447
0.0889446
-0.144944
0.07706
-0.00775673
-0.00278222
1.55021
0.332757
0.250377
-0.0687181
0.156157
0.0217433
0.197261
0.200804
-0.138029
0.0314498
-0.0398335
-0.0523063
1.75842
0.0681457
0.476634
-0.220956
0.216297
0.0240053
0.235778
0.223005
-0.151152
0.0166261
-0.0449856
-0.0531978
1.54514
0.198493
0.384839
-0.163753
0.216752
0.0639963
0.243316
0.228781
-0.10056
0.0396559
-0.0503799
-0.0586424
1.49094
0.17951
0.336568
-0.11445
0.201181
-0.0165549
0.267807
0.238191
-0.134946
0.054246
-0.0917712
-0.0710386
1.70633
-0.0582792
0.554546
-0.326269
0.323138
0.026528
0.313613
0.31705
-0.109343
0.0695549
-0.0677525
0.0662349
1.52799
0.0538147
0.415891
-0.27231
0.354066
0.027104
0.38809
0.335571
-0.103526
0.115868
-0.0490327
0.0203342
1.38921
0.152415
0.332297
-0.165252
0.308607
0.0657298
0.357478
0.308329
-0.0911989
0.0889729
-0.0575568
-0.0354686
1.28552
0.219529
0.310244
-0.112248
0.295049
0.154419
0.296777
0.318393
-0.0272318
0.093284
-0.0478723
-0.0500454
1.8263
-0.0619002
0.495175
-0.265156
0.411094
0.0917335
0.30322
0.320911
0.028973
0.113549
-0.172086
0.0221441
1.62188
0.210864
0.355803
-0.0775513
0.334806
0.165358
0.28079
0.293173
0.0030525
0.0327196
-0.118308
-0.0703852
1.48639
0.352871
0.248995
0.0378444
0.281489
0.233139
0.273116
0.227011
0.0926847
0.00776799
-0.1483
-0.0446081
1.37203
0.440677
0.236245
0.0770348
0.219844
0.185456
0.252568
0.21361
0.071934
-0.0230865
-0.17139
-0.0371778
1.76179
0.293791
0.39499
-0.0683441
0.393644
0.230421
0.296485
0.214543
0.0619656
-0.0093774
-0.165254
-0.0381541
1.51876
0.433023
0.349681
-0.049171
0.349443
0.248435
0.250063
0.295308
0.0746087
-0.0150526
-0.149232
-0.0683081
1.51179
0.502514
0.30066
-0.0518461
0.352307
0.261417
0.243267
0.268897
0.02334
0.00293874
-0.128205
-0.0624565
1.37402
0.507629
0.319795
-0.0420269
0.296793
0.324132
0.21909
0.248996
0.0744059
-0.0030211
-0.0846612
-0.0218411
1.59113
0.395167
0.337588
-0.0502289
0.463445
0.230703
0.231991
0.307705
0.064196
-0.0191494
-0.0617161
-0.0122412
1.41399
0.487917
0.295399
0.106463
0.403823
0.245298
0.22718
0.265532
-0.00244907
-0.016577
-0.0217962
0.0268911
1.38748
0.52477
0.313612
0.206072
0.36411
0.200851
0.289764
0.298657
0.0333718
0.0102232
-0.0385479
0.0376877
1.36477
0.508855
0.302877
0.255744
0.30379
0.190455
0.299087
0.239556
0.00591298
-0.0410379
-0.0193731
0.0510106
1.93871
0.484861
0.425755
0.0210621
0.415669
0.108036
0.503926
0.314673
-0.170363
0.100176
-0.0071532
0.0685282
1.33941
0.496008
0.28471
0.173844
0.242104
0.22831
0.261922
0.215883
0.0235404
0.0500341
0.0346861
0.0469873
1.3363
0.576301
0.276994
0.15383
0.271938
0.242471
0.35515
0.240949
0.0168924
0.0417169
-0.0161403
0.0398279
1.53735
0.447386
0.270913
0.166082
0.29198
0.199897
0.335919
0.33645
-0.0142314
0.111272
-0.0118502
0.00963146
1.86985
0.301737
0.342432
0.197467
0.321672
0.162517
0.33713
0.292162
-0.112888
0.043955
0.00975045
-0.0215221
1.70309
0.562621
0.357293
0.235042
0.183716
0.113942
0.307964
0.187392
-0.140285
-0.00654902
0.0018036
0.00469188
2.09576
0.417134
0.441501
0.192518
0.267305
0.00152339
0.42119
0.154702
-0.273871
0.0515596
0.019437
-0.0376674
1.89143
0.518863
0.471958
0.283426
0.200524
0.0399303
0.368745
0.139748
-0.270948
-0.0137463
0.0670097
0.00131274
1.85673
0.527644
0.460929
0.300543
0.235406
0.059109
0.398776
0.104163
-0.261573
0.0506012
0.0503597
-0.0149977
1.2782
0.556555
0.421227
0.312866
0.143809
0.0923741
0.214854
0.114054
-0.046153
0.065354
0.0665054
0.0142408
1.56028
0.517828
0.440982
0.430092
0.204487
0.103704
0.376911
0.18443
-0.124001
0.0993371
0.0963068
0.0214439
1.81613
0.512141
0.495726
0.399708
0.251689
0.0818911
0.473286
0.19284
-0.170514
0.139159
0.111086
0.00517681
1.60102
0.611393
0.572804
0.452569
0.175855
0.135811
0.430228
0.179075
-0.135749
0.108681
0.120939
0.00506607
1.17744
0.586428
0.464775
0.351904
0.203804
0.192938
0.225739
0.122978
0.0320636
0.0769984
0.119129
0.0514302
1.17513
0.585373
0.490623
0.391756
0.233586
0.185473
0.20917
0.13942
0.0325421
0.0932508
0.118612
0.0553734
1.36372
0.575963
0.50378
0.465454
0.288306
0.24723
0.368922
0.188455
-0.00708432
0.124267
0.121207
0.0734437
1.53372
0.658644
0.564629
0.472144
0.243653
0.299371
0.54437
0.180271
-0.0372573
0.123477
0.144205
0.0584918
1.20166
0.626047
0.470747
0.358761
0.269624
0.296391
0.288926
0.171833
0.0762729
0.108987
0.127252
0.0855009
1.1063
0.561805
0.375568
0.285973
0.240483
0.230316
0.205403
0.177894
0.135914
0.107845
0.125325
0.0713263
1.12035
0.584406
0.424866
0.333198
0.26381
0.233929
0.215093
0.195803
0.162409
0.133709
0.137715
0.0867963
1.29472
0.644455
0.518967
0.417934
0.280526
0.290148
0.322838
0.219899
0.0949139
0.129358
0.189742
0.116129
1.2023
0.641113
0.470262
0.368963
0.281007
0.25567
0.283897
0.22679
0.156953
0.16001
0.143431
0.107997
1.07914
0.56573
0.397456
0.305706
0.256853
0.233228
0.21229
0.172825
0.151127
0.147548
0.139403
0.0805591
1.06895
0.563762
0.407339
0.301905
0.250852
0.241932
0.204242
0.175968
0.160851
0.145117
0.130142
0.0807332
1.19941
0.626061
0.433773
0.318584
0.309282
0.302418
0.316917
0.240554
0.126341
0.133269
0.165464
0.114983
1.12685
0.594228
0.399766
0.313691
0.284112
0.286845
0.289579
0.229435
0.175344
0.14774
0.159515
0.10604
1.06802
0.562865
0.403116
0.311505
0.255956
0.234483
0.219362
0.178934
0.152818
0.153442
0.157249
0.0824077
1.10291
0.576665
0.399138
0.304725
0.252032
0.229898
0.204506
0.176271
0.151796
0.157198
0.144897
0.0827273
1.25291
0.681315
0.467328
0.334141
0.292549
0.314097
0.2856
0.172702
0.131779
0.135721
0.187885
0.118646
1.17941
0.666683
0.486414
0.371217
0.29384
0.243903
0.220853
0.172402
0.156997
0.144671
0.151838
0.100854
1.08405
0.580654
0.401414
0.304091
0.267141
0.237044
0.225884
0.197841
0.156105
0.140654
0.123744
0.0801124
1.10153
0.595344
0.407154
0.313727
0.261827
0.238383
0.222528
0.179616
0.163311
0.141587
0.125884
0.0834474
1.22877
0.650931
0.444804
0.349796
0.314767
0.291131
0.252324
0.218044
0.151665
0.143599
0.126336
0.103314
1.14688
0.600492
0.411193
0.329595
0.284894
0.246104
0.232714
0.200964
0.157456
0.152924
0.16122
0.0961248
1.0907
0.570099
0.40379
0.310103
0.243756
0.226958
0.202557
0.182545
0.164485
0.152997
0.145202
0.0805237
1.09975
0.58807
0.401062
0.328836
0.267608
0.241519
0.233375
0.19015
0.156196
0.156903
0.154053
0.0893328
1.21919
0.643738
0.510513
0.344194
0.285477
0.295409
0.233508
0.207182
0.202095
0.141636
0.162495
0.11651
1.11254
0.57116
0.418961
0.315457
0.253034
0.245247
0.21329
0.196066
0.193153
0.144321
0.143501
0.0891881
1.07367
0.534246
0.405282
0.298263
0.23593
0.247708
0.218651
0.181577
0.192203
0.159298
0.149964
0.0816953
1.09047
0.568144
0.414431
0.278408
0.243255
0.240722
0.19896
0.175699
0.148159
0.127766
0.127905
0.0774122
1.25713
0.599676
0.49044
0.297773
0.245016
0.259504
0.232492
0.219014
0.21117
0.133116
0.176771
0.110963
1.10447
0.569129
0.460772
0.303729
0.244904
0.247055
0.186031
0.177544
0.178809
0.15532
0.185247
0.0899516
1.1461
0.579145
0.431652
0.292072
0.236538
0.26326
0.218426
0.187716
0.2131
0.147923
0.148458
0.0919448
1.35494
0.632064
0.606836
0.191007
0.201659
0.26765
0.27743
0.149204
0.24289
0.117856
0.177387
0.135177
1.14923
0.570394
0.518713
0.253221
0.224153
0.231472
0.188681
0.152282
0.244764
0.164171
0.171387
0.107196
1.05809
0.567298
0.433759
0.217032
0.233438
0.253049
0.169849
0.180968
0.156142
0.124672
0.102941
0.0629473
1.21063
0.545575
0.489177
0.227004
0.185801
0.300409
0.196875
0.151813
0.201149
0.0716358
0.141793
0.0891973
1.0693
0.544884
0.405611
0.252488
0.227026
0.211157
0.194321
0.158742
0.168363
0.113625
0.0905087
0.0599252
1.07736
0.584729
0.42933
0.264393
0.220938
0.233452
0.166444
0.17
0.166791
0.140671
0.115937
0.0737038
1.2257
0.671994
0.580892
0.273081
0.281704
0.230969
0.252073
0.151937
0.172782
0.177163
0.136141
0.108564
1.28392
0.708285
0.768355
0.316421
0.311793
0.235974
0.200826
0.180302
0.185967
0.150463
0.139653
0.120527
1.10656
0.604204
0.448125
0.31404
0.247769
0.233182
0.208974
0.179706
0.206649
0.166446
0.152613
0.0976506
1.06664
0.565329
0.410404
0.304973
0.24615
0.210407
0.179423
0.167661
0.176669
0.150953
0.132735
0.0794573
1.10591
0.551763
0.404702
0.304306
0.271807
0.228847
0.20109
0.187204
0.155948
0.166536
0.159731
0.0882554
1.21547
0.72234
0.52031
0.289415
0.324525
0.204434
0.234913
0.199831
0.266939
0.143355
0.170513
0.126051
1.07307
0.539706
0.409078
0.289041
0.24205
0.229184
0.20768
0.165736
0.180071
0.132326
0.134857
0.0829593
1.04619
0.524133
0.368756
0.284373
0.23574
0.204953
0.204471
0.173262
0.162863
0.154904
0.130354
0.0765362
1.04149
0.548541
0.392081
0.258413
0.262338
0.205051
0.175482
0.182965
0.179556
0.129408
0.14919
0.0783298
1.11558
0.615703
0.487914
0.317647
0.263661
0.235324
0.175598
0.175777
0.141172
0.19575
0.240196
0.108413
1.04032
0.543397
0.381192
0.26098
0.279265
0.227437
0.204789
0.197185
0.163826
0.141134
0.131579
0.0792833
1.05558
0.561439
0.376748
0.26882
0.24679
0.203925
0.166757
0.163927
0.156762
0.134043
0.144176
0.0734883
1.3737
0.566439
0.669605
0.205013
0.345727
0.139002
0.315773
0.215061
0.148297
0.125301
0.197999
0.148513
1.13876
0.61612
0.491499
0.322395
0.309546
0.204353
0.226353
0.204625
0.142788
0.169578
0.113968
0.0957473
1.09761
0.578316
0.412105
0.315605
0.237407
0.194553
0.187457
0.127277
0.148374
0.102801
0.105915
0.0693366
1.12992
0.631984
0.440938
0.247669
0.298754
0.153976
0.200968
0.170844
0.168185
0.170698
0.119107
0.0875967
1.38093
0.609401
0.706163
0.106427
0.367551
0.155679
0.217217
0.219193
0.204419
0.0977432
0.181063
0.143381
1.1345
0.574554
0.484126
0.222876
0.286382
0.210024
0.233506
0.227419
0.174309
0.15555
0.170977
0.0933484
1.07578
0.574981
0.415983
0.262233
0.244247
0.174474
0.220312
0.196506
0.157514
0.15723
0.115554
0.0762152
1.10953
0.564272
0.457097
0.291377
0.260053
0.214847
0.199682
0.15137
0.170479
0.172218
0.104338
0.0832029
1.40528
0.568476
0.755434
0.279961
0.296631
0.0584692
0.294662
0.0282724
0.167175
0.189168
0.135514
0.163613
1.22457
0.595316
0.537898
0.325126
0.248836
0.135299
0.154043
0.115409
0.166205
0.113552
0.162621
0.099879
1.1463
0.556657
0.473516
0.28234
0.163373
0.135891
0.139143
0.127431
0.0826669
0.0894032
0.143963
0.0674793
1.15162
0.541168
0.511033
0.250761
0.17567
0.0512697
0.192982
0.0397416
0.0756901
0.0514909
0.114196
0.0671402
1.24465
0.632059
0.550145
0.251256
0.125119
0.0357513
0.267977
-0.0306729
0.0730266
0.0326061
0.0843273
0.0554859
1.28221
0.38432
0.601789
0.335778
0.164835
-0.0920843
0.276495
0.0302936
0.0897114
-0.150866
0.09788
0.137856
1.30328
0.418068
0.572803
0.353118
0.194514
-0.128684
0.269534
0.0638037
0.0662637
-0.168329
0.128394
0.145015
1.2352
0.29709
0.431086
0.44078
0.263311
-0.142064
0.194686
0.0744578
0.0219379
-0.116372
0.1419
0.131704
1.12186
0.264754
0.430517
0.454282
0.205553
-0.0920117
0.192607
0.104457
0.0264717
-0.115308
0.118436
0.101306
1.20436
0.232888
0.44748
0.428786
0.261016
-0.164111
0.188892
0.112971
0.0189358
-0.0562154
0.107103
0.127551
1.24622
0.118421
0.452768
0.441906
0.347936
-0.195841
0.219341
0.112535
0.108803
0.0509996
0.162679
0.170724
1.05619
0.31362
0.45787
0.385135
0.254778
-0.0732298
0.184926
0.133813
0.131895
0.0204393
0.128926
0.11385
1.06221
0.30942
0.475454
0.335545
0.257209
-0.043406
0.17202
0.0846516
0.149915
0.0927325
0.127557
0.0983308
