1.16345
0.623377
0.431437
0.149452
0.0286458
0.0636003
0.0639109
-0.0231717
0.0801267
0.0282208
0.0716628
0.0821411
1.63319
0.60098
0.570932
0.0420606
0.0317929
0.029896
0.162931
-0.132573
0.079362
0.102535
0.0190134
0.113435
1.4048
0.58836
0.423671
0.153301
0.0962116
0.0889224
0.0455687
0.014216
0.0583656
0.0751028
0.100228
0.0957327
1.32547
0.578351
0.350485
0.14625
0.0305719
0.0386928
0.100167
0.0187642
0.0257462
0.0804619
0.0239739
0.0717421
1.25149
0.596625
0.341249
0.191986
0.138215
0.127731
0.0817626
0.0800806
0.112537
0.0902892
0.0562612
0.0634139
1.60116
0.666836
0.416523
0.0665912
0.117815
0.136737
0.110297
0.0140908
0.0797752
0.164516
0.0597675
0.0810356
1.58965
0.628973
0.383277
0.119399
0.120067
0.131447
0.109478
0.0412855
0.0632027
0.119345
0.0954623
0.0879737
1.39121
0.59942
0.260444
0.103869
0.099108
0.146713
0.0554097
0.0134667
0.160231
0.139247
0.10722
0.088426
1.3525
0.52032
0.278189
0.122879
0.0668204
0.0975421
0.0804074
0.0172449
0.13343
0.138157
0.0381245
0.0544409
1.827
0.36971
0.123141
-0.0304027
0.0914571
0.196171
0.0136822
-0.122352
0.195366
0.206846
0.0289912
0.00265923
1.99998
0.279646
0.169461
-0.0852007
0.125854
0.203152
0.0419996
-0.178488
0.266352
0.25591
0.0122148
-0.00741075
1.59009
0.395527
0.0914936
0.0351885
0.111564
0.212148
0.0235369
-0.0895374
0.192518
0.274126
0.0187836
-0.0416084
1.64872
0.31954
0.0819042
-0.0099105
0.102563
0.143918
0.0581956
-0.178634
0.205905
0.258406
0.0114264
-0.0551871
1.73528
0.328324
0.242185
-0.00348516
0.0873785
0.216649
0.0561056
-0.102154
0.105586
0.272855
0.0796903
0.0174442
1.51878
0.445402
0.219525
0.0615759
0.063874
0.112376
0.0766283
-0.0159965
0.136689
0.201438
0.110865
0.0702268
1.88372
0.363217
0.377413
-0.0881004
0.0371979
0.122016
0.103548
-0.050284
0.144052
0.177504
0.0429658
0.0768343
1.59234
0.521647
0.252513
-0.0360073
0.0468058
0.13167
0.0475691
0.0208718
0.1791
0.213629
0.0608322
0.055478
1.83154
0.404515
0.237189
0.0068662
0.0555341
0.102796
0.0305485
0.0123258
0.262332
0.183406
0.0482709
0.0295931
1.55552
0.449476
0.107478
0.0174375
0.0786402
0.107174
0.0980385
0.122957
0.201522
0.0892005
0.0147385
0.00124605
2.22177
0.0633852
0.0931029
-0.129694
0.207356
0.230269
0.0891335
0.0605591
0.348086
0.15643
-0.000790044
0.0429088
1.85983
0.317436
0.0443653
0.0497982
0.158096
0.232072
0.0854256
0.14501
0.240061
0.12098
0.0417946
0.00216996
1.98408
0.255407
0.0842364
0.0866684
0.265018
0.288429
0.189619
0.157865
0.297142
0.13991
0.0451694
0.00926131
1.73754
0.474609
0.151136
0.182444
0.249511
0.262446
0.138234
0.0944301
0.22852
0.174778
0.0847746
0.0192611
1.41072
0.573618
0.256971
0.203222
0.18034
0.169395
0.165703
0.172862
0.18846
0.155885
0.0956958
0.0475957
1.46061
0.590077
0.283569
0.173408
0.175409
0.174734
0.154297
0.156361
0.179786
0.186162
0.120442
0.0610221
1.68699
0.582982
0.353833
0.185537
0.101548
0.177401
0.23733
0.207308
0.124074
0.142428
0.152297
0.0842677
1.50012
0.637299
0.361358
0.197839
0.089469
0.166223
0.233428
0.225867
0.183894
0.122598
0.0586955
0.0251996
1.31792
0.602668
0.318626
0.169712
0.136075
0.192908
0.207483
0.159894
0.150044
0.108703
0.0418275
0.0200281
1.53732
0.640521
0.317897
0.200637
0.185502
0.238324
0.283719
0.208753
0.0971347
0.0153508
0.0367484
0.0323847
1.48319
0.630457
0.289655
0.167803
0.194083
0.247779
0.266337
0.178496
0.122286
0.0883838
0.0483364
0.0408153
1.39827
0.617016
0.31158
0.222421
0.188316
0.242086
0.284304
0.182687
0.0720619
0.0489324
0.0987255
0.0628256
1.50729
0.66315
0.380566
0.296418
0.266155
0.30291
0.275869
0.169845
0.0740998
0.0538403
0.0712427
0.0691529
2.31373
0.265865
0.423637
0.379033
0.221842
0.16575
0.562603
0.17315
-0.0245491
0.0675336
0.124662
0.0784645
1.58491
0.504029
0.386892
0.377132
0.16335
0.216299
0.457714
0.263205
-0.0752976
-0.0155344
0.168225
0.0998164
1.22604
0.526515
0.38518
0.311757
0.160473
0.211887
0.332034
0.205435
-0.0224032
0.00565441
0.170885
0.0644497
1.34218
0.3882
0.311122
0.399855
0.224144
0.181262
0.339897
0.197398
-0.0745697
-0.0134991
0.172127
0.109404
2.47062
-0.185568
0.397518
0.605669
0.218636
0.0536676
0.602799
0.167954
-0.101795
-0.0153814
0.140446
0.158867
1.99335
0.122398
0.31368
0.552817
0.177221
0.165036
0.486369
0.164892
-0.0552521
-0.0135395
0.182067
0.116958
1.58759
0.396082
0.397527
0.485046
0.166261
0.0603556
0.220951
0.0695055
-0.128035
-0.0461552
0.121211
0.0627424
1.36414
0.480611
0.376698
0.364808
0.14784
0.0412909
0.118465
0.0664659
-0.077822
-0.0536769
0.0983716
0.0640194
2.09456
0.336093
0.495732
0.419892
0.0588631
-0.0558656
0.0620285
0.0611
-0.132461
-0.187759
0.0019277
0.0633638
1.71931
0.513646
0.441844
0.332187
0.079832
-0.0168801
-0.0019565
-0.00453617
-0.146301
-0.20699
0.0119071
0.0368473
2.25809
0.236055
0.697996
0.195398
0.0739417
0.0216051
-0.0511884
0.0340558
-0.0960327
-0.289387
-0.0722195
0.0615616
1.65991
0.554346
0.431364
0.264424
0.0530393
0.0188471
-0.0143198
-0.0717721
-0.143245
-0.252739
-0.0405177
-0.0177604
1.61528
0.556943
0.462101
0.246905
0.0604972
0.0685723
-0.020503
-0.0737367
-0.103711
-0.207509
-0.0591684
-0.0251497
1.74118
0.532953
0.449276
0.260498
0.0464231
0.0169742
-0.00711793
-0.0549352
-0.12787
-0.212617
-0.0733378
-0.0344955
2.27639
0.320069
0.522052
0.21471
0.129997
-0.0496434
-0.0246456
-0.077053
-0.184303
-0.233963
-0.102156
-0.00351097
1.8562
0.504401
0.391918
0.278734
0.0458508
-0.0254003
-0.0487571
-0.113494
-0.188939
-0.210105
-0.0648549
-0.0362428
1.56112
0.572792
0.32566
0.241761
0.130319
-0.060947
-0.169809
-0.160374
-0.203342
-0.193285
-0.0668153
-0.0770457
1.6346
0.603889
0.323191
0.213891
0.0592638
-0.0350735
-0.0553261
-0.12232
-0.202469
-0.177734
-0.078129
-0.0684598
2.16427
0.410069
0.356428
0.178511
0.122033
-0.105108
-0.041711
-0.116991
-0.275249
-0.114347
-0.0584243
-0.0824177
1.81953
0.509427
0.282826
0.202709
0.0776059
-0.0861318
-0.0469889
-0.114065
-0.240602
-0.13646
-0.0829179
-0.0741437
1.65436
0.588223
0.234188
0.126169
0.0843013
-0.118484
-0.0707754
-0.108384
-0.204097
-0.0913437
-0.101474
-0.080732
1.65638
0.58423
0.178239
0.0981147
0.134686
-0.145932
-0.0476244
-0.0717374
-0.219089
-0.115976
-0.126839
-0.0759001
1.8043
0.531011
0.334806
0.0366184
0.0499802
-0.0866531
0.00701566
-0.0262605
-0.204348
-0.00476284
-0.093756
-0.105479
1.69614
0.56014
0.329979
0.0140326
0.0909735
-0.167461
0.0277793
0.0539243
-0.188067
0.0123719
-0.122516
-0.104715
1.81813
0.444944
0.319776
-0.00136034
0.150405
-0.178067
0.079616
0.083996
-0.217113
-0.0210263
-0.114028
-0.0973168
1.83648
0.414648
0.326555
-0.0302125
0.155551
-0.179394
0.0761196
0.123745
-0.194324
0.0187438
-0.0839205
-0.0954784
1.6679
0.403053
0.36775
-0.034902
0.15772
-0.139035
0.1174
0.113562
-0.177957
-0.0421795
-0.0950119
-0.0738537
1.76905
0.226221
0.432213
-0.102304
0.245805
-0.124357
0.172441
0.176753
-0.177647
-0.07924
-0.117395
-0.0361514
1.75921
0.183864
0.492161
-0.131306
0.289737
-0.128675
0.175843
0.233964
-0.177022
-0.0924216
-0.124997
-0.0194596
1.6498
0.15756
0.453816
-0.0920132
0.2929
-0.0591693
0.172897
0.264226
-0.179698
-0.101463
-0.128206
-0.0769642
1.3876
0.344858
0.316086
0.0207338
0.215351
0.0114869
0.14717
0.268418
-0.118846
-0.0509922
-0.103952
-0.057402
1.57127
0.169263
0.433137
-0.0747217
0.373204
-0.0139537
0.210359
0.298118
-0.153284
-0.0689224
-0.129202
-0.0407012
1.71017
0.0274112
0.532988
-0.186979
0.385102
0.0124053
0.248202
0.303002
-0.139655
-0.0514215
-0.153163
-0.00203695
1.59933
0.108439
0.462192
-0.161783
0.368978
0.00817349
0.296046
0.292694
-0.12124
-0.0344361
-0.147287
0.00221466
1.2985
0.326396
0.139388
-0.0335553
0.277546
0.0707988
0.263163
0.218785
-0.119447
-0.0347744
-0.120961
0.00201725
1.57061
0.15733
0.312404
-0.15538
0.349884
0.0879058
0.29094
0.256869
-0.0827308
-0.0359292
-0.0847948
0.0129201
1.77942
-0.00738296
0.465925
-0.278769
0.393679
0.0586594
0.344183
0.33172
-0.0594272
0.0206944
-0.124349
0.0859086
1.67134
0.107345
0.358299
-0.175391
0.358392
0.122986
0.336076
0.290501
-0.0736171
-0.00893417
-0.0894178
0.00441362
1.39438
0.314603
0.190971
-0.0253798
0.237342
0.228901
0.288781
0.266429
-0.00852728
0.00741553
-0.0729511
-0.0175636
1.55917
0.263756
0.244994
-0.0775304
0.349028
0.13069
0.276421
0.330439
0.00572368
0.00192195
-0.0926821
-0.0286017
1.93855
0.170992
0.377326
-0.210208
0.488437
0.134181
0.23492
0.295318
-0.0165789
0.00559358
-0.160624
-0.035248
1.72152
0.420814
0.253422
-0.0900297
0.416525
0.149297
0.231351
0.302231
0.00943034
-0.00486815
-0.132103
-0.0637542
1.54091
0.51723
0.200081
0.00503721
0.313067
0.22528
0.143095
0.206864
0.0686215
-0.0586984
-0.139102
-0.0639841
1.40739
0.521582
0.270662
0.117931
0.150176
0.17285
0.217475
0.197844
0.040523
-0.0560719
-0.133463
-0.0283416
1.9303
0.339675
0.468754
0.0136149
0.360796
0.0705727
0.308918
0.310731
-0.0184768
-0.0454867
-0.100312
-0.00316842
1.59747
0.570734
0.325652
0.164203
0.254473
0.151659
0.309364
0.232229
-0.0534354
-0.0635551
-0.0884029
-0.0104094
1.48846
0.60157
0.300906
0.171995
0.313121
0.21697
0.368857
0.172201
-0.0791569
-0.0121869
-0.0978769
0.0169094
1.2483
0.552126
0.312881
0.185135
0.177492
0.231194
0.206847
0.0819225
-0.0114776
-0.0246201
-0.0060195
0.0349874
1.92677
0.57781
0.275568
0.159863
0.367601
0.125786
0.459189
0.208383
-0.212473
0.0450567
-0.0623831
0.0313217
1.65382
0.606636
0.327155
0.158074
0.309663
0.149041
0.378283
0.246871
-0.112331
0.0207251
-0.0730502
0.00781968
1.69841
0.626697
0.364112
0.213864
0.314232
0.136073
0.335126
0.269579
-0.106158
-0.0207782
-0.0265396
0.0244154
1.41621
0.572318
0.373692
0.217231
0.202391
0.20532
0.263213
0.217361
-0.000685686
0.00737163
-0.0154024
0.0108614
1.43376
0.555548
0.329321
0.295931
0.24519
0.191564
0.29559
0.166226
-0.00575711
0.0157665
0.034787
0.0490178
1.61139
0.592815
0.389429
0.346267
0.240611
0.149478
0.3021
0.171216
-0.0474481
0.0389487
0.0473806
0.0420725
1.68694
0.531695
0.413085
0.35563
0.263706
0.181139
0.32472
0.220379
-0.153314
0.0339855
0.0557205
0.0354283
1.59029
0.652687
0.472851
0.350586
0.153137
0.204738
0.357294
0.125121
-0.138822
-0.0369936
0.105044
0.0390227
1.4108
0.665274
0.426515
0.3026
0.149833
0.173814
0.306328
0.107015
-0.0811343
0.0139881
0.0824986
0.0345187
1.36662
0.538713
0.391643
0.356446
0.194396
0.189359
0.281902
0.0836123
-0.0814731
0.0186567
0.115383
0.0584271
1.23425
0.548105
0.416614
0.315298
0.146123
0.148415
0.264715
0.132695
-0.0304526
0.0616119
0.121346
0.0509175
1.47901
0.444277
0.506203
0.48918
0.157045
0.164196
0.410983
0.183109
-0.0849151
0.128227
0.139025
0.025023
1.67492
0.491338
0.498386
0.501371
0.0665608
0.117815
0.46941
0.191639
-0.0685752
0.12111
0.167891
0.00849569
1.21699
0.488194
0.508297
0.456701
0.150279
0.161399
0.338074
0.164691
-0.00980023
0.121054
0.167103
0.053612
1.073
0.500678
0.429112
0.328619
0.147176
0.149894
0.253151
0.140996
0.0214388
0.130831
0.179295
0.0550858
1.13022
0.4897
0.449545
0.395754
0.199561
0.183698
0.280686
0.141352
0.0159689
0.136456
0.169282
0.0638362
1.61154
0.369364
0.552484
0.542264
0.150576
0.170496
0.511332
0.239823
-0.0107037
0.210674
0.195941
0.0275722
1.31821
0.500091
0.533225
0.443964
0.161693
0.287433
0.469276
0.210449
-0.0241456
0.147624
0.174735
0.0595083
1.13265
0.515539
0.426664
0.363264
0.199056
0.195842
0.305062
0.222552
0.0943315
0.144535
0.160169
0.0795061
1.0798
0.537953
0.38746
0.313102
0.241806
0.21363
0.221088
0.166094
0.120038
0.124198
0.127251
0.0717272
1.20782
0.578299
0.429775
0.33549
0.24475
0.263667
0.305716
0.207857
0.0973321
0.146943
0.197904
0.105208
1.26085
0.648686
0.561578
0.365033
0.185884
0.266204
0.371105
0.193866
0.061797
0.186006
0.202643
0.0930438
1.16787
0.587222
0.404822
0.322174
0.232492
0.216145
0.24566
0.220504
0.155859
0.142413
0.16103
0.0925699
1.09407
0.574899
0.402501
0.292161
0.227932
0.190694
0.174605
0.158923
0.150889
0.146487
0.139077
0.0716773
1.13184
0.549433
0.432944
0.359471
0.242156
0.213882
0.229497
0.196157
0.14751
0.137361
0.159074
0.0828202
1.15453
0.574901
0.398281
0.289
0.217226
0.227454
0.216947
0.153538
0.11517
0.118942
0.11016
0.0602595
1.16694
0.565939
0.396387
0.298498
0.196349
0.177068
0.220356
0.197542
0.123494
0.131803
0.140456
0.062212
1.4257
0.628822
0.461491
0.318517
0.147441
0.194922
0.374194
0.226457
0.0576357
0.124708
0.185758
0.083311
1.46841
0.68483
0.46749
0.280792
0.164438
0.175258
0.369757
0.237603
0.0834758
0.149789
0.172218
0.091248
1.10537
0.548179
0.371854
0.305998
0.249582
0.259612
0.254575
0.208834
0.159296
0.120812
0.128687
0.0795628
1.12176
0.567868
0.38709
0.285467
0.233598
0.224373
0.237666
0.178232
0.144455
0.159092
0.151777
0.0776721
1.23262
0.593676
0.390936
0.301345
0.27376
0.2379
0.240638
0.212278
0.159624
0.145116
0.16572
0.0996728
1.74452
0.704025
0.408383
0.33741
0.246662
0.217331
0.374475
0.187402
0.118146
0.102893
0.169897
0.134654
1.35427
0.628719
0.396922
0.36538
0.305923
0.275009
0.262046
0.178446
0.138454
0.102012
0.186251
0.11613
1.09663
0.562323
0.372833
0.286585
0.243097
0.218886
0.211857
0.175999
0.130869
0.110915
0.123326
0.0664474
1.11093
0.572318
0.405608
0.309351
0.235234
0.209857
0.191659
0.172792
0.148107
0.114437
0.128497
0.0687649
1.57369
0.652982
0.427178
0.328747
0.304258
0.260163
0.278555
0.231907
0.217679
0.0769939
0.112466
0.100521
1.67393
0.660307
0.47667
0.271105
0.336784
0.28178
0.256506
0.10894
0.208818
0.116643
0.128285
0.119832
1.11325
0.534768
0.397157
0.305746
0.226322
0.194672
0.170439
0.139885
0.131315
0.145045
0.123266
0.0651933
1.09201
0.559075
0.390054
0.269935
0.210664
0.162402
0.148816
0.159209
0.139864
0.121744
0.123581
0.0567219
1.56109
0.496166
0.413948
0.329644
0.224668
0.153272
0.301826
0.0641493
0.113755
0.142624
0.1921
0.11015
1.48015
0.469578
0.370232
0.299715
0.28232
0.190137
0.17755
0.0914602
0.154124
0.178657
0.196206
0.101385
1.26525
0.525601
0.385427
0.29466
0.255836
0.285828
0.204776
0.118342
0.144423
0.172848
0.14954
0.0876303
1.14123
0.538803
0.370367
0.296923
0.277011
0.239187
0.180218
0.132652
0.134003
0.137462
0.14205
0.0772595
1.19151
0.586998
0.381321
0.289374
0.292643
0.254646
0.174396
0.164507
0.165517
0.185762
0.182447
0.0976107
1.33388
0.604914
0.43742
0.333298
0.308913
0.292258
0.238505
0.167141
0.167936
0.171009
0.151184
0.111658
1.27901
0.656479
0.445274
0.324066
0.303208
0.270004
0.224324
0.18144
0.174172
0.186569
0.177838
0.120138
1.13002
0.60893
0.44889
0.330098
0.280559
0.236503
0.201898
0.169637
0.17271
0.172796
0.156803
0.0977506
1.08655
0.567287
0.426926
0.322134
0.269772
0.242994
0.216069
0.179684
0.178153
0.165047
0.133923
0.0905926
1.07791
0.570005
0.430596
0.320639
0.302487
0.254818
0.221174
0.211705
0.181406
0.171133
0.144355
0.0984616
1.38661
0.649049
0.607994
0.322119
0.265401
0.233571
0.240342
0.164589
0.170339
0.202516
0.197958
0.135914
1.18089
0.605373
0.444917
0.305296
0.238563
0.257183
0.212834
0.164548
0.18486
0.188166
0.190999
0.106859
1.11131
0.586318
0.396996
0.297576
0.256498
0.19838
0.182549
0.164635
0.14098
0.145564
0.16304
0.0818594
1.08806
0.559729
0.39709
0.300246
0.232698
0.188379
0.18855
0.155477
0.178147
0.171984
0.166012
0.0802175
1.32529
0.606458
0.456198
0.330759
0.238533
0.189912
0.261234
0.159252
0.22811
0.16232
0.206024
0.125883
1.17705
0.585927
0.434742
0.352403
0.296407
0.220835
0.262367
0.194214
0.201468
0.142557
0.108007
0.0998606
1.13125
0.564461
0.469786
0.330925
0.251924
0.201749
0.209112
0.180495
0.191856
0.194022
0.131209
0.0964336
1.11722
0.61622
0.488043
0.346142
0.264225
0.218681
0.188569
0.139607
0.176252
0.167969
0.106032
0.0915861
1.22031
0.635788
0.517324
0.41061
0.282023
0.146957
0.19062
0.116037
0.179486
0.215186
0.192934
0.119544
1.15108
0.595441
0.453063
0.342638
0.221681
0.2134
0.22778
0.148178
0.165935
0.166884
0.184139
0.0956712
1.18943
0.638713
0.470921
0.379327
0.281556
0.183083
0.171427
0.128087
0.14855
0.107921
0.148074
0.0854062
1.1845
0.662174
0.485266
0.329594
0.252187
0.184595
0.206894
0.121179
0.117875
0.115158
0.145384
0.0811756
1.18087
0.60335
0.451774
0.324319
0.240974
0.208219
0.204779
0.121345
0.115303
0.13014
0.112617
0.0739207
1.11618
0.591103
0.424916
0.320289
0.244612
0.169167
0.169906
0.109605
0.0899699
0.136854
0.0965868
0.0649841
1.08449
0.550889
0.397417
0.297326
0.221181
0.168824
0.188999
0.130633
0.130709
0.118542
0.107427
0.0684752
1.1769
0.616853
0.485572
0.362874
0.271703
0.217412
0.189526
0.167451
0.152564
0.156939
0.171651
0.101631
1.16121
0.59338
0.444002
0.335231
0.265303
0.263271
0.22728
0.1364
0.159771
0.155689
0.181947
0.101681
1.09399
0.571873
0.437275
0.332125
0.239388
0.230093
0.246578
0.115031
0.117759
0.159712
0.133782
0.0788182
1.12116
0.561861
0.376788
0.274388
0.222998
0.173295
0.139928
0.151386
0.121205
0.109256
0.0984922
0.0611219
1.14417
0.582223
0.462481
0.269812
0.185774
0.17438
0.165749
0.120508
0.0832486
0.127291
0.100247
0.067409
1.17804
0.687528
0.514292
0.314633
0.19501
0.103595
0.162261
0.0984311
0.102285
0.109734
0.108124
0.0801373
1.29543
0.609614
0.523179
0.217903
0.211568
0.156715
0.196956
0.098843
0.150562
0.0687194
0.104901
0.0882211
1.30469
0.611008
0.513896
0.209392
0.226939
0.0988547
0.102855
0.111241
0.13658
0.111976
0.13723
0.0993391
1.43816
0.591389
0.631896
0.0224442
0.299418
0.0904643
0.166703
0.008704
0.224614
0.112387
0.0700976
0.167519
1.12608
0.582712
0.349722
0.148652
0.137807
0.115337
0.10821
0.0835213
0.0987421
0.102917
0.092985
0.06452
1.39343
0.488303
0.493628
0.0697556
0.198813
0.110065
0.0893382
0.044666
0.210554
0.115125
0.0856658
0.0979264
1.37046
0.533887
0.527908
0.0666882
0.288075
0.17464
0.123749
0.0737437
0.210411
0.106544
0.153445
0.124881
1.42242
0.556767
0.536866
0.109599
0.24962
0.19645
0.193693
0.0970094
0.193738
0.0552937
0.228099
0.161891
1.38448
0.61862
0.535414
0.140357
0.2054
0.163297
0.16933
0.063827
0.15491
0.103332
0.208992
0.137233
1.31939
0.621502
0.467767
0.187655
0.229074
0.178957
0.132899
0.0448895
0.124897
0.111443
0.169583
0.108551
1.42721
0.576209
0.484438
0.195374
0.199687
0.146164
0.108755
0.0306313
0.146852
0.121398
0.15505
0.115143
1.39168
0.568637
0.503261
0.138001
0.184586
0.0877218
0.0913944
0.0220931
0.130323
0.0735614
0.101855
0.0974945
1.58308
0.490158
0.553435
0.0799886
0.219094
0.16625
0.187811
0.000809137
0.0736479
0.0704627
0.0403585
0.0868886
1.27443
0.536217
0.400011
0.174054
0.198375
0.164131
0.171377
0.105757
0.00208895
-0.0160892
0.0103854
0.0318143
1.29184
0.617523
0.384939
0.271773
0.253719
0.219701
0.20218
0.0648015
-0.00516471
0.0127747
0.0797533
0.0534702
1.27302
0.607639
0.432835
0.236567
0.21804
0.264935
0.179192
0.0944506
0.0816189
-0.00947202
0.03645
0.0490261
1.52035
0.664711
0.546823
0.246646
0.339757
0.30218
0.252376
0.187232
0.0494726
-0.117041
0.141287
0.0892834
1.34366
0.687719
0.606892
0.328135
0.287293
0.26103
0.259719
0.146408
0.139988
0.0367284
0.0939128
0.0742451
1.35371
0.640835
0.495717
0.279759
0.325434
0.306918
0.188983
0.261481
0.161409
0.0658879
0.117838
0.08937
