1.05291
0.554022
0.431443
0.162968
0.192634
0.155972
0.217642
0.0213063
0.134174
0.108513
0.114899
0.0668091
1.21977
0.550854
0.563328
0.156936
0.336344
0.114925
0.254575
-0.0284546
0.0956599
0.125073
0.106909
0.112346
1.13355
0.603102
0.418809
0.187065
0.27734
0.111472
0.198455
0.0235622
0.106676
0.122981
0.0730003
0.0786316
1.12772
0.554243
0.543287
0.172299
0.212651
0.114498
0.194042
0.00649292
0.0776249
0.0692773
0.0973901
0.0794115
1.14132
0.485019
0.394546
0.247241
0.179533
0.122215
0.11638
0.0868687
0.155066
0.127587
0.107051
0.0799691
1.10136
0.535176
0.420567
0.223576
0.23636
0.0934502
0.163579
0.0954395
0.129334
0.108688
0.141112
0.0868439
1.13604
0.490194
0.446593
0.215472
0.202746
0.193961
0.147462
0.0192174
0.0769498
0.0890467
0.121543
0.0816466
1.06628
0.480372
0.392026
0.238714
0.191519
0.185826
0.148551
0.123336
0.120537
0.0858541
0.0798939
0.0686554
1.14094
0.532348
0.448238
0.216519
0.242175
0.246508
0.179443
0.133917
0.136769
0.0926838
0.0954271
0.0828624
1.13435
0.56475
0.479659
0.241678
0.260391
0.226272
0.160672
0.0537027
0.127499
0.146717
0.149421
0.0943076
1.12545
0.511338
0.441002
0.252033
0.306671
0.22024
0.174139
0.137526
0.120296
0.0767476
0.158315
0.0905314
1.08003
0.501714
0.380341
0.248945
0.167782
0.173446
0.202662
0.109548
0.137143
0.108002
0.0772626
0.0722274
1.15033
0.538684
0.358819
0.220236
0.242932
0.193413
0.179881
0.146946
0.120244
0.123503
0.0864097
0.0772389
1.15746
0.601585
0.409364
0.256967
0.269296
0.181137
0.209367
0.123287
0.113618
0.0720474
0.0946892
0.0792578
1.09836
0.597845
0.403398
0.315687
0.274172
0.210306
0.195428
0.167234
0.140464
0.117997
0.0988457
0.0676123
1.14216
0.62515
0.429377
0.343896
0.276974
0.222643
0.199595
0.17323
0.136607
0.0566921
0.01873
0.0484605
1.29471
0.74593
0.543203
0.412471
0.345409
0.294575
0.280283
0.182992
0.142231
0.0876761
0.0646522
0.0722645
1.32247
0.733525
0.520456
0.417474
0.362722
0.291073
0.232452
0.21203
0.136296
0.0579307
0.0523457
0.0599846
1.32455
0.732488
0.476349
0.373459
0.330212
0.321223
0.251404
0.170739
0.0860064
0.0343572
0.0467281
0.0522124
1.34673
0.621867
0.459969
0.414617
0.37439
0.347204
0.291219
0.150579
0.0551858
0.0201216
0.067495
0.0721941
1.75214
0.404407
0.490072
0.610182
0.299633
0.311478
0.473159
0.201177
-0.0755395
-0.0860287
0.17062
0.138603
1.21678
0.516175
0.410573
0.396622
0.269427
0.223114
0.295545
0.186112
-0.0114961
-0.000481637
0.142967
0.0789026
1.30425
0.502188
0.406201
0.41359
0.274699
0.240056
0.303011
0.170084
-0.0375449
-0.0212615
0.146796
0.0881254
1.62529
0.376886
0.447295
0.523717
0.30688
0.299985
0.427815
0.210691
-0.0819241
-0.122293
0.143493
0.145445
2.11265
0.28968
0.417435
0.557095
0.282762
0.179688
0.493237
0.176544
-0.0818412
-0.148388
0.151413
0.205877
1.33131
0.525782
0.380958
0.387336
0.26586
0.237961
0.30976
0.208217
-0.0210283
-0.0329655
0.134802
0.0893859
1.18476
0.469067
0.326432
0.342587
0.262491
0.188775
0.204395
0.158642
0.0379022
0.00860679
0.0977373
0.0678887
1.76437
0.611939
0.478001
0.462902
0.156745
0.0190983
0.179198
0.0368865
-0.206085
-0.130278
0.0961562
0.0548248
2.40184
0.340207
0.514434
0.491646
0.120948
-0.0346208
0.159684
0.0210478
-0.25581
-0.187018
0.0648943
0.0725094
2.03697
0.486485
0.534199
0.38039
0.130238
-0.0242344
0.0614406
0.0583794
-0.24093
-0.19054
0.0291992
0.0305411
1.516
0.626807
0.389891
0.302051
0.13143
-0.00676379
0.0070567
-0.00395928
-0.151221
-0.204662
-0.0384614
-0.0255398
1.50599
0.656435
0.435202
0.297674
0.141274
0.0075996
0.0102711
-0.0194709
-0.150817
-0.151552
-0.0409609
-0.0342
1.89007
0.760997
0.388916
0.170589
0.178466
0.0591935
0.0096721
-0.10431
-0.150815
-0.135342
-0.0777863
-0.0446162
1.72521
0.674606
0.40924
0.209169
0.0821166
0.0640476
0.0216747
-0.102551
-0.161492
-0.131275
-0.0823417
-0.0577149
1.64593
0.672326
0.411778
0.210246
0.0553979
0.0267039
0.01383
-0.0936399
-0.141318
-0.108333
-0.0874
-0.0648927
1.60008
0.625804
0.303428
0.186673
0.0833709
0.0225071
-0.0325472
-0.104949
-0.1672
-0.157761
-0.0909167
-0.0679887
1.46956
0.647019
0.375898
0.198985
0.109107
0.0748379
-0.0124255
-0.119123
-0.149725
-0.118941
-0.0791434
-0.0595189
1.68571
0.609129
0.369431
0.213574
0.0409453
0.0555237
0.0446426
-0.129374
-0.206794
-0.161646
-0.0655981
-0.0596205
1.76353
0.56737
0.341269
0.191379
0.0847323
0.0401037
-0.00234089
-0.0963167
-0.258007
-0.171409
-0.0586718
-0.0494756
1.67168
0.567447
0.284225
0.155227
0.0580285
0.0177061
0.0256017
-0.1003
-0.203265
-0.123543
-0.0876399
-0.071058
1.48174
0.528439
0.278063
0.176017
0.0955868
-0.00454251
-0.0109855
-0.126225
-0.217501
-0.105563
-0.084434
-0.0797063
1.76925
0.594395
0.193626
0.152323
0.00952182
-0.0668535
0.0800283
-0.0657797
-0.185363
-0.0285401
-0.0826334
-0.0772897
1.80456
0.529847
0.198433
0.113264
0.137398
-0.107197
0.0270448
-0.0398374
-0.217248
0.00171501
-0.0923885
-0.0779188
1.85217
0.449512
0.192696
0.129136
0.19693
-0.0929783
0.103359
0.000588008
-0.285684
-0.0192267
-0.0950926
-0.0762127
1.85676
0.445361
0.205563
0.115282
0.254228
-0.117896
0.12699
0.0311796
-0.275185
0.00481562
-0.10579
-0.0629144
1.64938
0.485153
0.201102
0.0989117
0.241612
-0.018061
0.162149
-0.00429567
-0.236392
-0.0334315
-0.132235
-0.051646
2.12471
0.188507
0.264378
-0.00950566
0.394117
-0.085205
0.273349
0.0954156
-0.329976
0.0186965
-0.107948
-0.0491889
2.0273
0.210711
0.294323
-0.0637938
0.361658
-0.0393601
0.29166
0.0913067
-0.28303
0.067833
-0.0901422
-0.040852
1.90603
0.237419
0.230739
-0.0593395
0.321466
0.00778425
0.319439
0.0926088
-0.259309
0.0603487
-0.100464
-0.0590398
1.89212
0.185758
0.304344
-0.0978759
0.329209
0.0215699
0.328765
0.0652834
-0.159368
0.0783647
-0.0886372
0.0189748
1.82718
0.164387
0.387754
-0.210184
0.380358
0.0576571
0.33133
0.117141
-0.143706
0.0845884
-0.136987
0.0372871
1.90162
0.0733315
0.398339
-0.249748
0.396159
0.0890263
0.333401
0.136695
-0.131527
0.104745
-0.1477
0.0365336
1.52513
0.318859
0.244623
-0.151899
0.363819
0.170525
0.304558
0.147549
-0.111188
0.0760169
-0.104822
-0.00610354
1.59994
0.247692
0.261354
-0.24551
0.361417
0.139329
0.307702
0.155451
-0.0883242
0.100542
-0.115086
-0.00825956
1.7608
0.135123
0.333551
-0.317896
0.458094
0.211231
0.326762
0.153179
-0.118405
0.112297
-0.0974874
0.0423941
1.66634
0.132928
0.315444
-0.326286
0.491166
0.246118
0.32876
0.165378
-0.0664047
0.13038
-0.10459
0.0413838
1.52911
0.242741
0.179827
-0.195365
0.400571
0.293374
0.305807
0.150291
-0.0934265
0.117873
-0.0766582
-0.0121773
1.5575
0.19648
0.257402
-0.211263
0.408552
0.368898
0.225142
0.163746
-0.0137522
0.0849202
-0.0324231
-0.0169896
1.74745
0.0568386
0.326039
-0.32519
0.522785
0.290789
0.29272
0.172722
0.0312917
0.153427
-0.110482
0.0306226
1.72233
0.121741
0.321885
-0.228641
0.495462
0.295282
0.266063
0.161149
0.0245745
0.110659
-0.110819
-0.0112814
1.42543
0.357872
0.216885
-0.0671911
0.356884
0.322319
0.22317
0.168988
0.0719616
0.0810937
-0.0607239
-0.00670101
1.42595
0.411663
0.204924
-0.0384863
0.328039
0.274356
0.25476
0.149256
0.0449823
0.0562539
-0.0917517
-0.00187869
1.87901
0.147714
0.483762
-0.193526
0.516223
0.178059
0.283186
0.252539
-0.0530449
0.0752562
-0.0942195
0.0391099
1.59794
0.369686
0.344077
-0.0202319
0.40778
0.181097
0.329717
0.271712
-0.106477
0.0838812
-0.00331123
0.0224561
1.32092
0.516673
0.321324
0.118611
0.279629
0.170503
0.305672
0.237404
-0.0439586
0.0449361
-0.111119
0.000169745
1.26491
0.547038
0.263087
0.175657
0.284618
0.130678
0.305389
0.250031
-0.0163188
0.0521871
0.0115076
0.056657
1.9603
0.276344
0.399473
0.0371046
0.389871
0.0813087
0.460552
0.286781
-0.129917
0.135083
0.0507575
0.0713229
1.48085
0.548637
0.218565
0.187311
0.343096
0.186708
0.337894
0.231126
0.0111058
0.0355821
0.0178266
0.077399
1.31841
0.509752
0.274111
0.224195
0.304036
0.28512
0.327295
0.202604
0.0176494
0.0579381
0.0694212
0.0842518
1.37648
0.571094
0.275906
0.166719
0.250062
0.214557
0.251106
0.156328
-0.000463735
0.0651147
0.056308
0.0672393
2.06665
0.393091
0.352893
0.178662
0.483801
0.094229
0.39997
0.202001
-0.205216
0.172002
0.093072
0.0780471
1.34966
0.538101
0.328585
0.277219
0.301338
0.215578
0.248604
0.157033
0.0473441
0.104436
0.0375819
0.0591457
1.33009
0.515578
0.400293
0.317883
0.232269
0.212408
0.214667
0.127227
-0.00880671
0.0405482
0.0799167
0.0555247
1.33366
0.478418
0.346074
0.342562
0.255719
0.239343
0.252798
0.123305
0.00915102
0.0498152
0.0734957
0.0610564
1.64578
0.479117
0.451598
0.360113
0.216533
0.166823
0.320248
0.133522
-0.14817
0.0930004
0.0628333
0.00342322
1.36723
0.562032
0.483569
0.35619
0.213272
0.177616
0.288877
0.120591
-0.133072
-0.00250701
0.0392722
0.00876834
1.67558
0.617952
0.541542
0.297548
0.151472
0.123353
0.372271
0.12144
-0.179253
0.0715133
0.0396949
-0.0310884
1.60701
0.61267
0.620755
0.377228
0.14434
0.157781
0.348884
0.0605384
-0.205775
0.0777457
0.0888214
-0.0380778
1.39619
0.633704
0.548136
0.343
0.154168
0.190773
0.314819
0.094464
-0.162258
0.039268
0.0392385
-0.0316263
1.30587
0.551396
0.541649
0.453645
0.179545
0.135242
0.278645
0.080689
-0.124667
0.0532938
0.0985252
-0.00895656
1.77768
0.446271
0.618504
0.560052
0.200224
0.132828
0.407267
0.112689
-0.179964
0.0788317
0.148769
-0.0313478
1.49366
0.549334
0.626875
0.501105
0.141281
0.130057
0.366556
0.150626
-0.168366
0.0347348
0.148971
-0.0131718
1.46147
0.539016
0.608307
0.533072
0.178532
0.155381
0.352711
0.137362
-0.170174
0.00823283
0.170623
0.00578505
1.18947
0.529576
0.477158
0.385045
0.199925
0.181304
0.243097
0.126397
-0.0435435
0.0318437
0.119144
0.0332073
1.29945
0.542946
0.483199
0.476366
0.255776
0.137161
0.270494
0.148187
-0.065684
0.0240434
0.140465
0.0537531
1.43328
0.581429
0.543821
0.481202
0.244673
0.238759
0.378238
0.185956
-0.106559
0.0172634
0.190821
0.068823
1.76064
0.475149
0.537148
0.53577
0.33786
0.23506
0.450119
0.239342
-0.0811721
0.0758901
0.171987
0.0919925
1.15035
0.573993
0.466219
0.390561
0.28402
0.226783
0.217492
0.134373
0.0544634
0.110281
0.152719
0.0724026
1.09613
0.536267
0.384614
0.32136
0.251468
0.199113
0.209643
0.208642
0.166943
0.130551
0.133488
0.0784208
1.09678
0.544205
0.402885
0.33936
0.273366
0.243548
0.223894
0.178826
0.140682
0.145255
0.169172
0.0869193
1.17304
0.554423
0.42438
0.372647
0.263023
0.273591
0.301863
0.217168
0.122838
0.15254
0.207905
0.111991
1.16819
0.56229
0.411006
0.355273
0.283476
0.226425
0.26948
0.247464
0.169734
0.17022
0.172501
0.109041
1.08971
0.568202
0.391122
0.312655
0.256584
0.220675
0.215172
0.188014
0.147236
0.147919
0.156899
0.0832732
1.04717
0.541272
0.377543
0.294829
0.266659
0.243044
0.204654
0.175294
0.15694
0.150499
0.14314
0.0777975
1.11126
0.598653
0.447908
0.340267
0.252749
0.235133
0.232449
0.192259
0.172812
0.180492
0.165952
0.0985616
1.19221
0.606892
0.42873
0.333161
0.310671
0.28142
0.223023
0.209191
0.202107
0.17606
0.193748
0.118165
1.06852
0.557073
0.39857
0.315554
0.249964
0.204625
0.196244
0.18898
0.161093
0.150071
0.141945
0.0790198
1.09368
0.565348
0.38086
0.29201
0.248274
0.221134
0.19292
0.179843
0.156366
0.153504
0.153653
0.0784329
1.13415
0.588991
0.446045
0.332787
0.26575
0.250061
0.237087
0.187699
0.194528
0.154344
0.149753
0.0985579
1.36621
0.694212
0.560286
0.371636
0.256802
0.273925
0.28715
0.0986185
0.101914
0.158774
0.193097
0.114487
1.08007
0.576837
0.410236
0.307393
0.237099
0.216924
0.182067
0.152486
0.137736
0.129809
0.129741
0.0691144
1.08571
0.585211
0.428461
0.310062
0.239891
0.231413
0.215414
0.171218
0.151224
0.14043
0.132459
0.0764078
1.29648
0.691246
0.515583
0.417466
0.290849
0.252709
0.242035
0.202869
0.145771
0.128242
0.141021
0.101239
1.0955
0.594072
0.421773
0.31861
0.269275
0.218095
0.204003
0.177577
0.183192
0.159452
0.145915
0.0863661
1.06894
0.569857
0.410396
0.30734
0.274502
0.228435
0.200959
0.18516
0.167952
0.151226
0.153187
0.0825549
1.09772
0.591774
0.406988
0.312515
0.295317
0.247377
0.223415
0.180814
0.16198
0.162456
0.15492
0.0913141
1.15653
0.619656
0.466556
0.393404
0.342266
0.281814
0.247469
0.183463
0.186873
0.15363
0.182175
0.116376
1.11605
0.565253
0.394989
0.317544
0.268888
0.233581
0.198651
0.181819
0.144472
0.148053
0.15052
0.0841432
1.06425
0.543781
0.387815
0.32261
0.287801
0.252617
0.203267
0.17427
0.162029
0.15201
0.14994
0.0819917
1.08488
0.563003
0.415805
0.309115
0.256933
0.217083
0.153367
0.151234
0.150723
0.133671
0.144532
0.0744135
1.20862
0.602183
0.490867
0.345831
0.259421
0.294057
0.231494
0.138696
0.186265
0.154178
0.187809
0.110895
1.09805
0.558887
0.399356
0.301491
0.278401
0.290328
0.213622
0.172239
0.192159
0.106602
0.1514
0.0878517
1.09269
0.532126
0.431069
0.293243
0.245079
0.264453
0.240559
0.133022
0.16208
0.168022
0.109488
0.0760998
1.19063
0.427827
0.420129
0.293195
0.3054
0.358956
0.149228
0.0312906
0.255072
0.210456
0.146633
0.0929132
1.30471
0.205637
0.48396
0.281701
0.446658
0.332838
0.141361
0.0424437
0.260546
0.172308
0.0768624
0.0879951
1.15594
0.31063
0.312178
0.27474
0.357806
0.241881
0.0104531
0.0743714
0.202811
0.135148
0.114036
0.0327257
1.17255
0.272505
0.310348
0.197542
0.328929
0.248828
0.053956
0.0586343
0.291446
0.183671
0.0643049
0.0237644
1.09636
0.400411
0.285447
0.223892
0.276885
0.244722
0.129874
0.0840222
0.197582
0.142303
0.0803903
0.0487016
1.14381
0.461341
0.339315
0.230411
0.283462
0.210462
0.148909
0.112409
0.195353
0.169534
0.137728
0.0675338
1.14902
0.475137
0.349016
0.266236
0.255249
0.208062
0.221409
0.16345
0.189758
0.157912
0.199679
0.0875033
1.33466
0.402043
0.431464
0.252376
0.271761
0.205496
0.184001
0.0833719
0.294873
0.264154
0.250793
0.128328
1.17599
0.510331
0.375399
0.256899
0.233461
0.210185
0.21373
0.165311
0.188841
0.206071
0.257912
0.102206
1.10975
0.52625
0.389332
0.328741
0.282571
0.217171
0.171431
0.143008
0.16666
0.18711
0.172709
0.0834495
1.13721
0.566217
0.411364
0.285393
0.260271
0.245982
0.149819
0.142797
0.180114
0.197966
0.225339
0.0980759
1.30006
0.426093
0.461264
0.357354
0.266447
0.213802
0.223259
0.137643
0.243226
0.242544
0.196195
0.109704
1.33775
0.427863
0.481649
0.293351
0.237435
0.30832
0.244861
0.155337
0.223597
0.181755
0.158163
0.113035
1.06116
0.530598
0.40335
0.284848
0.245634
0.192059
0.132221
0.15235
0.183033
0.128385
0.111673
0.0669456
1.09927
0.510835
0.430034
0.281721
0.230345
0.203322
0.112396
0.0885827
0.141183
0.189182
0.199966
0.0713737
1.1928
0.371843
0.439976
0.321037
0.24562
0.161072
0.175673
0.178865
0.233857
0.192226
0.176913
0.0851261
1.22396
0.42919
0.397826
0.30101
0.272217
0.166091
0.148636
0.185743
0.277329
0.175377
0.163214
0.0880717
1.08378
0.45106
0.349652
0.279815
0.265296
0.243924
0.203463
0.207626
0.165375
0.136958
0.132757
0.0701955
1.25788
0.428161
0.414284
0.319698
0.241363
0.220097
0.189534
0.222739
0.180197
0.10563
0.158983
0.0964632
1.45901
0.439514
0.566911
0.317171
0.217126
0.174435
0.268047
0.210912
0.214799
0.108733
0.127643
0.114743
1.1717
0.54491
0.40694
0.290576
0.227586
0.163907
0.148682
0.171582
0.160424
0.104647
0.158287
0.0783203
1.12763
0.527486
0.390934
0.29939
0.225438
0.23717
0.183709
0.129709
0.150531
0.147607
0.117356
0.0700671
1.31128
0.574687
0.602841
0.353097
0.289224
0.147077
0.162868
0.129118
0.203474
0.122758
0.105751
0.101205
1.42931
0.52387
0.574476
0.366986
0.210519
0.207034
0.214424
0.0821009
0.161408
0.104947
0.217297
0.135435
1.17608
0.544724
0.468209
0.299606
0.255449
0.190858
0.147681
0.144397
0.147241
0.145969
0.167176
0.0858111
1.15334
0.548803
0.359715
0.265527
0.229201
0.17782
0.174434
0.133117
0.086472
0.116144
0.111335
0.0660963
1.31161
0.574171
0.49026
0.25255
0.199806
0.148991
0.13812
0.0255153
0.0528122
0.109344
0.125078
0.0740871
1.40884
0.640103
0.576514
0.241702
0.275241
0.200441
0.145331
0.0863249
0.168533
0.0686784
0.0857059
0.0848006
1.27428
0.705839
0.570093
0.276982
0.206861
0.207903
0.164825
0.0997307
0.172492
0.0852336
0.0886094
0.0820378
1.18004
0.658338
0.508954
0.297539
0.236959
0.20845
0.152355
0.118415
0.116723
0.133103
0.13202
0.081751
1.11284
0.571262
0.413611
0.311806
0.208188
0.155004
0.169658
0.159542
0.142184
0.125708
0.110416
0.0742805
1.15358
0.606408
0.458871
0.292693
0.278354
0.191447
0.192532
0.166677
0.164051
0.20431
0.131602
0.0958277
1.23974
0.654807
0.435548
0.267147
0.232765
0.136787
0.229871
0.205919
0.231064
0.220005
0.154038
0.114016
1.21191
0.647161
0.416664
0.278727
0.215642
0.163026
0.232206
0.214163
0.16594
0.199394
0.133745
0.0986965
1.08495
0.533046
0.352111
0.274455
0.177342
0.151581
0.154435
0.170878
0.128229
0.0889388
0.109417
0.0700717
1.09251
0.546746
0.350559
0.226478
0.180202
0.159298
0.186812
0.169596
0.186382
0.131429
0.0747744
0.0646252
1.40789
0.602001
0.297324
0.185816
0.186382
0.166997
0.167477
0.152498
0.227611
0.13526
0.0468612
0.0488519
1.70179
0.648256
0.274472
0.111216
0.165
0.0728211
0.0869687
0.0559047
0.193929
0.163398
0.0657962
0.0522026
1.64726
0.672622
0.234344
0.0974242
0.149004
0.0891002
0.0569463
-0.016042
0.127148
0.159489
0.0778308
0.0722213
1.32773
0.567031
0.275861
0.109023
0.106998
0.0741836
0.0221102
0.0573379
0.0926016
0.0804212
0.0892585
0.079135
1.52148
0.6123
0.216976
0.0116145
0.0377322
0.0635107
0.00130124
0.00149315
0.107818
0.0642234
0.0475748
0.0772352
1.7939
0.627782
0.253209
-0.0485229
0.0667397
0.0531607
0.0140111
0.0321589
0.104649
0.0517066
0.04823
0.0655355
1.65099
0.65938
0.311218
-0.00481532
0.0466522
0.0121972
0.0286405
0.0526955
0.0450657
0.0926338
-0.00886134
0.0308341
1.60173
0.734047
0.35811
0.002191
0.0552963
0.00676078
-0.0177384
0.0846431
0.101029
-0.00517582
0.0243081
0.034031
1.54467
0.716131
0.450857
0.10283
0.0862568
0.0468361
-0.036426
0.0609048
0.0465489
-0.0619439
0.0991461
0.0793869
1.80869
0.839313
0.536071
0.0149488
0.154073
0.0563948
-0.0696688
0.0509504
0.013467
-0.0287503
0.0773461
0.0595349
1.61331
0.76186
0.46003
0.0897516
0.136208
0.0900239
-0.0167087
0.0302046
0.0117953
-0.0361527
0.0461658
0.0486824
1.6112
0.803202
0.445786
0.1626
0.118762
0.013188
-0.039062
-0.0443014
-0.0457775
-0.0111986
-0.0357032
0.0174642
1.7228
0.776624
0.470815
0.124643
0.129149
0.0687199
-0.0684109
-0.102966
-0.055293
-0.0303132
-0.0312878
0.0155951
1.42987
0.719412
0.441413
0.197627
0.08635
0.0203339
-0.0567368
-0.103514
-0.0322077
-0.0436837
-0.0407172
0.0245123
1.41775
0.737247
0.434399
0.205689
0.133402
0.0439549
-0.0707645
-0.104329
-0.057953
-0.0411275
0.0244576
0.0522748
1.54042
0.782334
0.427763
0.161603
0.0720462
0.0122562
0.0160696
-0.0791449
-0.00259414
-0.00536542
0.0573416
0.078546
1.89796
0.851202
0.483279
0.0598851
0.0268081
0.0172798
-0.0081745
-0.0577638
0.00598832
-0.0116771
0.0222592
0.0640527
1.61015
0.832509
0.432922
0.155365
0.0478199
0.0211437
-0.00216914
-0.0492909
-0.0399459
-0.0416275
0.00291517
0.041093
1.53773
0.757236
0.388259
0.130596
0.0765076
0.0246408
0.0280157
-0.0525442
-0.0616963
-0.0436847
-0.0219908
0.0328581
1.5046
0.762724
0.386163
0.157105
0.069409
0.0239169
-0.00634274
-0.0219279
-0.00534969
-0.0636063
0.00176392
0.0370706
1.86821
0.641628
0.402849
0.124621
0.166365
-0.00143303
-0.0709886
-0.00269627
0.0704565
-0.0635518
-0.0232385
0.0308023
1.73607
0.462241
0.438361
0.0874284
0.215449
-0.129385
-0.0231783
0.0404523
0.0681232
0.0831912
-0.0252491
0.0493839
1.5595
0.505264
0.245067
0.184864
0.188615
-0.019249
0.00171539
-0.00875294
0.0548001
0.0564384
-0.0311181
0.0317257
1.53964
0.438803
0.183972
0.227345
0.24602
-0.0128879
-0.0397366
-0.0566792
0.0498551
0.10878
-0.0376043
0.00906772
