43
32
36
53
54
26
25
11
-16
-10
-19
-37
5
4
-9
5
-8
3
-1
-24
-17
-47
-65
-39
-64
-49
-24
-85
-77
-46
-51
-22
-14
-8
-6
-20
15
13
-15
17
-13
-55
-43
-46
-38
-52
-58
-63
-112
-105
-89
-77
-70
-64
-5
-5
-41
-26
-8
-14
-18
-8
-20
-27
-12
0
35
57
41
74
108
54
42
61
23
4
12
-13
-38
-9
-22
-34
-22
-38
-30
-34
-86
-101
-115
-179
-177
-121
-93
-147
-212
-149
-99
-104
-53
-39
-134
-205
-237
-204
-3
-289
-168
620
194
-84
394
-36
-113
398
78
137
339
-104
186
239
-177
175
212
75
473
197
-59
158
70
97
11
-74
48
-90
-231
-11
-231
-167
62
-113
-89
225
-371
-2193
196
924
-1783
550
258
-1327
664
-821
-620
1364
-986
80
1389
-612
487
-190
-786
976
-228
320
768
-632
991
592
-599
840
389
-287
841
165
-63
858
-214
-55
426
3
422
15
-142
323
-168
-218
-1
-359
-358
-271
-482
-684
-703
-273
-431
-854
170
-174
-704
0
-377
-153
157
-18
-86
103
355
330
-19
96
721
25
268
760
222
580
323
226
680
146
583
612
-364
640
709
-408
247
250
-195
278
-252
-284
101
-372
-333
-593
-380
-114
-745
-543
-483
-345
-370
-556
-263
-801
113
337
-463
173
213
47
-158
85
252
408
111
234
841
56
464
6
-188
751
517
707
-258
-337
655
-223
63
315
-182
286
-399
-117
97
-634
191
-282
-765
422
-206
-1003
-681
-436
698
-536
-968
1073
-325
-778
434
-70
176
-19
414
648
-782
798
751
-1041
307
679
117
184
278
513
-41
-528
130
453
168
273
75
-459
116
223
-178
-181
-488
121
-84
-630
111
-45
-701
-741
-499
399
148
-984
-78
209
-744
-136
360
-72
19
-157
300
-37
-82
1300
-355
-501
728
53
444
133
-291
581
-81
157
780
-872
344
619
-856
392
-265
91
282
-1282
697
-49
-991
827
-729
-420
638
-811
181
-97
-779
565
-515
-86
279
-198
432
-252
195
215
185
484
158
190
249
321
374
-17
-82
1046
-205
-471
836
-144
-115
158
-440
59
306
-774
-203
736
-329
-432
-420
242
57
-1091
1206
-304
-1520
1086
92
-600
97
30
316
-421
-284
1153
-473
160
71
-556
1164
171
230
-286
201
930
-800
564
1281
-1026
-316
478
-102
549
-540
-404
890
-878
-183
691
-443
7
-977
504
414
-949
391
66
8
-284
-110
289
395
-88
-386
44
728
-5
-1130
727
688
-427
36
540
157
-218
153
193
-220
699
981
-1334
-530
987
795
-201
-1048
399
101
12
430
-519
112
287
-236
-680
-304
665
480
-470
-1431
308
924
19
-1159
-848
1328
-639
-406
738
-57
-402
-359
634
-577
-48
1098
164
-483
-536
79
935
826
88
-849
-805
1952
556
-946
442
-357
787
182
-521
112
-397
557
52
-231
-671
116
449
-596
-18
-831
89
773
-344
-1053
274
-696
401
721
-1916
1647
-742
173
261
-1187
1708
-1006
846
103
-625
512
335
49
-659
367
121
1046
-787
-196
219
-698
824
-15
445
-1144
-640
1002
-205
39
-881
90
-353
-615
807
-353
-382
-682
-170
-331
-214
314
-446
-684
-700
612
-13
-671
-304
131
340
-266
416
-181
-637
643
72
-185
164
-403
851
329
-320
-141
-265
905
122
143
424
-296
-46
640
-95
-649
84
352
118
-162
-170
-116
-34
-446
153
-242
-166
-123
-799
222
556
-653
-408
-159
-1022
723
222
-298
-662
-40
947
-168
102
-656
454
586
259
233
-583
136
539
909
403
-560
-386
741
844
241
67
-245
60
586
171
124
-233
-16
-61
2
318
-742
-103
-209
-3
-312
-581
264
-65
-182
-458
-173
-154
170
126
405
209
-70
-101
-173
957
286
450
468
-12
349
362
562
589
205
162
654
-95
480
819
-47
485
64
20
232
115
589
-122
-8
-71
-125
351
16
127
-600
-72
266
-121
-7
-128
91
-239
321
-208
-122
568
-244
399
-324
291
752
-661
649
88
191
325
-200
235
-417
647
328
196
-341
-630
854
65
246
-70
-909
92
241
-32
609
-217
-882
58
-303
223
618
-248
177
-348
-691
163
-56
53
276
-191
-457
-337
-170
22
184
103
-224
-686
-454
161
11
-171
-89
-751
-54
-37
-295
693
-580
-331
-267
-370
555
-330
401
-215
-543
172
-857
629
512
-238
146
-790
-114
-19
477
259
-454
188
-211
-215
-522
248
306
-492
195
-697
-723
337
184
-225
-320
-399
-495
195
-387
81
345
-1085
157
-512
-147
659
-596
518
-606
-211
487
-171
370
-419
438
-319
-159
901
-538
18
-134
78
415
-113
208
-592
-173
508
32
34
353
-144
-583
119
343
349
-128
233
-316
-539
865
75
232
228
-308
-90
163
222
-82
86
32
39
-295
-87
-331
-170
221
41
318
-363
-206
-116
-344
507
61
-367
591
106
-200
-333
-522
956
512
-160
188
-523
-265
-7
510
285
-213
196
-751
-172
-189
97
555
-422
-307
-278
1
-25
-52
-682
333
271
-568
107
-578
-165
-124
437
-130
-865
347
-274
58
-132
-603
418
-1029
280
541
-997
948
-851
-635
250
-670
457
-72
-353
231
-205
-834
282
29
136
-104
-658
552
-295
328
597
-787
-353
251
7
495
-46
-779
642
-59
-545
664
-31
-23
167
-174
524
-421
-432
530
195
587
349
-520
-838
52
1094
359
-38
-435
-317
545
-349
47
395
-296
255
40
-149
-572
-261
890
-47
213
333
-244
-187
329
918
-22
122
17
254
408
404
-18
-288
577
-258
526
925
-173
18
-238
519
779
-418
439
34
-50
707
213
414
-137
148
367
-407
257
731
112
80
-74
-23
424
175
-49
241
-10
-105
30
77
307
170
243
99
62
-316
74
332
-382
102
603
-249
-197
205
-211
73
124
297
-123
-3
-152
30
332
-68
492
-20
133
328
-578
-147
494
-458
287
520
3
-99
-681
60
-259
-131
358
85
-256
-343
-460
-112
-194
222
439
-766
-85
-364
-114
-406
-73
684
-556
-20
-125
-722
-215
550
18
346
323
-602
-107
-4
-19
91
395
286
-349
-329
259
-20
-316
68
159
-326
-122
255
-238
-478
-279
305
149
-135
220
-178
-934
103
537
-1
73
190
97
-922
-200
664
18
-457
368
134
-747
-48
-57
21
68
489
497
-421
-877
-150
203
312
272
-54
474
-270
-1
58
-192
676
134
-104
536
-181
-238
414
-169
437
753
264
-272
-331
-210
-277
789
520
398
319
-692
-476
-597
303
380
-142
292
-157
-659
-725
377
200
716
119
-756
-80
-433
63
214
373
111
302
-225
-200
303
-160
-60
289
222
167
402
-624
244
54
40
565
-631
547
105
-1154
159
183
141
421
-254
-59
-425
-209
-325
-418
418
217
-34
74
-310
-623
-124
-85
346
378
-62
-375
-391
-216
303
203
255
478
-859
-55
-177
-382
263
-40
553
-38
-158
-139
-467
318
133
-137
68
-234
42
368
55
-68
-279
-250
490
18
-53
-31
-643
-131
100
298
702
3
-642
-301
-354
-198
230
526
93
43
-116
-234
-198
-452
890
256
-268
78
-663
-244
149
45
850
437
-103
-87
-746
276
-182
450
643
85
520
-666
118
40
325
479
-55
-44
-216
49
-324
452
529
319
61
-662
-313
-150
-71
14
439
519
-190
23
-260
-614
-242
547
496
-459
259
-231
-387
387
173
377
205
-358
-250
-279
-174
586
-76
531
790
-334
-389
-133
23
-449
448
452
79
493
-403
-261
87
-159
194
-233
-371
277
67
-3
236
22
-264
234
81
-176
-312
-567
137
7
345
352
-327
-454
-226
-165
-363
71
180
-212
-269
5
-295
-278
-406
205
-42
-228
34
-697
-29
-420
109
236
-224
-144
-260
59
-391
-118
-412
180
110
-370
382
-173
27
-83
-29
-72
-281
-6
-258
145
-341
109
-120
-392
375
-407
-64
-72
53
112
-247
-232
72
164
-346
328
-28
-133
222
44
-102
-218
256
-30
-57
-23
130
302
-290
80
-103
-280
405
-156
-46
241
-207
120
312
50
1
-208
-299
73
61
318
268
-37
307
-39
-89
204
29
71
5
343
34
-100
470
-30
254
468
-62
-275
-158
283
217
116
200
242
99
-12
-99
-40
21
103
364
-24
-39
304
64
70
382
98
222
264
25
364
23
86
515
446
361
591
150
-2
360
156
728
427
308
657
186
247
383
286
321
578
395
472
774
212
543
669
512
1073
638
654
631
395
538
498
593
761
862
368
-68
-260
-411
-381
-417
-574
-715
-838
-1133
-1435
-1609
-1793
-1836
-2273
-2231
-2209
-2389
-2277
-2352
-2142
-2318
-2158
-2508
-2361
-1990
-1962
-1415
-1424
-944
-871
-794
-456
-134
-97
89
508
308
823
1069
1283
1506
1447
1576
1398
1448
1640
1778
1755
1848
1817
1659
1732
1731
1676
1634
1760
1537
1376
1246
874
972
931
1178
1285
1032
1273
1233
1085
1130
1274
1275
1415
1444
1325
1509
1582
1843
1831
1757
1761
1653
1925
2017
1418
305
-774
-1067
-138
808
821
-31
-1435
-2158
-2641
-3018
-2659
-2808
-2871
-2985
-3466
-3547
-4115
-4182
-3983
-3611
-3036
-3465
-4028
-4127
-3441
-2558
-1696
-1512
-1374
-1391
-1655
-870
-593
104
668
1226
1727
1501
1578
1275
1537
2134
2448
2494
2110
1265
926
835
853
1011
625
306
-271
-659
-831
-1117
-1405
-1497
-1424
-1701
-2103
-2456
-2537
-2225
-1760
-1383
-1487
-1497
-1606
-1275
-676
-519
83
90
389
827
1018
1412
1758
2166
2349
2647
2615
2762
2683
2669
2940
3157
3366
2966
2866
2980
3261
3389
3134
3064
2831
2859
2708
2490
2570
2312
2437
2751
2996
2596
896
-1653
-3294
-2531
-499
1139
753
-1099
-2801
-4035
-4605
-4496
-4016
-3617
-3547
-4026
-4713
-5272
-5620
-5111
-4033
-3133
-3577
-4729
-5196
-4872
-3039
-1566
-997
-575
-1082
-1696
-1579
-1249
-158
1445
2169
2866
2910
2039
1684
1840
2850
4098
4392
4004
3277
2910
2922
3093
3201
2963
2104
959
194
-349
-98
76
379
338
-453
-1384
-2416
-2515
-2045
-1501
-1327
-1455
-1844
-1987
-1989
-1541
-980
-830
-546
-764
-661
-396
-212
602
1202
1519
1648
1195
1330
1685
2143
2641
2644
2572
2248
2175
2298
2579
3071
3233
2992
2911
2724
2587
2825
2965
3224
3358
3089
3000
2878
3227
3689
3167
2184
98
-1752
-2191
-1136
601
802
-550
-2321
-3702
-4719
-5450
-5732
-5306
-4886
-5011
-5534
-6160
-6645
-6696
-6148
-5534
-5547
-5994
-6219
-5404
-3779
-2569
-1899
-2014
-2182
-1957
-1463
-496
795
2083
3349
4085
3884
3383
3135
3704
4764
5813
6032
5713
5328
4969
4622
4112
3593
2924
2437
1820
1184
384
-286
-914
-1620
-1840
-2636
-3300
-3765
-3977
-3486
-3386
-3539
-3674
-3420
-2996
-2651
-2496
-2200
-1737
-1394
-1091
-878
-64
450
1092
1942
2201
2423
2251
2483
2988
3326
3623
3550
3594
3695
3440
3227
3268
3043
3161
3171
2879
3006
2916
3238
3615
3297
2852
2172
1864
2183
2565
3241
3582
3219
2163
178
-1866
-2471
-1079
1062
2176
910
-1306
-2965
-3834
-4035
-4217
-4095
-3732
-3829
-4737
-5543
-5904
-5732
-5001
-4628
-4898
-5654
-6080
-5297
-3828
-2531
-2137
-2364
-2598
-2541
-2027
-1330
-41
1032
1609
1711
1452
1408
1973
3101
4117
4896
4472
3839
3476
3301
3389
2939
2517
2065
1654
1186
661
342
-305
-1011
-2064
-3432
-4241
-4337
-3151
-2010
-2031
-3080
-4565
-5011
-4572
-3553
-2337
-1413
-829
-840
-1428
-1578
-1087
-122
1043
1604
1882
1941
2331
3151
3699
3775
3199
2664
2574
2695
3276
3915
4305
4338
3506
2564
1845
1739
2384
3187
3710
3522
3043
2578
2609
2836
2876
2961
3373
3933
4177
4251
3826
2856
1566
409
289
1521
2811
2678
1036
-1166
-2769
-3488
-3739
-3796
-3693
-3857
-4673
-5863
-6934
-7380
-7257
-6953
-6968
-7430
-7807
-7689
-6725
-5692
-5174
-5132
-5155
-4729
-3906
-2888
-1813
-405
605
1047
1081
1150
1777
2846
4117
4912
5191
5002
4644
4571
4460
4219
3856
3186
2858
2532
2153
1852
1047
244
-1059
-2770
-3646
-3806
-3041
-1984
-2211
-3095
-4288
-5157
-4865
-4090
-3004
-2130
-1958
-1843
-2026
-2077
-1319
-661
314
1005
1140
1585
1953
2536
3024
3106
2996
2633
2575
2950
3505
4085
4060
3524
2836
2292
2246
2412
2869
3354
3372
3120
2814
2822
2808
2821
3147
3369
3644
3797
3825
4156
4303
3833
2756
1376
590
716
1901
3184
2876
548
-2715
-4573
-4542
-3804
-3254
-3226
-3816
-5411
-7794
-9499
-9674
-8769
-7617
-7185
-7443
-7995
-8261
-7994
-7505
-7227
-7114
-6338
-4990
-3580
-2306
-1230
-442
-49
-133
40
1091
2738
4349
5159
5404
5412
5339
5180
5112
5030
4931
5044
4992
4525
3738
3089
2736
2080
902
-180
-891
-871
-1056
-1730
-2576
-3334
-3346
-3209
-2937
-2932
-3324
-3880
-4098
-3721
-2770
-1493
-444
-22
-520
-1016
-1184
-332
1002
1910
2645
2834
2749
2550
2442
2762
3277
3524
3578
3462
3378
3707
3909
3885
3754
3507
3462
3740
4195
4595
4703
4541
4335
4012
3829
4026
4570
5172
5153
4787
4574
4394
3837
2899
1647
457
-84
453
1393
789
-1510
-4333
-5743
-5601
-5253
-5013
-5042
-5568
-7155
-9267
-10470
-9921
-8589
-7536
-7055
-7303
-7893
-8065
-7381
-6257
-5311
-4542
-3447
-2577
-2010
-1400
-605
452
1146
1426
1874
2953
4203
4698
4735
4593
4219
4154
4390
4750
4998
4786
4215
3297
2016
1297
1236
1576
1659
807
-30
-881
-1504
-1929
-2295
-2700
-3318
-3333
-2357
-1172
-1313
-2437
-3387
-3145
-2096
-991
221
671
379
-425
-1051
-359
1223
2638
3173
2721
1873
1561
2020
2923
3691
3909
3751
3381
2976
2588
2807
3575
4115
4222
4117
4157
4357
4280
3810
3477
3482
4112
4955
5422
5295
4621
3656
2972
2823
3261
4470
4598
3185
674
-1627
-1991
-658
1102
821
-1874
-5309
-7308
-7271
-6160
-4865
-4300
-5143
-7713
-10405
-11230
-9810
-7285
-5465
-5340
-6451
-7646
-7933
-7129
-5788
-4485
-3389
-2699
-2321
-1939
-1599
-838
-203
66
494
1278
2491
3222
3215
2789
2611
2563
2647
3216
3584
3706
3018
1854
1160
1046
1773
2562
2726
2032
696
-213
-227
349
836
884
767
505
24
-142
357
827
493
-331
-708
-119
839
1331
1354
871
104
-554
-653
-136
550
908
385
-301
-673
-407
243
403
115
-264
-201
136
856
1662
2207
2319
1884
1532
1596
2384
3143
3689
3881
3664
3625
3642
3892
3912
3694
3271
2832
2728
2893
3314
3248
2609
1493
-166
-2239
-3039
-1794
113
260
-2582
-5428
-6484
-5658
-4571
-4005
-3734
-4808
-6578
-8279
-8137
-6128
-3979
-3306
-4142
-5356
-6310
-5619
-4201
-2909
-2115
-2137
-2513
-2767
-2559
-1781
-667
-373
-701
-1105
-956
-491
-390
-321
-309
-75
188
507
950
867
366
-106
-106
505
1277
1929
2350
2342
1680
1257
1571
2648
3855
4077
3876
3122
2385
2004
2361
3725
4459
3857
2159
746
424
1112
1889
1937
1394
105
-1210
-1789
-1617
-1042
-680
-1047
-1857
-2493
-2446
-1666
-1040
-734
-596
-613
-542
-355
216
1144
2140
2782
2916
2890
3001
3216
3445
3940
4410
4795
4940
4626
4215
3809
3485
3355
3513
3775
3819
3131
2064
1333
1017
298
-1374
-2280
-1108
795
105
-3321
-5940
-5606
-3703
-3086
-3388
-3495
-4097
-5675
-7395
-7154
-5102
-3506
-3527
-4657
-5297
-5272
-5056
-4852
-4459
-3662
-2875
-2722
-3503
-3760
-3289
-2606
-2295
-2381
-1886
-1289
-1144
-1414
-1221
-251
659
966
837
570
588
873
1515
2765
3851
4236
3697
2924
2934
3928
5107
5929
6109
5750
5138
4462
4435
4708
4806
4045
3168
3361
3723
2930
1104
-15
9
314
65
-534
-1256
-2149
-2928
-3256
-2665
-1767
-1718
-2813
-3968
-3940
-2820
-1693
-1182
-991
-773
-522
-336
106
1118
2137
2449
2313
2326
2752
3373
3728
4002
4332
4440
4145
3543
3169
3459
3983
4118
3913
3375
2639
1800
1066
1097
1695
2075
1107
-1312
-2907
-1897
283
242
-2590
-4949
-4749
-3548
-3447
-3990
-4102
-4361
-5666
-6877
-6229
-4575
-3822
-4801
-6415
-6830
-5891
-4642
-4108
-4208
-4315
-4191
-4152
-4255
-3851
-2908
-2174
-2149
-2208
-1564
-591
-157
-237
-69
925
1955
2241
2207
2402
3046
3479
3803
4331
4926
5139
4795
4681
5220
6185
6568
6107
5233
4695
4616
4713
4943
4933
4045
2407
1553
1712
2114
1666
497
-631
-1302
-1195
-950
-993
-1661
-2508
-3097
-3131
-2694
-2260
-2382
-3048
-3449
-3420
-2831
-2068
-1453
-1153
-1180
-1225
-951
-367
265
796
934
934
1102
1627
2183
2442
2513
2457
2483
2453
2378
2564
2912
3105
3054
2692
2073
1484
1243
1481
1777
1863
1517
925
-277
-2215
-2911
-1216
1175
745
-2690
-5416
-5073
-3252
-2478
-2691
-3438
-4828
-6529
-7033
-5687
-3844
-3064
-4066
-5672
-6358
-5793
-4487
-3645
-3428
-3335
-3331
-3553
-3643
-2913
-1834
-1040
-883
-847
-470
-77
108
232
1007
2222
3019
2771
2133
2189
2803
3359
3697
4082
4468
4435
3910
3759
4311
4901
4976
4421
3867
3945
4178
4149
3965
3859
3642
2812
1961
1802
1832
1442
1067
992
803
-121
-920
-849
-775
-968
-1396
-1784
-2253
-2585
-2335
-1937
-1792
-1895
-1986
-2180
-2045
-1398
-800
-566
-552
-443
-284
-77
388
1104
1479
1369
1251
1460
1834
2068
2329
2534
2524
2428
2422
2644
2735
2439
2133
2157
2571
2666
2247
1798
1534
1230
717
625
172
-683
-568
675
990
-1246
-3569
-3626
-2042
-1341
-1803
-2236
-3183
-4408
-5003
-4112
-2778
-2592
-3373
-4326
-4389
-3831
-3191
-2906
-3074
-3172
-3253
-3100
-2652
-1794
-1250
-1465
-1773
-1569
-667
-43
20
-77
112
592
833
963
1346
1947
2334
2170
2260
3001
3626
3618
3397
3617
3917
3984
3817
4065
4438
4420
4093
3487
3177
2998
3041
3041
2959
2774
1953
875
122
64
252
-8
-780
-1379
-1512
-1715
-1991
-2174
-2468
-2975
-3644
-3831
-3373
-2885
-2846
-3219
-3547
-3547
-3046
-2527
-2282
-2108
-1912
-1920
-2028
-1585
-789
-68
219
176
310
621
980
1209
1537
2031
2331
2212
1792
1862
2255
2280
1957
1637
1633
1589
1490
1457
1610
1691
1229
211
-1461
-2173
-784
957
417
-2170
-3627
-3110
-2219
-2350
-2506
-2183
-2695
-3959
-4684
-3619
-2354
-2325
-3303
-4050
-3625
-3050
-2714
-2676
-2408
-2201
-2402
-2605
-2532
-1678
-815
-288
-141
-265
-294
-163
271
908
1969
2659
2485
2019
1879
2397
2719
2956
3391
3775
3994
3998
4287
4586
4480
4116
4091
4447
4636
4545
4244
4028
3787
3338
2823
2505
2465
2297
1852
1383
1025
523
-109
-364
-407
-783
-1519
-2026
-2013
-1979
-2294
-2989
-3814
-4288
-4059
-3492
-3273
-3573
-3973
-4287
-4462
-4130
-3416
-2667
-2215
-2119
-2173
-2093
-1561
-670
40
205
236
518
1027
1419
1846
2486
2864
2784
2351
2246
2573
2922
2941
2581
2134
1619
1158
981
1267
1386
910
-11
-570
-829
-1564
-1726
-720
254
-806
-3107
-3835
-2507
-1408
-1812
-2283
-2518
-2968
-3595
-3498
-2498
-1828
-1923
-2677
-3136
-2890
-2314
-1875
-1871
-1742
-1537
-1441
-1476
-1204
-465
-100
-83
-233
-89
420
840
1184
1395
1749
1898
1768
1661
1986
2763
3058
3031
2868
2869
2913
2949
3356
3596
3658
3377
3075
2927
3013
3267
3202
2972
2587
2463
2132
1742
1651
1631
1483
711
-155
-988
-1200
-903
-859
-1447
-2519
-3203
-3628
-3752
-3687
-3375
-3420
-4008
-4371
-4442
-4119
-3753
-3280
-2935
-2844
-2713
-2232
-1418
-716
-234
-67
117
357
923
1662
2102
2289
2283
2392
2490
2531
2643
2859
2778
2321
1880
1791
1835
1491
1259
1274
1061
610
175
-218
-282
27
148
-395
-855
-1014
-1677
-1892
-706
641
-165
-1990
-2185
-778
202
-108
-281
-375
-721
-1123
-807
95
478
304
-343
-663
-652
-387
86
354
520
180
-389
-637
-118
770
1021
616
-48
-288
-153
169
633
933
1018
699
385
498
986
1378
1284
1393
1846
2076
1870
1650
1918
2111
1947
1735
1884
2169
2173
2082
1799
1554
1094
672
611
812
1054
638
-44
-645
-882
-926
-999
-1239
-1576
-1517
-1552
-1914
-2501
-2558
-1976
-1704
-1841
-2063
-2066
-2029
-1870
-1262
-649
-584
-1024
-1359
-1151
-483
21
168
280
209
-96
-529
-495
71
500
464
57
-291
-469
-436
-398
-385
-358
-334
-298
-514
-731
-782
-610
-528
-790
-842
-522
-76
155
202
335
796
1350
1539
1185
849
1602
2952
3459
2513
1415
1701
2808
3103
2444
1998
1795
1315
903
1128
1328
750
-319
-1074
-1246
-1140
-1028
-1221
-1716
-2308
-2633
-2736
-2657
-2381
-2062
-2032
-2410
-2648
-2483
-2028
-1649
-1367
-1137
-1019
-914
-651
-46
549
680
441
414
787
1156
1303
1548
1893
1939
1728
1558
1643
1748
1669
1554
1450
1443
1505
1588
1566
1379
1077
722
530
591
892
1105
868
263
-182
-506
-717
-482
-127
-111
-650
-1270
-1685
-1814
-1708
-1687
-1867
-2316
-2719
-2954
-3061
-3098
-3127
-3235
-3470
-3619
-3637
-3401
-2995
-2732
-2742
-2971
-3002
-2755
-2313
-1756
-1214
-773
-604
-520
-224
337
858
1361
1880
2160
2310
2511
2946
3367
3584
3884
4141
4041
3624
3467
3774
4102
4111
3695
2971
2172
2024
2649
2925
1946
512
100
423
405
-140
-593
-844
-1302
-1855
-2113
-2003
-2029
-2279
-2544
-2656
-2555
-2575
-2635
-2453
-2131
-2140
-2497
-2583
-2068
-1449
-1320
-1395
-1292
-1024
-888
-887
-674
-249
47
-7
-26
408
983
1086
868
973
1470
1766
1639
1612
1925
2240
2310
2276
2438
2648
2578
2440
2468
2527
2421
2284
2319
2405
2303
1909
1387
931
721
683
575
251
-200
-706
-1291
-1740
-1898
-1926
-2217
-2575
-2706
-2828
-3253
-3708
-3679
-3433
-3249
-3313
-3408
-3305
-3157
-2906
-2688
-2587
-2550
-2345
-1894
-1291
-695
-340
-45
266
539
774
1133
1774
2407
2719
2810
3010
3195
3094
2863
2915
3337
3604
3407
2994
2809
2876
2820
2538
2280
2231
2201
1923
1636
1535
1387
1051
781
715
391
10
54
344
41
-968
-1411
-966
-573
-848
-1200
-1278
-1418
-1776
-1912
-1494
-1205
-1375
-1754
-1726
-1426
-1352
-1376
-1325
-1209
-1431
-1691
-1627
-1128
-588
-455
-555
-799
-871
-734
-382
30
354
451
211
68
310
852
1216
1238
1223
1323
1427
1505
1676
1907
1963
1752
1488
1493
1785
1896
1638
1267
1020
800
574
479
560
567
227
-240
-488
-408
-347
-516
-836
-989
-1040
-1323
-1609
-1638
-1403
-1364
-1516
-1645
-1757
-1904
-2045
-1846
-1552
-1359
-1358
-1427
-1432
-1329
-1120
-1047
-1019
-1048
-955
-792
-611
-306
-106
-57
-168
-17
314
555
796
972
1108
1044
993
1116
1423
1694
1681
1586
1447
1456
1511
1530
1461
1238
1077
961
867
802
825
758
463
201
150
252
160
-45
-140
-141
-296
-752
-800
-355
-101
-612
-1412
-1599
-1255
-794
-588
-573
-910
-1483
-1680
-1330
-805
-752
-985
-1177
-1233
-1141
-898
-525
-459
-644
-790
-772
-634
-502
-306
-97
64
68
50
100
139
295
501
636
606
562
690
915
1101
1152
1200
1228
1221
1229
1307
1441
1452
1406
1383
1388
1324
1175
1045
956
841
662
513
407
362
353
241
-39
-360
-520
-468
-423
-491
-621
-746
-795
-895
-998
-1094
-1115
-1127
-1139
-1030
-893
-854
-1127
-1429
-1536
-1365
-1016
-766
-657
-662
-741
-823
-683
-330
-128
-328
-527
-364
-77
56
134
275
253
-62
-334
-215
212
592
678
549
251
-28
6
334
590
495
161
-129
-172
-77
19
69
46
-6
-123
-158
-27
268
603
686
602
504
589
763
866
992
1097
999
682
724
1163
1404
1030
418
247
475
877
1126
993
475
-56
-95
209
408
255
-1
-158
-156
34
204
308
251
139
52
-23
84
296
529
566
450
284
60
-28
121
424
548
413
148
-38
-66
-15
132
221
165
38
3
75
99
0
-132
-67
103
217
208
76
-37
-101
-113
-139
-152
-98
-8
-7
-193
-376
-403
-318
-328
-424
-513
-617
-651
-659
-609
-575
-696
-909
-1082
-1006
-791
-759
-1015
-1264
-1219
-1064
-1111
-1352
-1475
-1376
-1263
-1285
-1416
-1497
-1563
-1695
-1748
-1627
-1395
-1317
-1406
-1390
-1264
-1243
-1293
-1156
-887
-676
-633
-665
-620
-449
-220
-57
21
36
31
51
161
356
502
451
328
275
256
254
280
395
590
621
425
320
479
719
741
615
589
659
762
983
1269
1341
1204
1117
1308
1724
2066
2153
2073
2005
1973
2084
2407
2664
2482
1961
1712
1865
1987
1743
1391
1198
937
575
321
323
347
137
-219
-492
-593
-686
-798
-901
-891
-838
-1001
-1275
-1349
-1183
-1049
-1060
-1059
-953
-845
-821
-820
-746
-649
-605
-516
-347
-231
-245
-326
-338
-270
-232
-152
-74
-64
-128
-195
-108
-18
-86
-252
-261
-146
-121
-190
-224
-91
-23
-91
-145
-116
-67
-90
-55
32
99
65
-42
-46
-3
-27
-122
-184
-189
-239
-344
-447
-486
-504
-564
-606
-629
-699
-922
-1217
-1373
-1317
-1144
-1153
-1372
-1636
-1737
-1712
-1677
-1580
-1440
-1254
-1152
-1070
-915
-705
-540
-466
-284
24
388
637
771
921
1095
1297
1465
1655
1844
1977
2082
2175
2279
2316
2300
2239
2233
2319
2343
2245
2069
1974
1947
1905
1800
1720
1729
1672
1530
1403
1351
1295
1183
1101
1031
973
989
1044
937
643
475
535
672
676
577
447
275
116
52
115
12
-291
-602
-707
-626
-665
-855
-1094
-1174
-1181
-1247
-1279
-1171
-1018
-1077
-1269
-1335
-1120
-925
-886
-838
-700
-540
-528
-457
-208
117
298
293
269
355
596
779
869
926
903
795
652
643
753
772
651
445
252
56
-77
-130
-176
-254
-440
-675
-926
-1103
-1152
-1160
-1187
-1255
-1379
-1500
-1538
-1502
-1386
-1330
-1390
-1469
-1406
-1249
-1165
-1133
-1067
-903
-777
-695
-592
-455
-316
-261
-201
-16
205
309
251
243
404
573
646
565
436
386
473
582
550
391
187
115
135
158
123
43
-38
-196
-351
-406
-342
-297
-343
-466
-636
-708
-717
-703
-694
-681
-693
-804
-908
-937
-835
-711
-631
-576
-545
-518
-487
-346
-189
-59
20
49
124
300
524
691
777
785
880
1064
1257
1409
1490
1565
1605
1634
1689
1740
1700
1625
1656
1659
1426
1038
848
903
894
703
404
73
-252
-430
-419
-452
-685
-1013
-1255
-1366
-1415
-1476
-1601
-1753
-1910
-2007
-1988
-1916
-1865
-1929
-2051
-2085
-1977
-1822
-1735
-1644
-1483
-1312
-1247
-1298
-1302
-1092
-750
-479
-345
-296
-203
-67
72
291
584
807
870
931
1067
1232
1323
1341
1380
1437
1514
1535
1536
1526
1494
1468
1377
1227
1061
890
703
559
457
279
-33
-338
-530
-661
-847
-1028
-1116
-1229
-1488
-1777
-1832
-1744
-1804
-2084
-2254
-2141
-1992
-2109
-2335
-2274
-2027
-1875
-1890
-1822
-1627
-1460
-1329
-1134
-870
-731
-739
-658
-295
149
450
562
631
751
923
1200
1570
1891
1977
1937
2003
2215
2396
2485
2526
2572
2579
2490
2412
2434
2522
2536
2456
2305
2134
1971
1859
1858
1890
1854
1687
1506
1339
1229
1165
1072
977
754
516
355
256
203
109
14
-91
-201
-334
-474
-530
-525
-558
-680
-785
-768
-725
-773
-821
-785
-699
-607
-594
-589
-536
-511
-405
-219
-73
-25
-11
54
186
339
456
553
553
546
615
651
609
602
705
771
744
680
736
849
818
679
559
554
494
310
149
85
40
-144
-369
-511
-582
-679
-814
-895
-954
-1012
-1118
-1221
-1310
-1429
-1534
-1591
-1572
-1558
-1551
-1550
-1533
-1520
-1551
-1540
-1473
-1323
-1188
-1120
-1045
-934
-815
-758
-709
-599
-400
-256
-152
-2
127
209
204
247
389
536
657
773
886
943
960
1012
1092
1126
1075
1059
1108
1133
1087
988
931
868
763
632
534
474
391
264
174
152
111
28
-90
-110
-29
-30
-145
-287
-302
-193
-134
-158
-158
-113
-120
-175
-163
-84
-41
-28
39
133
152
64
15
88
188
218
182
150
148
130
86
102
171
197
136
59
65
116
143
164
182
145
70
21
46
98
97
44
-10
-16
-2
-8
-14
-7
-32
-88
-95
15
144
155
83
23
-5
-25
17
128
202
144
35
-10
25
64
45
17
-5
-20
-81
-140
-131
-52
-20
-117
-224
-259
-248
-256
-222
-151
-140
-277
-463
-494
-403
-327
-348
-412
-484
-531
-559
-525
-408
-397
-532
-682
-693
-621
-582
-610
-645
-648
-695
-720
-656
-540
-461
-497
-525
-455
-399
-373
-307
-173
-60
-86
-161
-139
-15
112
191
220
218
176
135
146
197
287
340
286
147
70
125
223
284
245
120
-18
-96
-86
11
93
60
-48
-148
-164
-119
-73
-45
-12
-18
-48
-31
12
75
127
133
129
128
152
238
303
313
301
306
308
268
238
254
315
323
298
299
305
275
209
190
191
170
131
150
223
237
179
103
106
127
131
163
202
232
205
169
185
228
214
170
185
214
201
162
161
216
237
186
120
81
66
66
56
13
-57
-111
-88
-57
-97
-214
-346
-372
-322
-272
-299
-387
-431
-468
-497
-500
-471
-451
-515
-636
-716
-673
-619
-638
-740
-853
-855
-812
-789
-804
-821
-836
-840
-814
-776
-726
-700
-683
-671
-659
-636
-563
-485
-450
-450
-475
-459
-401
-290
-175
-87
-36
-33
-31
-5
88
179
229
248
230
170
82
63
148
233
219
142
75
76
93
54
-19
-56
-50
-77
-136
-180
-159
-139
-218
-339
-386
-355
-347
-397
-452
-465
-449
-431
-397
-311
-254
-253
-260
-221
-110
0
114
226
298
320
366
505
688
829
882
935
1034
1101
1138
1182
1249
1312
1338
1357
1370
1362
1330
1289
1256
1234
1213
1175
1131
1061
966
874
811
792
742
607
435
310
219
115
19
-29
-46
-145
-303
-408
-436
-472
-618
-784
-867
-880
-879
-898
-935
-962
-996
-1033
-1024
-960
-876
-838
-787
-700
-663
-658
-630
-539
-437
-382
-326
-248
-136
-62
-5
76
134
164
174
227
317
392
402
388
398
414
422
416
436
437
391
329
308
333
346
323
271
223
170
125
125
179
219
199
123
56
40
71
111
136
140
130
120
104
144
222
254
222
175
157
189
240
255
240
202
191
188
169
170
183
206
212
172
106
77
126
186
216
232
238
249
246
263
322
388
399
340
315
361
421
470
537
576
569
536
502
542
591
586
537
507
490
470
466
453
457
426
336
217
178
229
244
203
116
65
23
-34
-56
-21
37
3
-117
-204
-153
-59
-11
13
14
-20
-84
-115
-59
37
43
-34
-94
-140
-187
-224
-240
-226
-250
-329
-411
-477
-509
-551
-603
-633
-640
-670
-712
-715
-698
-681
-644
-602
-566
-524
-488
-449
-403
-334
-224
-120
-55
-13
33
80
130
208
299
357
357
346
360
363
352
342
330
301
237
179
165
148
75
-28
-108
-154
-198
-243
-285
-340
-394
-442
-447
-411
-421
-469
-510
-500
-454
-418
-394
-381
-370
-368
-388
-364
-294
-239
-206
-196
-172
-132
-116
-121
-120
-124
-160
-212
-249
-254
-231
-222
-256
-314
-376
-417
-429
-397
-349
-336
-371
-418
-406
-375
-338
-301
-263
-196
-134
-133
-155
-148
-112
-36
0
-7
19
73
124
130
116
116
125
118
111
160
210
218
172
123
121
127
133
118
87
62
48
34
19
-8
-23
0
42
63
32
-10
-41
-23
18
40
77
109
126
103
60
58
99
125
118
135
186
234
220
174
173
186
163
144
163
176
157
89
7
-29
-45
-65
-85
-120
-155
-171
-176
-178
-211
-279
-351
-412
-415
-361
-312
-301
-312
-354
-399
-419
-412
-381
-361
-341
-304
-242
-186
-175
-202
-226
-214
-167
-94
-42
-38
-73
-109
-128
-123
-108
-98
-91
-78
-50
-22
-13
-43
-70
-50
-10
-4
-36
-57
-33
40
106
131
127
115
128
175
229
291
353
405
411
410
432
448
434
376
362
383
406
414
401
393
368
322
289
280
264
250
247
234
206
181
166
197
231
225
201
192
240
280
321
366
418
462
474
470
472
474
410
329
306
329
338
291
230
186
134
82
41
-25
-103
-162
-205
-222
-252
-310
-345
-351
-346
-344
-326
-297
-274
-273
-261
-206
-137
-67
-58
-81
-75
-15
48
76
113
120
89
62
65
105
143
140
71
-16
-62
-72
-65
-76
-96
-127
-178
-237
-285
-274
-253
-244
-247
-272
-287
-281
-253
-236
-236
-232
-200
-190
-187
-173
-143
-97
-94
-114
-133
-122
-116
-125
-119
-109
-134
-191
-212
-187
-145
-151
-197
-232
-218
-195
-168
-105
-49
-31
-55
-30
41
97
115
120
155
200
235
271
339
404
437
438
438
468
502
496
459
440
445
458
438
406
380
332
288
257
233
220
195
167
141
118
108
99
99
84
40
13
27
52
47
9
-23
-27
-19
-16
22
44
-13
-113
-181
-167
-106
-64
-73
-106
-144
-186
-208
-174
-106
-67
-89
-149
-178
-130
-49
3
24
47
65
80
93
110
133
143
142
125
107
80
54
23
-17
-54
-106
-148
-173
-189
-204
-250
-304
-324
-302
-268
-254
-271
-302
-339
-337
-261
-195
-181
-187
-184
-147
-66
18
90
150
180
188
183
177
203
238
265
268
281
303
320
346
342
326
307
313
343
342
303
245
193
192
229
264
262
224
183
130
87
50
48
48
-1
-67
-135
-167
-197
-240
-280
-316
-355
-406
-436
-438
-407
-377
-401
-451
-477
-453
-437
-433
-402
-351
-304
-315
-321
-278
-219
-181
-186
-196
-154
-65
17
85
120
135
125
124
171
230
278
298
308
310
312
323
345
356
344
316
289
298
328
344
334
281
194
121
95
97
107
96
82
72
48
29
8
5
6
-12
-43
-64
-61
-52
-36
-26
-40
-79
-119
-131
-105
-60
-48
-82
-128
-145
-126
-104
-69
-31
-17
-24
-13
23
83
146
165
193
223
240
243
221
215
219
235
250
249
246
222
178
124
92
87
45
-25
-99
-149
-193
-249
-289
-319
-335
-376
-439
-502
-550
-557
-527
-470
-439
-450
-474
-479
-454
-420
-378
-327
-263
-215
-194
-163
-125
-106
-109
-95
-78
-53
-49
-74
-72
-68
-55
-45
-53
-74
-89
-89
-60
-16
-4
-6
-7
4
27
32
38
64
89
96
108
130
147
164
172
180
202
193
168
131
111
135
154
140
107
74
34
3
-24
-45
-31
-14
-28
-63
-82
-70
-73
-94
-103
-92
-79
-57
-35
-31
5
23
47
82
125
188
220
244
239
267
309
333
356
362
390
407
427
452
461
450
409
366
356
345
321
289
266
248
219
199
169
152
138
109
83
59
65
65
39
6
-23
-47
-71
-75
-64
-49
-31
-43
-33
-7
9
18
6
12
0
-31
-68
-107
-121
-129
-140
-161
-166
-173
-180
-168
-149
-134
-120
-119
-112
-97
-68
-23
-5
13
20
43
97
159
217
231
226
216
191
153
160
187
162
102
30
-2
-6
-30
-82
-139
-197
-240
-278
-285
-265
-243
-244
-282
-286
-261
-229
-206
-202
-179
-146
-96
-64
-12
20
23
30
15
58
69
126
118
84
120
29
9
15
33
56
8
-36
-80
-77
-61
-71
-117
-178
-223
-229
-213
-181
-138
-119
-110
-128
-108
-34
26
52
20
21
46
56
51
27
2
-29
-28
-27
-2
-1
-21
-17
-45
-60
-69
-71
-75
-83
-91
-115
-124
-127
-103
-63
-24
-4
0
-4
7
31
36
54
61
74
73
67
56
36
33
16
31
18
20
48
65
82
74
80
81
95
95
81
73
48
42
71
117
135
115
72
29
22
39
47
39
8
-15
-15
-4
-11
-44
-73
-119
-165
-205
-215
-213
-236
-269
-318
-355
-370
-353
-346
-359
-377
-372
-345
-334
-314
-317
-320
-319
-301
-271
-222
-184
-206
-217
-188
-118
-55
1
29
38
57
67
121
204
255
262
253
246
250
267
287
310
317
335
359
372
376
377
393
403
410
405
389
371
347
330
321
329
313
266
235
198
162
134
110
99
86
60
7
-46
-104
-143
-158
-176
-212
-240
-252
-256
-256
-267
-251
-246
-240
-232
-205
-163
-114
-35
1
54
87
128
200
233
306
383
440
487
541
610
700
745
733
780
819
828
822
783
745
707
659
618
589
548
503
417
359
316
249
206
159
142
97
25
-49
-117
-165
-230
-263
-288
-313
-326
-358
-361
-344
-350
-348
-371
-407
-418
-426
-452
-473
-473
-463
-437
-411
-379
-371
-388
-383
-359
-322
-290
-281
-264
-231
-181
-101
-17
49
87
126
174
192
220
242
277
306
342
363
369
394
346
320
298
265
253
213
155
81
47
-4
-47
-82
-135
-176
-229
-253
-267
-256
-256
-260
-270
-289
-263
-263
-241
-195
-183
-166
-125
-85
-72
-35
-2
4
22
42
52
51
40
41
76
98
114
135
153
171
175
178
164
167
188
197
214
209
223
232
243
272
290
301
270
245
244
249
253
236
202
190
172
125
76
8
-56
-113
-161
-195
-221
-268
-331
-399
-477
-551
-601
-655
-699
-732
-792
-824
-826
-804
-770
-739
-700
-671
-658
-646
-607
-560
-509
-447
-405
-361
-326
-301
-271
-243
-227
-215
-179
-121
-64
-39
-39
-50
-55
-53
-55
-72
-68
-75
-90
-65
-67
-48
-29
-24
10
41
51
43
54
69
85
102
107
118
130
135
120
82
77
88
66
26
-16
-72
-115
-144
-172
-183
-233
-285
-336
-376
-385
-383
-349
-291
-256
-245
-221
-205
-144
-91
-52
3
27
65
80
98
123
156
199
247
283
281
292
319
345
390
420
415
419
393
374
361
352
362
364
360
351
357
348
360
363
373
410
438
442
433
418
385
383
356
332
336
325
297
266
240
194
179
175
138
96
55
17
-18
-60
-96
-110
-104
-98
-131
-171
-165
-163
-149
-118
-94
-81
-93
-98
-91
-63
-42
-40
-45
-35
-31
-8
56
115
149
163
178
194
244
273
276
292
275
260
239
235
240
244
241
211
197
172
156
144
132
106
78
77
50
32
20
5
2
-23
-59
-91
-128
-156
-169
-173
-174
-179
-196
-202
-218
-246
-276
-306
-303
-283
-266
-255
-253
-249
-238
-225
-193
-153
-132
-120
-105
-66
-25
22
56
79
117
156
181
218
254
291
342
348
372
414
411
407
408
389
362
359
352
328
297
265
231
213
210
189
151
106
41
-14
-34
-60
-55
-37
-57
-90
-129
-129
-124
-132
-149
-169
-178
-184
-164
-155
-153
-148
-140
-116
-96
-75
-46
-31
-12
-6
-3
12
31
55
64
66
75
102
130
159
186
197
196
186
192
220
229
212
209
193
174
156
131
101
60
38
-4
-24
-37
-83
-113
-147
-176
-200
-221
-249
-270
-271
-284
-295
-282
-264
-266
-269
-285
-291
-285
-284
-270
-260
-241
-240
-246
-233
-226
-229
-220
-216
-220
-223
-230
-232
-229
-234
-244
-264
-282
-278
-281
-297
-304
-300
-305
-296
-265
-245
-241
-230
-222
-219
-172
-141
-112
-87
-104
-124
-129
-119
-120
-95
-91
-94
-96
-109
-98
-97
-75
-53
-43
-48
-52
-65
-106
-114
-102
-88
-81
-65
-42
-9
21
50
91
119
148
190
201
189
209
236
273
314
331
333
357
378
391
413
392
373
353
328
318
303
298
308
299
271
257
238
222
221
208
194
191
193
199
215
233
260
264
245
244
238
236
244
245
236
217
213
201
186
188
171
151
133
102
82
68
45
11
-17
-34
-47
-55
-76
-106
-140
-153
-159
-151
-156
-174
-169
-180
-182
-174
-162
-140
-127
-123
-118
-118
-107
-66
-55
-68
-84
-97
-97
-93
-94
-102
-99
-97
-88
-87
-89
-87
-114
-125
-118
-117
-120
-123
-121
-115
-97
-80
-63
-75
-82
-54
-58
-58
-65
-82
-85
-79
-73
-89
-100
-112
-134
-136
-142
-158
-177
-211
-240
-256
-265
-287
-299
-301
-314
-310
-310
-328
-347
-348
-332
-310
-298
-286
-291
-298
-290
-273
-235
-196
-176
-168
-163
-150
-113
-76
-38
-4
7
10
40
55
68
114
137
165
192
189
199
230
254
293
322
328
340
332
331
350
386
425
430
409
390
388
394
410
424
433
428
398
373
368
351
348
343
317
296
259
200
163
141
119
112
96
67
35
10
-14
-35
-35
-35
-45
-51
-68
-74
-65
-91
-93
-91
-101
-92
-81
-69
-43
-16
0
25
28
32
39
39
36
32
33
13
13
10
14
21
16
2
-11
-17
-42
-44
-48
-57
-75
-129
-157
-142
-134
-129
-124
-155
-154
-160
-177
-183
-201
-194
-201
-222
-240
-249
-262
-283
-302
-317
-302
-280
-280
-290
-295
-306
-281
-253
-229
-218
-237
-231
-225
-219
-186
-130
-81
-65
-62
-58
-25
20
64
