6
11
18
36
51
56
55
56
43
49
57
40
58
54
29
25
19
8
4
9
0
-1
0
4
4
16
23
-3
-2
-15
-29
-23
-37
-41
-25
-31
-30
-15
-40
-20
-13
-41
-17
0
-14
0
0
-7
17
5
-21
-9
-22
-50
-48
-60
-49
-33
-46
-35
-33
-43
-39
-41
-43
-42
-49
-59
-48
-41
-60
-56
-51
-61
-78
-95
-94
-92
-81
-90
-85
-79
-122
-120
-127
-176
-160
-163
-177
-164
-175
-164
-146
-152
-153
-154
-165
-163
-160
-165
-137
-139
-144
-126
-126
-112
-91
-69
-84
-90
-82
-91
-73
-83
-93
-108
-94
-63
-44
-29
-64
-48
-21
-52
-74
-73
-102
-96
-55
-71
-21
6
-5
36
-9
-33
8
27
7
15
-40
-9
66
-17
24
21
104
38
-105
-117
-243
-424
-97
298
59
48
99
279
-379
-458
270
-128
-25
264
-164
126
519
-429
488
557
-624
378
397
-127
492
226
-266
180
-420
-184
107
-136
412
295
-494
512
1361
-455
-989
-504
-1383
-933
1836
1166
18
1802
77
-1983
-779
-2010
1398
4751
-1713
-2248
1219
-849
-845
610
536
1971
148
-947
558
-56
-522
-1394
991
2510
-1462
-1513
1712
381
404
5
-966
1807
308
-1471
754
895
-421
-524
-399
781
555
-597
327
472
312
-51
-927
-99
733
-199
-446
340
527
378
-207
-721
-9
37
-369
56
-46
720
988
-620
53
932
-670
247
329
-597
1604
222
-721
1398
-156
-292
563
-614
1352
483
-913
1471
-949
-1290
797
-1749
65
1759
-1138
882
566
-1488
683
-752
-1241
1048
37
-316
-37
-268
231
-668
-259
226
-294
531
-42
-611
381
-430
-683
164
-485
-7
426
-667
137
416
-588
481
135
-186
495
148
12
482
166
-50
327
-468
107
-111
-56
248
-245
397
-302
-724
1
18
-183
-275
-794
-25
-62
-625
90
-333
-137
555
-670
456
868
-1006
635
-118
-664
679
-764
-710
403
-63
120
-21
-312
79
-1399
-359
633
-1086
92
124
-1503
94
-55
-664
365
-547
-507
614
297
-774
101
442
-725
380
865
-153
-193
61
107
245
-259
-132
799
-745
126
491
-754
491
-91
24
65
-398
-547
557
-161
-1005
764
-256
-50
235
-273
-71
-218
-532
-9
-778
-1256
331
-169
153
-727
-1066
391
-479
-288
682
375
9
-290
429
774
-205
-362
608
1004
896
100
-211
1396
-101
72
277
-547
1150
-79
-611
604
52
-3
-12
-612
629
-740
-966
448
-114
171
-53
-568
426
55
-758
550
-636
-116
729
-507
-580
340
331
-912
-385
703
-112
-121
465
-1688
1021
1213
-1861
612
837
101
248
-725
769
1153
-1329
503
1028
-194
29
-702
1906
775
-2099
1274
937
-247
-372
-1069
1580
514
-1568
758
399
-815
706
-214
-821
434
1749
-747
-1435
397
243
732
-1120
-1066
1337
640
-1148
166
-670
503
697
-1942
-270
931
366
-601
-438
304
1456
-311
-1277
349
1422
29
74
659
-123
1241
390
-526
100
542
471
816
-934
668
905
-1393
239
220
278
398
313
-1360
528
1104
-1174
-250
-155
-147
294
288
-741
672
490
-833
74
-490
-434
868
1314
-373
-1557
1025
965
-1270
233
786
643
1239
-861
-961
1163
394
-141
-322
-167
548
1393
625
-1692
-410
1556
-96
-1110
-332
543
1277
-304
-1345
-59
1631
365
-1444
-587
399
458
663
-409
-475
751
-281
-624
-292
-147
906
1370
-1335
-563
803
599
-252
-1316
280
443
26
20
386
-1382
520
-13
-1177
1283
-1044
-126
1191
-1097
-917
1107
-493
-1184
322
-264
122
405
-474
-205
296
-201
-598
302
419
82
486
-84
-510
-547
-302
175
389
-326
-380
541
-264
-950
725
338
-901
-200
-527
-21
487
20
-164
583
-518
-1688
1126
809
-1129
-201
33
-49
487
-660
-127
993
-1640
-595
813
317
421
-1036
-360
826
42
-657
572
109
-291
140
-324
540
758
226
-1158
-627
598
-120
1645
182
-2765
695
998
-497
459
-956
-1374
1676
-163
-1430
1374
-486
349
-243
-1095
156
375
677
-761
335
-419
384
444
-452
1091
-42
-210
-603
933
786
347
-328
-680
635
-699
1210
-1267
1000
960
-2638
1511
-157
226
-739
-511
467
-165
625
-1410
958
420
-1034
-395
-5
1125
140
212
-501
-341
436
-114
747
101
-633
-551
122
287
155
621
-772
-376
-441
60
542
-530
588
28
-868
-235
-174
65
1556
-441
-860
581
-556
394
246
373
-66
-329
226
94
-14
-106
550
143
356
-477
-202
337
-776
-108
58
229
277
15
-275
-654
-251
-166
720
52
-198
-84
-631
299
-124
630
190
7
-106
-860
151
354
578
-38
447
-50
-312
-142
-41
996
-18
159
-124
-183
-27
63
734
-226
-90
-645
-389
743
-240
-153
16
-358
-183
-98
-104
420
588
-899
-244
363
-97
600
73
102
109
-60
-113
225
397
366
465
-212
-84
168
282
246
582
20
5
-124
-454
845
212
156
654
-337
-252
142
-84
387
438
-350
-34
131
-223
481
-30
-296
3
-326
-201
-168
593
609
-17
-119
-291
-296
15
-110
411
785
-71
-491
84
228
286
161
-266
541
-255
-274
423
117
203
147
-339
-292
62
-296
495
308
-361
-23
-359
-713
-56
-46
225
242
-382
-207
-103
-365
-73
529
-186
78
48
-53
-77
382
206
133
246
-909
528
132
19
284
-217
-19
-422
-176
-200
206
-196
-169
-412
-635
386
-185
-282
-102
-269
-40
-436
-435
670
317
-794
-346
-271
159
-9
-709
314
394
-486
-156
-76
-242
21
232
-236
-770
-112
-272
430
466
-452
22
-118
-568
-161
151
33
738
-527
-433
16
-800
731
617
-448
42
89
-146
859
428
-555
196
433
-552
252
35
98
868
-388
24
-349
-162
1
239
363
172
-186
-215
135
-612
355
181
473
-137
-515
-118
-50
118
-229
738
70
248
-254
-954
250
-277
-391
695
20
-424
113
-537
254
150
-476
-62
-81
-244
165
461
-46
37
-1031
63
0
34
844
166
505
-609
-414
-308
-42
700
578
191
-99
-34
-199
-521
318
-132
456
463
-578
37
-429
230
-310
-34
-122
460
-356
181
524
-838
513
-553
234
208
-81
-115
319
222
21
61
-381
261
-403
-135
243
75
-209
701
-276
-87
401
-313
370
91
-132
-682
206
-246
341
902
538
-6
-712
0
-815
282
525
654
149
235
-498
-607
471
-679
367
127
983
-886
-365
185
-386
560
-475
440
-574
483
-682
-218
686
-444
142
536
-170
-612
546
-808
259
190
87
325
-194
-463
47
-104
-389
982
-365
528
102
-534
24
177
856
42
-145
-292
24
-95
363
526
-93
791
-677
-636
207
-176
502
594
-318
-645
196
-576
207
57
446
13
-219
177
-754
562
490
-67
-365
199
-614
346
380
-13
155
-358
-481
290
422
-511
1102
-247
138
-508
-57
-123
467
275
-417
1261
-1513
-129
298
437
6
263
-633
255
438
-1438
268
-306
1351
-51
-177
-398
-111
-61
356
249
-115
1025
-1474
631
-414
127
509
-133
202
-335
-6
-493
555
-690
483
-424
310
181
-815
305
-891
394
449
258
-695
118
-1361
-336
731
-944
1302
-364
-121
-336
-488
-259
305
7
-81
876
-1430
507
-526
-56
781
-417
279
-380
-37
-288
539
-381
587
-53
-457
315
-957
1138
-260
-6
-164
-330
716
97
-238
-252
921
-920
1162
-183
-717
1492
-931
-85
595
154
72
1208
-1010
-52
755
-902
901
159
377
78
-243
-524
-48
602
-10
438
124
138
-242
-656
142
42
797
110
-213
202
-1179
869
-311
-483
589
-111
400
-353
-577
-512
500
-642
849
426
-935
645
-1177
-420
538
-46
538
978
-703
-700
430
-722
298
487
-380
836
578
-636
132
234
-416
338
559
118
-45
-301
-101
856
72
-739
467
-150
-423
324
-557
-317
983
33
-233
-59
-1183
268
399
-327
360
229
-219
218
4
-913
789
372
-506
336
-437
-363
1117
134
-584
475
-659
51
325
-425
291
116
-732
-104
539
-377
785
-61
-780
-457
-1148
-39
1032
590
-935
1
-757
-571
425
-263
460
-261
57
-612
-85
-249
-302
817
-142
134
-949
488
746
-22
-122
-257
586
-782
83
-767
327
1235
-742
530
-87
120
25
-235
-548
-387
660
-357
755
196
228
60
-332
68
-435
56
-477
783
76
334
-45
-340
902
-649
130
26
-18
-239
-302
-179
339
748
-3
388
-446
-580
-121
403
-241
4
-4
-44
328
-656
295
299
386
-528
-372
9
-625
-138
-223
883
594
306
-560
-556
-444
-606
328
-241
512
328
239
218
-216
-43
482
-136
-673
279
-530
221
217
421
1107
632
-362
-948
-75
-646
511
418
525
501
-461
48
-364
211
-151
151
-337
-757
-203
-438
669
302
622
702
-592
-400
-462
-550
-48
534
465
401
72
-619
138
170
68
496
41
-146
-212
-199
-188
124
156
361
348
-745
-549
-12
481
196
-70
-205
-911
-21
-246
-38
642
199
109
-163
-415
-798
7
-232
-112
762
184
333
-81
172
138
-447
-329
-51
105
180
562
126
885
350
-310
-22
-763
49
346
446
716
331
188
-11
-198
-477
-7
240
60
7
-145
412
108
204
201
-469
-100
-181
-133
-264
-101
220
207
193
-64
218
201
3
-323
-768
-290
-34
122
697
400
-98
131
102
-144
-165
-432
-393
-292
45
383
738
365
-34
-64
-727
-199
-202
54
297
431
559
-214
-24
-44
84
-22
145
450
96
-53
-128
252
153
-283
-163
103
273
92
63
143
14
17
-143
-311
-72
147
280
394
45
-162
-523
-113
-124
62
547
-163
301
-145
-425
-311
-258
48
69
171
-255
-32
-245
-151
87
-171
-145
-494
-559
-59
266
390
478
96
-297
-395
-450
-142
-165
52
278
60
137
-177
-32
-75
-78
-10
-262
-402
-452
-22
221
111
39
56
-341
-206
-406
-341
195
232
249
28
-258
-591
-204
-27
184
363
185
195
-103
-122
-167
-195
-6
-353
-148
171
79
302
333
-88
-181
-5
-781
-538
-198
-67
615
657
201
-120
-328
-839
-38
-153
-139
229
-3
85
-254
-153
-96
544
178
-38
-67
-748
-358
-51
114
155
296
217
203
44
-244
-30
136
82
68
1
-151
-109
307
392
226
244
-201
-296
-224
-232
-170
220
150
-142
27
-78
-81
-141
-193
-335
-251
-239
-94
140
107
415
274
32
-122
-300
-97
-219
6
227
76
173
176
232
171
44
-182
-188
-243
-230
-185
-295
-157
-120
64
-71
-259
-341
-463
-419
-688
-518
-417
-394
-153
-304
-69
-213
-218
-283
-457
-223
-305
32
141
82
143
286
66
-48
2
-372
-85
-173
-149
268
421
554
375
310
52
71
-139
-255
129
273
435
304
632
672
529
404
238
338
353
300
197
747
863
1153
1405
1002
1199
1091
848
1100
931
1122
1582
1510
1627
1714
1701
1743
1670
1141
1224
1256
1216
1317
1185
1413
1259
1334
1125
1074
977
543
271
-182
-456
-612
-770
-728
-708
-1012
-1070
-1571
-1916
-2283
-2697
-2679
-2950
-2750
-2768
-2862
-2602
-2618
-2670
-2728
-2633
-2499
-2365
-2171
-2205
-2175
-2110
-1923
-1611
-1331
-1003
-804
-780
-769
-742
-754
-421
-252
-26
358
586
825
838
884
783
848
924
981
1090
1118
1353
1547
1705
1795
1620
1455
1422
1333
1334
1502
1824
1754
1929
1791
1666
1767
1502
1878
1873
2082
1890
1994
2047
1783
1987
1794
2367
2190
2136
2291
2296
2452
2663
2818
2674
2826
2408
2391
2572
2925
3127
2831
1939
765
-125
-564
-124
195
109
-546
-1434
-2631
-3446
-4037
-4258
-4192
-4427
-4731
-5492
-5739
-5911
-5657
-5347
-5106
-5146
-5543
-5603
-5413
-4631
-4181
-3263
-2863
-2506
-2184
-2101
-1695
-1269
-343
78
867
976
1349
1591
1872
2596
2673
2867
2527
2621
2205
2204
2220
2202
2273
1752
1225
339
-50
-586
-661
-911
-1031
-1068
-1727
-2252
-2601
-2637
-2751
-2676
-2720
-2603
-2644
-2321
-1896
-1571
-1065
-988
-511
-369
-95
323
904
1637
2090
2552
2675
3174
3501
3942
4328
4571
4810
4645
4567
4493
4783
4905
5171
5261
5097
4971
4738
4279
3990
4048
3593
3452
3129
2976
2962
3254
3336
2288
470
-1717
-2418
-1923
-1080
-635
-893
-1825
-3084
-4861
-6339
-6555
-6061
-5476
-5546
-5995
-6753
-7115
-6969
-6146
-5605
-5751
-6315
-7021
-6582
-5781
-4690
-3678
-2849
-2411
-2588
-2880
-3050
-2338
-1416
-382
393
933
1104
1291
2146
2784
3620
3621
3264
3140
3266
3826
4338
4958
5069
4898
4153
3178
2144
1436
1278
1386
1481
1067
593
20
-147
-512
-1316
-1891
-2298
-2578
-2551
-2376
-1908
-1402
-1205
-1081
-1487
-1703
-1724
-1324
-439
251
857
1244
1591
2043
2438
2726
2896
2852
3082
3217
3344
3791
4076
4562
4908
4999
4974
4711
4631
4542
4782
4948
4903
4898
4735
4711
4407
4112
4018
4232
3723
2033
-617
-2286
-1558
129
1366
471
-1244
-3172
-4845
-6704
-7485
-6355
-5157
-4444
-5554
-7100
-8239
-8300
-7557
-6484
-6123
-6966
-7518
-7056
-5375
-4075
-3265
-3078
-2915
-2949
-3296
-3075
-1860
66
1489
2209
1789
1356
1039
1609
2954
3861
4091
3602
3484
3778
4532
4724
4829
4586
3788
2611
1410
1217
1648
2500
2011
1032
-611
-2162
-2724
-2797
-2009
-2023
-2638
-3510
-3854
-3956
-3714
-3230
-2744
-2324
-2791
-3326
-3464
-2577
-1267
-21
548
643
403
419
1439
2498
3353
3446
3270
3343
3615
3879
4461
4988
5393
5202
4358
4098
3979
4594
5174
5362
5289
4887
4558
4634
4997
5001
4986
4573
4550
4955
5118
4203
1631
-1144
-1806
23
1897
2006
474
-1110
-2676
-5067
-7448
-7620
-5713
-3979
-4267
-6405
-8488
-9465
-9086
-8264
-7822
-8086
-8633
-8472
-7136
-6045
-5813
-5648
-5385
-5032
-5237
-5499
-4388
-1789
468
1182
374
-645
-783
76
1583
2839
3622
3789
3843
4001
4242
4197
4053
4321
4065
3237
2239
2027
3081
3953
3414
1481
-635
-2177
-2930
-3065
-2502
-1490
-1222
-1961
-3297
-4546
-5115
-4847
-4132
-3059
-2481
-2609
-2557
-2017
-1177
-755
-673
-392
181
848
1953
3048
4181
4629
4179
3845
3724
4399
5283
6333
7067
7001
6193
5388
5179
5354
5854
6075
6473
6633
6558
6505
6495
6459
6027
5714
5529
5938
6478
5470
2655
-372
-560
1877
3764
3005
360
-1528
-3063
-5363
-7534
-6911
-3967
-2489
-4354
-8029
-10202
-10481
-9613
-8649
-8216
-8426
-8975
-8539
-7357
-6857
-7470
-7839
-7048
-6204
-5947
-5235
-3038
-383
226
-1492
-3173
-2786
-752
1426
3088
3967
4067
3789
3332
3178
3615
3993
4608
5183
4825
4083
3316
3561
4100
3486
1726
-166
-647
-842
-1377
-1897
-1517
-1241
-2262
-4150
-5672
-5654
-4959
-4133
-3662
-2974
-3002
-3491
-3673
-3513
-2668
-1751
-428
973
1898
2116
2677
3412
3964
3855
3600
4504
5648
6611
6893
6918
6895
6393
5781
5612
6071
6824
7341
7505
7315
6661
5895
5803
6126
6325
6339
6166
6253
6358
6334
4951
2124
-580
-664
2334
4860
3904
412
-2319
-4081
-5863
-7669
-6659
-3063
-1481
-4176
-9078
-11777
-11269
-9945
-9136
-8478
-8443
-8619
-8784
-8686
-8757
-9210
-9061
-8032
-6774
-6223
-5176
-3103
-1533
-2509
-4600
-5116
-2880
692
2685
3418
3379
2620
1868
1579
2334
4381
6092
6753
6256
4978
3865
3371
3610
3649
3335
2620
2285
2190
1662
-187
-2682
-4196
-4303
-3081
-2554
-2826
-3534
-4432
-5540
-6609
-6564
-5018
-2793
-1970
-2404
-3140
-3351
-2374
-992
51
1144
2029
2810
3589
3774
3837
4172
4651
5172
5865
6606
7606
8160
7482
6217
5354
5605
6686
7736
8195
7838
7009
6130
5589
5795
6190
6741
6902
6708
6357
5931
4836
2036
-750
-851
2388
4729
3036
-719
-3001
-4150
-6486
-8647
-7080
-2370
-970
-5342
-10798
-12555
-11294
-10199
-9880
-8868
-7795
-8486
-10045
-10695
-10460
-9601
-8228
-6801
-5974
-6069
-5545
-4014
-3448
-4655
-5263
-3267
44
1737
1370
1055
1121
868
436
1385
4294
6765
6903
5429
3885
3162
3241
3621
4396
5103
4950
3938
2461
1083
-14
-803
-1598
-1849
-1448
-837
-695
-1972
-3980
-5469
-5607
-4831
-3204
-1752
-1199
-1606
-3270
-4202
-3489
-1554
554
1872
2216
2264
2264
2110
2613
3378
4453
5569
6075
6250
6371
6481
6266
5893
5497
5953
7227
8040
7753
6551
5618
5346
5700
6155
6882
7375
7056
6106
4909
4707
5192
5900
4587
1360
-853
82
3276
3927
738
-2849
-4132
-5202
-6845
-6680
-3263
-544
-4080
-10852
-14184
-12419
-9514
-8377
-7948
-7669
-8865
-11552
-12823
-11184
-8750
-7307
-6964
-7114
-7196
-6660
-5433
-4216
-3940
-3901
-2413
-541
112
109
738
1802
2030
1539
2397
4964
6636
5666
3839
3337
4145
5340
5628
5608
5336
4264
2917
1912
1815
2246
2400
1312
-523
-2251
-2720
-1858
-1516
-2229
-3214
-3657
-3581
-3421
-3395
-2758
-2065
-2396
-2828
-2469
-1137
219
722
805
1171
1783
2442
3348
3888
4236
4483
4437
4780
5532
6254
6709
6539
5627
5414
5834
6334
6645
6425
6077
5830
5637
5365
5872
6229
6137
5523
4819
4725
5143
5577
5179
4272
1576
-620
-192
2030
3701
2044
-1306
-3273
-4071
-5482
-5555
-3701
-2124
-3663
-8385
-11522
-10644
-8338
-7092
-6649
-7246
-8899
-10665
-11513
-10136
-7769
-6496
-6262
-6702
-7548
-7471
-6056
-4700
-3530
-2876
-2571
-1989
-1644
-903
424
1235
1216
1631
2729
3648
3819
3462
3491
3995
4403
4587
4699
4305
3641
3006
2529
2575
2854
2775
2198
1011
-431
-1208
-1724
-1539
-632
-314
-869
-2024
-3068
-3297
-3017
-2778
-1929
-1034
-1052
-1365
-1524
-1413
-678
160
918
1810
1776
1356
1537
2085
3007
3875
4247
4499
4572
4349
4499
4873
5263
5846
6265
6392
6218
6042
6030
6180
6334
6388
6560
6480
6164
5975
5799
5486
5163
4895
4759
3284
651
40
2015
3651
2139
-1291
-3323
-3801
-5276
-6296
-4336
-1996
-3278
-8044
-11601
-11482
-9840
-8732
-7417
-6412
-7964
-10988
-12573
-11208
-8479
-6753
-6460
-6678
-7114
-7468
-6696
-5359
-3697
-2393
-2143
-2368
-2278
-1476
-264
639
962
1647
2325
2418
2272
2555
3176
3396
3290
3184
3484
3317
2620
2448
2501
2637
2376
1824
1266
795
351
-18
69
110
389
112
-839
-1546
-1567
-1146
-703
-367
-428
-283
-510
-775
-559
-175
283
841
1245
1285
1418
1390
1794
2400
2648
2870
3186
3496
3790
4041
4019
4233
4472
4723
5108
5224
5223
5361
5369
5268
5341
5472
5491
5293
5087
5154
5228
4820
4305
4073
4150
4155
3088
503
-986
535
2720
2158
-1455
-3727
-3269
-3668
-5969
-6043
-3388
-3293
-7537
-11500
-10266
-7046
-6863
-8587
-9094
-9178
-10553
-11390
-9898
-7041
-6017
-7135
-8123
-8081
-7291
-6159
-4857
-3794
-2855
-2517
-2775
-2395
-1172
222
797
519
898
2123
2652
2406
2759
3740
4241
3748
3277
3676
3985
3603
3543
4368
4879
4180
2799
2157
2481
2841
3065
2868
2257
1471
969
709
732
1188
1445
1133
48
-490
-60
591
588
299
561
532
160
-124
477
1279
1380
951
883
1362
1741
2138
2574
3174
3421
3395
3248
3108
3287
4001
4609
4529
4199
4128
4048
3828
4299
4994
5111
4107
3322
3476
3406
3132
3194
3554
3537
3020
2310
738
-1378
-1201
1504
2498
-418
-3557
-3846
-3064
-4048
-4904
-3071
-2224
-5290
-9161
-9293
-6631
-5479
-6360
-6900
-7020
-8587
-10073
-9033
-6420
-5174
-6288
-7591
-7593
-6477
-5349
-4347
-3419
-3124
-3245
-3735
-3726
-2437
-443
591
176
-356
-180
517
711
1022
2237
3164
2991
2221
2080
2517
2775
2953
3696
4480
3885
2768
2304
2830
3533
3608
3466
3203
2612
1540
1444
2317
2927
2510
1412
594
223
366
515
1244
1398
438
-682
-1317
-765
-109
282
315
422
231
-138
-1
517
1634
2116
1958
1695
1839
2472
3256
3648
3365
3283
2991
3056
3403
3584
3597
3455
3315
2897
2861
2652
2782
2866
2560
2333
1817
1384
1008
1612
1949
1315
-653
-2356
-1195
595
555
-1749
-3487
-3274
-2786
-3692
-4036
-2535
-2948
-5873
-8269
-6990
-4040
-3746
-5488
-6514
-6515
-7437
-7622
-5709
-3453
-3352
-5519
-6539
-5597
-4056
-3229
-2604
-2177
-2585
-3308
-3567
-2386
-852
-156
-495
-938
-856
-454
0
207
922
1660
1633
1195
1261
2179
2974
2797
2308
2704
3217
3150
3045
3221
3920
4240
3870
3715
3681
3482
3534
3826
3393
3205
3140
2799
2626
1908
1549
1790
1691
1109
1160
737
-46
-150
-341
17
268
52
-126
-98
-444
-203
511
539
845
733
474
581
810
1098
1457
1503
1256
1427
1177
1132
1334
1039
613
505
692
995
1342
762
530
308
10
251
105
187
566
1100
902
292
-1226
-2078
-653
795
850
-1016
-2433
-1944
-1289
-2402
-2720
-1291
-1513
-3638
-5562
-4309
-1756
-1842
-3716
-4376
-4202
-4988
-5004
-3582
-1884
-2119
-4203
-5003
-4002
-3104
-2953
-2561
-2321
-2470
-3191
-3813
-2819
-1476
-1157
-1482
-1726
-1502
-917
-744
-534
415
995
912
856
1330
2213
2742
2686
3097
4003
4143
3792
3999
4838
5549
5117
4489
4906
5510
5469
4946
5120
5575
5599
4423
3379
3708
4054
4247
3599
2902
2399
1899
1225
1266
1813
1531
1065
61
-275
-287
-450
-602
-306
-245
-667
-775
-990
-631
-581
-828
-1167
-1200
-1807
-2021
-2036
-2048
-1403
-1959
-2348
-2466
-1913
-1548
-1450
-1508
-1625
-1374
-1589
-1322
-633
-419
-669
-547
-85
571
849
878
595
617
-113
-682
720
2452
3082
829
-1722
-1662
293
543
-13
742
448
-1424
-3950
-3363
-490
-79
-2297
-3622
-3213
-3654
-4107
-3717
-2413
-2354
-4623
-5963
-5312
-3754
-3276
-3428
-3903
-4434
-4372
-4415
-3350
-1958
-1285
-1682
-2502
-2423
-1502
-133
349
1173
2118
2058
1770
1767
3082
4360
4576
4496
5119
5690
5246
5026
5467
6415
6442
5795
5687
5761
5706
5185
5066
5210
4813
3837
3279
3210
3064
2731
1748
1440
1169
123
-495
-498
-518
-878
-1812
-2754
-2668
-2857
-3266
-3259
-3408
-3776
-4166
-4681
-4783
-4188
-4170
-4282
-4102
-4001
-3730
-3665
-3808
-3470
-3083
-2824
-2084
-1117
-1148
-1062
-619
-531
46
486
1455
2222
2178
1890
2213
2298
2256
3023
3285
3406
3391
3518
3195
2720
1690
1408
2342
3058
2934
873
-802
-387
1047
268
-884
-649
-1192
-3006
-4538
-3181
-1148
-1855
-4328
-4833
-4069
-4466
-4521
-3678
-2890
-3384
-4833
-4869
-3268
-2125
-2097
-2010
-1997
-1960
-1696
-1351
9
1193
1013
467
557
1354
2257
2713
2942
3521
3641
3119
3228
4059
4963
5032
4262
4183
4878
5206
4853
4941
5302
5070
4252
3508
3953
4405
3922
3234
2910
2566
1996
1652
1699
1838
1136
-154
-1252
-1506
-1093
-1170
-1850
-2890
-3655
-3868
-4022
-4092
-3954
-4175
-5008
-5504
-5379
-4695
-4060
-4050
-4188
-4242
-4249
-3800
-2702
-1833
-1438
-1463
-1399
-733
-22
320
835
1474
1815
2086
2291
2874
3243
2933
2481
2384
2551
2979
3156
2557
2116
1902
1918
1338
596
604
970
762
-70
-468
-565
-722
-1737
-1869
-880
-404
-1035
-2543
-2895
-1814
-1093
-1833
-1956
-1441
-1843
-2713
-2736
-997
0
-1168
-2258
-1551
-832
-1209
-1030
-165
293
-533
-1272
-318
903
974
336
173
354
414
364
474
1169
1426
873
489
567
894
1095
1035
945
1051
899
588
781
1126
1335
1063
552
650
1211
1330
1071
1086
1223
1085
618
493
859
968
556
204
189
-24
-488
-648
-480
-474
-932
-1457
-1855
-1980
-2253
-2583
-2177
-1906
-2048
-2509
-2823
-2820
-2618
-2536
-2506
-1895
-1900
-2038
-1831
-1370
-802
-754
-1033
-1051
-333
-4
301
575
514
752
647
554
766
984
738
685
1022
1033
1119
587
436
564
140
57
433
804
361
113
-152
-80
311
631
1162
1172
809
660
1150
1266
1785
2336
2533
2274
1438
1752
3181
4223
3327
2072
2068
3173
3432
2672
3091
3518
2539
904
974
2484
2574
1321
416
690
455
-387
-337
22
-33
-966
-1447
-1154
-922
-1160
-1609
-1593
-1617
-1774
-2019
-1856
-1323
-1255
-1695
-2095
-1893
-1521
-1459
-1517
-1314
-844
-948
-1293
-1096
-367
179
-32
-159
154
599
641
606
1091
1439
1442
1331
1577
1993
2105
2040
1988
2144
2052
1940
2038
2206
2277
1882
1266
828
1021
1190
866
269
-559
-947
-1085
-1313
-1378
-1691
-2460
-3157
-3399
-3471
-3368
-3570
-4227
-4532
-4661
-4561
-4296
-4125
-4225
-4406
-4560
-4325
-3431
-2867
-2559
-2440
-2355
-2079
-1488
-683
-43
645
915
1053
1421
1930
2617
3149
3286
3451
3770
3828
4058
4544
4661
4541
4534
4270
4118
4295
4387
4178
3844
3601
3431
3093
2626
2964
2538
1356
1389
2203
2153
444
-501
99
484
-346
-827
-135
-534
-1878
-2681
-2131
-1549
-2052
-2679
-2896
-2927
-3643
-3919
-3397
-3081
-3409
-4261
-4325
-3716
-3401
-3659
-3664
-3187
-3096
-3118
-3000
-2420
-1711
-1601
-1534
-1175
-571
-239
-43
331
961
1564
1515
1651
2130
2552
2555
2374
2713
3230
3356
2945
2827
3036
2949
2662
2325
2192
2113
1723
1305
1070
813
348
-75
-357
-628
-973
-1574
-1856
-1859
-1928
-2159
-2503
-2611
-2700
-2856
-3131
-2972
-2685
-2850
-2969
-2895
-2520
-2443
-2606
-2496
-2130
-1809
-1800
-1448
-1226
-1331
-1231
-820
-214
7
32
192
665
874
871
1332
1695
1788
1651
1728
2220
2634
2635
2343
2446
2527
2408
2328
2469
2839
2647
2185
1933
2022
1873
1638
1702
1636
1475
1056
860
796
685
470
301
50
-70
139
74
-286
-759
-636
-308
-236
-754
-1182
-960
-494
-522
-1183
-1066
-709
-722
-1247
-1130
-240
-205
-916
-1197
-474
-261
-616
-528
39
194
-446
-654
-125
395
410
181
109
118
212
324
430
643
648
390
154
294
582
626
489
442
596
499
379
627
902
748
398
380
741
1021
946
825
880
798
596
678
909
1094
836
542
584
671
612
394
376
315
273
151
53
50
-44
-126
-512
-759
-744
-523
-408
-653
-786
-900
-1012
-1107
-930
-810
-1015
-1197
-1327
-1116
-1167
-1456
-1520
-1499
-1475
-1601
-1576
-1586
-1548
-1646
-1870
-1872
-1937
-1915
-1804
-1635
-1545
-1553
-1603
-1558
-1323
-1223
-1165
-917
-639
-509
-427
-263
86
383
396
533
1000
1310
1358
1375
1418
1717
1998
2001
2080
2189
2161
2186
2386
2395
2237
2235
2150
2159
2091
2014
1949
1415
1256
1739
1889
1117
367
591
938
508
-78
173
272
-495
-1055
-761
-395
-1045
-1787
-1765
-1424
-1494
-1928
-1922
-1903
-2113
-2325
-2089
-1499
-1206
-1324
-1714
-1568
-1054
-733
-618
-590
-389
-232
-197
-15
475
768
601
552
856
1190
1220
1193
1424
1690
1649
1390
1402
1652
1750
1696
1638
1715
1731
1513
1318
1357
1543
1528
1296
1014
799
618
382
207
3
-253
-555
-903
-1144
-1309
-1450
-1679
-1932
-2302
-2751
-2832
-2759
-2774
-3048
-3278
-3279
-3312
-3367
-3438
-3135
-2963
-2968
-2708
-2514
-2325
-2211
-1879
-1475
-1147
-915
-771
-449
-288
46
332
481
607
729
962
1083
1331
1453
1446
1396
1463
1629
1672
1626
1588
1626
1542
1461
1442
1468
1497
1459
1413
1478
1413
1239
1250
1318
1385
1347
1238
1310
1367
1211
1199
1296
1314
1274
1249
1182
1143
1278
1344
1325
1162
940
878
1127
1286
1068
800
723
988
947
567
594
842
548
87
234
622
549
102
55
232
0
-302
-233
-1
-65
-309
-345
-441
-578
-606
-649
-701
-800
-858
-928
-1002
-1071
-1064
-1133
-1206
-1139
-1273
-1344
-1284
-1116
-994
-1072
-1073
-991
-882
-928
-826
-569
-412
-357
-403
-259
-67
49
80
145
310
360
350
437
631
642
506
324
287
382
369
252
69
-71
-227
-384
-563
-643
-805
-1073
-1277
-1356
-1415
-1676
-1753
-1607
-1575
-1945
-2136
-1873
-1727
-1750
-1819
-1639
-1532
-1708
-1664
-1322
-1001
-973
-1001
-860
-639
-383
-186
26
264
500
578
528
690
1022
1325
1338
1353
1528
1617
1677
1756
1925
1991
1907
1836
1879
1967
1969
2008
1989
1830
1631
1475
1516
1648
1588
1324
1062
976
899
803
729
712
582
288
123
143
227
79
-146
-276
-307
-278
-278
-300
-329
-378
-581
-773
-682
-325
-205
-595
-979
-775
-359
-297
-349
-256
-228
-539
-771
-478
-29
51
-232
-382
-226
-36
25
114
250
270
151
30
271
635
704
518
280
330
411
384
457
586
596
217
-128
-111
105
235
52
-143
-312
-470
-549
-487
-390
-462
-694
-1014
-1096
-997
-890
-849
-907
-887
-887
-904
-863
-674
-450
-417
-508
-525
-319
-132
-7
79
130
145
-12
-39
177
403
404
265
192
150
69
-12
30
139
101
-132
-332
-311
-206
-194
-318
-552
-655
-681
-745
-720
-579
-540
-723
-893
-822
-552
-497
-558
-555
-548
-544
-491
-338
-233
-226
-354
-345
-206
-56
18
-69
-111
-36
105
157
147
169
260
307
213
219
323
405
522
648
725
722
602
524
778
1096
1145
1079
1039
1136
1257
1278
1353
1529
1536
1345
1254
1369
1528
1530
1404
1365
1354
1168
1048
1126
1187
991
713
626
690
628
412
289
209
148
11
-112
-184
-215
-208
-237
-160
-159
-261
-401
-484
-359
-184
-101
-114
-173
-204
-224
-272
-272
-128
54
0
-187
-255
-190
-106
-96
-65
-33
-162
-292
-280
-143
-93
-217
-349
-407
-423
-534
-537
-484
-452
-583
-835
-936
-973
-998
-1087
-1107
-1135
-1252
-1393
-1491
-1464
-1510
-1611
-1709
-1760
-1740
-1856
-1948
-1919
-1843
-1787
-1846
-1883
-1908
-1906
-1904
-1845
-1669
-1496
-1497
-1520
-1295
-1111
-1017
-919
-719
-465
-363
-221
36
254
378
586
813
907
984
1152
1430
1603
1748
1880
1939
1937
1908
2049
2155
2182
2129
2045
1967
1823
1711
1630
1556
1442
1316
1139
968
849
712
530
437
422
276
47
-95
-63
-73
-220
-331
-348
-384
-392
-354
-308
-348
-430
-309
-177
-121
-93
-29
-33
-130
-112
48
230
268
268
321
337
297
362
477
545
572
535
516
524
631
754
739
543
392
450
552
596
552
537
525
406
279
250
306
249
162
157
131
66
-78
-147
-185
-230
-266
-303
-291
-374
-430
-475
-484
-506
-635
-682
-679
-684
-751
-785
-773
-834
-885
-858
-744
-649
-690
-769
-735
-595
-461
-367
-317
-335
-388
-396
-268
-52
89
51
-10
-45
-27
73
194
347
322
153
60
134
298
341
242
109
39
-53
-154
-141
-88
-61
-91
-194
-290
-331
-315
-284
-272
-252
-218
-201
-231
-230
-126
25
93
63
-17
-45
20
82
231
374
389
298
219
341
475
531
523
429
331
348
496
612
596
482
441
453
449
566
720
747
666
552
580
634
631
634
583
501
412
443
551
560
403
231
182
211
235
237
269
233
84
-85
-146
-19
73
-54
-243
-332
-286
-263
-261
-282
-323
-369
-431
-377
-287
-202
-218
-296
-327
-267
-117
-62
-52
-60
-34
52
169
315
420
470
510
567
575
608
706
762
771
697
631
641
618
574
520
456
379
265
147
35
-44
-132
-289
-431
-552
-635
-703
-816
-945
-1070
-1183
-1233
-1214
-1218
-1214
-1275
-1372
-1425
-1427
-1347
-1259
-1208
-1230
-1219
-1184
-1112
-1009
-916
-850
-866
-839
-777
-635
-467
-391
-405
-486
-462
-305
-114
-12
0
-22
-31
21
46
87
111
77
59
101
158
193
198
154
111
64
38
10
-18
-43
-43
-53
-128
-243
-327
-304
-305
-351
-373
-326
-292
-333
-418
-430
-360
-343
-347
-302
-158
-62
-34
-1
55
125
170
300
463
579
620
664
789
947
1044
1089
1157
1258
1364
1406
1466
1638
1764
1726
1675
1707
1788
1828
1824
1859
1868
1834
1718
1604
1569
1543
1513
1403
1278
1135
1021
918
814
744
633
482
278
140
56
-8
-114
-270
-384
-503
-601
-658
-713
-777
-858
-983
-1020
-976
-948
-1002
-1111
-1148
-1150
-1131
-1101
-1062
-1044
-1039
-1050
-1024
-953
-901
-823
-751
-697
-666
-624
-512
-390
-339
-394
-423
-357
-283
-251
-245
-204
-178
-203
-272
-293
-240
-228
-225
-259
-242
-202
-180
-151
-172
-190
-217
-214
-158
-56
-22
-50
-50
-34
17
12
8
84
161
219
233
226
247
252
260
294
281
244
208
194
235
265
249
207
214
254
261
308
366
356
292
237
275
384
447
447
383
320
263
233
298
382
422
355
284
279
277
241
184
186
233
190
120
126
121
80
21
9
46
52
37
34
5
-8
15
25
-15
-76
-79
-54
-35
-50
-102
-181
-250
-257
-217
-197
-266
-364
-396
-352
-310
-331
-333
-395
-517
-565
-525
-400
-347
-415
-504
-527
-513
-493
-460
-441
-444
-489
-539
-521
-427
-379
-414
-494
-517
-512
-501
-456
-391
-341
-388
-395
-356
-294
-231
-200
-171
-145
-159
-172
-127
-60
-7
-47
-76
-66
-48
-55
-98
-111
-72
-25
-12
9
-2
-50
-123
-155
-64
57
58
-42
-144
-144
-57
-9
29
68
108
88
64
147
256
324
315
291
291
326
396
472
504
441
362
336
369
396
365
382
446
442
346
238
228
253
196
120
99
86
-14
-103
-114
-91
-104
-208
-257
-303
-361
-387
-352
-294
-310
-350
-400
-374
-337
-335
-317
-306
-272
-236
-183
-150
-101
-49
-40
-30
-10
56
126
174
205
219
201
168
173
233
293
310
317
335
337
320
354
421
488
492
425
373
383
455
546
623
641
621
582
561
591
647
687
662
626
613
600
573
549
533
458
350
263
224
217
176
132
86
18
-81
-159
-203
-216
-220
-262
-259
-278
-341
-367
-370
-349
-322
-306
-292
-278
-236
-152
-89
-37
32
66
79
101
157
250
346
403
431
446
433
450
465
480
513
508
492
481
444
357
261
210
188
184
136
33
-46
-126
-225
-309
-337
-379
-503
-625
-690
-680
-666
-673
-696
-711
-734
-809
-808
-745
-685
-667
-647
-612
-610
-535
-436
-346
-275
-213
-114
-15
100
223
298
284
289
385
457
487
524
570
606
616
639
697
725
712
669
639
666
691
699
691
653
573
503
486
498
488
443
370
297
262
267
297
277
239
173
81
31
28
38
47
33
-1
-75
-156
-193
-206
-192
-231
-284
-329
-301
-268
-285
-295
-342
-384
-403
-380
-374
-381
-393
-392
-359
-353
-348
-353
-374
-406
-413
-392
-381
-377
-389
-401
-433
-470
-474
-449
-423
-454
-471
-448
-462
-493
-490
-467
-483
-476
-441
-435
-425
-397
-364
-319
-293
-291
-282
-263
-213
-173
-164
-158
-143
-113
-96
-95
-46
5
25
37
78
125
131
120
115
143
156
154
187
191
147
129
131
135
142
150
121
53
27
17
46
56
23
-20
-91
-125
-133
-141
-141
-149
-169
-168
-183
-185
-154
-123
-82
-63
-45
2
53
65
90
128
145
190
243
262
264
291
331
372
452
483
427
358
334
381
446
451
414
369
298
253
280
327
334
287
206
159
158
181
180
136
97
22
-71
-130
-152
-181
-226
-255
-278
-276
-318
-404
-445
-465
-459
-467
-476
-486
-518
-555
-573
-554
-545
-556
-562
-558
-559
-539
-529
-510
-496
-496
-489
-513
-512
-491
-444
-385
-306
-220
-158
-138
-143
-94
8
115
152
184
218
266
337
420
502
543
554
535
558
634
715
754
743
681
606
585
602
611
564
473
417
432
426
377
324
269
201
133
88
74
50
-3
-50
-69
-77
-108
-130
-117
-120
-148
-172
-189
-180
-173
-176
-144
-131
-138
-145
-122
-65
-14
29
43
41
48
66
145
235
277
295
318
339
357
405
441
447
462
455
439
435
415
409
409
393
327
220
165
144
135
100
47
3
-66
-107
-127
-113
-89
-110
-125
-158
-178
-181
-187
-173
-176
-212
-235
-227
-207
-210
-221
-196
-175
-162
-149
-113
-65
-61
-29
0
21
71
99
147
198
235
256
288
353
416
499
554
557
554
557
589
624
646
646
601
547
520
544
566
539
466
388
340
307
305
304
255
155
91
54
29
-6
-76
-111
-166
-216
-229
-217
-227
-283
-359
-432
-483
-526
-551
-571
-601
-639
-657
-665
-674
-687
-685
-663
-629
-590
-588
-590
-545
-478
-475
-476
-456
-433
-423
-404
-370
-353
-340
-358
-335
-283
-259
-277
-326
-373
-369
-320
-274
-248
-274
-313
-326
-289
-227
-207
-235
-279
-300
-271
-213
-179
-197
-242
-282
-271
-222
-177
-150
-160
-182
-203
-208
-206
-208
-195
-194
-195
-178
-164
-153
-157
-150
-143
-119
-61
-24
-12
13
45
61
90
138
179
215
267
308
331
362
388
393
406
422
442
482
483
472
495
532
556
545
513
505
509
486
463
460
462
451
427
421
409
379
329
273
243
210
192
171
137
88
20
-18
-14
10
0
-16
-15
-3
-18
-27
-11
-24
-50
-78
-48
0
0
3
5
-16
-38
-51
-7
40
59
58
48
38
8
5
2
-11
-32
-79
-119
-114
-84
-75
-96
-134
-152
-163
-192
-196
-193
-247
-308
-333
-326
-322
-320
-305
-324
-346
-367
-379
-366
-358
-332
-310
-310
-296
-273
-248
-210
-153
-112
-87
-75
-54
-10
19
56
80
112
164
227
292
356
406
406
420
437
434
442
456
494
512
497
487
463
427
395
372
340
310
278
237
208
194
170
134
95
32
-50
-108
-109
-101
-125
-160
-188
-226
-277
-293
-265
-246
-250
-243
-209
-147
-108
-86
-59
-3
43
75
125
156
188
213
252
309
373
412
430
482
502
515
549
560
549
537
520
515
529
506
469
424
374
339
296
269
225
181
123
52
17
-7
-39
-79
-121
-180
-234
-293
-331
-354
-385
-424
-468
-507
-526
-549
-573
-575
-600
-610
-616
-602
-583
-591
-598
-582
-539
-523
-501
-454
-422
-385
-357
-347
-313
-280
-240
-186
-144
-125
-109
-58
-47
-57
-52
-63
-50
-31
-4
18
26
25
20
41
50
59
57
31
24
22
-14
-43
-53
-70
-79
-99
-117
-130
-158
-181
-193
-201
-205
-227
-255
-266
-267
-270
-260
-243
-239
-231
-233
-210
-179
-163
-174
-169
-135
-120
-100
-87
-58
-46
-59
-65
-43
0
11
20
46
78
83
90
137
176
200
202
192
201
222
261
276
285
290
276
286
292
347
395
427
452
450
460
483
518
501
466
430
411
424
456
493
478
460
437
429
458
488
498
476
435
394
382
373
334
300
277
244
203
183
177
165
143
100
56
0
-48
-85
-121
-146
-174
-203
-243
-279
-301
-281
-261
-267
-279
-323
-337
-308
-301
-301
-317
-361
-385
-382
-374
-351
-343
-358
-352
-333
-319
-295
-279
-291
-308
-317
-303
-271
-249
-222
-191
-176
-173
-166
-134
-102
-93
-82
-71
-76
-79
-68
-69
-74
-85
-100
-128
-159
-178
-178
-170
-186
-207
-233
-239
-250
-264
-270
-310
-357
-403
-409
-381
-359
-345
-331
-316
-317
-291
-234
-201
-148
-98
-65
-27
-18
19
72
108
156
189
221
283
336
386
444
470
501
535
570
616
644
665
679
682
683
681
681
684
680
688
689
663
643
603
548
503
461
413
354
327
286
239
209
148
93
55
17
-2
-35
-66
-80
-77
-90
-117
-145
-167
-159
-166
-165
-158
-170
-174
-172
-150
-125
-120
-117
-120
-121
-108
-103
-84
-84
-82
-67
-70
-44
-19
-8
-1
-17
-17
4
4
31
52
31
26
28
44
50
10
-20
-34
-55
-69
-95
-107
-122
-148
-164
-179
-198
-218
-219
-219
-214
-220
-232
-246
-260
-268
-290
-305
-307
-326
-357
-375
-361
-331
-319
-333
-347
-371
-401
-397
-402
-409
-403
-414
-444
-453
-429
-410
-389
-371
-347
-327
-311
-276
-249
-242
-224
-193
-169
-132
-94
-59
-25
-3
38
91
158
220
249
270
286
337
365
354
381
412
450
484
506
516
513
498
484
488
467
445
421
390
365
349
330
293
250
235
236
213
206
207
181
141
106
78
60
55
74
83
63
26
-12
-32
-53
-67
-72
-86
-85
-74
-67
-61
-47
-13
-9
-15
2
-3
-16
-20
-27
-13
16
41
82
111
115
144
157
149
135
132
139
140
149
144
130
123
121
126
135
112
99
82
59
56
33
17
-30
-60
-58
-55
-56
-58
-75
-127
-161
-194
-206
-215
-254
-286
-332
-350
-352
-378
-390
-408
-415
-432
-457
-430
-411
-423
-445
-472
-473
-441
-398
-364
-337
-316
-288
-273
-235
-188
-168
-154
-162
-157
-136
-99
-52
-7
35
63
84
107
146
193
238
241
235
251
243
262
298
320
320
318
327
345
367
378
375
352
326
286
270
280
270
244
210
181
169
159
148
142
121
107
69
49
53
48
45
30
5
-15
-14
-8
8
10
-6
-15
-13
-3
-2
-8
-7
6
-5
-9
25
65
91
98
98
124
163
179
190
192
168
159
148
164
187
187
174
126
92
94
108
113
109
85
54
22
18
21
4
-12
-37
-79
-113
-119
-128
-128
-155
-186
-196
-197
-187
-192
-200
-203
-217
-220
-226
-225
-190
-176
-166
-164
-158
-135
-136
-113
-94
-97
-93
-95
-108
-92
-85
-90
-95
-127
-139
-157
-175
-173
-171
-173
-176
-178
-173
-174
-204
-231
-253
-282
-289
-278
-270
-285
-299
-310
-318
-304
-282
-262
-243
-235
-248
-255
-235
-206
-217
-235
-234
-216
-193
-178
-147
-118
-96
-77
-68
-24
39
87
125
159
184
212
228
232
235
236
243
258
291
329
348
342
331
327
326
338
350
355
356
335
306
321
320
319
315
304
306
289
296
308
308
294
268
225
210
204
204
182
132
123
95
80
79
85
73
48
38
30
43
57
52
36
31
8
0
-7
-30
-24
-48
-67
-72
-70
-68
-72
-79
-82
-108
-151
-149
-138
-126
-129
-131
-108
-110
-95
-91
-104
-110
-136
-145
-148
-145
-133
-149
-181
-199
-203
-198
-171
-168
-155
-132
-138
-144
-145
-154
-177
-207
-235
-276
-311
-323
-335
-336
-332
-320
-294
-269
-248
-234
-229
-206
-194
-195
-184
-175
-148
-147
-147
-125
-101
-77
-55
-36
-12
-2
-2
18
34
58
79
74
61
67
86
101
118
138
138
134
135
139
151
138
134
129
116
121
117
106
91
83
66
59
60
59
75
81
86
100
110
116
122
130
129
110
106
109
108
126
118
100
112
129
134
136
131
124
132
133
140
175
197
206
211
218
235
246
273
292
288
288
283
279
291
299
279
264
247
235
221
222
230
201
174
137
111
101
86
74
51
30
7
-28
-59
-64
-70
-106
-154
-187
-190
-183
-193
-218
-239
-258
-279
-280
-267
-275
-283
-286
-275
-265
-264
-257
-264
-272
-267
-255
-256
-251
-252
-255
-230
-216
-212
-193
-169
-180
-197
-211
-221
-221
-224
-220
-205
-178
-162
-152
-140
-148
-152
-146
-122
-115
-112
-109
-135
-133
-117
-110
-108
-85
-50
-30
5
52
82
112
140
151
166
147
145
161
159
159
163
169
160
164
171
176
171
184
198
199
213
216
210
192
170
145
149
135
108
126
124
119
129
127
129
130
122
112
90
77
92
94
85
84
68
39
35
49
70
72
55
50
49
68
88
102
103
94
88
76
83
94
104
109
109
116
126
149
154
139
124
122
117
112
124
121
111
106
82
78
86
92
89
61
43
30
13
-10
-37
-60
-70
-75
-107
-147
-163
-151
-147
-160
-170
-183
-198
-204
-214
-226
-241
-256
-255
-259
-265
-256
-237
-223
-214
-215
-204
-184
-165
-134
-128
-119
-104
-97
-97
-86
-77
-79
-73
-72
-52
-24
0
13
30
56
65
77
95
121
133
126
124
104
98
96
81
62
46
33
26
50
48
38
24
6
-6
-22
-32
-68
-102
-119
-122
-129
-130
-139
-141
-137
-147
-122
-117
-114
-109
-122
-119
-118
-94
-62
-46
-27
-9
6
26
48
77
82
88
86
63
67
81
102
119
124
118
116
119
127
154
161
143
123
118
132
155
148
132
106
76
59
61
65
46
26
-4
-28
-35
-29
-37
-70
-95
-103
-98
-99
-95
-95
-108
-126
-132
-129
-124
-119
-117
-122
-138
-148
-155
-149
-144
-149
-137
-134
-127
-115
-115
-97
-101
-108
-105
-99
-85
-80
-67
-57
-45
-27
-18
-19
0
5
9
38
56
71
77
76
66
75
79
85
80
61
64
69
74
74
71
58
34
27
35
28
22
14
0
-14
-14
5
6
-5
-15
-30
-49
-62
-66
-73
-91
-84
-60
-59
-48
-9
-3
0
9
-10
-3
15
34
51
50
52
59
64
63
78
86
95
