58
77
80
94
102
95
117
124
128
123
157
170
168
187
195
204
200
204
193
196
207
221
219
216
229
225
226
229
246
233
222
224
225
235
217
202
205
216
215
221
235
233
213
211
218
220
218
216
207
192
190
190
189
201
212
208
222
240
224
213
209
180
165
153
149
149
153
135
117
128
121
123
118
119
111
98
96
83
79
65
58
47
39
34
24
19
38
41
23
23
17
14
27
19
-18
-27
-30
-55
-62
-52
-52
-53
-43
-55
-62
-55
-45
-42
-47
-35
-17
-20
-14
-14
-16
-35
-45
-42
-54
-52
-91
-86
-78
-95
-73
-52
-54
-90
-105
-121
-130
-142
-139
-148
-143
-117
-125
-115
-120
-109
-121
-180
-134
-112
-174
-145
-145
-156
-151
-129
-76
-77
-36
-4
-66
-98
-65
-130
-155
-99
-84
-124
-156
-98
-102
-185
-221
-218
-203
-227
-271
-254
-267
-451
-636
-382
-179
-364
-296
-161
-302
-433
-347
-117
-97
-263
-190
-74
-189
-256
-166
-99
-149
-230
-93
-124
-327
-208
-160
-87
-305
-311
342
-25
-485
-25
21
-316
-423
66
220
-575
-342
247
-271
-320
4
-7
-91
-273
-124
-232
-427
-167
-379
-308
133
-266
-305
86
-205
-178
-49
-216
28
20
-139
56
-31
-116
-57
-122
156
189
-204
-206
-126
-399
-392
-269
-181
192
21
-36
207
-170
-193
82
92
283
60
-53
254
-65
-46
303
265
342
234
438
677
-106
92
759
-22
32
517
268
213
-83
287
446
-413
33
361
-61
386
-122
-488
508
-145
-335
522
97
52
-357
-360
472
-304
-968
134
869
267
-27
391
612
-309
-1255
336
1703
109
-47
1092
664
118
-100
879
1620
468
818
1633
597
382
199
194
1035
812
738
766
446
680
-36
-280
678
-165
-463
234
-189
-77
59
-351
-206
-256
-147
-127
-479
-190
-287
-312
-524
-396
55
-451
-261
-142
-104
1
-695
-351
54
-480
-99
69
-63
477
275
357
455
28
575
180
-27
939
283
-3
540
154
480
362
-172
587
129
-227
281
-573
-321
555
-576
-212
672
-615
-112
175
-265
27
-443
-145
-257
-431
194
-123
-686
298
172
-769
238
213
-650
-78
314
-790
-208
495
-96
173
-96
600
334
-489
827
342
-252
440
38
248
357
-79
190
-240
-182
414
-359
-17
203
-459
43
93
245
-74
-157
498
-25
418
596
-782
-298
-226
-415
218
-246
350
-411
-558
271
-1315
-108
440
-1331
192
438
10
-9
-1253
489
640
-1427
-43
1665
425
-1440
-483
1354
-485
-844
1522
625
-669
543
769
-768
43
1449
-669
-2162
1532
1405
-1882
327
995
-520
-860
231
939
-1011
-264
366
-2074
-486
927
-1275
-1477
-616
180
-524
-1087
889
-187
-1058
123
-669
512
557
-528
573
122
180
73
-431
728
-60
358
1255
-692
182
1462
-400
-683
785
629
201
-353
205
505
-871
535
-111
-807
973
-173
-426
-360
84
550
-1174
-773
44
-371
-244
-470
-268
520
-681
-635
-212
135
844
-1039
507
424
-448
666
-1045
633
592
-1029
922
-242
-226
1593
-669
-367
-337
-423
2270
-740
-648
2169
-553
-639
542
287
370
-876
-12
1046
-1010
646
1219
-1343
-156
104
117
20
-111
961
-155
-296
4
7
369
-149
-342
262
633
114
-211
-72
119
-523
-39
523
-595
-121
145
-250
-395
-617
439
1
-562
1157
214
-410
595
56
273
-206
700
1019
-579
-227
236
548
211
271
190
17
-111
101
673
-368
615
401
-730
136
594
852
-735
283
1002
-917
288
283
350
-380
-1727
910
188
-787
600
-722
-646
-564
-542
1268
-540
-1875
186
84
0
378
-340
-271
-724
-51
1483
156
-390
281
376
411
-704
644
1806
84
-819
-39
816
522
964
-234
-1400
-107
412
757
925
273
-644
-886
50
233
-504
-223
308
-306
-978
-862
379
1158
-675
-1416
-566
3
419
146
562
-504
-1224
435
470
-240
-102
446
281
261
262
15
783
-144
-212
575
-16
231
270
897
425
-274
196
-850
106
613
-387
225
-392
-234
174
-492
356
53
-1388
274
501
-1033
285
5
-349
355
-4
400
-545
-1258
632
906
632
-210
-1197
41
180
466
455
-64
-341
-25
371
383
-330
-1129
974
468
49
140
-1169
291
154
386
1282
-399
-829
-370
-85
592
585
250
-372
-358
-452
-196
357
-207
-159
-658
-484
151
-177
136
42
-1172
-1248
-436
-332
256
-756
-1412
-533
-325
-759
-972
-245
-803
-727
-490
-1
-186
-1428
-139
81
-647
-63
-32
-648
-350
262
468
89
-426
-146
-237
-301
556
635
-149
-346
-336
138
636
324
-43
-283
-952
-299
626
231
474
62
-443
-5
181
372
169
-52
246
-18
-381
2
341
370
242
-254
-254
177
439
706
277
-91
226
504
530
739
713
667
626
474
602
588
922
909
752
356
218
780
640
529
556
414
434
364
178
593
389
175
690
222
12
168
268
694
604
-78
116
165
-76
429
30
284
472
232
499
-122
-212
212
221
250
346
256
301
238
134
102
146
397
335
214
-50
27
409
320
189
44
-302
-294
203
241
-46
-177
-334
71
-354
-597
-28
-262
58
-475
-786
194
101
-508
-638
-464
-105
136
-64
218
146
-399
-206
102
313
71
-217
-219
-541
-241
372
295
227
27
-426
-718
-776
262
485
-182
-263
-752
-266
-96
-701
32
-232
-872
111
-536
-770
-365
-747
84
-486
-863
-298
-547
-475
-346
-445
-155
-540
-679
-134
-461
-602
-651
-198
-39
-348
-626
-520
-225
-769
-206
-144
-762
-449
-530
-502
-264
-164
-293
-523
-816
-433
-32
-946
-224
107
-829
163
-15
-292
277
-821
-101
433
-57
598
-633
-493
425
-136
-114
-38
35
23
-202
-466
-96
-221
109
537
-519
-579
-562
-202
356
-320
178
83
-487
-39
-226
-50
-233
-198
991
569
-299
349
-107
-104
866
635
927
-261
-690
971
648
543
655
168
437
-154
-252
1147
187
-234
753
-596
-331
511
197
378
-281
-78
-41
-1155
226
1347
-370
-375
9
-1033
-121
82
-88
559
-689
-293
-55
-605
624
-50
-413
500
20
-438
-10
391
432
320
392
141
-789
78
1254
661
228
-65
-118
-33
-92
473
552
371
263
-784
-520
621
20
193
1019
58
-270
-395
-245
767
684
338
176
-71
-615
12
907
1185
501
-415
82
-325
-715
508
1537
725
-49
-276
-134
-72
210
1372
830
153
-40
10
600
777
1048
1015
655
374
360
622
819
1356
786
-36
842
552
390
749
665
1251
1071
536
225
498
622
543
351
444
1262
437
54
701
498
362
429
602
681
310
-367
-312
187
454
764
404
-208
-82
-249
-277
198
-221
73
125
-570
-272
-132
221
463
243
-3
-61
-217
40
1093
788
-2
409
-30
-290
407
24
1033
1116
-356
-221
-462
-364
111
329
84
-327
-196
-530
-386
-512
-559
-284
-852
-311
-355
-714
-383
-866
-564
-608
-648
-44
-862
-607
-592
-1268
-436
-380
-200
-562
-874
-355
-234
-335
-204
117
-452
-205
-359
-178
210
-388
220
130
-512
-381
-290
126
144
-811
-361
-87
-1021
-477
-598
-766
200
-636
-1150
-851
-990
-354
-262
-800
-898
-773
-640
-362
-254
-297
-315
-561
-730
-512
-390
-283
90
-327
-525
-176
-416
-230
-7
-225
-582
-467
7
-106
175
-96
-238
-89
-260
-20
-23
120
-6
359
570
39
-150
-187
-529
-242
340
614
626
-259
-96
-227
-559
-89
-254
-383
-256
-305
-9
123
-177
143
-364
-135
117
-712
-62
-179
-263
226
-222
80
158
-288
-52
-105
-420
27
145
-175
-81
10
-31
193
355
230
680
336
317
695
247
-53
175
581
311
965
1001
774
388
-26
415
-23
90
310
148
-408
283
674
296
528
-144
-146
-674
-648
92
-191
60
317
-115
41
447
129
205
-365
-818
-110
-92
167
824
379
128
137
-86
448
151
-304
269
117
141
421
241
605
400
-46
288
436
353
211
-7
-13
291
418
86
39
266
216
396
240
138
42
-563
-199
343
505
615
374
-79
-54
25
-386
208
640
137
-19
-401
-128
451
144
329
332
-45
154
-86
-231
160
113
187
176
239
402
115
-42
-18
177
-5
293
472
122
198
30
103
245
438
559
217
209
-11
-278
222
144
495
556
-66
419
-58
-345
317
-126
-262
-134
-234
283
148
211
150
-456
-612
-425
-117
-132
-92
-210
-231
-282
257
169
-14
97
-573
-271
-344
-293
44
-39
361
370
87
124
-409
-665
41
-193
-72
125
-349
298
-50
-109
459
-325
-84
-99
-789
-187
285
95
288
-258
-662
-359
-308
169
144
-135
-522
-610
-234
-253
-87
23
-189
-351
-550
-659
-286
-279
-75
9
-537
-379
-551
-612
-313
-137
-5
-3
-42
-189
-321
-574
-161
-67
45
364
2
-233
-63
-57
-19
336
328
305
-122
-134
-85
-98
361
474
605
123
-279
-436
-497
31
241
333
624
116
-404
-257
-205
35
204
84
82
-72
-382
-14
97
-131
88
0
58
78
-19
63
-110
-90
-122
-280
3
52
-27
195
-33
-277
-143
-140
-265
-380
-251
-232
-430
-341
-5
-144
-541
-445
-577
-853
-915
-765
-700
-742
-335
-497
-676
-636
-529
-401
-611
-592
-800
-873
-720
-270
-208
-104
226
-256
-469
-520
-457
-19
264
346
463
126
-124
9
353
724
841
1065
647
339
454
426
777
1186
1165
1143
1110
998
1159
1113
1317
1640
1139
961
1029
946
1372
1638
1465
1329
1472
1430
1527
1512
1349
1137
734
995
854
820
1217
1128
979
573
-65
-342
-529
-662
-665
-996
-1037
-1021
-1202
-1418
-1640
-1855
-2249
-2488
-2678
-2877
-2913
-3012
-2962
-2503
-2315
-2246
-2225
-2564
-2656
-2648
-2581
-2288
-1924
-1627
-1363
-997
-700
-439
-319
-147
145
343
319
424
804
1246
1677
1757
1892
2172
1983
1787
1949
1861
1876
1940
1996
2061
1985
2147
2089
1751
1519
1287
1165
1264
1356
1491
1211
1010
1135
1022
1167
1301
1205
1218
1273
1485
1592
1639
2039
2300
2125
2160
2565
2627
2628
2547
2701
3052
2960
3146
3219
2430
1298
340
-139
355
793
410
-285
-1087
-1876
-2564
-2961
-3320
-3621
-3711
-4208
-4720
-5223
-5902
-5752
-5135
-4403
-4092
-4599
-4969
-4869
-4689
-4258
-3179
-2355
-1931
-1705
-1529
-925
-510
19
634
1090
1463
1353
1473
1938
2357
2756
2979
3022
2817
2260
2028
1688
1207
1182
1042
927
709
2
-719
-981
-1109
-1345
-1714
-1944
-2326
-2696
-2637
-2486
-2308
-2151
-1907
-1806
-1699
-1560
-1212
-771
-395
99
516
1049
1510
1697
2082
2575
3165
3717
3998
4304
4341
4501
4772
4938
5158
5404
5424
5386
5315
4955
4796
4553
4236
3897
3551
3338
3366
3368
3054
1847
-247
-2059
-2836
-2357
-1871
-2148
-3081
-4092
-4931
-5939
-6541
-6469
-6618
-6797
-6995
-7365
-7653
-7926
-7544
-6635
-5696
-5558
-5656
-5643
-5353
-4481
-3555
-2455
-1426
-1049
-1230
-905
-356
257
1135
1826
2427
2680
2394
2432
2866
3467
4010
4095
4276
4203
3631
3389
3159
2865
2583
2065
1894
1473
762
527
448
461
120
-929
-1520
-1952
-2347
-2118
-1841
-1506
-1530
-1794
-1771
-1612
-1566
-1235
-762
-402
-64
106
585
1105
1501
1979
2278
2485
2443
2397
2966
3746
4296
4518
4616
4433
4216
4278
4603
5052
4888
4646
4564
4561
4419
4034
4043
3899
3695
3414
2816
1913
51
-1777
-2582
-1914
-886
-1253
-2336
-3885
-5299
-5978
-6393
-6185
-6061
-6269
-6801
-7533
-7688
-7915
-7567
-6825
-6219
-5998
-6437
-6310
-5603
-4703
-3700
-2706
-2050
-1800
-1745
-1357
-241
1095
1977
2450
2658
2811
3066
3601
4668
5433
5678
5789
5817
5487
5089
4872
4812
4738
4281
3566
2854
2438
1992
1314
254
-861
-1575
-1944
-2276
-2758
-3327
-3577
-3523
-3717
-3836
-4011
-4138
-3843
-3441
-3207
-2994
-2554
-1700
-765
-172
207
529
1241
1855
2224
2846
3439
4050
4623
4953
5276
5716
5843
5808
5793
5676
5789
6014
6243
6218
6029
5635
5186
4829
4229
3818
3685
3831
3577
2565
433
-2000
-3210
-2964
-1619
-1297
-2345
-3986
-5820
-7067
-7750
-7497
-6541
-6183
-6553
-7652
-8560
-8583
-8163
-7122
-6219
-5895
-5801
-5676
-5144
-4113
-3273
-2449
-1590
-1393
-1418
-938
237
1797
2771
2768
2622
2395
2575
3311
4302
5247
5472
5276
4719
4182
3952
3831
3881
3806
3310
2635
2031
1399
700
-177
-1263
-2326
-3215
-3847
-3843
-3587
-3762
-3989
-4739
-5609
-5967
-6092
-5475
-4658
-4164
-3824
-3584
-3379
-2744
-1858
-1236
-683
-194
339
1120
2035
2893
3877
4618
4849
4978
5010
5269
5953
6443
6777
6874
6480
6057
5969
6015
6221
6371
5997
5571
4956
4547
4430
4276
4346
4165
3541
2018
-827
-3160
-3057
-940
1053
325
-1985
-4200
-5787
-6208
-6019
-4499
-3154
-3505
-4893
-6417
-7035
-7151
-6347
-4902
-3997
-3972
-4483
-4317
-3799
-3495
-3170
-2558
-1950
-2023
-2034
-1041
398
1235
917
157
-51
162
893
2043
3209
3604
3128
2623
2206
2311
2840
3460
3877
3436
2597
1977
1779
1592
902
378
-9
-272
-895
-2107
-2439
-2288
-2419
-3162
-4101
-4222
-4030
-3787
-3542
-3406
-3281
-3585
-3843
-3587
-3012
-2155
-1423
-1025
-938
-688
-10
922
1649
2035
2589
3049
3468
3891
4230
4711
5081
5264
5206
5015
5048
5423
5796
6053
6011
5831
5788
5651
5543
5307
5096
5051
5139
4850
4081
2096
-842
-1876
-158
2578
2488
-425
-3007
-4464
-4908
-4871
-3388
-1456
-2002
-4411
-6878
-7859
-7452
-6671
-5087
-3933
-4332
-5482
-5936
-5628
-5416
-5138
-4332
-3193
-3125
-3402
-2622
-1471
-1208
-1856
-2200
-1724
-814
210
1474
2112
1906
1307
899
1208
1901
3189
4206
4155
3374
2254
1892
2230
2617
2904
2504
1656
600
-123
-530
-1253
-1614
-1601
-1783
-2603
-3165
-3052
-3421
-4464
-5131
-4619
-3880
-3674
-3542
-3247
-3155
-3588
-3968
-3402
-2276
-1103
-65
757
1185
1195
1501
2006
2520
3078
3867
4622
4921
5085
5336
5707
5891
6057
6151
6241
6543
6640
6724
6874
6833
6577
6588
6612
6925
6864
5859
4073
1102
-140
1248
4106
5132
2263
-1047
-3066
-3674
-3592
-2385
-352
-863
-4197
-7371
-8175
-7347
-6754
-5891
-5022
-5807
-7884
-8877
-8005
-7197
-7055
-6645
-5687
-5354
-5872
-5594
-4531
-4016
-3953
-3430
-2269
-1308
-621
157
638
697
899
2009
3507
4559
5135
5531
5337
4548
4271
4841
5481
5371
4992
4471
3514
1950
919
1034
1267
1010
-915
-2677
-3163
-3100
-3088
-4028
-4707
-5372
-5724
-5488
-4944
-4528
-5033
-5435
-5659
-5545
-4576
-3026
-1571
-1156
-1445
-1223
-414
603
1656
2744
3736
4285
4683
5094
5485
5840
6447
7216
7676
8008
8335
8825
8995
8638
8330
8368
8575
8616
8720
8670
8644
7866
6818
5202
2556
1923
3688
6219
5155
884
-2007
-2926
-2705
-2656
-1265
-255
-2977
-7691
-10171
-8619
-6923
-7031
-7043
-6969
-8578
-11121
-11385
-9609
-8408
-8270
-7896
-7038
-7161
-7493
-6784
-5806
-5189
-4757
-3611
-2380
-1822
-1084
-104
521
753
1661
3316
4450
4445
4210
4535
4795
5096
5686
6306
6056
4904
3793
3133
2839
2790
2830
2494
1724
404
-1362
-3134
-3687
-3044
-2608
-3201
-4228
-4751
-5338
-6092
-6422
-5853
-5153
-5007
-5110
-5072
-4509
-3588
-2810
-2416
-1627
-369
602
1270
1794
2516
3287
3825
4510
5519
6401
6863
7197
7422
7691
7907
8015
8130
8176
8227
8492
8699
8768
8669
8171
7492
6550
6297
6032
5701
4429
1851
1195
2638
4465
2379
-2201
-4181
-3913
-3351
-3600
-2603
-2342
-5858
-10407
-11651
-9186
-7739
-7789
-7878
-8708
-10836
-12919
-11688
-9293
-8205
-7933
-7831
-7970
-8793
-8253
-6291
-4579
-3831
-3159
-2261
-2033
-1599
-121
1670
2500
2975
4001
4940
5214
5342
6228
7156
7302
6979
6722
6589
6036
5799
6122
6087
5431
4098
2857
1598
388
78
-205
-1121
-2697
-3585
-3673
-4637
-5975
-6620
-6379
-6617
-7049
-6420
-5600
-5689
-6723
-6779
-5537
-4247
-3187
-2348
-1506
-934
-561
94
1114
2535
3816
4667
5218
5905
6815
7180
7200
7465
8255
8864
9011
9113
9222
9269
8793
8245
7976
8018
7841
7477
7236
6932
6142
4516
3393
2261
1215
1440
2592
2758
-373
-3974
-4875
-4071
-3714
-3927
-3581
-4786
-8244
-10792
-9787
-7146
-6830
-8189
-9430
-10247
-10952
-10505
-8189
-6440
-6559
-7771
-8279
-7968
-6854
-4901
-3254
-2234
-2123
-1981
-1628
-1016
208
1527
2745
3247
3560
4161
4755
5135
5330
5897
6328
6169
5733
5442
5511
5503
5351
4933
4065
3012
2004
1547
1043
53
-387
-443
-1335
-3387
-4470
-3730
-3452
-4444
-5191
-4976
-5093
-5447
-5087
-4346
-3970
-3944
-3478
-2871
-2260
-1517
-818
-337
43
1051
2283
3142
3718
4208
4581
4734
5251
6131
6659
6612
6589
6854
7013
6994
6863
6637
6639
6707
6722
6563
6281
6250
5782
5452
5168
4795
4178
3402
3097
2289
1953
1795
1699
557
-1997
-3139
-2668
-1560
-2075
-3488
-4910
-6787
-8036
-7878
-5950
-5091
-6394
-8414
-9845
-10165
-9580
-7863
-6602
-6558
-7416
-8048
-7496
-6445
-5151
-4261
-3908
-3887
-3769
-3064
-1997
-635
406
890
701
366
776
1559
2508
3126
3706
3935
3415
3122
2980
3148
3185
2878
2633
2181
1700
1430
1444
1301
715
3
-1122
-1759
-1799
-1993
-1599
-1110
-1076
-2169
-3213
-3023
-2164
-1271
-962
-610
-876
-1244
-1112
-465
690
1539
1786
1245
1376
1920
2519
3281
3614
4073
3879
3644
3816
4162
4322
4008
4173
4234
4426
4391
4520
4810
4530
4511
4309
4391
4483
4685
4847
4593
4715
4483
3557
2272
1978
2116
2062
2027
1568
891
-876
-2360
-2470
-1854
-1662
-2470
-3549
-4973
-6117
-6628
-6036
-5528
-6311
-7348
-8116
-8185
-7737
-6977
-6562
-6796
-7139
-7452
-6973
-5942
-4982
-4522
-4412
-4105
-3885
-3385
-2751
-1731
-872
-727
-592
-554
-113
452
1004
1695
2276
2503
2018
1706
1730
2188
3010
3165
2776
2182
1743
1439
1479
2031
2329
2115
1441
1049
950
582
847
1466
1523
1284
1167
1206
883
639
777
1094
1124
1145
1465
1106
724
671
925
1132
959
736
553
894
1083
973
662
467
674
508
647
1039
1552
1907
1452
1146
1177
1874
2525
2910
3277
3310
3553
3390
3442
3764
4086
4250
3983
4137
3687
3153
3095
2851
2649
2333
2427
1668
282
-323
-565
-786
-1493
-1799
-2330
-3259
-4036
-4482
-4256
-4602
-5265
-6027
-6291
-6199
-6319
-5863
-5698
-6100
-6591
-6526
-6133
-5778
-5003
-4686
-4675
-4730
-4499
-3733
-3115
-2455
-2174
-2066
-1731
-1401
-935
-294
387
653
951
1323
1263
1406
1918
2639
2992
3050
3207
3281
3477
3608
3898
4199
4305
4228
4143
4368
4647
4649
4214
3591
3304
3227
2836
2655
2887
2848
1913
886
543
508
428
393
270
-556
-1315
-1754
-1981
-1823
-1628
-1544
-1662
-1750
-1857
-1836
-1424
-964
-598
-359
12
659
1085
1276
1455
1794
2103
2168
2360
2945
3507
3526
3362
3268
3316
3519
3579
3437
3387
3320
2725
2184
1894
1613
1411
1381
1130
-5
-1012
-1191
-1082
-1449
-1787
-1919
-2738
-3816
-4384
-3964
-3630
-4224
-5148
-5693
-5689
-5842
-5794
-5244
-5077
-5682
-6411
-6391
-5867
-5159
-4469
-4369
-4571
-4583
-4273
-3737
-3097
-2402
-1947
-1796
-1720
-1400
-521
556
1200
1403
1586
1609
1580
2272
3309
3985
4135
4097
4078
4094
4452
4891
5176
5176
4913
4655
4586
4681
4514
4269
3996
3541
2979
2606
2499
2018
1579
1459
1186
415
-370
-602
-504
-435
-888
-1388
-1733
-2018
-2121
-1952
-1460
-1305
-1621
-1932
-1750
-1180
-567
-200
-292
-461
-485
-220
377
1080
1536
1407
1137
1098
1228
1710
2301
2617
2601
2331
2155
2181
2399
2703
2863
2734
2332
1858
1730
1784
1427
1020
1136
1348
425
-759
-897
-501
-503
-1229
-1922
-2784
-3670
-3988
-3701
-3265
-3528
-4541
-5727
-6338
-6166
-5386
-4713
-4834
-5532
-6035
-6077
-5835
-5228
-4353
-3847
-4012
-4269
-4089
-3353
-2650
-2040
-1432
-1129
-986
-895
-191
908
1426
1453
1589
1919
2103
2616
3545
4244
4478
4332
4049
3917
4209
4867
5379
5346
4874
4244
3850
3686
3786
4124
4202
3780
2805
1937
1590
1341
1383
1389
979
507
84
-247
-780
-1086
-1081
-1043
-1092
-1498
-1766
-1877
-1645
-1507
-1507
-1223
-1331
-1611
-1716
-1353
-710
-356
-376
-629
-632
-183
457
908
1014
910
677
638
1107
1665
2027
2029
1652
1262
1256
1649
2038
2276
2023
1487
1145
869
712
827
970
522
-269
-496
-198
-539
-1674
-2214
-1967
-1931
-2457
-2736
-2653
-2979
-3686
-4071
-3680
-3449
-3773
-4136
-4276
-4172
-4065
-3848
-3812
-4006
-3890
-3540
-3210
-2979
-2708
-2409
-2472
-2318
-1683
-1134
-827
-640
-268
54
247
476
885
1298
1515
1841
2163
2551
2765
2767
2933
3087
3413
3737
3864
3916
3825
3783
3782
3870
3927
3858
3824
3811
3683
3395
3125
2899
2753
2738
2757
2568
2301
1955
1578
908
18
111
933
1350
569
-748
-1453
-1550
-1140
-515
-305
-967
-2015
-2531
-2232
-1530
-970
-1242
-2172
-2700
-2384
-1635
-1042
-898
-1305
-1805
-2023
-1730
-1029
-461
-399
-908
-1266
-1125
-668
-236
-24
235
304
11
-198
-120
203
617
801
899
750
401
325
475
743
816
761
626
499
303
-72
-51
248
354
183
-66
-348
-824
-1084
-821
-648
-806
-1068
-1319
-1553
-1700
-1560
-1463
-1474
-1604
-1849
-1954
-1926
-1745
-1602
-1461
-1311
-1315
-1348
-1368
-1119
-797
-602
-455
-373
-52
245
475
827
1204
1539
1713
1787
2043
2514
2966
3288
3419
3552
3644
3800
4028
4253
4452
4387
4313
4177
3999
3944
3888
3824
3591
3215
2834
2590
2494
2189
1681
1063
458
0
-396
-748
-1178
-1447
-1748
-2493
-3339
-3763
-3817
-3913
-4072
-4364
-4785
-5269
-5532
-5380
-5021
-4666
-4667
-5039
-5319
-5012
-4326
-3584
-3019
-2781
-2684
-2607
-2207
-1425
-597
-44
133
353
719
1173
1690
1999
2279
2397
2309
2448
2848
3248
3321
3167
3087
3042
2845
2807
2897
2720
2378
1904
1519
1414
1419
1131
512
19
-248
-478
-737
-971
-1393
-1981
-2293
-2329
-2374
-2528
-2730
-3002
-3351
-3415
-3111
-2806
-2629
-2667
-2736
-2569
-2194
-1634
-1101
-708
-353
-75
199
633
1102
1538
1988
2402
2751
3013
3239
3483
3660
3720
3849
4077
4157
4062
3900
3779
3826
3725
3376
3036
2843
2661
2250
1920
1674
1334
846
432
280
76
-410
-1098
-1480
-1651
-1811
-2100
-2458
-2642
-2899
-3162
-3431
-3474
-3390
-3373
-3615
-3942
-3706
-3383
-3270
-3408
-3382
-3178
-3099
-2733
-2198
-1738
-1684
-1791
-1717
-1433
-827
-313
-81
-102
-141
104
421
767
966
917
826
748
983
1411
1672
1653
1356
1039
866
990
1207
1295
1319
1050
715
668
852
842
662
562
413
269
205
387
439
401
363
142
-85
-44
453
684
383
-18
136
558
525
553
921
1126
821
664
1009
1133
1007
1067
1208
1201
1198
1338
1301
957
697
666
588
559
593
448
122
-184
-291
-331
-431
-503
-466
-616
-873
-822
-692
-712
-759
-741
-768
-779
-552
-273
-294
-483
-416
-271
-221
-91
119
274
377
427
366
375
452
604
690
730
845
892
747
615
739
936
1037
912
732
624
583
527
488
479
445
374
50
-339
-473
-419
-759
-1305
-1433
-1143
-1109
-1761
-2361
-2528
-2427
-2329
-2369
-2611
-2945
-3280
-3543
-3409
-2884
-2362
-2553
-3174
-3382
-2913
-2243
-1880
-1709
-1620
-1539
-1481
-1058
-294
368
752
808
901
1307
2015
2708
3162
3357
3397
3445
3673
4098
4495
4826
5002
4861
4500
4315
4386
4419
4317
4072
3636
3233
3010
2727
2283
1841
1442
816
145
-155
-279
-622
-1145
-1583
-2096
-2688
-2948
-2785
-2751
-3120
-3449
-3574
-3757
-3903
-3716
-3376
-3291
-3400
-3334
-3183
-2981
-2496
-2012
-1830
-1726
-1478
-1085
-657
-208
245
455
642
1008
1346
1667
2110
2521
2567
2392
2338
2476
2723
2943
2987
2812
2489
2254
2108
2001
1992
1885
1431
739
344
257
160
-130
-504
-842
-1333
-1785
-1927
-1921
-2083
-2373
-2730
-3030
-3149
-3152
-3036
-2974
-2944
-3054
-3197
-3056
-2870
-2709
-2539
-2232
-2057
-2094
-1845
-1266
-637
-389
-346
-253
-51
386
853
1289
1548
1666
1692
1788
2159
2564
2825
2688
2456
2536
2762
2922
2944
2862
2601
2245
2060
2134
2238
2191
1953
1516
1112
898
838
790
634
467
222
-110
-299
-359
-325
-380
-616
-852
-953
-924
-905
-865
-912
-1121
-1249
-1160
-977
-872
-866
-811
-830
-1132
-1184
-771
-400
-314
-351
-392
-599
-760
-526
-77
142
169
142
-110
-375
-222
224
412
260
76
40
-94
-189
-35
93
43
-234
-514
-651
-510
-289
-311
-521
-687
-779
-895
-773
-552
-500
-596
-705
-725
-754
-714
-537
-381
-297
-255
-189
-100
22
255
370
358
430
648
833
822
860
1012
1099
1086
1069
1120
1238
1316
1268
1089
938
934
948
936
923
891
723
459
283
238
250
284
206
-1
-171
-382
-503
-449
-328
-312
-591
-890
-985
-838
-704
-732
-896
-1124
-1161
-1059
-736
-539
-687
-1052
-1410
-1297
-889
-497
-426
-596
-797
-972
-928
-592
-125
33
-103
-296
-310
-128
146
462
566
496
375
460
691
856
1011
996
895
849
977
1191
1278
1221
1113
1054
975
1015
1140
1181
1130
899
632
547
611
574
433
406
431
239
-146
-281
-188
-173
-209
-190
-214
-486
-739
-689
-609
-577
-451
-384
-578
-757
-559
-293
-187
-142
-98
-182
-307
-172
144
370
351
285
162
87
153
280
395
390
359
233
116
175
352
425
369
363
359
340
393
473
441
421
469
465
457
453
490
494
386
278
203
183
192
173
62
-114
-225
-369
-550
-689
-794
-864
-954
-1061
-1185
-1334
-1458
-1513
-1506
-1521
-1536
-1515
-1535
-1592
-1600
-1466
-1306
-1229
-1168
-1083
-940
-870
-792
-667
-581
-459
-391
-319
-251
-99
25
37
53
117
187
-6
6
382
664
472
37
-114
-105
137
499
687
427
-19
-208
-199
105
607
956
712
166
-45
122
566
974
1111
938
620
456
632
1072
1453
1555
1314
979
900
1125
1493
1766
1842
1695
1410
1274
1396
1667
1832
1784
1601
1341
1277
1415
1623
1716
1518
1318
1192
1136
1140
1115
1074
1038
947
662
387
245
167
103
83
58
-200
-588
-896
-1025
-1002
-941
-967
-1227
-1602
-1816
-1808
-1662
-1577
-1591
-1733
-1985
-2125
-2021
-1753
-1589
-1559
-1628
-1770
-1902
-1837
-1518
-1181
-1030
-1144
-1304
-1309
-1193
-1004
-735
-475
-437
-557
-613
-522
-368
-238
-135
-79
-32
-40
-23
143
257
219
181
210
234
276
325
282
109
20
143
237
256
249
189
135
16
-101
-79
23
22
-85
-69
33
106
42
-49
-84
-28
112
124
171
240
261
249
286
404
496
581
548
489
529
610
636
714
827
831
812
791
816
876
909
918
874
824
823
843
854
881
886
833
795
750
768
841
872
791
648
617
580
551
592
629
625
508
387
339
375
430
384
340
231
62
-24
12
50
-88
-236
-379
-532
-584
-553
-548
-657
-786
-925
-1000
-956
-1005
-1081
-999
-868
-968
-1202
-1205
-1093
-917
-704
-543
-525
-647
-710
-641
-393
-86
195
237
-8
-220
-141
257
597
760
739
505
258
246
501
759
878
793
552
361
326
427
621
729
557
275
130
172
222
230
247
202
38
-141
-118
36
141
68
-85
-148
-171
-136
-67
12
63
10
-135
-260
-231
-95
-3
-69
-121
-149
-186
-197
-294
-309
-250
-253
-347
-416
-436
-520
-593
-718
-799
-777
-705
-737
-929
-1050
-1126
-1213
-1210
-1074
-973
-998
-1116
-1275
-1328
-1203
-978
-846
-815
-827
-851
-816
-619
-362
-206
-92
-24
-20
61
297
516
698
791
787
826
944
1158
1322
1434
1503
1534
1546
1499
1530
1651
1705
1637
1531
1393
1249
1178
1163
1124
1044
880
633
390
274
254
213
160
8
-214
-440
-583
-670
-774
-839
-878
-943
-1051
-1078
-1059
-1059
-1056
-1036
-999
-897
-759
-713
-679
-636
-568
-439
-284
-84
112
214
252
321
453
705
977
1106
1194
1270
1254
1317
1430
1551
1695
1639
1524
1504
1507
1479
1365
1258
1131
945
798
728
663
552
349
91
-130
-273
-355
-450
-634
-840
-1019
-1186
-1307
-1420
-1483
-1565
-1662
-1727
-1726
-1723
-1767
-1737
-1736
-1725
-1675
-1604
-1515
-1422
-1330
-1235
-1139
-1077
-950
-779
-611
-467
-363
-190
-45
87
303
456
529
667
804
860
939
1042
1097
1065
1069
1117
1171
1244
1249
1204
1179
1150
1086
1034
995
955
867
748
594
438
363
336
285
115
-73
-220
-344
-406
-440
-446
-444
-564
-714
-752
-743
-685
-618
-594
-628
-672
-624
-538
-434
-269
-121
-98
-69
-4
160
407
524
555
541
587
689
793
960
1123
1155
1079
979
971
1135
1243
1237
1183
1099
981
884
868
911
927
862
751
613
513
442
420
395
288
111
-49
-188
-284
-346
-415
-480
-613
-748
-852
-905
-923
-951
-1017
-1163
-1269
-1292
-1281
-1244
-1242
-1286
-1327
-1376
-1392
-1336
-1279
-1234
-1156
-1125
-1092
-976
-875
-794
-743
-671
-537
-436
-357
-252
-159
-83
51
145
245
364
387
452
518
565
627
683
719
725
760
800
787
726
729
708
635
607
582
553
516
437
355
299
239
206
164
116
79
41
-9
-20
-26
-92
-119
-120
-154
-208
-249
-293
-311
-330
-354
-316
-286
-281
-324
-323
-242
-217
-246
-256
-250
-236
-177
-117
-82
-92
-101
-48
44
141
210
187
106
118
182
262
328
390
380
283
235
259
351
381
336
286
204
101
60
68
118
105
-10
-64
-123
-197
-236
-219
-186
-224
-267
-260
-294
-316
-227
-176
-156
-165
-211
-237
-205
-83
-3
81
123
101
136
232
379
456
479
478
465
503
575
632
702
719
613
551
558
574
582
549
494
468
417
369
331
284
269
215
181
188
152
56
-38
-88
-87
-90
-115
-151
-238
-321
-390
-402
-337
-314
-337
-371
-416
-430
-370
-273
-257
-283
-296
-311
-276
-188
-124
-100
-56
-65
-72
25
150
252
276
330
403
413
418
426
472
525
557
530
485
440
361
293
264
244
188
113
-8
-137
-207
-277
-368
-483
-610
-708
-803
-882
-939
-1037
-1156
-1273
-1389
-1437
-1401
-1396
-1382
-1353
-1378
-1375
-1311
-1202
-1085
-976
-904
-850
-762
-636
-436
-245
-128
-39
59
215
399
574
769
955
1059
1117
1215
1322
1436
1549
1600
1639
1685
1689
1643
1639
1681
1645
1575
1532
1458
1370
1320
1260
1166
1056
912
751
612
492
349
215
121
-9
-222
-423
-543
-629
-711
-777
-842
-924
-1021
-1127
-1186
-1140
-1091
-1086
-1078
-1086
-1132
-1124
-1010
-908
-825
-709
-636
-594
-505
-403
-265
-125
-47
15
86
172
244
325
395
431
410
372
400
441
468
443
371
294
272
245
216
178
114
45
-77
-168
-212
-244
-294
-364
-448
-518
-574
-630
-641
-648
-674
-738
-750
-714
-715
-711
-683
-670
-640
-603
-560
-494
-466
-435
-349
-264
-199
-142
-82
-21
25
116
170
245
337
372
415
460
546
603
646
672
662
651
673
727
756
758
718
689
683
693
694
681
674
614
537
517
500
480
459
390
307
261
186
71
-1
-52
-76
-107
-186
-250
-326
-414
-442
-473
-463
-428
-476
-537
-562
-524
-461
-416
-390
-359
-327
-215
-96
-38
24
43
59
115
196
309
428
510
504
437
419
452
516
583
596
536
444
380
336
322
334
315
209
74
-12
-50
-41
-78
-157
-221
-304
-411
-473
-448
-440
-453
-465
-506
-526
-523
-484
-393
-322
-300
-277
-293
-282
-201
-136
-59
-23
-5
0
20
139
213
221
225
196
164
187
238
278
276
231
172
110
108
115
154
172
87
10
-25
-42
-35
20
61
24
-25
-72
-109
-64
21
35
-6
-40
-43
-46
-29
28
47
46
47
6
-22
13
100
170
176
143
137
110
105
162
219
290
261
181
160
188
248
277
273
221
185
202
216
232
241
202
113
54
27
34
49
45
-14
-113
-128
-144
-168
-190
-238
-274
-298
-347
-412
-426
-427
-426
-420
-395
-405
-415
-401
-409
-348
-252
-198
-193
-175
-166
-107
17
105
135
143
166
145
167
273
370
372
306
258
224
247
290
302
282
233
179
101
75
88
72
59
13
-52
-91
-75
-57
-49
-39
-55
-56
-59
-72
-81
-49
-10
-22
-38
-2
23
14
59
98
69
72
64
16
41
81
89
86
70
61
14
-17
16
13
-27
-48
-78
-103
-122
-133
-100
-68
-79
-109
-133
-114
-113
-104
-95
-138
-163
-184
-217
-221
-170
-165
-232
-286
-290
-316
-333
-296
-298
-302
-308
-320
-354
-385
-378
-362
-369
-369
-372
-385
-383
-350
-268
-253
-269
-275
-213
-119
-85
-10
31
33
66
136
217
315
356
344
355
370
381
382
454
547
551
500
481
480
475
458
431
425
371
319
281
230
208
199
178
127
90
50
9
-40
-80
-50
-8
-22
-70
-92
-104
-101
-79
-51
-42
-64
-66
-70
-76
-41
-7
22
45
46
73
113
86
89
163
208
215
234
251
240
276
313
313
340
348
314
282
236
217
207
189
172
167
134
88
59
4
-25
-40
-67
-131
-206
-248
-260
-273
-263
-278
-338
-379
-445
-461
-466
-460
-410
-400
-412
-410
-360
-321
-300
-237
-196
-161
-122
-120
-114
-102
-61
-21
35
84
104
120
130
147
148
200
237
208
159
133
123
128
151
155
164
142
99
58
51
46
31
29
14
0
-8
-35
-70
-50
-27
-22
-10
-44
-87
-78
-56
-46
2
49
29
27
28
29
62
108
140
138
129
131
157
177
198
205
201
210
199
193
205
199
164
134
87
73
77
50
41
0
-22
-14
-39
-57
-86
-109
-164
-203
-252
-295
-268
-272
-278
-291
-277
-286
-305
-321
-356
-338
-319
-286
-270
-243
-247
-241
-168
-126
-95
-56
-23
-6
16
63
129
161
138
163
210
243
268
276
286
267
269
256
244
242
250
253
224
232
221
175
111
70
32
-5
-25
-47
-67
-95
-80
-73
-97
-103
-139
-160
-155
-179
-165
-141
-178
-190
-204
-243
-228
-244
-236
-230
-231
-179
-192
-214
-217
-210
-187
-146
-102
-53
-5
10
2
-24
-2
38
87
126
192
232
189
195
207
239
280
282
281
299
291
255
256
222
180
136
110
84
29
28
13
-23
-83
-142
-164
-183
-201
-227
-235
-248
-251
-258
-275
-243
-243
-251
-227
-192
-131
-125
-137
-119
-102
-73
-23
22
38
52
63
80
102
110
116
137
129
121
148
147
159
142
123
106
96
134
126
144
181
150
122
134
142
147
135
126
123
110
122
108
80
31
0
7
5
11
25
45
19
-7
-13
9
57
73
113
126
136
161
176
172
192
260
256
252
259
271
278
279
290
287
315
268
232
233
223
247
241
238
204
158
126
77
27
19
-4
-59
-69
-140
-193
-185
-210
-192
-197
-254
-288
-347
-382
-358
-363
-360
-363
-375
-384
-389
-345
-321
-310
-307
-309
-279
-282
-287
-245
-202
-183
-150
-115
-97
-94
-68
-39
-20
21
18
30
37
17
42
40
44
87
108
101
108
75
26
36
32
25
49
24
-13
-51
-90
-101
-92
-63
-84
-114
-156
-195
-190
-178
-160
-165
-169
-193
-201
-154
-116
-100
-59
-35
-39
-37
-30
9
51
77
118
165
182
221
246
256
295
312
314
324
360
358
354
375
364
336
325
303
257
261
251
204
189
151
88
58
58
63
46
-17
-67
-91
-135
-143
-134
-156
-190
-213
-220
-247
-258
-251
-252
-271
-303
-312
-299
-305
-313
-286
-293
-298
-253
-249
-252
-202
-169
-186
-191
-147
-124
-124
-105
-84
-21
9
-2
16
13
17
27
45
71
72
79
52
14
42
41
18
38
40
8
-19
-48
-71
-39
-50
-50
-41
-69
-68
-71
-95
-96
-95
-114
-99
-106
-115
-109
-113
-102
-101
-79
-57
-50
-33
-21
0
17
37
68
102
137
159
179
177
188
212
223
267
335
326
323
349
340
359
383
384
376
374
329
304
315
296
254
230
190
147
129
94
98
87
60
32
-14
-42
-73
-54
-5
-13
-35
-52
-69
-62
-46
-2
33
17
-8
5
-5
-3
25
31
57
67
102
135
128
148
169
147
143
161
137
107
104
117
112
76
49
53
13
-8
-2
-28
-35
-74
-126
-170
-217
-235
-227
-211
-223
-209
-219
-263
-275
-292
-276
-249
-226
-221
-220
-220
-210
-193
-203
-195
-185
-173
-127
-79
-74
-84
-104
-126
-103
-77
-63
-8
57
43
47
59
49
62
83
88
93
107
88
93
92
99
100
72
52
36
30
30
33
-15
-56
-84
-121
-116
-99
-104
-106
-120
-161
-201
-222
-213
-200
-202
-216
-235
-237
-225
-225
-188
-155
-160
-162
-145
-113
-98
-54
-27
-51
-53
-44
-31
20
72
110
121
93
93
99
98
113
143
175
167
144
133
140
136
160
191
169
169
146
140
147
111
107
100
64
68
78
70
112
105
57
55
27
2
14
23
19
32
46
21
0
0
-20
-40
-61
-66
-81
-113
-118
-100
-109
-128
-111
-76
-63
-72
-79
-81
-107
-126
-102
-116
-125
-117
-106
-81
-83
-68
-27
-12
-3
37
21
21
64
62
85
92
78
94
99
85
126
167
149
156
144
142
139
128
143
115
101
86
77
53
11
-13
-34
-37
-63
-56
-79
-137
-168
-213
-237
-250
-254
-245
-248
-260
-251
-252
-268
-234
-222
-237
-234
-215
-196
-189
-150
-151
-146
-103
-92
-82
-82
-48
-3
30
38
63
120
119
120
123
128
150
171
173
170
198
202
208
221
210
200
199
218
230
228
249
259
278
275
247
254
261
253
245
231
189
151
128
91
81
63
30
21
0
2
5
20
17
-24
-46
-49
-55
-89
-95
-105
-122
-108
-87
-108
-107
-97
-113
-79
-72
-66
-22
-2
-10
10
33
29
54
72
76
94
110
129
117
112
120
96
89
114
124
129
168
158
136
137
114
92
70
60
59
47
37
35
-2
-17
-34
-78
-119
-145
-149
-176
-190
-209
-240
-262
-300
