5
5
5
5
5
5
5
5
5
4
5
3
6
6
4
4
2
6
3
4
6
6
6
4
4
6
6
6
4
6
2
7
7
7
7
7
7
7
7
7
7
7
7
7
7
7
7
7
7
7
7
7
7
6
0
0
1
0
0
1
1
1
0
1
1
1
0
1
1
1
0
1
6
6
6
6
2
6
6
2
2
6
6
6
4
4
2
3
4
4
3
3
3
3
4
3
3
4
4
3
4
4
3
4
3
4
3
3
3
4
4
4
4
4
4
4
4
4
4
4
3
3
4
4
3
3
4
4
3
3
4
4
4
4
4
4
3
4
4
3
3
3
4
3
4
3
4
3
4
4
4
4
4
4
4
4
4
5
5
5
5
5
5
5
5
5
5
5
5
