4
6
6
6
4
4
4
4
4
6
6
4
4
4
4
4
4
4
4
4
4
4
4
4
6
0
0
0
0
0
3
7
7
7
3
7
7
7
3
7
7
3
7
1
1
1
1
1
1
1
1
1
1
1
1
1
1
2
2
2
2
2
2
2
2
2
5
5
5
5
5
5
5
5
5
5
5
5
6
5
7
7
7
7
7
0
7
7
0
0
7
7
0
7
3
7
7
7
3
7
3
7
7
0
3
0
0
0
3
0
0
0
7
0
0
0
0
0
0
0
0
0
0
0
0
0
0
0
0
0
0
0
0
0
0
0
0
0
0
0
0
0
7
0
0
0
0
0
0
0
0
0
0
7
0
0
0
0
0
0
0
0
0
0
0
7
0
0
0
0
0
4
0
4
0
0
0
