0
0
16
13
0
0
0
0
22
22
22
23
22
22
22
22
22
22
22
22
22
22
22
22
22
22
22
22
22
22
22
22
22
23
14
14
0
9
30
30
30
30
30
30
30
30
30
30
30
30
30
6
30
5
6
5
7
7
7
30
7
7
28
7
7
7
7
7
28
28
28
28
4
31
31
8
8
8
31
12
31
12
12
12
31
31
8
8
12
31
12
12
8
29
12
12
8
8
29
12
31
12
8
12
12
8
8
12
12
8
12
12
12
12
31
31
21
31
8
31
8
31
31
8
13
13
13
0
0
0
23
23
23
23
22
22
22
22
22
22
22
22
22
22
22
22
22
22
22
22
22
22
23
20
9
9
30
30
30
30
30
30
30
6
6
6
6
6
6
5
5
6
6
7
28
28
28
7
7
7
7
19
7
18
18
4
18
28
4
29
8
31
29
8
31
8
29
8
29
8
8
8
29
8
8
29
8
8
8
8
8
29
8
8
29
8
31
31
29
8
8
31
29
31
31
8
31
12
31
31
12
29
28
7
28
18
6
30
0
0
0
23
23
23
23
23
23
23
23
23
23
23
23
23
0
23
0
0
0
30
30
30
26
26
5
5
5
5
5
5
5
5
5
5
5
5
19
7
7
7
7
7
7
7
7
7
7
7
29
7
28
31
29
28
31
31
8
29
31
29
8
11
31
29
11
29
31
8
29
8
8
8
29
31
29
24
29
8
8
8
8
31
31
31
8
8
31
8
31
8
8
8
8
8
12
8
29
29
31
0
23
23
23
23
22
23
22
22
22
22
22
22
22
22
22
22
22
22
22
22
22
23
23
23
23
23
9
9
9
30
30
30
30
5
5
5
5
5
5
5
5
5
5
7
6
7
7
7
7
7
7
7
7
7
7
8
8
8
8
31
31
8
8
8
8
8
8
31
8
29
29
31
29
29
8
31
8
8
31
12
8
8
31
12
12
12
12
31
12
12
12
13
31
12
31
29
31
12
13
13
13
13
16
23
0
23
23
23
23
23
23
23
23
23
23
23
23
23
22
22
22
22
23
23
23
23
23
14
14
9
30
30
27
5
5
5
5
6
5
5
7
6
7
7
7
7
7
28
28
28
7
7
7
7
7
7
28
7
29
18
29
29
29
29
8
29
8
8
31
8
31
31
31
8
31
31
12
8
12
12
31
8
29
8
31
8
8
29
8
31
8
13
29
31
13
13
29
13
31
8
29
28
29
8
29
8
29
8
29
8
8
24
29
8
31
31
8
8
8
31
0
23
10
10
10
23
10
10
23
23
23
23
23
23
23
23
23
23
23
23
23
23
23
23
23
23
23
23
23
23
23
9
9
30
30
30
30
26
5
5
5
26
5
6
5
5
6
5
6
5
5
6
6
6
28
28
28
28
7
28
7
28
7
8
8
8
8
8
8
29
12
31
29
29
12
31
15
8
15
31
12
12
8
31
12
8
8
8
12
12
29
12
12
12
8
12
12
12
12
13
12
12
12
31
31
13
13
13
13
13
16
13
16
16
12
12
0
23
23
22
22
22
22
22
22
22
22
22
22
22
22
22
22
22
22
22
22
22
22
22
23
23
23
9
30
30
30
5
5
5
5
5
5
5
5
5
5
5
5
5
5
5
5
7
7
28
28
28
7
7
28
31
29
8
8
8
18
29
8
8
12
12
12
15
12
31
15
15
12
31
29
28
29
8
31
29
8
8
31
8
8
8
11
24
11
24
11
24
29
24
24
24
11
29
8
24
11
11
24
11
11
11
24
11
11
24
24
24
24
24
24
2
25
0
0
23
23
23
22
23
22
22
22
22
22
22
22
22
22
22
22
22
22
22
22
22
22
22
22
22
22
22
22
22
23
14
0
30
30
30
30
5
30
26
5
30
6
6
6
30
30
30
30
30
30
30
6
28
7
6
28
31
28
7
7
28
28
7
8
28
8
4
8
29
8
4
29
8
8
8
8
12
12
31
31
12
8
31
31
12
12
31
31
8
31
8
31
8
8
8
31
29
8
8
8
8
29
8
8
31
12
12
8
13
12
12
8
12
12
12
12
12
8
31
31
31
12
12
12
12
16
0
16
30
9
23
10
10
10
22
22
22
22
22
22
22
22
22
22
22
22
22
22
22
22
22
22
22
22
22
22
22
22
23
23
23
9
9
30
30
30
30
30
5
5
5
30
5
6
5
5
5
5
5
5
5
7
7
7
7
7
28
7
7
28
18
18
18
31
8
31
8
8
8
8
8
8
8
8
12
8
29
8
8
12
8
8
12
12
8
12
12
12
12
12
12
31
31
13
13
12
12
13
13
13
16
13
16
13
16
16
16
16
13
16
16
22
23
23
22
22
22
22
22
22
22
22
22
22
22
22
22
22
22
22
22
22
22
22
23
23
23
0
16
16
30
30
7
6
6
5
6
6
6
5
6
5
6
5
26
26
26
26
26
6
6
28
7
28
7
28
7
7
28
18
18
18
8
8
8
8
12
31
8
8
29
15
29
15
15
15
15
8
12
8
8
12
31
12
12
12
31
8
12
12
12
8
12
12
8
12
12
12
12
13
13
12
13
12
12
12
13
12
