1
1
10
17
17
17
1
9
9
30
30
30
30
30
30
30
30
27
7
28
7
7
28
28
28
28
28
28
28
18
18
31
18
28
28
31
28
31
31
31
8
31
8
15
31
31
15
12
31
31
12
31
8
31
12
13
12
12
31
31
12
12
31
12
12
31
8
12
12
12
12
12
12
12
12
12
12
12
31
12
12
12
13
12
12
12
13
12
13
1
1
1
1
1
1
9
9
30
30
7
7
7
7
7
7
7
7
7
28
8
31
8
28
31
31
8
31
31
8
29
31
29
29
8
31
29
8
31
31
8
29
31
31
31
12
12
13
31
31
31
12
13
12
31
8
8
12
31
12
12
28
27
28
31
12
13
12
13
12
12
12
13
31
31
9
9
1
1
9
9
0
30
25
25
25
25
18
18
18
19
18
18
18
18
18
18
18
18
18
18
18
28
28
19
18
18
31
15
18
31
15
8
12
31
8
12
12
15
13
12
12
13
13
12
12
31
12
13
12
13
13
9
9
9
9
9
30
30
30
28
28
18
8
8
8
8
31
31
12
12
13
31
12
12
15
12
31
28
18
28
13
18
18
15
31
31
29
12
28
31
12
12
12
29
13
12
13
12
13
12
13
12
12
13
13
13
12
12
12
13
29
13
12
13
12
12
13
13
12
13
13
13
8
13
12
12
13
9
9
9
9
9
9
30
25
25
25
19
6
5
19
19
7
19
19
18
18
19
19
18
18
18
28
28
18
28
28
28
31
8
31
12
31
12
8
12
13
31
8
13
12
13
12
12
12
8
13
12
12
12
12
8
12
12
12
12
13
13
12
13
13
13
12
1
9
9
9
9
9
30
30
30
30
28
28
28
28
28
28
28
28
18
28
28
12
31
31
31
28
31
31
31
12
12
31
12
12
12
12
13
12
12
13
12
12
12
31
8
12
13
12
12
29
12
13
13
12
12
12
13
12
13
12
13
13
13
13
13
13
12
13
13
13
12
8
21
31
1
1
1
1
1
1
9
9
9
9
0
0
30
30
30
30
25
25
28
28
19
28
18
28
18
28
28
18
31
12
13
12
13
12
12
13
13
12
13
12
13
12
13
12
13
8
12
12
12
13
13
12
12
13
13
12
12
12
13
12
8
12
12
12
8
12
12
12
12
12
12
31
12
12
9
9
9
9
9
9
30
30
30
30
30
30
6
30
6
6
6
18
28
18
18
28
28
28
28
28
28
28
18
28
28
31
15
31
15
12
12
15
12
12
12
12
13
13
13
28
12
31
29
28
31
12
29
31
8
12
12
12
12
12
12
12
8
12
13
13
12
12
12
12
12
1
1
1
1
1
1
9
9
9
30
30
30
30
30
30
30
6
6
6
6
6
25
6
18
28
28
28
18
28
28
13
18
31
18
31
19
19
28
28
28
15
31
31
12
12
12
29
28
12
28
18
28
31
12
15
12
13
31
31
31
15
13
12
12
8
13
12
12
8
13
12
12
8
13
13
13
8
12
13
12
8
1
1
1
1
1
1
1
1
9
9
9
30
30
30
30
30
30
16
30
13
28
21
21
21
21
31
21
21
31
21
31
31
31
31
31
12
31
12
31
8
12
12
13
13
12
12
13
12
12
12
12
12
12
13
13
12
13
12
31
31
12
31
8
12
13
13
12
12
12
12
12
12
13
12
12
13
13
12
12
12
13
12
13
12
12
12
12
