4
1
1
1
3
3
3
1
3
4
3
4
3
4
3
4
4
1
3
3
3
4
4
4
3
3
3
3
1
3
1
3
3
3
3
3
5
5
6
6
6
6
6
6
6
2
2
2
2
2
2
2
2
2
2
2
2
2
2
2
2
2
2
2
6
6
5
5
5
5
5
5
5
5
5
5
5
5
5
5
5
0
0
0
0
0
0
0
0
0
0
0
1
1
0
7
0
7
7
7
7
7
7
7
7
7
7
7
7
7
7
7
0
0
0
0
0
3
1
3
3
3
1
3
3
4
4
4
4
3
3
3
3
3
4
3
1
4
4
3
3
3
3
3
4
4
4
4
4
4
4
4
3
3
4
3
3
3
3
3
5
5
5
5
3
3
5
3
5
5
