6
6
6
6
6
6
7
6
7
7
7
7
7
7
7
7
7
7
7
7
4
4
4
4
4
4
5
5
5
5
5
5
5
5
5
5
5
5
5
0
0
5
5
0
0
0
0
0
0
0
0
0
0
0
0
0
5
4
4
3
3
3
3
3
3
3
3
3
3
3
3
3
3
3
3
3
3
3
3
1
6
6
6
6
6
6
6
6
1
1
2
1
2
2
2
2
2
2
2
2
2
2
3
2
2
2
2
2
2
1
1
2
1
1
1
2
1
1
1
1
1
1
1
1
1
1
1
1
7
7
7
1
7
7
7
7
7
7
7
7
7
7
7
7
7
7
7
7
7
7
7
6
7
7
7
6
7
7
7
7
7
7
7
7
7
7
7
7
7
7
7
7
7
7
7
6
6
6
6
6
6
6
6
