1.79039
0.806559
0.523364
0.0839177
0.0789803
-0.143018
-0.137701
-0.143348
-0.111347
-0.046565
-0.0732559
-0.0156216
1.92797
0.687847
0.332876
0.0309735
0.0959824
-0.147778
0.0107039
-0.12003
-0.0368171
-0.0859708
-0.0868777
-0.00767628
1.75845
0.65291
0.295779
0.0192204
0.00222475
-0.117597
-0.0284591
-0.109107
-0.0698314
-0.0994005
-0.0792886
-0.028056
1.69969
0.735942
0.287191
-0.0226029
0.0219965
-0.103261
-0.135328
-0.0692581
-0.119263
-0.137945
-0.0642514
-0.0349589
1.82026
0.681802
0.271242
-0.0694114
0.0648674
-0.0509743
-0.0574264
-0.106562
-0.101478
-0.198333
-0.0955638
-0.0345964
1.99885
0.689892
0.387214
-0.17596
0.115368
-0.140417
-0.00648005
-0.143564
-0.0723181
-0.236988
-0.169758
-0.0190209
1.79736
0.786452
0.299907
-0.0829109
0.0368983
-0.0659271
-0.00783834
-0.086231
-0.0965701
-0.243763
-0.117824
-0.0624698
1.58105
0.670991
0.322135
-0.0675392
0.125562
-0.00129919
0.0713628
-0.0728725
-0.128295
-0.0747238
-0.193897
-0.0651499
1.63696
0.676355
0.454151
-0.123751
0.110999
-0.0270646
0.105497
-0.0415439
-0.122532
-0.132169
-0.170398
-0.0629669
1.75489
0.622018
0.429824
-0.243895
0.147819
-0.00718454
0.135905
-0.0457775
-0.122382
-0.117707
-0.178384
-0.0320729
1.78322
0.682308
0.462155
-0.131994
0.143336
0.027219
0.226192
0.0613868
-0.0650614
-0.111899
-0.0975178
-0.0234944
1.73957
0.582241
0.404381
0.0808205
-0.063046
0.168408
0.483483
0.162531
-0.118629
0.0735133
0.0472627
-0.0430261
1.52977
0.601979
0.354407
0.164404
-0.0226013
0.151481
0.435043
0.219135
-0.0472203
0.0623337
0.0211676
-0.043605
1.77963
0.438373
0.269364
0.330006
0.0429363
0.0939644
0.460751
0.268162
-0.04396
0.0599734
0.0133428
-0.0685383
1.49691
0.574221
0.329417
0.147781
-0.0613198
0.0751379
0.336569
0.237359
-0.00880055
-0.00597568
0.0374302
-0.0506456
1.93991
0.271981
0.104131
0.313763
0.0978886
0.0599513
0.386783
0.394617
0.0884311
0.0420062
-0.0422426
-0.0892753
1.72469
0.18256
0.149088
0.392268
0.0713477
-0.00509346
0.415583
0.399563
0.0665308
0.0163771
-0.0513684
-0.0896086
1.71297
0.188088
0.0886318
0.419295
0.125144
-0.0244
0.406523
0.444501
0.064908
0.01614
-0.0561621
-0.0564347
1.57256
0.0746756
0.10277
0.414438
0.0836617
-0.0401331
0.405209
0.426132
0.0561279
0.000674309
-0.0298727
-0.0518906
1.62706
-0.0483814
0.168397
0.436476
0.138847
-0.0248755
0.436515
0.474636
0.0625716
0.000829486
-0.0230663
-0.0424847
1.63791
-0.0975699
0.056118
0.530138
0.159737
-0.0972852
0.433354
0.482653
0.0735881
-0.0349636
-0.0584895
-0.0536
1.55087
-0.189373
0.0412004
0.512643
0.179829
-0.0581343
0.429819
0.471776
0.0740225
-0.0635059
-0.0796683
-0.0506334
1.67429
-0.141517
-0.0139805
0.579895
0.221929
-0.114546
0.43716
0.479277
0.0914439
-0.0696822
-0.0897809
-0.0516148
1.76515
-0.296622
0.0358159
0.521732
0.216455
-0.0738183
0.4489
0.454536
0.0837445
-0.0844588
-0.0661201
-0.0568974
1.59692
-0.193367
-0.0340928
0.549774
0.243385
-0.0215691
0.443623
0.462739
0.092173
-0.0830359
-0.0695856
-0.0182158
1.6386
-0.268411
-0.0491232
0.47314
0.244641
0.0745786
0.481386
0.40877
0.0871407
-0.114239
-0.0395843
0.000690278
2.16077
-0.289027
-0.226811
0.636095
0.232741
-0.0274346
0.533793
0.368911
0.133776
-0.191659
-0.00974022
0.00326663
2.44787
-0.448731
-0.236628
0.556224
0.313873
-0.0963227
0.614727
0.389688
0.128691
-0.176973
-0.0330643
0.0475467
1.76673
-0.132665
-0.123983
0.509269
0.295462
0.0858949
0.407109
0.445157
0.0690686
-0.107082
-0.0858718
0.00950653
1.72859
-0.113341
-0.103984
0.535262
0.340628
0.0517402
0.419539
0.492832
0.0705929
-0.097917
-0.104133
0.026078
1.53655
0.0242281
-0.0116876
0.443645
0.285142
0.0873216
0.392013
0.466321
0.0823254
-0.109244
-0.104918
0.0453879
1.4157
-0.0587454
-0.0815051
0.391939
0.341031
0.183921
0.376097
0.408138
0.0754134
-0.12056
-0.0614987
0.0691773
1.85537
-0.076488
-0.179275
0.49242
0.408435
0.134832
0.365284
0.445807
0.0723085
-0.12206
-0.0782692
0.100466
1.3661
-0.0605262
-0.1286
0.3723
0.408539
0.199995
0.308466
0.404251
0.117255
-0.153083
-0.0921901
0.0839952
1.44563
-0.137896
-0.213406
0.370447
0.459722
0.231378
0.309037
0.429709
0.14427
-0.139603
-0.0831316
0.0932687
1.3467
-0.15407
-0.179719
0.401648
0.471728
0.21416
0.253277
0.3814
0.169425
-0.111792
-0.114364
0.0552658
1.63459
-0.429038
-0.278408
0.472536
0.533787
0.212891
0.275697
0.384639
0.207209
-0.103424
-0.107348
0.0651524
1.37731
-0.159172
-0.228511
0.400638
0.547236
0.236173
0.192078
0.344675
0.200303
-0.0823878
-0.114913
0.0481543
1.5813
-0.515875
-0.154919
0.458703
0.583497
0.156912
0.261726
0.386897
0.155336
-0.0684441
-0.119688
0.0300001
1.28913
-0.249777
-0.0507463
0.450752
0.468193
0.185625
0.258399
0.325895
0.104131
-0.00454722
-0.106833
0.0191586
1.28596
-0.207051
0.113476
0.391969
0.337648
0.139005
0.297502
0.324362
0.0522419
0.0355821
-0.0244911
-0.0121454
1.52185
-0.436136
0.238223
0.299986
0.457443
0.152866
0.339567
0.376415
-0.0923842
0.084255
0.0406698
-0.0840663
1.67714
0.00744696
0.0330049
0.45789
0.624677
0.25286
0.177926
0.130852
0.0900755
0.0145976
-0.0186173
0.0809179
1.16035
0.187355
0.116339
0.358154
0.433777
0.26352
0.126294
0.087047
0.0395617
-0.0318307
-0.0262965
0.0732928
1.25843
0.136596
0.0851236
0.476386
0.490971
0.29424
0.184741
0.114727
0.0339038
-0.039261
0.0399761
0.130371
1.59168
0.0245194
0.00860156
0.416892
0.57255
0.301753
0.201141
0.196636
0.108394
-0.0331386
0.0590294
0.160734
1.49331
0.195251
0.0291702
0.372055
0.522376
0.276921
0.162926
0.198104
0.10504
-0.0427944
0.0437283
0.112873
1.2436
0.244407
0.132661
0.382192
0.435917
0.264067
0.206811
0.209331
0.0920154
-0.0328627
0.0505644
0.0876431
1.51524
0.146569
0.136766
0.47276
0.588722
0.223123
0.194071
0.242528
0.162738
-0.000219281
-0.0252798
0.0955297
1.83467
0.0217084
0.170457
0.409307
0.685967
0.228291
0.123016
0.228832
0.152735
-0.00111299
0.00346245
0.119661
1.35599
0.385403
0.146426
0.366569
0.483942
0.256906
0.145728
0.196398
0.141763
0.00674894
0.0143067
0.0388363
1.50509
0.313385
0.208202
0.421837
0.466345
0.266122
0.165553
0.186432
0.112722
0.0284034
0.00930413
0.0454841
2.25247
-0.090673
0.321858
0.331335
0.509981
0.182594
0.251958
0.126324
0.111782
0.0662393
-0.0524747
0.050084
1.51344
0.380344
0.190234
0.362641
0.410305
0.210246
0.140774
0.173375
0.152984
0.0536888
-0.0374053
-0.0155791
1.55654
0.328132
0.153103
0.387041
0.356113
0.154463
0.104062
0.155798
0.166312
0.0503755
-0.00773919
-0.015361
1.48043
0.352934
0.20821
0.405364
0.401287
0.177887
0.0724009
0.12239
0.162081
0.0672871
0.0116446
-0.0131161
2.24328
-0.0207235
0.0810333
0.390159
0.594044
0.150755
0.203901
0.178028
0.111315
-0.0209552
-0.0723534
0.0575458
1.39637
0.342888
0.117877
0.273583
0.389939
0.255387
0.13331
0.147776
0.116118
-0.0117272
-0.0116277
-0.00851776
2.33331
-0.109867
0.0849347
0.287673
0.522455
0.16528
0.210634
0.0958208
0.125567
0.0475497
-0.0312862
0.0696783
1.49353
0.314221
0.0334808
0.240595
0.376527
0.232281
0.162397
0.127129
0.117382
0.0614225
0.0579391
0.00949248
1.7733
0.222784
0.0185331
0.304097
0.437393
0.169292
0.0833517
0.138933
0.215581
0.0757073
0.0350938
0.00636497
1.5658
0.351496
0.122172
0.317526
0.351377
0.18903
0.111281
0.13069
0.185253
0.136454
0.012278
-0.0389707
1.70206
0.377051
0.107417
0.339732
0.469171
0.252208
0.102264
0.179733
0.186288
0.0335846
-0.0217752
-0.00593641
1.38445
0.404471
0.189279
0.297689
0.359576
0.230033
0.148167
0.181717
0.175398
0.0612095
-0.0360692
-0.0176404
1.53705
0.347339
0.174794
0.349575
0.437232
0.253896
0.170093
0.20779
0.151796
0.0307
-0.0291737
0.0129315
1.42554
0.449713
0.210903
0.323668
0.386847
0.26447
0.172574
0.17398
0.11559
-0.0256604
0.0296487
0.0477205
1.59211
0.411197
0.230837
0.312062
0.398238
0.183974
0.137236
0.263938
0.14969
0.000282205
0.0206256
0.0505964
0.60096
-0.512933
-0.0936586
0.474386
0.324843
0.118006
0.29751
0.090708
0.0585009
0.0437363
0.0508222
0.0234856
0.115378
-0.76707
0.628751
0.0532126
0.284308
-0.163214
0.089763
0.493734
0.046724
-0.0969801
0.139577
0.0412568
-0.0766311
-0.803695
0.519384
0.146018
0.303768
-0.181285
0.0896972
0.486569
0.106576
-0.132248
0.184836
-0.00864839
-0.227951
-0.791668
0.535363
0.109346
0.385483
-0.27606
0.14732
0.459515
0.107253
-0.107519
0.161595
0.0297479
-0.289766
-0.817591
0.567191
0.145744
0.386883
-0.260176
0.115633
0.450468
0.0902642
-0.109756
0.179158
0.0373134
-0.59766
-0.811482
0.623351
0.261278
0.503881
-0.274655
0.0341871
0.339125
0.0894741
-0.0729513
0.158321
0.0289591
-0.627428
-0.768223
0.560189
0.315586
0.585562
-0.196198
0.0344069
0.303912
0.0803552
-0.0436189
0.157803
0.0203533
-0.630809
-0.826279
0.643219
0.353129
0.691674
-0.165786
0.0361214
0.283815
0.0914364
0.0101011
0.115422
0.0455735
-0.60591
-0.718028
0.58398
0.318638
0.710241
-0.136987
0.0804871
0.224877
0.0954751
0.0603548
0.0948162
-0.0183301
-0.534035
-0.710929
0.58256
0.304003
0.714411
-0.0959415
0.0521313
0.193349
0.0721573
0.0792622
0.111134
-0.0249447
-0.434138
-0.616397
0.587593
0.200471
0.662679
-0.0480336
0.0525388
0.107813
0.0827672
0.11012
0.117534
-0.0551706
-0.518097
-0.65891
0.578425
0.204724
0.703492
-0.0183767
0.0815394
0.0563677
0.108523
0.128307
0.153761
-0.0457078
-0.437153
-0.682404
0.528225
0.291435
0.643267
0.0593161
0.100781
0.00396688
0.16473
0.0539188
0.223209
-0.0517858
-0.297633
-0.526055
0.491314
0.279752
0.63908
0.0508353
0.0984342
0.0368205
0.137438
-0.010611
0.194772
-0.0495061
-0.314712
-0.527386
0.405124
0.242394
0.604601
0.085123
0.157512
0.0618908
0.105339
-0.0530959
0.216534
-0.0107301
-0.351941
-0.500434
0.35496
0.323201
0.656073
0.111432
0.17566
0.0579042
0.0957909
-0.0148931
0.213002
-0.0335889
-0.290059
-0.348447
0.355357
0.233312
0.676851
0.162533
0.157724
0.0778009
0.120755
0.000123495
0.138753
-0.0221917
-0.365264
-0.335543
0.392073
0.224929
0.611424
0.179454
0.115446
0.0291355
0.16532
0.00463467
0.113954
-0.0400391
-0.26092
-0.356901
0.240101
0.28348
0.640778
0.143781
0.203873
-0.00925318
0.124809
0.0141755
0.136421
-0.0825064
-0.208925
-0.312961
0.307669
0.216565
0.605829
0.123279
0.253956
0.0587032
0.0942033
-0.0630024
0.138531
0.0105587
-0.181878
-0.333923
0.317673
0.245618
0.572921
0.101375
0.220045
0.0418916
0.0491114
-0.00781846
0.125008
0.0472187
-0.171248
-0.272991
0.331128
0.304363
0.557853
0.0824188
0.265208
0.0591431
0.0752537
-0.0424593
0.158458
0.0831828
-0.195759
-0.113468
0.344268
0.361345
0.498257
0.0191647
0.266876
0.0946656
0.0852384
-0.0432489
0.167575
0.00908061
-0.234154
-0.148415
0.377009
0.426643
0.490502
0.00497116
0.290171
0.104861
0.118193
-0.098552
0.145522
0.00825672
-0.22597
-0.115681
0.360604
0.48428
0.56398
-0.00367922
0.228228
0.0836047
0.173027
-0.112662
0.191524
-0.0105338
-0.209086
-0.106603
0.330176
0.435124
0.593439
0.0356684
0.232512
0.0599082
0.148878
-0.115583
0.171277
0.024007
0.0166485
-0.0896308
0.377331
0.316223
0.540248
0.00967352
0.19386
0.0565458
0.153916
-0.224501
0.162787
0.0550173
-0.084928
-0.10907
0.329423
0.274417
0.594688
0.121577
0.177379
0.0391914
0.216493
-0.0794574
0.150578
-0.0614624
-0.0708438
-0.113288
0.37253
0.311245
0.587809
0.100821
0.202502
0.0483913
0.190345
-0.0289617
0.173695
-0.0809401
-0.0923328
-0.120394
0.409838
0.354326
0.537795
0.0668217
0.143915
0.0180904
0.202311
-0.0528494
0.201309
-0.101259
-0.0632884
-0.145167
0.364277
0.391783
0.532985
0.0408995
0.151436
0.0465042
0.146239
-0.0635479
0.233361
-0.0917201
0.04229
-0.135679
0.440903
0.362017
0.501481
0.0246944
0.16512
0.0407252
0.140037
-0.0142779
0.221273
-0.0246048
0.139465
-0.116324
0.411534
0.309386
0.497191
0.0147357
0.127687
0.0710222
0.167197
-0.0682017
0.209259
0.0132241
0.170124
-0.103087
0.39556
0.332908
0.424475
0.0547442
0.201849
0.0418165
0.185799
-0.0176282
0.230907
-0.0379956
0.213163
-0.0521638
0.371202
0.234007
0.3797
0.0459384
0.192268
-0.0279457
0.178576
0.0603852
0.230963
-0.0646165
0.22275
-0.0679583
0.255559
0.23028
0.417699
0.0682199
0.207676
0.0271858
0.182909
0.0184279
0.261468
-0.0512669
0.356236
-0.0410071
0.261024
0.243217
0.380106
0.0789183
0.212371
-0.00940367
0.164432
0.0462787
0.253663
-0.0194773
0.379258
-0.0347437
0.303746
0.198082
0.425066
0.0608644
0.155853
0.00855706
0.223983
0.00496262
0.258235
-0.0107667
0.397874
0.0274689
0.325476
0.254509
0.355748
0.104927
0.158091
0.0270453
0.253706
-0.00471342
0.239688
-0.0259956
0.419408
0.086852
0.485278
0.285453
0.382316
0.0442049
0.113822
-0.00799072
0.235894
-0.0135172
0.231198
-0.0427364
