0.62257
1.03802
0.487166
-0.098587
0.294273
0.175983
0.353229
0.0635522
0.021882
-0.098032
0.173735
-0.100209
0.513138
0.960486
0.508175
-0.0433391
0.220358
0.122065
0.284439
-0.0173766
-0.00812872
-0.0686119
0.197548
-0.127878
0.422799
0.91024
0.52029
-0.0427781
0.241503
0.0737949
0.155355
-0.0349377
0.0349311
-0.063797
0.197371
-0.104324
0.513758
0.804111
0.40992
0.0097159
0.200639
-0.0121781
0.145473
0.0876849
0.0666378
-0.0679551
0.125435
-0.0425201
0.496163
0.854595
0.496538
-0.00379578
0.230039
0.0449511
0.213628
0.0622492
0.0916131
-0.0401776
0.210121
-0.0297047
0.649952
0.703265
0.39231
0.0808859
0.295377
0.0240765
0.185775
0.0729964
0.096158
-0.04907
0.189368
0.0120941
0.694899
0.797948
0.407639
0.157088
0.32197
0.107416
0.223431
0.0406147
0.0910669
-0.0317344
0.267637
-0.00337775
0.842902
0.745678
0.357997
0.226883
0.271829
0.139684
0.217417
0.0709512
0.122489
0.0131683
0.220665
0.0375655
0.974643
0.616492
0.409891
0.293138
0.263864
0.216957
0.218425
0.143982
0.137288
0.101195
0.175438
0.0813938
0.98866
0.635538
0.414003
0.259276
0.283179
0.149847
0.158426
0.130207
0.115728
0.114429
0.160181
0.0777906
1.02416
0.896011
0.51518
0.21988
0.302387
0.188231
0.157814
0.156818
0.138156
0.110228
0.325917
0.0903153
1.11239
0.671783
0.502432
0.248785
0.277346
0.137957
0.171163
0.144501
0.155007
0.127385
0.237794
0.107519
1.07125
0.618024
0.412665
0.241804
0.202224
0.158403
0.103751
0.129134
0.11279
0.0931636
0.154445
0.0794556
1.08374
0.560431
0.402521
0.250017
0.200278
0.159212
0.101999
0.0728686
0.0892515
0.0686307
0.105683
0.0691386
1.44725
0.319085
0.434219
0.155083
0.147409
0.117285
0.166361
-0.0456496
0.190011
0.164807
0.149935
0.1315
1.60753
-0.878742
0.270358
0.254322
-0.133245
0.15381
0.322304
0.345224
0.159679
-0.0252772
-0.0819234
-0.0429806
1.89019
-0.939395
0.490023
0.429539
-0.123232
0.0948761
0.418961
0.372934
0.110467
-0.0320618
-0.106656
-0.164035
1.58219
-0.676206
0.240426
0.504603
-0.104391
-0.000434993
0.492029
0.365948
0.031935
-0.0472804
-0.0715976
-0.17049
1.55256
-0.626842
0.206681
0.547667
-0.118454
0.0366339
0.47678
0.383807
0.0339489
-0.0302944
-0.0636716
-0.175811
1.60623
-0.728487
0.181149
0.569105
-0.0563558
-0.0104489
0.51461
0.398783
0.0391607
-0.0649265
-0.0567319
-0.155487
1.76947
-0.78361
0.100266
0.6039
-0.0150946
-0.0158451
0.523257
0.406339
0.0350503
-0.0880609
-0.045788
-0.110127
1.5855
-0.722575
0.121112
0.578671
0.0292475
0.0315909
0.488895
0.425732
0.0576935
-0.0877705
-0.0518146
-0.0971487
1.87382
-0.845168
0.0340506
0.68899
0.0127403
-0.00120161
0.518743
0.458943
0.0469364
-0.106035
-0.0404335
-0.079996
1.37148
-0.630201
0.0789019
0.580173
0.0798704
0.0493339
0.472165
0.442604
0.0678183
-0.127978
-0.0546533
-0.043549
1.41785
-0.649623
0.0494134
0.619435
0.0670264
0.0642551
0.502355
0.440287
0.0603717
-0.145053
-0.051861
-0.0383863
1.7481
-0.83848
-0.0122221
0.691963
0.110025
0.0368481
0.538192
0.426825
0.0496732
-0.139677
-0.0504267
-0.0485231
1.58212
-0.585702
-0.00532624
0.592173
0.127451
0.0380098
0.472981
0.409058
0.0381052
-0.150259
-0.0648385
-0.0431122
1.36134
-0.48343
-0.000637452
0.534132
0.186561
0.118178
0.454367
0.391863
0.0682881
-0.120718
-0.0906447
-0.0546041
1.46789
-0.50809
-0.0761092
0.619399
0.226505
0.0985937
0.436982
0.40999
0.0805873
-0.124932
-0.100454
-0.0513102
1.82858
-0.628283
-0.0821618
0.611325
0.229516
0.0780192
0.481716
0.368116
0.111786
-0.115364
-0.101416
-0.0525186
1.54287
-0.173429
-0.0141344
0.464306
0.26778
0.101213
0.358771
0.390724
0.110556
-0.0896647
-0.166669
-0.041942
1.55674
-0.249416
-0.0615733
0.523756
0.304374
0.118837
0.373666
0.419041
0.10975
-0.107536
-0.154682
-0.00749031
1.52682
-0.224378
-0.113585
0.471863
0.354138
0.20386
0.359989
0.402624
0.156011
-0.133082
-0.142431
0.0409689
1.4243
-0.0569166
-0.041817
0.421567
0.342634
0.211746
0.353372
0.371627
0.123508
-0.111914
-0.151404
0.0316502
1.60589
-0.149604
-0.0973177
0.50891
0.361906
0.196054
0.364213
0.392974
0.137668
-0.100783
-0.160108
0.0204291
1.4485
0.0561216
0.0293524
0.400551
0.34741
0.200135
0.342793
0.364574
0.164874
-0.0730805
-0.185499
0.00194686
1.60299
-0.0690524
-0.0439924
0.545882
0.363325
0.139374
0.469706
0.330205
0.154243
-0.0775154
-0.153279
-0.0124692
1.16258
0.117077
0.0921356
0.349874
0.302229
0.281109
0.355164
0.320519
0.15157
-0.0492575
-0.172427
0.0209053
1.42322
0.0238501
-0.0181964
0.46552
0.334723
0.221048
0.466586
0.307738
0.171148
-0.0622206
-0.137716
0.00681401
1.35199
-0.0559669
-0.100452
0.40076
0.416816
0.228505
0.393113
0.324572
0.186623
-0.0561824
-0.141768
0.00732434
1.74915
-0.124151
-0.122845
0.513553
0.434202
0.146554
0.432627
0.332809
0.191616
-0.0746179
-0.142002
0.000174891
1.17278
0.0126402
-0.0355635
0.369618
0.424677
0.271642
0.300657
0.308877
0.18121
-0.0799287
-0.161176
0.0341791
1.94752
-0.327005
-0.321316
0.578062
0.452505
0.112359
0.446202
0.274507
0.240962
-0.141205
-0.10108
0.0179612
1.40777
-0.0695365
-0.119402
0.427385
0.460757
0.21715
0.312059
0.340002
0.147525
-0.0902011
-0.167113
0.037523
1.60408
-0.145707
-0.204732
0.445949
0.460029
0.1694
0.330548
0.36393
0.176038
-0.115634
-0.176874
0.0231648
1.26947
-0.018973
0.0701021
0.197126
0.393354
0.330903
0.187532
0.404679
0.191762
-0.191146
-0.126631
0.0276363
1.62948
-0.0522352
0.192681
0.0449248
0.387838
0.385209
0.0847417
0.472338
0.236797
-0.267212
-0.089516
0.0200832
1.24226
0.110098
0.174875
0.090008
0.35107
0.361948
0.144807
0.404056
0.197982
-0.247464
-0.0924498
0.00518893
1.16924
0.256849
0.368618
0.136442
0.293839
0.307123
0.0686261
0.298301
0.144798
-0.184313
0.0385912
0.0162948
1.57387
0.210909
0.231865
0.171235
0.566507
0.344933
0.225636
0.179886
0.156424
-0.0606792
-0.0856056
0.0388588
1.31667
0.423513
0.2008
0.279964
0.296611
0.255585
0.239152
0.188542
0.071347
-0.0229435
-0.0195711
0.0268181
1.60463
0.31211
0.204639
0.40384
0.473327
0.28853
0.305102
0.182551
0.140913
-0.00569004
-0.0714744
0.0386434
1.41057
0.33837
0.226011
0.377778
0.42774
0.271626
0.26837
0.186566
0.104807
0.0404315
-0.0202218
0.0545575
1.4374
0.269958
0.237213
0.447139
0.460293
0.307168
0.290465
0.230254
0.0759485
-0.0467477
-0.02639
0.110003
1.10134
0.382963
0.296706
0.306944
0.299057
0.166877
0.173102
0.180103
0.0872662
-0.0249598
-0.00286631
0.0555083
1.54147
0.149227
0.2332
0.367872
0.407502
0.251932
0.275321
0.337289
0.0853902
-0.0612883
0.0220339
0.132715
1.4041
0.2307
0.135151
0.322268
0.411321
0.23308
0.224757
0.238162
0.126383
-0.0403965
0.0759772
0.110087
1.25899
0.272497
0.165131
0.343448
0.384736
0.223384
0.235844
0.19931
0.0497162
-0.0168515
0.0296328
0.0736742
1.38576
0.203802
0.0730637
0.348814
0.407958
0.253399
0.305954
0.212858
0.117314
-0.0827449
0.0545996
0.130456
1.30179
0.299316
0.058214
0.181798
0.507261
0.249
0.300419
0.193995
0.160846
-0.0731111
0.0773798
0.113737
1.13923
0.463425
0.119858
0.106404
0.536725
0.186096
0.26246
0.169454
0.11875
-0.0354807
0.00628815
0.0579268
0.922518
0.439438
0.0931099
0.12815
0.594676
0.240398
0.265439
0.193585
0.182784
-0.0428077
0.0170274
0.0636979
0.666147
0.273093
0.19371
0.0226482
0.695702
0.293548
0.323246
0.233249
0.253554
-0.0870837
0.00713609
0.125883
0.701529
0.300628
0.214469
0.0628556
0.555488
0.284228
0.323331
0.188976
0.187572
-0.0914695
0.00293075
0.110197
0.74936
0.312448
0.246816
-0.0375948
0.495627
0.253564
0.270067
0.146362
0.203069
-0.0937209
0.00807638
0.0848584
0.503813
0.18211
0.27789
-0.0436112
0.506106
0.367275
0.319518
0.149225
0.204236
-0.102533
0.0335453
0.0725539
0.539215
0.15947
0.286524
-0.0502761
0.502824
0.342137
0.354778
0.0895269
0.254028
-0.0807735
0.0716067
0.0344479
0.597699
0.250692
0.341993
0.0108087
0.485932
0.29895
0.269734
0.0361717
0.237606
-0.046721
0.11044
0.0277028
0.603014
0.264271
0.331452
0.100403
0.450992
0.261266
0.253555
0.0440678
0.283616
-0.0534971
0.100835
-0.00175072
0.75234
0.352087
0.381242
0.149234
0.445138
0.232607
0.341665
0.070089
0.206606
-0.058684
0.0558196
0.0760717
0.816231
0.326974
0.444828
0.121508
0.438973
0.301049
0.31821
0.107926
0.158337
-0.0473808
0.0214628
0.101222
0.857152
0.311978
0.448984
0.0566107
0.45637
0.365348
0.322685
0.0636869
0.144624
-0.0119108
0.021006
0.1227
0.921722
0.231071
0.478106
0.0969785
0.478656
0.329361
0.294872
0.0599841
0.120826
0.0187058
0.0107891
0.119646
0.952541
0.211569
0.410702
0.0985213
0.476332
0.349043
0.249965
0.0587678
0.137003
-0.0245832
0.101953
0.144653
0.877316
0.350675
0.410598
0.092834
0.457879
0.330121
0.250009
0.0626824
0.0464487
0.0114009
0.129908
0.108308
0.926037
0.32144
0.343503
0.0771407
0.559227
0.361656
0.229196
0.121606
0.112118
0.0245925
0.17217
0.115859
0.95175
0.359894
0.312525
0.0749579
0.633106
0.34806
0.247401
0.1547
0.1668
0.00548186
0.149157
0.116229
1.0808
0.480717
0.328994
0.236878
0.392192
0.233905
0.173346
0.101667
0.144219
0.00763649
0.0667028
0.0484066
1.23072
0.496913
0.273812
0.0883585
0.389979
0.259744
0.274215
0.155939
0.255061
0.0373614
0.0673212
0.0505308
1.24055
0.453692
0.324895
0.157928
0.255594
0.20495
0.242621
0.170214
0.217484
0.132771
0.0948182
0.0382041
1.3744
0.453885
0.316066
-0.0603245
0.31596
0.305235
0.20443
0.213303
0.248816
0.0195203
0.102038
0.0394898
1.52248
-0.486338
-0.0542437
0.143349
0.410952
0.259558
0.084498
0.22917
0.304334
-0.0123559
-0.107308
-0.0763929
0.431222
-0.580466
0.395272
-0.0826763
0.448831
-0.144074
0.106142
0.326788
0.0808116
0.0903964
-0.01224
-0.118916
0.453582
-0.814136
0.591348
-0.110597
0.44393
-0.132252
0.11849
0.376965
0.000613736
0.143663
-0.00460912
-0.143328
0.297228
-0.863644
0.670694
-0.149477
0.408948
-0.110992
0.0926448
0.3731
0.0186861
0.127815
-0.00393967
-0.138428
0.129889
-0.875491
0.746733
-0.153519
0.364907
-0.138964
0.0221
0.377927
0.0404871
0.121771
0.0501001
-0.0985758
-0.379909
-0.772953
0.780056
0.160246
0.458586
-0.0311457
-0.0484602
0.22974
9.05406e-005
0.0679621
0.0993114
-0.08465
-0.243368
-1.0145
0.886775
0.00875567
0.539758
-0.0167853
-0.155005
0.266797
0.00281957
0.040034
0.0604277
-0.0800802
-0.195612
-0.938704
0.791013
-0.0043482
0.573734
-0.0210991
-0.209999
0.285039
0.0620744
0.0284278
0.0916267
-0.0194062
-0.135139
-0.887634
0.682325
0.028471
0.541275
-0.0119217
-0.193095
0.27039
0.100767
0.0425018
0.107718
-0.0219922
-0.149793
-0.752671
0.481032
0.193254
0.314588
0.0889726
-0.187019
0.240627
0.19053
-0.00579719
0.134035
-0.0160428
0.0759574
-0.656009
0.551762
0.110754
0.37889
-0.00673886
-0.076426
0.22764
0.163587
0.0534955
0.10786
-0.0712424
0.146534
-0.637057
0.516466
0.144237
0.389898
-0.00461136
-0.0203541
0.232202
0.178135
0.0114653
0.0812302
-0.0146392
0.212946
-0.522802
0.463337
0.187722
0.462904
-0.0802131
0.0927764
0.245305
0.121636
-0.0179217
0.0543651
-0.000607736
0.214965
-0.435479
0.488788
0.18367
0.439872
-0.0362832
0.07044
0.203817
0.139226
-0.0604132
0.0803162
0.0208447
0.254993
-0.430278
0.473016
0.111016
0.402124
0.0822509
0.0639422
0.0629981
0.175625
0.0226539
0.098617
-0.0469297
0.286601
-0.336428
0.425133
-0.00157155
0.441437
0.149454
0.0574169
0.0224824
0.207501
0.0663901
0.0458521
-0.0516165
0.271477
-0.398406
0.428157
-0.0370305
0.444343
0.243478
0.0500473
-0.0581109
0.16143
0.13524
0.11712
-0.0703094
0.341984
-0.378517
0.439713
0.041497
0.44404
0.237831
0.0859579
-0.109258
0.160022
0.183194
0.0908126
-0.0632741
0.394924
-0.362149
0.488491
0.00823943
0.508736
0.192915
0.0673549
-0.0442249
0.10319
0.197995
0.105216
-0.0818229
0.349932
-0.29504
0.486109
0.0117016
0.47451
0.234633
0.0516869
-0.0627593
0.112914
0.20106
0.0770031
-0.0936002
0.318581
-0.198695
0.479576
0.102506
0.339479
0.174512
0.0730749
-0.0097804
0.138393
0.0806324
0.0486418
-0.0612471
0.357919
-0.0962391
0.499493
0.0659124
0.332851
0.107451
0.0558477
-0.0268432
0.0572938
0.0556294
0.0226518
-0.104655
0.344905
-0.0701763
0.498527
0.102618
0.334466
0.075132
0.0515719
-0.0719913
0.0541799
0.0815734
0.0199928
-0.13364
0.406778
-0.0345095
0.488946
0.11951
0.362098
0.0594236
0.0277968
-0.035027
0.0216143
0.0749797
0.0579183
-0.138562
0.515477
-0.114371
0.610131
0.0624198
0.409817
-0.0169786
0.0113989
0.0046491
-0.0250878
0.143451
0.0292514
-0.141075
0.492701
-0.143348
0.525596
0.0424413
0.380748
0.0100315
-0.0348023
-0.00744766
-0.0297565
0.109193
-0.0139624
-0.140532
0.636716
-0.215534
0.635785
0.0615631
0.479138
0.0631412
-0.0232572
0.0318104
-0.0760824
0.102576
-0.017835
-0.0587048
0.702538
-0.169001
0.629942
0.04704
0.436822
0.102648
0.00616198
0.0210982
-0.0993099
0.0974551
-0.0438421
-0.0441158
0.796866
-0.217433
0.661759
0.0211844
0.514188
0.182218
-0.00240735
0.0770106
-0.0328146
0.0394326
-0.0739013
-0.00898248
0.731138
-0.101188
0.630731
0.0392055
0.499918
0.23792
0.0284411
0.0825694
-0.0067894
0.0779329
-0.0651422
-0.0424578
0.708613
-0.137994
0.613556
0.056265
0.469203
0.217125
0.0380514
0.0754154
0.05438
0.0346162
-0.0956291
-0.0266048
0.72545
-0.0380186
0.624043
0.177407
0.37515
0.156339
-0.0207193
0.0529494
0.0135599
0.0368965
-0.0928423
-0.0738896
0.844959
-0.124473
0.679177
0.237088
0.398142
0.0795446
0.0241826
0.00704338
0.00790028
0.0410937
-0.087148
-0.0838418
0.861667
-0.111874
0.630025
0.278765
0.351923
0.0886965
0.0180397
-0.0067716
-0.00824897
0.0326031
-0.0659734
-0.123839
0.883792
-0.110913
0.675314
0.255085
0.400424
0.108012
0.0579292
0.0173111
-0.0582523
0.00727771
-0.0554202
-0.102079
0.671576
0.0393066
0.503649
0.21342
0.319075
0.149519
0.0613695
-0.0137219
-0.0265451
-0.086202
-0.00162094
-0.11197
0.427352
0.139729
0.600384
0.0359065
0.452234
0.141678
0.0931895
-0.115656
0.0654158
-0.0696792
-0.102961
-0.0175991
0.360492
0.20398
0.501157
-0.0247062
0.447937
0.219982
0.162316
-0.1378
0.047948
-0.0889886
-0.0801171
0.0119887
0.373081
0.2313
0.456019
-0.11182
0.425465
0.266783
0.192522
-0.144375
0.0491803
-0.107635
-0.0764947
0.0310215
0.278068
0.202432
0.434175
-0.0803091
0.488515
0.272536
0.152817
-0.137325
0.0832715
-0.109544
-0.0840141
0.0164329
0.259199
0.176896
0.402196
-0.170848
0.374621
0.363432
0.199775
-0.194404
0.121955
-0.148444
-0.0479011
-0.0551465
0.339135
0.186486
0.45073
-0.181454
0.341119
0.3642
0.184232
-0.188405
0.128059
-0.153265
-0.0292983
-0.0493533
0.294725
0.269824
0.518739
-0.147864
0.391618
0.319322
0.14075
-0.217811
0.127771
-0.109438
-0.0192782
-0.0346076
0.364706
0.267054
0.525057
-0.174867
0.317065
0.283841
0.172067
-0.201177
0.119897
-0.0898331
-0.0415466
-0.0407811
0.471561
0.32771
0.451208
-0.193548
0.312658
0.23918
0.160634
-0.129168
0.10618
0.00534575
-0.0161248
-0.0875284
