1.65267
0.421748
0.0314762
0.0558953
0.330661
0.208869
0.055954
0.0598079
0.0994368
0.0042199
0.0931204
0.0400491
1.74533
0.332
0.0639326
0.0537408
0.446609
0.311313
0.201055
-0.0108664
-0.0210606
-0.00113807
0.0263698
0.0586939
1.65024
0.291507
0.048737
0.0438952
0.391805
0.325307
0.165564
0.0132386
-0.0222634
-0.0151652
0.026481
0.0436683
1.90964
0.186093
0.0913165
-0.0883585
0.396333
0.24056
0.188325
0.00591237
-0.0203531
-0.038008
0.0368608
0.103478
1.84197
0.216534
0.0656611
-0.0673566
0.379894
0.263093
0.153679
-0.00300349
0.0778947
0.0139263
0.0458338
0.069712
1.62419
0.334617
0.0577846
-0.0441965
0.346644
0.226273
0.09496
0.0352356
0.0993248
0.0478611
0.0908016
0.0432326
1.50305
0.413311
0.0374967
0.024813
0.231418
0.271178
0.112062
0.000319988
0.0711539
0.0551685
0.0693534
0.0468366
1.83781
0.378499
0.11599
-0.0110267
0.379504
0.250796
0.147523
-0.177491
0.221294
0.083454
0.0264905
0.0452892
1.84508
0.375965
0.126488
-0.0195648
0.374787
0.195711
0.22169
-0.118084
0.173699
0.0501577
0.0356791
0.103143
1.59303
0.376003
0.0700272
0.0598429
0.370986
0.222547
0.119133
-0.0659763
0.0691452
0.101594
0.0576487
0.0424142
1.56177
0.486715
-0.0062662
0.10383
0.353125
0.230102
0.0756484
-0.0280328
0.112724
0.0700762
0.0989434
0.0218278
1.98093
0.32317
0.0401023
-0.151908
0.449774
0.200023
0.0832926
-0.035211
0.209391
0.164265
0.0946625
0.0387163
1.80666
0.33831
0.0586226
-0.104488
0.393127
0.166632
0.105954
-0.07027
0.181203
0.174018
0.079922
0.0017658
1.90782
0.370241
0.0923644
-0.11139
0.391475
0.184492
0.0585483
-0.0718997
0.20375
0.15676
0.0520814
-0.0353988
1.66139
0.455228
0.0431034
-0.0197376
0.304936
0.202162
0.0336886
-0.0498498
0.126553
0.163462
0.0355799
-0.0758711
1.80133
0.478274
0.0941562
-0.0395531
0.364363
0.189226
-0.00831002
-0.0466805
0.179748
0.115041
0.0265839
-0.082358
1.81831
0.280646
0.0450154
0.153041
0.321109
0.154692
0.130413
0.0233785
0.0882017
0.17471
0.016262
-0.0765141
1.43048
-0.220508
0.0859772
0.381608
0.0754286
0.060503
0.387364
0.349917
0.0776659
0.0442174
-0.0262897
-0.142552
1.41848
-0.298212
0.0105895
0.434622
0.115165
0.0773771
0.438608
0.371112
0.0971019
0.0810758
0.0222398
-0.176373
1.48327
-0.514091
0.0811461
0.443119
0.0151964
0.0861605
0.526512
0.351666
0.0150562
-0.0764726
-0.0089883
-0.10324
1.88832
-0.486463
-0.198122
0.58118
0.0330817
-0.00962326
0.556357
0.299757
-0.00117717
-0.140025
0.00883084
-0.138911
1.83899
-0.589742
-0.0835585
0.548015
0.0244457
0.0289139
0.584561
0.348375
0.0232104
-0.0773329
0.0244336
-0.126726
1.67585
-0.379722
-0.0132955
0.418228
0.0108393
0.0203066
0.473505
0.357768
-0.00474544
-0.0804974
-0.0202063
-0.113975
1.77591
-0.534887
-0.0345435
0.465187
0.0362875
0.105334
0.569546
0.347213
0.0327388
-0.0719407
0.00593977
-0.107099
2.05078
-0.493214
-0.202486
0.586221
0.0232262
0.0392368
0.632049
0.379299
0.0459281
-0.128256
0.0427884
-0.0937491
2.235
-0.636785
-0.157838
0.512656
0.0735962
0.0713152
0.651634
0.391377
0.0200855
-0.107725
0.021907
-0.049805
1.65022
-0.288802
-0.114559
0.398732
0.166509
0.134798
0.460897
0.352659
0.0346148
-0.0831349
-0.00101749
-0.0469761
2.26803
-0.718904
-0.287776
0.641615
0.22843
0.0248436
0.561727
0.407624
0.084781
-0.153843
-0.0385567
-0.0237311
1.8559
-0.579153
-0.25106
0.641081
0.25692
0.0674695
0.505706
0.378069
0.123024
-0.145821
-0.0556096
-0.0409985
2.0136
-0.657408
-0.237909
0.707838
0.242694
0.0186764
0.507855
0.409943
0.118247
-0.154171
-0.0683887
-0.0451509
1.03922
-0.347842
-0.0532268
0.461429
0.295435
0.148453
0.381986
0.409618
0.08635
-0.106826
-0.115112
-0.0403542
1.98243
-0.663768
-0.200474
0.70893
0.281473
0.0502802
0.506507
0.379424
0.10248
-0.148439
-0.0600475
-0.0112869
1.33487
-0.286884
-0.0835179
0.566372
0.334577
0.0847677
0.391339
0.416405
0.0254642
-0.102134
-0.119797
0.0175008
1.65933
-0.350591
-0.0955149
0.624792
0.362838
0.0960129
0.425107
0.405996
0.0470183
-0.144429
-0.0804917
0.0556831
1.06988
-0.0355634
0.0601808
0.352992
0.292769
0.25352
0.381785
0.324291
0.056007
-0.10917
-0.103274
0.0387366
1.23794
-0.251419
-0.109195
0.458844
0.402203
0.225168
0.385848
0.365371
0.0665249
-0.140464
-0.100628
0.0725065
1.35498
-0.112631
-0.109271
0.430304
0.405133
0.202274
0.361946
0.383892
0.0770247
-0.149734
-0.152126
0.0717487
1.67852
-0.247905
-0.185207
0.563422
0.431821
0.135017
0.380701
0.405744
0.0524283
-0.164248
-0.134439
0.0781387
1.52049
-0.301563
-0.149313
0.492234
0.403871
0.198629
0.375628
0.364649
0.0630542
-0.154369
-0.121406
0.0664618
1.24561
-0.186903
-0.0705923
0.465417
0.391433
0.197434
0.368
0.39513
0.047121
-0.142453
-0.149679
0.0763677
1.9096
-0.442189
-0.245023
0.637105
0.439698
0.0719735
0.420689
0.368651
0.10314
-0.208728
-0.115582
0.0723496
1.66685
-0.208831
-0.195423
0.587599
0.44741
0.101607
0.353624
0.423272
0.0710258
-0.168542
-0.169585
0.0779083
1.83416
-0.515046
-0.106709
0.551896
0.398848
0.126635
0.398654
0.372517
0.102692
-0.179966
-0.148615
0.057164
1.52068
-0.15587
-0.219023
0.473853
0.468153
0.144322
0.318735
0.399503
0.0959426
-0.186792
-0.19586
0.0849557
1.95602
-0.139733
-0.290265
0.534309
0.492765
0.128811
0.298332
0.402769
0.116691
-0.201617
-0.194959
0.0945166
1.71582
-0.436984
-0.117014
0.440366
0.4301
0.258905
0.256517
0.422851
0.141791
-0.19288
-0.175266
0.0851481
1.73768
-0.260052
-0.0313872
0.361528
0.393256
0.316832
0.223954
0.384849
0.175283
-0.157414
-0.161085
0.079358
1.46264
-0.112586
-0.0101108
0.370359
0.364702
0.256126
0.247361
0.379607
0.190886
-0.148009
-0.175492
0.0556692
1.38153
0.0190467
0.0841679
0.307256
0.329728
0.23935
0.186116
0.319855
0.253807
-0.0627187
-0.134185
0.0197868
1.57752
0.0852931
0.0586704
0.478108
0.440595
0.264007
0.326733
0.315691
0.148341
-0.0835329
-0.1347
0.0911299
1.36244
0.212219
0.107665
0.383245
0.469572
0.286217
0.291043
0.30081
0.151981
-0.0907914
-0.166671
0.0899835
1.40954
0.21935
0.11456
0.422485
0.469128
0.288867
0.305231
0.331016
0.151061
-0.0930582
-0.188565
0.087653
1.27896
0.263682
0.108116
0.366783
0.441517
0.302669
0.260056
0.302509
0.174599
-0.120364
-0.16394
0.0844523
1.75564
0.0122209
0.0841098
0.51639
0.470034
0.242381
0.384502
0.330758
0.131022
-0.0634247
-0.103907
0.0908699
1.28376
0.206716
0.18934
0.451016
0.474136
0.275202
0.279437
0.301847
0.12831
-0.0392922
-0.0756001
0.123495
1.26977
0.216256
0.187767
0.458664
0.439266
0.26993
0.26765
0.276482
0.139618
-0.0585141
-0.0375294
0.123226
1.34471
0.170451
0.125232
0.433881
0.438591
0.254181
0.290094
0.323153
0.132554
-0.0244549
-0.0412818
0.10959
1.82691
0.0601771
0.023955
0.563153
0.569557
0.229853
0.402214
0.341406
0.142075
-0.0546236
-0.0886913
0.12451
1.92262
0.112745
0.0224816
0.498942
0.592549
0.284398
0.333732
0.398784
0.0891241
-0.0361394
-0.113832
0.0858763
1.28216
0.306272
0.182886
0.399035
0.411535
0.307324
0.331671
0.321342
0.162866
-0.0751226
-0.0961152
0.0984936
1.61319
0.284143
0.157456
0.412607
0.458457
0.310911
0.319215
0.334317
0.111145
-0.0489104
-0.10566
0.0660889
1.5018
0.335392
0.200913
0.414745
0.38418
0.29055
0.301894
0.31943
0.104298
-0.10481
-0.0944095
0.0704663
1.41156
0.336843
0.212812
0.435098
0.466852
0.295002
0.289686
0.305019
0.114432
-0.11334
-0.109494
0.0863779
1.56762
0.346843
0.133354
0.39909
0.435548
0.250029
0.280016
0.299501
0.103118
-0.128855
-0.0987115
0.0618663
1.4562
0.376895
0.162086
0.366322
0.431037
0.253289
0.208791
0.279592
0.140812
-0.0940574
-0.0947496
0.0287741
1.2941
0.400496
0.177413
0.310171
0.383894
0.270817
0.180414
0.205219
0.155789
-0.0536524
-0.0969118
-0.0141495
1.2826
0.346032
0.175416
0.367152
0.409452
0.270869
0.235835
0.254521
0.139773
-0.140267
-0.128554
0.0355842
1.48318
0.329716
0.134179
0.387692
0.457453
0.277122
0.194571
0.289778
0.185446
-0.153332
-0.157443
0.0246679
1.48741
0.290488
0.0523854
0.328962
0.489132
0.253845
0.174534
0.271241
0.169488
-0.160002
-0.12735
0.0217706
1.309
0.319984
0.106124
0.328093
0.434895
0.286129
0.19151
0.226703
0.145194
-0.0857409
-0.0878432
0.031309
1.3225
0.426235
0.188586
0.300041
0.341642
0.261648
0.237913
0.25102
0.129552
-0.088747
-0.0861307
0.0130212
1.52745
0.39871
0.208638
0.387277
0.432048
0.338291
0.312606
0.286712
0.174379
-0.12755
-0.0960437
0.0584868
1.91178
0.459808
0.185661
0.470253
0.568442
0.366859
0.385557
0.291831
0.247736
-0.117385
-0.122043
0.0559822
1.2088
0.544385
0.307171
0.296256
0.329157
0.288936
0.206779
0.174217
0.125316
0.0394775
0.0175658
0.0250765
1.36561
0.627417
0.404426
0.366166
0.370441
0.305983
0.202357
0.262564
0.197283
0.0065672
-0.00858856
0.0347759
1.3561
0.626742
0.452881
0.354881
0.382638
0.228421
0.230251
0.179709
0.289315
-0.0406356
0.00980686
0.0426943
0.998782
-0.589655
0.228131
0.143071
0.361297
0.0616781
0.0868477
0.274689
0.430436
-0.00278056
-0.0833524
-0.0707056
0.56436
-0.485171
0.342295
0.0422062
0.355948
-0.0496562
0.198663
0.197888
0.410534
0.00209556
-0.0777668
-0.0455348
0.3757
-0.571244
0.351019
-0.0539832
0.41001
-0.130172
0.149784
0.277208
0.328807
0.0148247
-0.0462479
-0.0630963
0.195407
-0.588044
0.254353
-0.0616956
0.343423
-0.128038
0.129681
0.262291
0.337379
0.0210379
0.00403102
-0.0772273
-0.126476
-0.588595
0.465487
0.0719848
0.450415
-0.152336
0.0916177
0.151933
0.224162
0.0502333
0.0533023
-0.0229601
-0.290531
-0.645741
0.487046
0.266055
0.620834
-0.0917696
0.076243
0.113805
0.142794
0.0823604
0.0892194
-0.0425743
-0.157597
-0.538354
0.461696
0.281819
0.59674
-0.0409747
0.140742
0.0622342
0.149719
0.109837
0.0766858
-0.0363526
-0.140725
-0.518339
0.398157
0.309867
0.652322
-0.0610903
0.185704
0.0735623
0.119182
0.147297
0.1031
-0.0523478
-0.026938
-0.390254
0.313165
0.336307
0.596817
-0.0248426
0.200739
0.0905073
0.186871
0.0376233
0.17416
-0.0541997
0.0680942
-0.347008
0.282732
0.276621
0.593523
-0.0159869
0.197368
0.0641845
0.211323
0.0310648
0.180788
-0.028068
0.125178
-0.252937
0.254613
0.215653
0.537637
-0.0232547
0.198202
0.0698274
0.157707
0.040992
0.225587
-0.0696997
0.128437
-0.258965
0.256204
0.245455
0.590968
0.0373995
0.190676
0.106556
0.198812
-0.00396406
0.226661
-0.0445878
0.231136
-0.322233
0.248256
0.307217
0.555139
0.0882034
0.212694
0.0976476
0.254881
-0.0517866
0.25904
-0.0452339
0.185344
-0.237845
0.265225
0.347177
0.512137
0.0955452
0.186775
0.0885003
0.251309
-0.0322874
0.187604
-0.0222352
0.250511
-0.0730599
0.321278
0.290171
0.487612
0.0600435
0.210504
0.0834068
0.248608
0.0661175
0.124969
-0.0533973
0.172259
0.0327605
0.230773
0.223018
0.464406
0.038001
0.196571
0.000794266
0.241019
0.126531
0.0700462
-0.0748106
0.161842
0.192908
0.284137
0.185551
0.480644
0.000459446
0.124001
-0.0776267
0.263398
0.146239
0.0758454
-0.0900872
0.240323
0.290494
0.258057
0.212083
0.455539
-0.0135179
0.10072
-0.125119
0.231751
0.0898648
0.0974991
-0.0764992
0.231248
0.384506
0.255277
0.274955
0.403882
-0.0640456
0.120856
-0.109239
0.252307
0.0543189
0.087597
-0.0869843
0.250394
0.358195
0.231484
0.281263
0.361585
0.0125356
0.15067
-0.138193
0.227847
0.0527875
0.086558
-0.0747271
0.406753
0.264746
0.1797
0.297472
0.345916
0.0260686
0.166628
-0.154808
0.286177
-0.0324557
0.091797
-0.0472333
0.246105
0.185979
0.180996
0.280753
0.341003
0.059029
0.193978
-0.123434
0.325962
0.0303724
0.108294
-0.0740124
0.27263
0.116592
0.190989
0.238475
0.336078
0.0824341
0.211051
-0.15158
0.322697
0.0236989
0.0572685
-0.0443612
0.288561
0.128907
0.178109
0.270171
0.376305
0.0249736
0.175606
-0.167063
0.271343
0.0504565
0.0632461
-0.0648134
0.219828
0.117963
0.182463
0.242463
0.367347
0.0164475
0.234633
-0.115176
0.271259
0.0732908
0.0931485
-0.0834913
0.304309
0.140928
0.164823
0.233882
0.316634
-0.00329577
0.203102
-0.106063
0.305385
0.0462513
0.0757195
-0.159666
0.255972
0.133882
0.189737
0.227881
0.350209
-0.0248773
0.157511
-0.099094
0.298014
0.0308444
0.0458355
-0.224667
0.303615
0.187285
0.207324
0.224867
0.32383
0.0164844
0.123508
-0.129064
0.292159
-0.0269374
0.0159351
-0.213354
0.395504
0.128628
0.327447
0.297516
0.378082
-0.000504237
0.117826
-0.172752
0.277594
0.0226988
-0.0372145
-0.181773
0.456903
0.182993
0.400839
0.364423
0.42981
-0.0253911
0.111923
-0.221519
0.217336
0.0410472
-0.0329212
-0.139464
0.543362
0.235799
0.357675
0.384481
0.42963
-0.00400938
0.108282
-0.252894
0.187147
0.0306819
-0.0516409
-0.116058
0.630712
0.246981
0.385746
0.449105
0.403714
0.0138174
0.11216
-0.256961
0.171665
0.102221
-0.0545068
-0.14315
0.753914
0.284334
0.365094
0.419323
0.437955
0.0130573
0.0988665
-0.247394
0.202443
0.0255324
-0.00398394
-0.121624
0.818304
0.291496
0.344654
0.436984
0.38981
0.0236075
0.118097
-0.252484
0.193494
0.0475328
-0.0588141
-0.124153
0.865588
0.36265
0.449203
0.487848
0.316128
0.00342118
0.0612138
-0.27658
0.169419
0.00221179
-0.0230155
-0.154389
0.932784
0.393688
0.39843
0.567084
0.322614
0.0565129
0.0412136
-0.277676
0.166579
-0.0459285
-0.0369375
-0.173789
0.986031
0.421125
0.458748
0.477313
0.344313
0.0555311
0.0564896
-0.233149
0.152819
-0.144638
-0.0308306
-0.103839
1.01266
0.517289
0.458988
0.524755
0.415785
0.075321
0.101158
-0.211604
0.166466
-0.143153
0.0129653
-0.0925505
1.04002
0.542701
0.410257
0.546217
0.311624
0.0746445
0.140664
-0.206036
0.185448
-0.0570414
0.0094601
-0.0723547
1.00637
0.560481
0.443686
0.490665
0.275849
0.116822
0.257735
-0.194085
0.209309
-0.00286202
0.0974985
-0.0213626
1.00632
0.534018
0.425401
0.549422
0.292342
0.114148
0.313034
-0.198269
0.244878
0.049869
0.0823351
-0.0184717
1.04396
0.458026
0.532683
0.484646
0.341661
0.0708651
0.340141
-0.188912
0.23397
0.0559787
0.0505412
0.0410893
1.02507
0.473858
0.586611
0.483862
0.41982
0.0757887
0.389578
-0.192171
0.149927
0.0445398
0.0397042
0.049301
1.14482
0.50113
0.474718
0.371376
0.39062
0.0132159
0.387248
-0.123937
0.137244
-0.0153707
0.0566217
0.0878913
1.09837
0.558024
0.439493
0.30309
0.256313
-0.0791193
0.249522
-0.113219
0.124105
-0.0704676
0.0617983
0.0426902
1.14904
0.584432
0.443288
0.224591
0.364838
-0.0285087
0.191596
-0.108368
0.177411
-0.0955588
0.0183606
0.0594652
1.23007
0.611679
0.421528
0.26202
0.359368
0.00739992
0.0668542
-0.134076
0.221123
-0.0942652
-0.0565446
0.00355851
1.30709
0.65694
0.496872
0.36702
0.399619
0.047992
0.0989452
-0.154567
0.237738
-0.127845
-0.104651
-0.0260768
1.22762
0.634085
0.496182
0.320217
0.297509
0.0504938
0.161211
-0.139925
0.127661
-0.0770081
-0.0690606
-0.00616515
1.39043
0.746541
0.485499
0.303452
0.369026
0.105754
0.14031
-0.110706
0.15403
-0.133234
-0.0734044
-0.0357354
