1.31646
0.496166
0.363328
0.00850163
0.164108
0.0132189
0.125076
0.0253747
-0.0193636
-0.0106761
0.111005
0.0684219
1.34335
0.502859
0.408578
0.0571699
0.103628
0.027093
0.170479
0.0530326
0.0647615
0.0798621
0.104348
0.0796942
1.23261
0.513936
0.33948
0.125948
0.14039
0.118231
0.121819
0.0604947
0.0730267
0.0607903
0.136099
0.0689555
1.4484
0.565756
0.397782
0.0667267
0.142549
0.0866781
0.09324
0.0831373
0.142561
0.0736014
0.155609
0.115858
1.26177
0.55043
0.38186
0.176625
0.14791
0.116849
0.0522999
0.0367119
0.0950878
0.11413
0.0997038
0.0842002
1.27175
0.558846
0.387418
0.165843
0.160859
0.17272
0.0939268
0.0428367
0.137511
0.0876027
0.143781
0.100508
1.21785
0.531737
0.393898
0.229813
0.168439
0.185173
0.0834228
0.00474272
0.101566
0.0942932
0.12288
0.0875407
1.44674
0.499096
0.446306
0.11097
0.189723
0.103167
0.200809
0.0494835
0.128482
0.0996927
0.137642
0.123433
1.23415
0.548047
0.397896
0.216952
0.169178
0.135836
0.14571
0.15828
0.148383
0.0947556
0.104934
0.0783147
1.25478
0.533562
0.363127
0.209762
0.185768
0.160478
0.175787
0.164554
0.139304
0.0507771
0.0608975
0.0644111
1.21167
0.505468
0.320004
0.154247
0.161354
0.193457
0.308859
0.230775
0.169494
0.0581531
0.0157566
0.040616
1.87617
-0.0113424
0.236675
0.380642
0.269091
0.00221716
0.567041
0.406939
0.0542691
-0.0120599
-0.0422237
0.0179805
1.00713
-0.094899
0.24994
0.371833
0.123227
0.17681
0.415418
0.319205
0.155808
0.0750607
0.0170167
-0.00316814
1.3071
-0.188621
0.048946
0.562275
0.13337
-0.0296629
0.489988
0.487008
0.0855162
0.0202038
-0.0635465
-0.0683754
1.75967
-0.63189
0.293691
0.537698
0.02474
-0.00149662
0.571743
0.470709
0.0735982
-0.0472041
-0.0121868
-0.047083
1.62425
-0.313313
0.129833
0.67557
0.0223899
-0.0828823
0.543898
0.517027
0.053066
-0.0890783
-0.0503482
-0.0857442
1.81367
-0.597347
0.0732252
0.633379
0.035269
-0.0250591
0.578168
0.443485
0.0760695
-0.0864759
-0.0480363
-0.103786
1.18858
-0.235038
0.0970578
0.47285
0.110692
0.0261805
0.48594
0.46933
0.04215
-0.0290791
-0.0812001
-0.0806546
2.09076
-0.839906
0.00328222
0.665763
0.0790838
-0.037012
0.588756
0.437806
0.066588
-0.0885135
-0.065299
-0.10934
1.42374
-0.38867
0.0102242
0.62692
0.110836
-0.00601215
0.501185
0.432638
0.0452338
-0.102636
-0.098704
-0.102673
1.55148
-0.441076
0.0460177
0.652734
0.0952708
-0.0158744
0.540131
0.428797
0.0722639
-0.100709
-0.0827115
-0.104153
1.36585
-0.373499
0.110011
0.609767
0.104108
0.00019345
0.546665
0.464995
0.0364686
-0.0921123
-0.0862358
-0.0790249
1.81845
-0.35244
0.0894195
0.650131
0.0681997
-0.0040101
0.537052
0.396659
0.0258741
-0.139688
-0.0807923
-0.0762288
1.41352
-0.249366
0.0552437
0.568984
0.189516
0.0679282
0.52215
0.413753
0.0188495
-0.105463
-0.100522
-0.0305294
1.44955
-0.193424
0.113772
0.552115
0.184814
0.054815
0.503486
0.448358
0.00216703
-0.113047
-0.118389
-0.0184926
1.81546
-0.430688
0.229081
0.54137
0.23282
0.0355089
0.536134
0.453759
0.0119236
-0.134241
-0.099056
-0.0130625
1.69371
0.0451127
0.0546674
0.551068
0.253821
0.0340263
0.458981
0.443932
0.0681543
-0.122748
-0.143062
-0.00635169
1.7237
-0.16905
0.127172
0.635678
0.284818
0.00981717
0.485305
0.515697
0.0530097
-0.143514
-0.14258
0.014705
1.44669
-0.0267927
0.0922948
0.492667
0.291352
0.112855
0.423821
0.454928
0.0767299
-0.113324
-0.170741
0.0337108
1.62263
0.00232228
0.153767
0.541718
0.280134
0.110802
0.453089
0.46318
0.0508223
-0.13793
-0.160936
0.0340306
1.19529
0.0227793
0.0455425
0.398939
0.316326
0.206708
0.37765
0.379178
0.0817322
-0.145295
-0.1297
0.0702419
1.66748
-0.0520911
0.0263967
0.461871
0.343952
0.19543
0.410548
0.443711
0.040461
-0.15153
-0.125633
0.07343
1.25732
0.0605733
0.0549961
0.368486
0.322292
0.222499
0.398237
0.376448
0.0477801
-0.157534
-0.123723
0.0791909
1.35379
-0.0252589
0.044706
0.406575
0.337114
0.203222
0.420823
0.411002
0.0573111
-0.153929
-0.119141
0.0901835
1.2705
0.0905253
0.0348024
0.349265
0.326145
0.225566
0.373375
0.375491
0.0681047
-0.181939
-0.0941882
0.087923
1.58009
-0.150661
-0.060267
0.494313
0.334869
0.143737
0.43749
0.432909
0.0745869
-0.181465
-0.0917789
0.106537
1.24214
0.0815995
0.0514423
0.370094
0.347532
0.206074
0.359508
0.4013
0.0736133
-0.189778
-0.1033
0.10543
1.42696
-0.139906
0.00839769
0.514213
0.340172
0.142735
0.43258
0.475532
0.0392141
-0.185061
-0.109741
0.13167
1.23233
-0.095379
0.0791539
0.438967
0.30322
0.193552
0.395822
0.411907
0.0667069
-0.168406
-0.107236
0.106011
1.55874
-0.132678
-0.0507973
0.530371
0.381479
0.131362
0.404662
0.466992
0.0480654
-0.186868
-0.113034
0.137255
1.77449
-0.418466
-0.120776
0.652213
0.422401
0.0691458
0.398564
0.502076
0.0785481
-0.21801
-0.105679
0.14573
1.724
-0.26849
-0.0805744
0.643595
0.416959
0.0834476
0.383106
0.508577
0.0562386
-0.206204
-0.112762
0.159604
1.13393
-0.274171
0.0332705
0.502909
0.343547
0.175454
0.413609
0.460154
0.0734998
-0.212488
-0.0903439
0.153282
1.63326
-0.407661
-0.105111
0.644858
0.438063
0.0788917
0.362032
0.53962
0.0586511
-0.207309
-0.108717
0.16353
2.17927
-0.522999
0.030231
0.625248
0.425008
0.0547071
0.384321
0.537289
0.0917776
-0.232985
-0.104383
0.145588
1.7033
-0.379651
-0.188311
0.653353
0.425773
0.0542549
0.406894
0.503846
0.101368
-0.216878
-0.102939
0.145021
1.63341
0.0245095
0.0557557
0.543112
0.337912
0.0929704
0.370508
0.478966
0.0901919
-0.161369
-0.141966
0.10631
2.41843
-0.4154
0.119326
0.503029
0.370581
0.065101
0.420902
0.396292
0.109426
-0.103716
-0.0903903
0.073675
1.37197
0.290341
0.210939
0.48813
0.439954
0.209007
0.258797
0.308049
0.117652
-0.102376
-0.0708513
0.106305
1.64504
0.150622
0.119337
0.551359
0.491338
0.197681
0.346513
0.399448
0.0596459
-0.0924558
-0.0886918
0.142298
1.61957
0.164135
0.184798
0.589151
0.487639
0.229081
0.367351
0.386735
0.0755676
-0.0836322
-0.0856368
0.143904
1.67356
0.165015
0.147461
0.594195
0.475415
0.210034
0.382108
0.399492
0.0660545
-0.101782
-0.0502914
0.173277
1.23673
0.299091
0.18605
0.366154
0.347663
0.232621
0.293534
0.326351
0.100026
-0.106187
-0.00433661
0.117623
1.48469
0.224793
0.191876
0.476521
0.420157
0.21951
0.346055
0.399156
0.127641
-0.100876
-0.0783519
0.135674
1.93018
0.0310279
0.0699503
0.566358
0.537658
0.184604
0.369763
0.499873
0.0873219
-0.115468
-0.102402
0.158979
1.5789
0.229795
0.177744
0.514029
0.431281
0.249891
0.393427
0.441526
0.133873
-0.144952
-0.13472
0.138713
1.54249
0.27323
0.187555
0.468275
0.418884
0.281646
0.376515
0.40062
0.135656
-0.134116
-0.146091
0.101749
1.83476
0.156819
0.090005
0.511667
0.505173
0.213591
0.39614
0.435322
0.0696461
-0.109354
-0.127864
0.10759
1.87769
0.175776
0.0540512
0.539082
0.551124
0.226717
0.372029
0.387045
0.0743217
-0.0838685
-0.148382
0.0733862
1.84171
0.237425
0.0804886
0.464481
0.469929
0.241873
0.327668
0.351687
0.0766112
-0.101768
-0.111877
0.0766934
1.49059
0.284524
0.207284
0.463445
0.425529
0.285359
0.33862
0.360262
0.0941017
-0.177994
-0.0955633
0.127992
1.57688
0.325895
0.232521
0.467082
0.445385
0.261561
0.359662
0.410041
0.113578
-0.214838
-0.0884789
0.155584
1.48082
0.419085
0.225896
0.421573
0.386853
0.245531
0.284523
0.36439
0.130987
-0.16773
-0.0205484
0.125244
1.66484
0.391261
0.218536
0.489299
0.48408
0.259945
0.34097
0.382959
0.107667
-0.160649
-0.0623486
0.15086
1.36348
0.437931
0.269115
0.428466
0.425085
0.269312
0.309319
0.359858
0.1338
-0.128991
-0.0398862
0.124156
1.44829
0.437797
0.312851
0.471457
0.41592
0.266705
0.346972
0.35502
0.113449
-0.144554
-0.0375968
0.125121
1.3886
0.479092
0.3057
0.418095
0.354925
0.204919
0.288258
0.331759
0.115347
-0.0977903
-0.00290062
0.0901186
1.4801
0.363877
0.344522
0.552902
0.460057
0.27271
0.350077
0.40004
0.117578
-0.117991
-0.0694914
0.141449
1.30727
0.458151
0.308636
0.414862
0.390878
0.226395
0.231917
0.262768
0.11928
-0.0318194
-0.0446055
0.0470891
1.31628
0.483645
0.306115
0.367772
0.339312
0.228669
0.248486
0.2648
0.139374
-0.0183864
-0.0477624
0.0294364
1.5517
0.452804
0.307608
0.451111
0.44435
0.26565
0.255347
0.290715
0.141467
-0.103937
-0.0442034
0.0696604
1.43411
0.468392
0.358458
0.434467
0.396665
0.291393
0.28922
0.298742
0.131535
-0.0797084
-0.0593776
0.056206
1.63173
0.528598
0.402121
0.454381
0.468885
0.353362
0.288926
0.349562
0.183864
-0.0911391
-0.0430928
0.0751492
1.08882
0.558958
0.394717
0.323753
0.243799
0.194029
0.194563
0.167606
0.103968
0.0646628
0.0619454
0.0345679
1.99659
0.42798
0.59677
0.409096
0.515863
0.237076
0.336612
0.352133
0.260546
-0.120456
-0.0491911
0.159334
1.19243
0.542808
0.406361
0.39391
0.318216
0.276682
0.270896
0.189835
0.225205
0.0362674
0.00163549
0.066603
0.570548
-0.406383
0.0696034
0.615227
0.318242
0.185274
0.419335
0.301444
0.147184
-0.0608178
0.042494
0.0280714
0.439906
-0.66656
0.669623
0.130255
0.47271
-0.105018
0.13633
0.595984
0.155432
-0.162023
0.0490275
0.0147926
0.294476
-0.75917
0.701201
0.0836079
0.408429
-0.074684
0.161593
0.466837
0.162176
-0.120214
0.00651521
0.043463
0.236879
-0.85062
0.787054
0.0913784
0.400704
-0.0817881
0.197936
0.43793
0.121429
-0.109306
-0.0328321
0.0735639
0.0185007
-0.796339
0.730973
0.189363
0.44678
-0.0294509
0.153774
0.316798
0.112078
-0.121959
0.030835
0.0664394
-0.12879
-0.784155
0.819236
0.222036
0.54454
-0.0443522
0.126479
0.331625
0.0637002
-0.0491641
0.0551197
0.035701
-0.316196
-0.706503
0.83492
0.338267
0.571115
-0.0730903
0.0673886
0.290269
0.0920397
-0.0507614
0.0819359
0.00540876
-0.478449
-0.78217
0.830836
0.411787
0.67527
-0.0752429
0.068145
0.312407
0.0998433
-0.0131928
0.112663
-0.00163334
-0.56813
-0.793794
0.820646
0.48426
0.736847
-0.132196
0.0744279
0.322731
0.132685
0.0106749
0.112778
0.00556661
-0.359298
-0.841217
0.661889
0.410883
0.633859
-0.13761
0.0802728
0.259994
0.114525
-0.0217992
0.113127
-0.00537051
-0.266267
-0.819265
0.595185
0.359811
0.635638
-0.268871
0.104228
0.350074
0.0515089
-0.0175906
0.0990913
-0.0179804
-0.30493
-0.735081
0.550471
0.454051
0.683032
-0.231329
0.126047
0.286406
0.0954555
0.00405132
0.118798
-0.0444476
-0.456026
-0.748433
0.488531
0.575062
0.680734
-0.188241
0.14165
0.235061
0.122696
0.0100431
0.16267
-0.0482305
-0.416934
-0.668004
0.422656
0.470905
0.659645
-0.164506
0.156257
0.214918
0.102211
0.0109759
0.157307
-0.0643631
-0.535575
-0.670381
0.485248
0.630735
0.785095
-0.072101
0.137812
0.171942
0.189693
0.0584438
0.184076
-0.0734864
-0.350744
-0.59041
0.398244
0.457854
0.657645
-0.0749372
0.0878263
0.164942
0.187073
0.00421022
0.127291
-0.0420218
-0.320651
-0.629853
0.505938
0.43972
0.679333
-0.0371508
-0.00900573
0.178355
0.167168
0.0703682
0.0763389
-0.0147496
-0.112474
-0.508449
0.425195
0.418869
0.710189
0.0439635
0.0708435
0.140881
0.21963
0.0520329
0.111367
-0.0126052
-0.252844
-0.331464
0.585961
0.485501
0.611629
0.0331847
0.128107
0.160752
0.26864
-0.0251889
0.100274
0.0870444
-0.258872
-0.225127
0.570374
0.465409
0.58968
0.0917518
0.139989
0.132319
0.282895
0.00271655
0.132479
0.00366788
-0.0933128
-0.0264412
0.548129
0.439064
0.520868
-0.0381238
0.117895
0.130019
0.246003
0.000228693
0.107955
-0.0609469
-0.147575
-0.210583
0.527192
0.400112
0.631845
0.0171915
0.193458
0.143195
0.238514
0.0113753
0.0724612
0.0232522
-0.13051
-0.188632
0.504203
0.424917
0.592918
0.0191768
0.172747
0.151056
0.272475
-0.0131339
0.0846601
0.00896148
-0.0483388
-0.173581
0.512569
0.393075
0.613995
0.0562473
0.209382
0.0882692
0.221022
0.0857063
0.0228081
0.0406837
0.196905
-0.136753
0.549227
0.410545
0.455575
0.000152894
0.159687
0.0614936
0.156302
0.107154
-0.01003
0.0109313
0.17035
-0.137807
0.598527
0.464036
0.500075
-0.0144977
0.189293
0.0751168
0.203742
0.0847198
0.0249793
-0.000516401
0.196616
-0.118336
0.721136
0.509724
0.553115
-0.0487101
0.144704
0.110973
0.159103
0.0964442
0.0324475
-0.0200014
0.14321
0.0163305
0.715252
0.549638
0.482296
-0.0398787
0.123536
0.0616452
0.193007
0.0164264
0.146204
-0.13137
0.13943
0.0548602
0.711152
0.525072
0.504849
-0.00474558
0.084036
0.0397807
0.208308
-0.00236933
0.131396
-0.131459
0.140609
0.142447
0.732207
0.600341
0.476592
-0.00984519
0.0831968
0.0461866
0.221648
-0.0233815
0.0900529
-0.130582
0.114686
0.191831
0.696454
0.607636
0.494495
-0.0551572
0.0610364
0.0599328
0.232589
-0.0463171
0.0981681
-0.18978
0.239026
0.158858
0.638337
0.620223
0.52267
-0.0875545
0.0967235
0.0702099
0.22185
-0.0292135
0.0582885
-0.10522
0.290783
0.233308
0.635912
0.521225
0.462573
-0.120716
0.086028
0.0604844
0.234759
-0.0142397
0.0188419
-0.0837169
0.269505
0.243458
0.721546
0.48929
0.482413
-0.152946
0.0994877
0.0706997
0.272197
0.0520359
0.0423621
-0.0128039
0.203386
0.176296
0.754388
0.523575
0.433564
-0.137289
0.191279
0.0902691
0.339829
0.047561
0.104683
0.0177502
0.188026
0.207373
0.723824
0.469251
0.412342
-0.0733351
0.196634
0.0922409
0.359416
0.0827181
0.121599
-0.00101569
0.261213
0.258725
0.660274
0.515475
0.402594
-0.00275167
0.223611
0.0733299
0.365396
0.0470845
0.159856
0.0152226
0.222492
0.194129
0.671984
0.564519
0.422014
0.0216362
0.230381
0.0861558
0.378376
0.0284379
0.185554
0.00813462
0.348764
0.339613
0.619132
0.418416
0.437985
0.00491706
0.124534
0.0850302
0.329634
0.0499198
0.152116
0.0113951
0.42406
0.286734
0.533846
0.414462
0.456884
0.00466262
0.157904
0.138516
0.364028
-0.00664778
0.203635
0.0263598
0.444624
0.295664
0.555404
0.411401
0.42191
-0.0807345
0.123467
0.116216
0.349745
0.0489651
0.230511
-0.0214578
0.533073
0.366208
0.527307
0.458281
0.42685
-0.0767421
0.0739719
0.13544
0.292696
0.00415847
0.171564
0.00162058
0.595887
0.363401
0.550211
0.408591
0.426569
-0.0305045
0.0960202
0.117471
0.3029
-0.0105473
0.159257
0.05135
0.575704
0.371201
0.633404
0.446873
0.516964
-0.152795
0.0958395
0.120209
0.300114
0.0755543
0.127105
0.0549458
0.642363
0.325104
0.615767
0.358688
0.455781
-0.069559
0.0705072
0.141903
0.330194
0.0348598
0.168739
0.0664053
0.660585
0.396894
0.505912
0.291445
0.359343
0.0538957
0.110429
0.169587
0.255837
0.0308023
0.116179
0.0679927
0.810578
0.295818
0.618284
0.236657
0.470851
-0.0434082
0.0889193
0.159773
0.306413
-0.0345544
0.14858
0.132904
0.846609
0.321748
0.666635
0.306451
0.431995
-0.0265334
0.0562407
0.19804
0.300606
-0.081672
0.135536
0.142164
0.945566
0.366091
0.574216
0.349211
0.315551
-0.0536881
0.146518
0.190008
0.209268
0.00609536
0.0146789
0.129107
0.94248
0.406859
0.535883
0.272219
0.321237
0.0320324
0.19884
0.133991
0.167664
-0.0353325
0.0127023
0.094463
0.895046
0.377364
0.635072
0.31195
0.26899
-0.0874942
0.194076
0.10298
0.237259
0.0199756
0.0846774
0.12608
0.941667
0.362594
0.642509
0.196296
0.244955
-0.0638036
0.147525
0.030731
0.154138
0.0458519
0.130537
0.0916077
0.906125
0.35565
0.612596
0.205298
0.20911
-0.0757223
0.11458
0.0438308
0.207847
0.0300706
0.152067
0.0928868
0.968511
0.355411
0.645704
0.17193
0.226917
-0.105038
0.0852741
0.0577834
0.200041
0.0222993
0.106085
0.108021
