1.52412
0.581748
0.454669
0.079092
0.150478
0.115567
0.199205
0.0643208
0.0457328
0.0306536
-0.048086
-0.0194133
1.47846
0.549427
0.471627
0.0289724
0.152267
0.109141
0.186178
-0.0199678
0.0434429
-0.0228872
-0.00411128
0.029837
1.32408
0.608512
0.445747
0.0602222
0.119113
0.0420658
0.0545208
-0.0635935
0.0867371
0.0153985
0.0401194
0.0371129
1.43686
0.485397
0.520687
0.0531839
0.131522
0.0806716
0.0956421
-0.156544
0.0586781
0.0756833
0.101922
0.0900086
1.36999
0.511363
0.519302
0.0697212
0.157723
0.03822
0.0531302
-0.114999
0.0418282
0.0955174
0.138971
0.0752893
1.4095
0.522253
0.514811
-0.0101321
0.171323
0.022156
0.109627
-0.0934894
-0.00211857
0.115731
0.0868411
0.0584261
1.37799
0.428804
0.558506
-0.049668
0.169389
0.0393294
0.121799
-0.0510698
0.0583777
0.116422
0.111404
0.0799089
1.31113
0.532275
0.502608
-0.103888
0.139506
0.0111078
0.15496
0.0184006
0.0694187
0.0528973
0.102803
0.0473714
1.3285
0.536359
0.521963
-0.0501505
0.206493
0.0441242
0.129407
-0.01101
0.13006
0.0930407
0.0526838
0.0704139
1.18928
0.572173
0.51131
0.0214107
0.155511
0.013602
0.124456
0.04003
0.137097
0.0684837
0.102291
0.0586533
1.35197
0.524349
0.546889
0.095187
0.176044
0.0392207
0.192462
-0.000388327
0.167837
0.0446005
0.10708
0.0937055
1.11662
0.521091
0.35803
0.244854
0.219131
0.115135
0.207113
0.21376
0.0993826
0.00822083
-0.0551466
-0.000411361
1.2873
-0.247031
0.265811
0.0483788
0.0699693
0.0720618
0.143769
0.0793429
0.0581102
0.0449775
0.000850608
-0.00793181
1.62765
-0.788772
0.114919
0.583198
0.165287
-0.0528028
0.548209
0.423764
-0.0389921
-0.184059
-0.0685243
-0.0338945
1.59235
-0.450324
-0.0171119
0.591001
0.120999
-0.0412165
0.447571
0.420595
-0.0514781
-0.160591
-0.0762908
-0.0712743
1.58979
-0.732746
0.0778047
0.649732
0.174246
-0.092027
0.587392
0.476889
0.0344711
-0.169873
-0.0758641
-0.0517305
1.79808
-0.768634
0.249071
0.551697
0.0747612
-0.0157434
0.464025
0.477225
-0.00285787
-0.163812
-0.08572
-0.080146
1.63393
-0.702339
0.121901
0.653473
0.112743
-0.0670367
0.53799
0.498043
0.0101207
-0.180436
-0.0792874
-0.0633224
1.72897
-0.732984
0.0558474
0.720549
0.130294
-0.108082
0.545982
0.50307
0.0314295
-0.214425
-0.0792738
-0.0290234
1.51078
-0.795158
0.0947087
0.642283
0.227278
-0.0712914
0.553597
0.428162
0.0402025
-0.176919
-0.0808762
-0.0117774
1.63496
-0.755413
0.160793
0.654873
0.187226
-0.0983996
0.51683
0.494841
-0.00371814
-0.217692
-0.0807847
0.014066
1.45256
-0.450576
0.013322
0.733109
0.232177
-0.135167
0.480679
0.53912
-9.5655e-005
-0.242991
-0.104314
0.0593208
1.54906
-0.626485
0.0617459
0.724715
0.270124
-0.10278
0.518988
0.540456
0.0179331
-0.242435
-0.0729404
0.0821433
1.513
-0.78992
0.174603
0.645301
0.278179
-0.0542961
0.466358
0.580945
0.0334197
-0.221974
-0.0672844
0.0714427
1.35761
-0.600816
-0.0743071
0.786788
0.305899
-0.0626336
0.486213
0.543322
0.0750159
-0.251555
-0.075316
0.113518
1.36218
-0.489393
-0.00072441
0.705822
0.310882
-0.0848
0.512375
0.518631
0.021899
-0.225122
-0.0756736
0.122015
1.25729
-0.703449
0.0123037
0.720084
0.397374
-0.115533
0.565634
0.506052
0.0878249
-0.250092
-0.087141
0.156558
1.39643
-0.591697
0.0290191
0.679844
0.403435
-0.120256
0.603372
0.428824
0.0900543
-0.20716
-0.0839406
0.158699
1.02361
-0.498151
0.0592132
0.564485
0.43157
0.0772554
0.465183
0.406048
0.0812804
-0.185732
-0.0779037
0.150512
1.16118
-0.435119
0.103459
0.501912
0.43488
0.0988269
0.349374
0.504078
0.0579368
-0.151928
-0.0773848
0.121336
1.09987
-0.216028
0.172253
0.425855
0.319968
0.15627
0.417982
0.482562
-0.0395488
-0.151471
-0.0303442
0.121549
1.21086
-0.302768
0.231156
0.396072
0.345626
0.162531
0.434018
0.500165
-0.0415857
-0.161616
-0.0162154
0.121685
1.25098
-0.252582
0.083154
0.529253
0.307797
0.118783
0.502211
0.458391
-0.0287093
-0.161337
-0.0276152
0.134918
1.08404
-0.272118
0.0429446
0.509435
0.321235
0.134392
0.527959
0.39909
0.0335062
-0.160021
0.00242307
0.12003
1.20813
-0.0693138
0.101215
0.435715
0.281576
0.163449
0.500428
0.403588
0.00156186
-0.162721
-0.00986643
0.126424
1.14978
-0.272404
0.015432
0.473857
0.369034
0.150785
0.503558
0.420714
0.0330564
-0.179918
-0.00767898
0.149011
1.29851
-0.106406
0.0434772
0.469525
0.340322
0.142436
0.463717
0.421191
0.0420749
-0.181423
-0.0162352
0.160227
1.25678
-0.241294
0.0395041
0.529866
0.367391
0.152363
0.456009
0.423389
0.0102314
-0.180299
-0.0148988
0.182023
1.53123
-0.265836
-2.65919e-006
0.602109
0.313812
0.109182
0.465836
0.377033
0.084648
-0.194704
-0.019314
0.161408
1.34747
-0.208109
-0.00629256
0.585055
0.432977
0.128323
0.419461
0.473041
-0.0151093
-0.178128
-0.0376479
0.223706
1.28152
-0.219871
-0.0614781
0.573769
0.409809
0.115244
0.460776
0.434533
0.033405
-0.219991
-0.0277218
0.220238
1.43035
-0.198115
-0.0437344
0.557612
0.414252
0.128456
0.433367
0.443851
0.0430607
-0.209147
-0.0256701
0.223015
1.35568
-0.0911341
0.061583
0.485888
0.30738
0.135489
0.412272
0.428415
0.0651403
-0.227029
-0.039811
0.179703
1.40526
-0.266668
-0.0421771
0.497723
0.455177
0.0771584
0.460743
0.454759
0.0528129
-0.206861
-0.0470423
0.210917
1.18369
-0.000144358
0.111763
0.396178
0.337041
0.147719
0.385187
0.443948
0.0421443
-0.211623
-0.0456671
0.158776
1.52254
-0.418413
0.0749904
0.394877
0.542184
0.0390688
0.45153
0.516575
0.0185314
-0.152147
-0.0598721
0.194297
1.06339
0.145814
0.256834
0.398606
0.310447
0.177631
0.296576
0.332893
-0.0167271
-0.119277
0.0138671
0.132047
1.34386
-0.0567079
0.179699
0.552526
0.467286
0.164138
0.343042
0.296633
0.126854
-0.0856006
0.0657994
0.215442
1.46702
0.0699688
0.113982
0.61446
0.510863
0.149412
0.304403
0.322267
0.0836571
-0.0699247
0.0741739
0.225113
1.35047
0.111865
0.166913
0.589555
0.506842
0.191522
0.325714
0.276196
0.0989147
-0.0934818
0.0895197
0.230598
1.24321
0.285712
0.204561
0.46249
0.405241
0.164532
0.19948
0.301032
0.0766018
-0.128265
0.0953599
0.163318
1.4631
0.127722
0.160614
0.492679
0.465076
0.169351
0.315902
0.329045
0.0811448
-0.105101
0.0820873
0.229691
1.46612
0.116805
0.169595
0.54062
0.437011
0.204564
0.292542
0.364957
0.0347116
-0.113631
0.0450205
0.223543
1.24359
0.223591
0.228264
0.456049
0.417833
0.171688
0.262309
0.334464
0.0537316
-0.120236
0.0357406
0.174492
1.39796
0.247956
0.169688
0.519571
0.407763
0.117901
0.256486
0.340029
0.114511
-0.0878488
0.0507148
0.173992
1.38985
0.179472
0.27131
0.553796
0.417721
0.150899
0.378638
0.414899
0.0700288
-0.133284
0.00421891
0.209209
1.75764
0.0414332
0.17555
0.524448
0.470499
0.0942586
0.4216
0.409145
0.0805471
-0.14333
-0.0103595
0.222986
1.31248
0.25279
0.174342
0.436564
0.397022
0.172769
0.32628
0.347991
0.0576563
-0.152581
0.0548848
0.183717
1.7902
-0.0603918
0.0741228
0.577013
0.472585
0.135192
0.483469
0.340858
0.0489296
-0.176113
0.036203
0.265412
1.52913
0.0370569
0.094987
0.45859
0.366653
0.216045
0.402906
0.371418
0.0141847
-0.181281
0.0541292
0.236283
1.64925
0.0491337
0.03852
0.407419
0.398421
0.19213
0.395627
0.351739
0.0284921
-0.181505
0.0786003
0.255365
1.3343
0.126679
0.0764958
0.419858
0.435391
0.221247
0.34165
0.321105
0.0163638
-0.165338
0.0997166
0.229838
1.28143
0.214795
0.137492
0.368006
0.377478
0.227099
0.270191
0.268366
0.0495158
-0.105589
0.136747
0.157685
1.34794
0.22038
0.151087
0.403927
0.40613
0.195232
0.225525
0.259457
0.0564683
-0.045626
0.16453
0.154095
1.58452
0.118481
0.0571196
0.440744
0.46034
0.157042
0.271517
0.275924
0.0606072
-0.0427189
0.146178
0.201398
1.34125
0.255877
0.187217
0.419774
0.393925
0.184934
0.241799
0.256481
0.0698605
-0.0725608
0.11643
0.128765
1.26185
0.323271
0.180497
0.417791
0.430241
0.179604
0.190225
0.218054
0.0716464
-0.0788524
0.135478
0.107613
1.31905
0.303126
0.178061
0.434576
0.423603
0.146102
0.218028
0.244775
0.0495275
-0.0895726
0.142302
0.127712
1.39577
0.2308
0.210267
0.507976
0.482465
0.162379
0.202702
0.271792
0.0442873
-0.120042
0.0869953
0.154346
1.30143
0.374624
0.294549
0.382949
0.315657
0.164867
0.207513
0.267197
0.0580272
-0.12061
0.0992757
0.0852149
1.21329
0.375833
0.284803
0.410149
0.321688
0.171567
0.189157
0.241386
0.0935458
-0.0835788
0.0680745
0.0643877
1.66722
0.202811
0.295373
0.397752
0.487768
0.129806
0.331172
0.348966
0.0527833
-0.117004
0.0431313
0.188607
1.25748
0.4325
0.278815
0.432431
0.446905
0.16793
0.230974
0.298926
0.125724
0.000773705
0.087817
0.111157
0.457963
-0.38637
0.0818511
0.695486
0.518994
0.149732
0.3034
0.115292
0.0243528
0.137092
0.0814884
0.0842303
0.608369
-0.513061
0.368657
0.140161
0.623647
-0.0972697
0.214351
0.238397
0.259605
0.0278284
-0.0740148
0.0435705
0.210016
-0.614614
0.467079
0.286563
0.50358
-0.0932219
0.28669
0.259339
0.128063
0.0165201
0.00646649
0.0152184
0.132048
-0.687309
0.542967
0.235919
0.472796
-0.144002
0.237413
0.295625
0.104681
-0.0208688
0.0160628
0.0122222
-0.0128106
-0.74877
0.547876
0.24864
0.520441
-0.101883
0.211172
0.306812
0.112587
-0.12225
0.0440252
0.0450055
-0.256963
-0.851348
0.725416
0.392336
0.624956
-0.135941
0.116143
0.290068
0.0922324
-0.0561689
0.0913684
0.038559
-0.388919
-0.844371
0.590615
0.440409
0.597494
-0.0824896
0.0713058
0.22881
0.123108
-0.100442
0.147417
0.0112624
-0.190499
-0.810452
0.556188
0.275887
0.574408
-0.115252
0.070605
0.246623
0.117377
-0.0701096
0.116434
0.0140627
-0.194842
-0.730355
0.570881
0.228785
0.567945
-0.0671964
0.0848075
0.193113
0.0450748
0.0323746
0.192234
-0.0284722
-0.056958
-0.695785
0.660788
0.244183
0.607039
-0.0189813
0.0849898
0.158855
0.0644109
0.0562317
0.16722
-0.00337057
-0.0763151
-0.604007
0.570416
0.26997
0.575818
0.0730481
-0.00312173
0.174714
0.0650758
0.0519281
0.155308
-0.020094
0.135336
-0.672837
0.645358
0.186267
0.694088
0.110496
0.0388664
0.14521
0.0985426
0.103101
0.0999658
0.00383506
-0.0264912
-0.536127
0.569417
0.359287
0.680413
0.16844
0.0661147
0.128297
0.157543
0.0643001
0.174801
-0.00109858
0.199908
-0.538278
0.523958
0.265527
0.659378
0.118184
0.107604
0.097913
0.14575
0.0533001
0.141776
0.022752
0.182385
-0.380046
0.512594
0.152047
0.693709
0.175023
0.126314
0.0824599
0.175035
0.0225577
0.122551
0.0646904
0.0549464
-0.403482
0.41605
0.221796
0.725508
0.236998
0.149198
0.0795652
0.177825
-0.00164195
0.140872
0.0959719
0.00570733
-0.367008
0.355014
0.218467
0.663539
0.171419
0.070828
0.0328112
0.127813
0.0276714
0.175306
0.0234614
0.106736
-0.350564
0.287339
0.196324
0.718083
0.0929212
0.0965276
0.0478733
0.0985145
0.0202616
0.173984
0.00954568
0.0758865
-0.337693
0.213556
0.212325
0.723423
0.0148322
0.0732577
0.0278357
0.0503243
0.0311395
0.174497
-0.0365231
0.151723
-0.277559
0.295475
0.109473
0.601
0.0665468
0.0783021
-0.0711021
0.0740797
0.0964627
0.136447
-0.00993463
0.199566
-0.199883
0.241367
0.136925
0.5364
0.0333169
0.108332
0.041337
0.0197651
0.0475706
0.116549
0.0123369
0.194849
-0.137953
0.317419
0.10042
0.409378
0.0379601
0.106724
0.0177658
0.0293105
0.0575909
0.119071
-0.0312088
0.194959
-0.206798
0.413199
0.126403
0.451578
-0.00027976
0.145408
0.0027111
0.0204689
0.0213389
0.0666089
0.0421319
0.0802704
-0.198182
0.410822
0.197074
0.489285
0.0326739
0.185212
0.00538341
-0.045827
-0.0220033
0.112123
0.0233783
0.100107
-0.260351
0.432858
0.219079
0.467785
-0.0104857
0.181142
0.00540312
0.015331
0.0638882
0.109089
0.0149253
0.146594
-0.207244
0.374357
0.204723
0.553077
0.0338202
0.184093
0.0204482
0.035604
0.1334
0.133837
-0.0216884
0.0950561
-0.0991981
0.369606
0.211559
0.495304
0.126865
0.144659
0.00870576
0.0957846
0.112933
0.163973
-0.0748621
0.163232
-0.0238869
0.388355
0.260412
0.482161
0.0949086
0.083342
-0.0209138
0.152169
0.160121
0.134414
-0.0993336
0.241074
0.0510237
0.493962
0.306038
0.512001
0.102683
0.111254
-0.0343509
0.114594
0.189392
0.155913
-0.0854169
0.292786
0.106232
0.550654
0.37461
0.480571
0.131887
0.0615664
-0.0363204
0.141033
0.058192
0.15514
-0.0707216
0.526555
0.0341025
0.584532
0.296888
0.534083
0.0978368
0.0895942
0.0131647
0.110746
0.054532
0.165165
-0.0261811
0.512428
0.156739
0.603659
0.317225
0.530969
0.109242
0.0602507
0.00825095
0.122392
-0.00200664
0.118951
-0.0344166
0.503473
0.118378
0.563734
0.275098
0.545172
0.112341
0.0255664
0.0297875
0.128682
-0.0554729
0.0489809
-0.0211684
0.457018
0.22798
0.596446
0.353322
0.560879
0.0573853
0.0176505
0.0525892
0.152823
-0.0165783
0.0336064
-0.0324256
0.58059
0.19758
0.608819
0.281073
0.587869
0.0463868
0.0264866
0.0289682
0.150297
-0.0103625
0.0365679
0.00134131
0.660481
0.232694
0.553982
0.242614
0.48095
0.0021128
0.0895829
0.0255334
0.0884295
0.108099
0.0307278
0.00438791
0.697514
0.269675
0.609001
0.250583
0.431166
-0.0440334
0.0431825
0.00347616
0.095691
0.0878379
0.0678608
-0.0139044
0.793836
0.177428
0.670391
0.231601
0.450299
-0.0874165
0.0489417
-0.0129112
0.0944448
0.108356
0.0788513
-0.00566131
0.836557
0.177968
0.725868
0.26526
0.419649
-0.0937713
0.0398211
-0.0696158
0.12925
0.120888
0.0870478
0.00245755
0.747942
0.154388
0.637839
0.289729
0.381447
-0.0601779
-0.0145714
-0.0508408
0.178882
0.0943796
0.107203
0.00129253
0.76274
0.252013
0.57147
0.295729
0.470957
-0.0237058
0.0341108
-0.00456702
0.16298
0.114039
0.183211
0.00284694
0.715152
0.338315
0.490352
0.2531
0.415483
-0.0011236
0.0242027
-0.0246279
0.132886
0.144007
0.154687
0.0100274
0.778074
0.269363
0.643912
0.22643
0.438944
0.00270951
0.0564071
-0.010301
0.170154
0.183735
0.133467
0.0390608
