1.42564
0.730377
0.473829
0.249003
0.162103
0.160592
0.0656656
0.0381405
0.0313028
-0.0720664
-0.00717435
0.00280866
1.44594
0.829271
0.495425
0.211886
0.216145
0.111477
0.104147
0.0780246
0.0448787
-0.0208059
-0.0339317
-0.0199271
1.6093
0.897378
0.546307
0.107372
0.245157
0.163021
0.0370927
0.043909
0.00964551
-0.0533724
0.0246136
0.000120275
1.49806
0.756645
0.496514
0.183564
0.159706
0.115859
0.0440534
0.0583274
0.0247491
-0.0727441
0.0300484
-0.00188723
1.42566
0.750048
0.489688
0.222193
0.189896
0.117097
0.0213631
0.0164951
-0.0257844
-0.0581457
-0.0123245
-0.0312597
1.49287
0.78146
0.471966
0.161475
0.165748
0.062487
0.0206126
0.0439057
-0.0178413
-0.0631873
-0.0226796
-0.0339499
1.43099
0.730643
0.468453
0.259361
0.173369
0.0692785
0.0417162
-0.047776
-0.0259928
-0.0101503
-0.00849743
-0.0189776
2.05277
0.745747
0.62614
0.056931
0.199564
-0.000240258
0.149617
-0.0642924
0.0943402
0.0545401
0.0110506
0.10651
1.74997
0.795665
0.471064
0.212681
0.188996
0.0330359
0.12298
-0.00626385
0.0292616
0.0368907
0.125203
0.0983779
1.65946
0.658013
0.348484
0.256528
0.112479
0.0528646
0.170509
0.194505
0.0590246
-0.0552904
0.145411
0.0904007
1.35036
0.638364
0.331965
0.240708
0.185891
0.0812626
0.139572
0.152059
0.0561974
0.037256
0.142197
0.0526747
2.22509
0.0147058
0.26006
0.44575
-0.0119166
0.015611
0.561126
0.303272
-0.0375739
-0.0385519
0.0851021
-0.0478212
1.72009
0.194958
0.207394
0.227841
-0.0968336
0.0849335
0.451433
0.292741
-0.000996704
-0.0135695
0.0985837
-0.0187973
2.00461
0.0286385
0.0658571
0.369325
0.0206916
0.0760725
0.539711
0.354018
-0.00573033
0.00962491
0.0338693
-0.130867
2.02438
-0.0314397
-0.0566693
0.345122
0.0805717
0.106691
0.492047
0.321175
0.0143554
-0.0112915
0.00546731
-0.122241
1.52662
0.101973
-0.030727
0.222745
0.137833
0.173408
0.451295
0.355952
0.0364291
0.0175206
-0.0410181
-0.0913379
1.65469
-0.199071
-0.0578525
0.413555
0.132466
0.120141
0.481939
0.342275
0.0321473
-0.0263863
-0.0242292
-0.113769
2.535
-0.720211
0.0711523
0.475984
-0.0146107
0.0724579
0.537493
0.35612
0.0176506
-0.0329883
-0.0211985
-0.0834855
2.08476
-0.612259
-0.164858
0.611299
0.0524472
0.097435
0.662135
0.328542
0.0406317
-0.0607908
0.029399
-0.1102
1.49516
-0.320988
-0.0358584
0.486887
0.161897
0.164659
0.523287
0.314172
-0.00619086
-0.0391332
-0.023545
-0.108648
1.54545
-0.284352
-0.0483
0.46514
0.150752
0.192194
0.535627
0.307813
-0.0102212
-0.0387896
-0.00525406
-0.0915501
1.50048
-0.269764
0.012374
0.437347
0.143551
0.178049
0.529232
0.32093
-0.00624068
-0.0440479
-0.0358432
-0.0960199
1.59791
-0.331672
-0.081566
0.49261
0.20698
0.179162
0.523974
0.320013
-0.000145725
-0.0810282
-0.0179636
-0.0537408
1.56396
-0.343912
-0.103806
0.474022
0.235015
0.201607
0.525795
0.32116
0.0194796
-0.0814477
-0.0196193
-0.0475853
1.6802
-0.305219
-0.0611361
0.560443
0.189229
0.139188
0.527605
0.334913
0.0136072
-0.137214
-0.0290426
-0.0112524
1.39083
-0.155991
-0.030301
0.452566
0.265033
0.198144
0.454405
0.336641
-0.0112349
-0.111546
-0.0393926
0.0341992
1.46521
-0.237888
0.0219332
0.562661
0.280272
0.134621
0.466037
0.379493
-0.019799
-0.141857
-0.0702422
0.0528063
1.47141
-0.271912
-0.00909846
0.541997
0.323096
0.138462
0.448864
0.360603
-0.0113096
-0.160585
-0.0571956
0.0797644
1.83838
-0.37546
-0.0389609
0.584876
0.3412
0.109459
0.466405
0.392073
0.0195055
-0.182581
-0.0677063
0.0753652
1.48441
-0.103138
-0.0343248
0.488952
0.36452
0.12432
0.405173
0.422523
-0.006317
-0.171144
-0.105624
0.106196
1.70362
-0.0778074
-0.068176
0.42883
0.401063
0.171125
0.367274
0.401391
0.0344615
-0.176769
-0.0955661
0.117374
1.43723
-0.01504
-0.0589235
0.388451
0.392387
0.241091
0.338647
0.381586
0.0747181
-0.186191
-0.109456
0.11298
1.45615
-0.073667
-0.155999
0.370809
0.413
0.256218
0.335653
0.36316
0.0681938
-0.177515
-0.0778087
0.113615
1.61174
-0.139564
-0.183556
0.438134
0.468393
0.235942
0.374937
0.357313
0.0637895
-0.156854
-0.0988451
0.121593
1.49274
-0.0512716
-0.0953565
0.388073
0.38931
0.242736
0.360632
0.348099
0.0576556
-0.173925
-0.0996215
0.109622
1.40456
-0.0514311
-0.095934
0.374116
0.403025
0.28659
0.36602
0.339186
0.0842598
-0.165457
-0.0730787
0.122993
1.41862
-0.0180213
-0.0807021
0.360802
0.391446
0.276661
0.340153
0.327551
0.0678978
-0.152462
-0.0832849
0.1062
2.30836
-0.424002
-0.361713
0.623445
0.368123
0.177502
0.454993
0.318694
0.0988762
-0.172033
-0.0321423
0.105481
1.38831
-0.0884177
-0.139545
0.38996
0.463068
0.288016
0.348413
0.344426
0.0687343
-0.144599
-0.077172
0.132286
1.41254
-0.107127
-0.233278
0.3564
0.497618
0.309054
0.305453
0.330267
0.0951302
-0.154509
-0.0750803
0.12128
1.61687
-0.0529925
-0.262196
0.387815
0.509171
0.237528
0.363735
0.346107
0.0734565
-0.138734
-0.0724291
0.146252
1.68927
-0.0189995
-0.233861
0.335042
0.426746
0.271151
0.321825
0.328876
0.105839
-0.127143
-0.0482662
0.112303
1.92376
-0.470531
-0.278344
0.395781
0.559257
0.245941
0.48035
0.245365
0.142723
-0.125018
-0.0430092
0.173863
1.42636
0.0974398
-0.00545031
0.355402
0.394843
0.282201
0.286415
0.285459
0.103665
-0.0924956
-0.0285627
0.0937431
1.49833
0.00563523
-0.157493
0.29526
0.504395
0.366422
0.218563
0.246719
0.192343
-0.0590831
-0.0459417
0.0477028
1.2619
0.32137
0.165892
0.268064
0.336454
0.347757
0.263838
0.1019
0.0316212
0.00359758
0.0737339
0.077817
1.69794
0.252565
-0.0256607
0.33859
0.557169
0.369837
0.248969
0.14649
0.0345721
-0.0279873
0.0156259
0.105517
1.53098
0.346386
0.0303138
0.300129
0.498819
0.35718
0.205836
0.151203
0.086515
-0.104845
0.0355804
0.106701
1.9236
0.253615
-0.030654
0.34671
0.508156
0.315575
0.229564
0.118605
0.143632
-0.104367
-0.0115283
0.115229
1.30806
0.32816
0.12126
0.298168
0.419188
0.285478
0.174657
0.147019
0.0584085
-0.0694398
0.0207096
0.0736856
1.60501
0.360021
0.0219109
0.316966
0.549041
0.324993
0.18078
0.182386
0.0960824
-0.0782691
0.0202888
0.103895
1.66852
0.264727
0.0685975
0.375727
0.506784
0.381623
0.256533
0.176855
0.0530681
-0.0622055
0.0353475
0.137865
1.51996
0.302198
0.0330801
0.360793
0.495203
0.350096
0.234315
0.171334
0.101538
-0.0549659
0.0223572
0.104511
1.256
0.370234
0.155
0.290736
0.425753
0.348041
0.263799
0.172002
0.0732581
-0.0172472
0.00458244
0.0796265
1.48636
0.35282
0.0424881
0.352297
0.52872
0.380814
0.272466
0.190546
0.142467
-0.03972
-0.0331995
0.0768819
1.94239
0.293899
-0.0800438
0.411463
0.56894
0.337742
0.29814
0.169406
0.16873
-0.0773789
-0.0495677
0.0854634
1.47589
0.418881
0.109885
0.318767
0.457862
0.353697
0.252103
0.234058
0.124511
-0.0511091
-0.0391034
0.0628775
1.54745
0.341862
0.0824657
0.370247
0.57538
0.372092
0.220891
0.166329
0.110341
-0.0316542
0.0260173
0.104323
1.29692
0.331713
0.122422
0.337964
0.468683
0.320964
0.130966
0.114069
0.101649
0.0549486
0.0714472
0.0579998
2.20142
0.130146
-0.0303032
0.323787
0.618151
0.198889
0.255227
0.049156
0.2023
0.0394411
0.0203018
0.143304
1.4383
0.366692
0.0881036
0.276943
0.425408
0.316313
0.190911
0.116302
0.0314659
-0.0231608
0.0923732
0.0977227
1.50882
0.370769
0.0901131
0.297459
0.484884
0.370374
0.18129
0.057219
0.0312423
-0.0400097
0.109522
0.107926
1.39706
0.46934
0.156213
0.260465
0.379382
0.364689
0.236011
0.0545171
-0.0681322
-0.0554648
0.0937147
0.0931845
1.50516
0.445379
0.13558
0.287564
0.487364
0.375664
0.19081
0.0700526
-0.0422991
-0.0866524
0.0697552
0.088711
1.2964
0.515119
0.247536
0.285728
0.354557
0.314712
0.201071
0.0760453
0.0145913
-0.000448508
0.042081
0.0310139
1.30584
0.492119
0.217749
0.25929
0.352662
0.337514
0.238306
0.0832919
0.00374852
-0.00935526
0.0690513
0.0520867
1.35673
0.475191
0.179444
0.24713
0.413412
0.37373
0.213127
0.109236
0.0545566
-0.00535419
0.0533719
0.0525541
1.37207
0.528309
0.220489
0.235774
0.367935
0.373926
0.247758
0.123821
0.00768577
-0.00733657
0.105688
0.0813428
1.32204
0.47896
0.192681
0.274626
0.402659
0.361937
0.220068
0.116492
0.0264394
-0.00405019
0.128792
0.086298
1.27061
0.537263
0.258908
0.237245
0.308172
0.317805
0.235052
0.108739
0.0476337
0.0658646
0.151229
0.0728099
1.33614
0.57845
0.246312
0.220719
0.317243
0.300414
0.243775
0.146685
0.0463094
0.0695008
0.118715
0.0718104
1.49476
0.553339
0.354811
0.218781
0.292115
0.328777
0.221465
0.169365
0.137956
-0.0150924
0.132975
0.0928888
1.23237
0.557932
0.333012
0.271633
0.297374
0.242949
0.153235
0.205388
0.163871
0.076571
0.0669275
0.0370642
0.626251
-0.812894
0.557771
0.0227112
0.334955
-0.0607755
0.261122
0.444086
-0.0171853
-0.0154162
0.0119833
-0.101175
0.16789
-0.679071
0.658271
-0.0411045
0.328497
-0.0637359
0.272676
0.443557
-0.00316526
-0.0438178
0.0129217
-0.0408471
0.0735154
-0.739736
0.74845
-0.0857514
0.328241
-0.0681812
0.280632
0.4401
0.0177091
-0.0632202
-0.00935003
-0.0244518
-0.0151507
-0.677239
0.698492
-0.0421042
0.324221
-0.0981671
0.294422
0.414703
0.0321309
-0.0849301
0.00947018
-0.022735
-0.35377
-0.567068
0.945699
0.0874097
0.412117
-0.156813
0.193894
0.308994
-0.00235039
-0.0468282
0.0506199
0.0715048
-0.578155
-0.637862
0.835111
0.250948
0.519448
-0.118848
0.16991
0.230808
0.0245968
-0.0670143
0.0998043
0.0738559
-0.515533
-0.65159
0.785799
0.242653
0.524462
-0.194968
0.160154
0.26725
0.00662106
-0.0713665
0.0850463
0.079422
-0.470171
-0.63995
0.740415
0.243702
0.55092
-0.185283
0.137923
0.246887
0.00498012
-0.0758968
0.0652725
0.0887067
-0.214253
-0.680695
0.65775
0.282745
0.540695
-0.156766
0.154091
0.252307
0.114241
-0.123553
0.0649033
0.107042
-0.248132
-0.643811
0.708318
0.303054
0.535204
-0.124253
0.134421
0.269144
0.0980199
-0.1041
0.041118
0.113545
-0.293104
-0.613266
0.641163
0.384814
0.66408
-0.00931537
0.0932531
0.205183
0.169427
-0.068504
0.0399558
0.125643
-0.192229
-0.645411
0.566196
0.406341
0.604133
0.0902053
0.0489125
0.202268
0.134639
-0.0624765
0.0852591
0.0834585
-0.202879
-0.62108
0.520051
0.382486
0.668046
0.121913
0.0462056
0.151506
0.153449
0.0122351
0.0642614
0.0841835
-0.0576292
-0.55907
0.306898
0.47745
0.709144
0.12502
0.00912257
0.163036
0.156405
-0.00982156
0.14149
0.0510793
-0.0487178
-0.545144
0.356597
0.385985
0.719464
0.155655
0.0465457
0.0723309
0.14365
0.0435818
0.167227
0.0406486
-0.132189
-0.448344
0.31386
0.31856
0.675192
0.205538
0.0862252
0.0269035
0.161994
0.0432084
0.199588
0.0608409
-0.00257912
-0.218884
0.339891
0.251337
0.588472
0.209571
0.0893928
-0.0305904
0.114654
0.0214517
0.166051
0.0598324
-0.056019
-0.037644
0.501943
0.315377
0.420237
0.183613
0.187544
0.0339506
0.157558
-0.0574691
0.138691
0.107662
0.0522381
-0.0308956
0.497504
0.37623
0.398026
0.119556
0.220668
0.0725008
0.175985
-0.0630165
0.147328
0.110461
0.0492834
-0.000455012
0.507608
0.353964
0.506484
0.0750813
0.131247
0.0887214
0.124107
-0.052236
0.137092
0.115527
0.186308
-0.0109851
0.459546
0.344634
0.48691
-0.00212937
0.145753
0.0421715
0.131853
-0.0377624
0.10913
0.14568
0.0939737
-0.113858
0.474397
0.291415
0.558262
0.030789
0.185634
0.0444299
0.108321
0.00444919
0.109149
0.19248
0.21288
-0.0612418
0.496226
0.309635
0.593432
0.0498471
0.221997
0.0534865
0.111097
0.0288883
0.0858151
0.164782
0.220218
0.00923988
0.538674
0.348025
0.529039
0.0864541
0.208752
0.0241384
0.126733
0.0201972
0.0597335
0.14067
0.235085
-0.00645789
0.542986
0.348411
0.479938
0.0474533
0.196779
0.000150095
0.0981179
-0.00356408
0.0323927
0.0754579
0.196539
0.0443049
0.660796
0.356101
0.403796
0.0363013
0.212254
0.0593567
0.131561
-0.0162769
0.0256681
0.0512915
0.123621
0.00150151
0.63985
0.266213
0.449422
0.0923321
0.20052
0.0294977
0.0239375
-0.0046431
-0.024595
0.070045
0.204163
-0.00885284
0.613637
0.321333
0.494642
0.0736819
0.154266
0.00346036
0.0461454
0.0352528
0.00926914
0.0075325
0.334336
0.0657888
0.552904
0.257891
0.499658
0.0810188
0.120076
0.00824913
0.0621099
0.0278245
-0.00374228
0.0496548
0.280564
0.0914333
0.593455
0.364221
0.558962
0.133235
0.149449
-0.0296348
0.0181016
0.0952544
0.0246442
0.0100152
0.42485
0.210022
0.516628
0.320459
0.469153
0.173826
0.105852
-0.0931047
0.0422569
0.0575497
0.0578422
-0.0487745
0.460542
0.224471
0.549786
0.321396
0.429556
0.142093
0.173927
-0.0524362
-0.0287257
0.0111203
0.0226379
-0.000771194
0.610281
0.238957
0.563073
0.258568
0.466579
0.0511535
0.14298
-0.0306571
-0.0256754
-0.00260223
0.00288157
-0.00617933
0.640248
0.212458
0.616292
0.272871
0.46714
0.0881308
0.19208
-0.0786593
0.0193584
-0.0223294
-0.0208911
0.0459749
0.612123
0.298353
0.665104
0.297134
0.39956
-0.00593499
0.177788
-0.0106721
0.0336617
-0.000189922
0.00634227
0.0142062
0.614023
0.349555
0.663722
0.26662
0.394758
0.0285837
0.154498
-0.0186082
0.0809654
-0.00656972
0.0126496
0.00383076
0.646027
0.248364
0.599019
0.274328
0.303772
0.00396798
0.127357
-0.0176091
0.147767
-0.0527682
0.00792506
-0.00353259
0.704767
0.243964
0.684634
0.322608
0.368044
0.0140034
0.0634063
-0.011692
0.144291
-0.0207142
-0.0311372
0.0124737
0.813245
0.22799
0.55823
0.297339
0.384705
0.0439591
0.1458
-0.0443443
0.221394
-0.0810688
-0.0256855
0.0521634
0.892728
0.274109
0.552793
0.291246
0.385374
0.00621093
0.132674
-0.0212071
0.240716
-0.0880709
0.044236
0.0531685
0.85388
0.324438
0.537102
0.25476
0.397418
-0.0339751
0.12303
0.0301994
0.203986
-0.0415233
0.0679793
0.031989
0.76725
0.41414
0.520165
0.16644
0.366358
0.0439773
0.174123
0.00803365
0.130189
0.0520707
0.103852
-0.00655293
0.866624
0.333636
0.647041
0.126372
0.378371
0.0164749
0.157231
0.0702349
0.108233
0.0370414
0.0233219
0.0529555
0.820048
0.234019
0.630516
0.0987124
0.393017
-0.00335454
0.179443
0.0449316
0.0375601
0.00553432
0.0446717
0.0886533
0.941676
0.262641
0.670645
0.0651068
0.379947
-0.0389153
0.155515
0.0258164
0.0578887
-0.000368706
0.0225581
0.11292
0.937314
0.341969
0.506254
0.157344
0.290973
-0.0133951
0.174246
-0.000598403
0.0727899
-0.0597943
-0.0160601
0.0557997
0.919637
0.237549
0.502535
0.123746
0.249085
0.0222975
0.18384
0.00947766
0.0855752
-0.0462532
-0.0157893
0.0619243
1.07519
0.286055
0.622202
0.0252249
0.232369
-0.0153926
0.183405
0.05907
0.0817167
-0.0407023
-0.0843231
0.0625706
