1.34073
0.745959
0.529089
0.238586
0.279384
0.181974
0.13275
0.0336107
0.0650441
0.0167887
-0.0657527
-0.0380574
1.37665
0.737825
0.554749
0.261148
0.249887
0.122635
0.153367
0.0861247
0.0792512
0.0611289
-0.061294
-0.0266897
1.41861
0.737387
0.544612
0.242645
0.281442
0.174792
0.166896
0.108038
0.128056
0.0841644
-0.0866064
-0.0173923
1.34412
0.694775
0.506752
0.308283
0.284494
0.241022
0.184845
0.175012
0.101146
0.0449121
-0.0307505
0.0128001
1.55798
0.690726
0.460438
0.365972
0.330969
0.218171
0.238579
0.0768974
0.186413
0.085261
-0.0986694
-0.0318409
1.4643
0.655338
0.483666
0.397097
0.355813
0.2211
0.187596
0.157116
0.106673
0.0275315
-0.0932022
-0.0193072
1.36889
0.669273
0.489918
0.415177
0.349183
0.251806
0.201969
0.12986
0.124436
0.0252865
-0.057343
0.00773211
1.21544
0.630792
0.384526
0.310951
0.273929
0.19082
0.151902
0.115929
0.0881666
0.0105587
0.00687656
0.0179458
1.61111
0.670107
0.447465
0.301036
0.466149
0.290871
0.175393
0.0728992
0.115751
-0.0143044
0.0588863
0.0499825
1.43156
0.684011
0.398464
0.282298
0.346389
0.274224
0.189121
0.125417
0.109559
0.0328061
0.0544035
0.050249
1.41023
0.63728
0.315569
0.2689
0.265
0.217631
0.100794
0.00164219
0.109113
0.0213356
0.0583437
0.0390244
1.11618
0.562896
0.339088
0.209123
0.194621
0.146428
0.0867907
0.0567931
0.0456543
0.0430836
0.0717592
0.0388567
1.34914
0.590511
0.382336
0.302697
0.278078
0.17465
0.14515
0.113935
0.0726786
0.0528661
-0.0134202
-0.00640327
1.95967
0.388682
0.33516
0.349004
0.255722
0.0424691
0.315735
0.283228
0.188191
0.0189674
-0.0896423
-0.0474004
1.91962
0.31834
0.376806
0.339767
0.225773
-0.000939453
0.365141
0.375322
0.162712
0.00377708
-0.0895211
-0.0447405
1.51278
0.48042
0.335685
0.325042
0.193391
0.0461064
0.314574
0.35113
0.190327
0.0456564
-0.108081
-0.0413709
1.24689
0.425417
0.186256
0.200509
0.280067
0.282985
0.232593
0.157118
0.128615
0.0789111
-0.0269462
0.007047
2.3016
-0.0315259
0.21575
0.547813
0.246286
-0.23275
0.441569
0.523827
0.189953
0.0149776
-0.0448628
-0.0785656
2.2146
-0.0846117
0.00115002
0.597217
0.0809272
-0.141672
0.45809
0.434613
0.157691
-0.0792667
-0.0138074
-0.0829205
1.91385
-0.0922269
0.0859035
0.531105
0.112569
-0.086182
0.447992
0.514307
0.126566
-0.0256836
-0.0266306
-0.0797213
1.88526
-0.128248
-0.0504423
0.478992
0.146474
-0.0013513
0.454764
0.441404
0.108925
-0.0397225
-0.0297878
-0.0815542
1.42138
-0.0812747
-0.173119
0.427935
0.301073
0.0395332
0.340902
0.417774
0.096195
-0.0700091
-0.0985825
0.00490722
2.50131
-0.535817
-0.218612
0.629428
0.0581917
-0.0945902
0.605389
0.47026
0.114253
-0.137861
0.00650416
-0.039145
2.40572
-0.607642
-0.194257
0.635886
0.0377239
-0.0664316
0.616187
0.457532
0.0609152
-0.156096
0.0057045
-0.0368304
1.57793
-0.244312
-0.0259866
0.532119
0.159123
0.0187832
0.467819
0.439632
0.0532135
-0.100749
-0.0546705
-0.0454318
1.54648
-0.236936
-0.117105
0.50145
0.193427
0.058386
0.465623
0.40027
0.0387106
-0.0899712
-0.0324526
-0.0586215
2.76506
-0.867778
-0.14296
0.54669
0.0949344
-0.0194892
0.600235
0.497991
0.00206852
-0.152514
-0.0120732
-0.00645408
1.96659
-0.462141
-0.138477
0.540085
0.159607
0.0850039
0.555046
0.359536
0.0666533
-0.107907
-0.00955223
-0.0582236
1.56112
-0.177629
-0.107857
0.413983
0.229455
0.127974
0.473435
0.391479
0.0136523
-0.0939295
-0.0304383
-0.0255701
1.43818
-0.116219
-0.0412497
0.306114
0.208715
0.242227
0.441142
0.343931
0.0178264
-0.0681316
-0.0346021
-0.036345
2.54556
-0.422247
-0.167752
0.463429
0.24167
0.0168192
0.630736
0.294478
0.0453251
-0.0833626
-0.0124979
-0.0328244
1.27548
0.0508556
0.0587492
0.3336
0.234251
0.232105
0.441159
0.30947
-0.0185383
-0.0746593
-0.0678565
0.00297708
1.38763
0.00584223
0.0989674
0.476484
0.244143
0.180357
0.496085
0.355371
-0.0476118
-0.0880345
-0.0704945
0.031004
1.25233
0.0904986
0.219212
0.427594
0.171987
0.171237
0.454628
0.3354
-0.0189457
-0.0933348
-0.0678473
0.0191901
1.16224
-0.0196444
0.0763575
0.41398
0.237836
0.194321
0.436824
0.33169
-0.00885728
-0.0961238
-0.091093
0.0229767
1.29759
0.0192238
0.0944511
0.430867
0.246448
0.153019
0.434424
0.398375
0.0201055
-0.12885
-0.133321
0.0351053
1.31945
0.0325012
0.0830286
0.427148
0.251807
0.131289
0.404914
0.402565
0.0334797
-0.146981
-0.147266
0.0358461
1.47375
0.0276401
0.00321414
0.402311
0.30925
0.139103
0.395356
0.40464
0.065642
-0.168477
-0.151857
0.0436144
1.2227
0.133448
0.0675173
0.318499
0.3113
0.233578
0.329544
0.336542
0.0772798
-0.167163
-0.11484
0.0434932
1.44639
-0.0439022
-0.0623581
0.39536
0.385817
0.173012
0.367018
0.370459
0.0479638
-0.169571
-0.125726
0.0745535
1.35288
0.103293
-0.017719
0.346418
0.383089
0.216499
0.326015
0.349486
0.0674658
-0.183324
-0.121559
0.0771783
1.587
-0.0670036
-0.116193
0.467092
0.404467
0.147314
0.35725
0.398263
0.0448882
-0.176527
-0.134551
0.0939908
1.62331
-0.157412
-0.111348
0.417441
0.423338
0.142895
0.363405
0.354881
0.0669506
-0.160097
-0.108061
0.0820385
1.45764
-0.0293222
-0.063715
0.435847
0.382417
0.140911
0.351348
0.402391
0.0534214
-0.186776
-0.118771
0.107928
1.4314
-0.270488
-0.141503
0.456016
0.427859
0.192927
0.336051
0.44578
0.0367906
-0.196725
-0.102252
0.121022
1.4356
-0.121735
-0.117177
0.433681
0.394587
0.168826
0.353386
0.433812
0.050577
-0.203548
-0.108854
0.123292
1.58054
-0.250698
0.0612365
0.344143
0.352543
0.191149
0.33602
0.465302
0.0520698
-0.217591
-0.0873963
0.10619
1.38464
0.0200674
0.00510358
0.296987
0.362995
0.198366
0.270292
0.43502
0.100361
-0.251627
-0.0966985
0.104198
1.13515
0.13794
0.213448
0.345903
0.301969
0.230959
0.332443
0.431373
0.0917268
-0.237117
-0.11304
0.113232
1.47325
-0.0189393
0.181948
0.269106
0.384894
0.257853
0.232519
0.522555
0.104367
-0.244053
-0.0920231
0.10864
1.2585
0.307683
0.24974
0.42406
0.363849
0.228169
0.271657
0.314828
0.0785935
-0.14631
-0.0444677
0.104956
1.20585
0.378206
0.222649
0.337443
0.359923
0.314053
0.29064
0.221635
0.0630374
-0.0519783
-0.0513052
0.0659845
1.49438
0.281612
0.0602043
0.417915
0.484311
0.313768
0.327526
0.276023
0.089156
-0.0689657
-0.0825118
0.0933468
1.67178
0.239534
-0.00614625
0.354588
0.461549
0.288499
0.306819
0.311189
0.102912
-0.118614
-0.0653098
0.107314
1.29956
0.360474
0.132652
0.296531
0.402293
0.319098
0.278231
0.230656
0.0562599
-0.0974077
-0.0535028
0.0668294
1.49499
0.255879
0.0800986
0.353883
0.433533
0.300731
0.309648
0.290904
0.0537425
-0.141789
-0.0962154
0.0854699
1.3789
0.230141
0.0674792
0.339066
0.399605
0.331447
0.316436
0.274484
0.0891179
-0.137079
-0.0917042
0.0773657
1.95196
0.188806
-0.0265506
0.443783
0.534064
0.222881
0.371028
0.286187
0.0757066
-0.114427
-0.109885
0.0847948
1.6066
0.270887
0.0915346
0.442347
0.495101
0.300836
0.30832
0.250959
0.0872261
-0.112969
-0.0564201
0.109577
1.50373
0.362746
0.1403
0.432392
0.51648
0.324893
0.308833
0.217777
0.0619282
-0.0561018
-0.0477767
0.090451
1.75349
0.269302
0.11963
0.485707
0.516951
0.314681
0.340273
0.245565
0.107043
-0.109874
-0.0614779
0.109731
1.43287
0.37709
0.198523
0.400896
0.464805
0.332508
0.304424
0.232698
0.0240805
-0.117319
-0.00986075
0.111824
1.58459
0.305242
0.108411
0.395286
0.459923
0.284299
0.322216
0.246339
0.0140352
-0.139102
-0.0362677
0.10827
1.81294
0.191493
-0.0182765
0.474092
0.496951
0.248609
0.346526
0.216242
0.0282022
-0.131717
-0.0514494
0.104504
1.34521
0.452182
0.193482
0.276115
0.339518
0.294948
0.244852
0.146656
0.0100919
-0.0990293
0.0195097
0.0318767
1.24292
0.396397
0.288294
0.418397
0.42097
0.297942
0.221544
0.19492
0.0504582
-0.0888858
-0.0059657
0.0565816
1.33063
0.438464
0.268306
0.358991
0.406049
0.332616
0.278272
0.187206
0.0272195
-0.0881719
-0.00299882
0.0609034
1.37112
0.507819
0.251963
0.31958
0.347542
0.285561
0.236209
0.148486
0.0250974
-0.0279613
0.030999
0.0328999
1.28114
0.523568
0.261169
0.275944
0.31461
0.267955
0.209175
0.155047
0.0710027
-0.0173738
0.00959211
0.013028
1.75884
0.498516
0.181604
0.259948
0.456866
0.414922
0.357585
0.148951
-0.0217456
-0.0314903
-0.0249078
0.0508364
1.29003
0.537165
0.251013
0.216448
0.294805
0.29674
0.242961
0.11855
0.0418564
-0.0336484
-0.00805565
-0.000327738
1.30467
0.587219
0.298278
0.258251
0.274698
0.282012
0.246847
0.13892
0.0203982
-0.0564965
0.0150753
0.00419735
1.69748
0.520315
0.2291
0.361752
0.408631
0.310265
0.292734
0.186485
0.00292309
-0.120413
-0.0156198
0.0492716
1.37161
0.609471
0.389278
0.352496
0.394994
0.307773
0.247761
0.187482
0.0406649
-0.0607721
0.00920399
0.0232796
1.35424
0.646128
0.41983
0.347216
0.376399
0.292849
0.236296
0.137783
0.0446849
0.000537168
0.022634
0.0211093
1.44413
0.611244
0.379773
0.422899
0.405317
0.351567
0.27802
0.179249
0.050472
0.00408811
0.0356586
0.0526348
1.71998
0.499516
0.568677
0.274443
0.474096
0.462795
0.244837
0.242398
0.081169
-0.00449138
0.0485294
0.0568123
1.08134
-0.132764
0.316822
0.2242
0.301886
0.259668
0.226727
0.203212
0.119435
0.0684646
0.0574181
-0.0212235
0.699009
-0.65369
0.414983
0.348242
0.462576
-0.060282
0.322435
0.592421
0.0152729
-0.140794
0.012469
0.0206347
0.292316
-0.75426
0.76206
0.241709
0.302668
-0.0707161
0.499262
0.4563
-0.0323556
-0.0875999
-0.0148904
0.0653074
0.19087
-0.860198
0.766861
0.175057
0.36121
-0.0920609
0.390467
0.37453
0.0120218
-0.152065
-0.0537778
0.111208
0.104434
-0.692441
0.779972
0.108753
0.277326
-0.154628
0.327497
0.381209
-0.0119177
-0.133446
0.00910006
0.0331947
-0.0964522
-0.713614
0.841573
0.173785
0.392959
-0.105348
0.342904
0.380194
-0.0516076
-0.137263
0.0706182
0.0715871
-0.300932
-0.617477
0.771469
0.238154
0.465299
-0.100493
0.244125
0.377449
-0.0539223
-0.14197
0.126387
0.0281193
-0.237258
-0.693466
0.817618
0.19095
0.504454
-0.162601
0.255313
0.433425
-0.0853725
-0.123677
0.101636
0.0605135
-0.482962
-0.749216
0.933094
0.388151
0.571716
-0.153205
0.111159
0.37368
0.00267406
-0.0856121
0.110303
0.0589455
-0.503205
-0.765309
0.887039
0.373674
0.6051
-0.172461
0.0685471
0.371306
0.0426491
-0.089507
0.103477
0.0796315
-0.561517
-0.850063
0.731364
0.474687
0.582694
-0.112687
-0.00522496
0.24719
0.146505
-0.0408828
0.0848681
0.0387078
-0.452175
-0.894389
0.810057
0.52738
0.76185
-0.132443
-0.00294404
0.308712
0.146463
-0.0205112
0.0867787
0.0261578
-0.465422
-0.819229
0.74221
0.596394
0.789567
-0.150301
-0.00913636
0.319643
0.134298
0.00188967
0.0870359
-0.0113612
-0.317803
-0.80627
0.623154
0.593847
0.760821
-0.191331
0.024624
0.259786
0.109719
-0.0434885
0.0754137
-0.0275392
-0.164426
-0.753369
0.557116
0.528369
0.659104
-0.12568
0.049605
0.234708
0.0938313
-0.0651269
0.092003
-0.0115221
-0.216219
-0.715514
0.587322
0.469063
0.613816
-0.145398
0.00344338
0.223228
0.077723
-0.110329
0.0642877
0.0154489
-0.130304
-0.619433
0.54687
0.385493
0.5193
-0.144352
-0.111006
0.13234
0.0970183
-0.09177
0.0298225
-0.01832
-0.0727497
-0.591959
0.551628
0.363613
0.465794
-0.111703
-0.156242
0.114794
0.100817
-0.0456683
0.0219609
-0.0210806
-0.0704871
-0.500002
0.5099
0.328673
0.520835
-0.161829
-0.189616
0.100984
0.157096
-0.069119
0.0152169
0.0161041
0.0688865
-0.381907
0.4653
0.328863
0.583386
-0.166993
-0.165472
0.0831812
0.195477
-0.0611684
-0.0209027
0.0466368
0.050315
-0.307378
0.526688
0.341434
0.529906
-0.16448
-0.120414
-0.0221766
0.167498
-0.002009
0.033073
0.013845
0.126158
-0.209339
0.440186
0.415875
0.5211
-0.178201
-0.0457664
-0.0492634
0.119993
0.0516397
0.027007
-0.0301313
0.163259
-0.132424
0.487236
0.368727
0.557334
-0.093691
0.00505664
-0.0636013
0.0804218
0.0677563
0.0650064
-0.0545226
0.172333
-0.15848
0.460846
0.394925
0.495647
-0.0985275
0.0536736
-0.0354844
0.0974633
0.0677287
0.0493198
-0.00740505
0.230245
-0.130781
0.533676
0.333702
0.446496
-0.181488
0.0637017
0.0652706
0.141098
0.0193935
0.0140755
0.0328648
0.336688
-0.0215248
0.592307
0.348296
0.353098
-0.279185
0.0887142
0.0512434
0.158611
0.0285578
0.00588348
0.0493547
0.373126
-0.00790491
0.52444
0.307513
0.305158
-0.250517
0.0333149
0.0612944
0.132077
-0.00498772
0.00325853
0.0479052
0.46267
0.0559529
0.555869
0.363911
0.298193
-0.231137
0.0419901
0.0614482
0.156025
0.0301584
0.0471121
0.000568449
0.461083
0.0701751
0.553028
0.366256
0.314633
-0.143487
0.0330131
0.0908802
0.164364
-0.0673669
0.0880898
0.0233471
0.424614
0.0347179
0.552135
0.421478
0.341351
-0.116752
0.0895688
0.140943
0.183383
-0.0829502
0.136505
0.0324791
0.510228
0.119894
0.559841
0.405876
0.274049
-0.141711
0.0803574
0.136279
0.197837
-0.0506217
0.130797
0.042298
0.58022
0.0406193
0.539978
0.356776
0.281751
-0.173629
0.0359984
0.0938612
0.193389
-0.0384876
0.135998
0.05593
0.704658
0.0420564
0.600697
0.391173
0.306543
-0.199597
0.0639457
0.0252658
0.224726
-0.0517512
0.0873057
0.0786834
0.74716
0.0658298
0.536862
0.390977
0.250785
-0.168872
0.0710444
0.0041362
0.192533
-0.0370641
0.117907
0.0602088
0.723192
0.108403
0.510584
0.331892
0.352412
-0.167197
-0.0232777
0.0272524
0.182821
-0.0323675
0.157909
-0.012426
0.733083
0.19537
0.547029
0.320367
0.352034
-0.232199
-0.0581224
0.0306476
0.204315
-0.00516976
0.202739
-0.00946131
0.771871
0.216215
0.531614
0.294842
0.367881
-0.245417
-0.118894
0.0594783
0.154176
0.0287026
0.251345
-0.0234519
0.805764
0.28172
0.505914
0.264512
0.380883
-0.276424
-0.151936
0.0449523
0.133316
0.00400522
0.253848
-0.0337938
0.865183
0.261355
0.452742
0.231753
0.276518
-0.231689
-0.0777498
0.00568106
0.106089
0.0141058
0.230138
0.0190643
0.811561
0.236454
0.560203
0.308487
0.204405
-0.237805
-0.049867
0.0189404
0.138962
-0.00262198
0.127567
0.0404122
0.858543
0.197535
0.523964
0.339697
0.161336
-0.214935
-0.0413417
-0.0459533
0.130093
-0.00291094
0.100181
0.0280587
0.915203
0.195005
0.555825
0.325646
0.173925
-0.256712
-0.0415894
0.0142721
0.0942052
0.021355
0.108493
0.0456215
