-0.267021
-0.752872
0.389769
-0.186404
0.547345
0.244475
0.021386
0.0799866
0.0753035
0.00777742
0.0850253
0.098817
-0.408716
-0.848421
0.412223
-0.28137
0.571447
0.172336
0.00434119
0.132969
0.0115084
0.0664329
0.10148
0.0192065
-0.484564
-0.981396
0.408755
-0.355502
0.525021
0.174029
0.0120148
0.190777
-0.0178973
0.0425006
0.10891
-0.0456623
-0.543843
-1.07749
0.370743
-0.351857
0.507999
0.21604
0.0156088
0.148196
-0.0538366
0.0299729
0.134867
-0.0515942
-0.580143
-1.13009
0.351301
-0.344803
0.468582
0.25365
0.0525581
0.222476
-0.0656555
-0.00844962
0.148609
-0.0464375
-0.437342
-1.10604
0.42055
-0.34089
0.388899
0.286311
0.0619558
0.167737
-0.068698
-0.0390663
0.138776
0.0134454
-0.135691
-1.12752
0.477833
-0.329732
0.425214
0.341637
0.105115
0.199098
-0.042393
-0.0397557
0.129882
0.0920548
-0.0428733
-0.84971
0.489843
-0.288258
0.368892
0.362645
0.134598
0.219518
0.00982709
-0.0807192
0.0867322
0.177058
0.147092
-0.63309
0.668415
-0.237319
0.564387
0.457061
0.199911
0.159926
0.0566506
-0.0506337
0.00249127
0.18763
0.600206
-0.315017
0.700437
-0.209433
0.366263
0.39077
0.168551
0.249106
0.157569
-0.0289017
0.0298042
0.0291973
0.831211
-0.229707
0.609455
-0.198098
0.371246
0.268564
0.206861
0.269854
0.219647
0.0385203
0.0118841
0.000710411
0.986239
-0.126354
0.495411
-0.0202334
0.309839
0.151036
0.178566
0.384365
0.212112
0.0263743
0.145332
-0.0781698
1.21767
-0.217701
0.549284
-0.106456
0.361141
0.135204
0.23417
0.406639
0.144714
0.0547585
0.136869
-0.0234608
1.14885
0.0902544
0.408857
0.0663035
0.161466
0.197101
0.139426
0.337483
0.143777
0.0360424
0.161702
-0.0494008
1.11557
0.00185479
0.459541
0.0774427
0.275699
0.194395
0.207822
0.392011
0.119979
-0.00904362
0.154692
-0.0253143
1.15209
0.00108063
0.455839
0.0548301
0.297099
0.173975
0.26405
0.425392
0.106135
0.00472529
0.161833
-0.0150226
1.12575
0.201042
0.426508
0.135413
0.207193
0.188332
0.176498
0.377817
0.148388
-0.0356389
0.203683
0.0196211
1.07891
0.264501
0.507496
0.200069
0.155502
0.189212
0.218652
0.304578
0.121995
-0.00913453
0.123629
0.0199433
1.19407
0.247075
0.445084
0.165673
0.20357
0.209003
0.183961
0.335779
0.158582
-0.0111438
0.162601
0.0364341
1.21078
0.325671
0.423358
0.168553
0.137667
0.238725
0.194753
0.217022
0.172366
0.0615389
0.127525
0.0213176
1.23966
0.402331
0.353175
0.178278
0.218529
0.172276
0.192724
0.238346
0.161449
0.053321
0.0965839
0.0136839
1.29258
0.471459
0.488606
0.120689
0.125778
0.19698
0.156093
0.198954
0.163598
0.030966
0.135
0.0371024
1.36554
0.433755
0.528982
0.122507
0.0802926
0.185348
0.134142
0.194404
0.106437
-0.00129935
0.178387
0.0499941
1.33613
0.497646
0.528091
0.120209
0.0226634
0.174632
0.152979
0.183389
0.110757
-0.00732135
0.190666
0.0391328
1.29612
0.514372
0.50854
0.174665
0.0749974
0.096164
0.0986074
0.201335
0.0806222
-0.0123767
0.205481
0.0393863
1.3392
0.537025
0.452349
0.20229
0.129281
0.0958438
0.0939167
0.191517
0.0727704
-0.0419307
0.180426
0.0374535
1.50679
0.510169
0.573426
0.146092
0.0700853
0.107259
0.198465
0.210818
0.0714373
-0.116212
0.208299
0.0719885
1.45207
0.495961
0.511508
0.182826
0.0911156
0.124008
0.185122
0.232313
0.0918587
-0.0789283
0.133556
0.0360141
1.20229
0.554151
0.454984
0.1747
0.14093
0.174741
0.100394
0.135391
0.116287
0.0141073
0.0916545
0.00337038
1.43284
0.518603
0.554134
0.210338
0.12238
0.15229
0.138321
0.23449
0.0798898
-0.0130961
0.132809
0.0331535
1.40254
0.465424
0.480495
0.252167
0.199647
0.186738
0.0952556
0.144703
0.0807465
0.0240037
0.150917
0.0532176
1.41828
0.547833
0.486714
0.284668
0.158918
0.149045
0.130692
0.18566
0.076119
0.0176098
0.14037
0.0513496
1.2778
0.608939
0.448267
0.279289
0.219591
0.146086
0.150251
0.192705
0.0419937
-0.000113064
0.122841
0.0256622
1.2858
0.571526
0.495993
0.274452
0.174731
0.172682
0.216637
0.244531
0.122275
0.0118695
0.0785003
0.0228141
1.29223
0.544332
0.460133
0.306921
0.249822
0.159648
0.139651
0.219362
0.0847217
0.00640691
0.0941489
0.0271384
1.4163
0.616977
0.538362
0.305109
0.259489
0.136893
0.156251
0.277496
0.0458072
-0.0592295
0.129916
0.0393091
1.22786
0.611564
0.485275
0.348095
0.244792
0.139551
0.149672
0.199859
0.064077
0.0218885
0.0783642
0.0227028
1.39461
0.591992
0.655437
0.438915
0.249453
0.0554122
0.114352
0.192022
-0.0131596
-0.0221736
0.176924
0.0570678
1.20882
0.545687
0.44855
0.372922
0.195239
0.131039
0.138813
0.140886
0.0720279
0.0230191
0.103734
0.0311011
1.58082
0.556751
0.654759
0.376479
0.22409
0.149429
0.108681
0.296026
0.0937381
-0.110361
0.160598
0.109957
1.53694
0.577397
0.694542
0.392519
0.245143
0.200382
0.13418
0.280942
0.0898136
-0.086657
0.14275
0.0855374
1.32644
0.625545
0.525076
0.357151
0.260465
0.224132
0.188361
0.241016
0.115314
0.00163851
0.0793574
0.0498805
1.11758
0.580998
0.426498
0.303008
0.246347
0.193125
0.171109
0.183263
0.112148
0.0713457
0.0736026
0.0403465
1.20225
0.608629
0.50715
0.366903
0.287194
0.250632
0.203512
0.190354
0.138076
0.0650062
0.0436085
0.0494676
1.58659
0.611715
0.686194
0.334221
0.329018
0.373029
0.182177
0.262031
0.182551
0.0213454
0.0666789
0.0698334
1.19688
0.656537
0.557594
0.335495
0.288902
0.312306
0.18968
0.175569
0.141322
0.0831466
0.0527652
0.0562865
1.16854
0.619809
0.431727
0.314539
0.27974
0.241947
0.171156
0.163597
0.124773
0.064788
0.067227
0.0392565
1.2288
0.643563
0.509181
0.347918
0.257075
0.251854
0.171337
0.166723
0.164029
0.0505837
0.0703175
0.0518043
1.56888
0.619847
0.701209
0.396254
0.234578
0.375515
0.16022
0.162156
0.189281
0.0166949
0.0531653
0.0809459
1.24083
0.646341
0.480294
0.355378
0.260393
0.245722
0.200418
0.180148
0.147681
0.074296
0.0711113
0.0589739
1.28036
0.689559
0.539651
0.345685
0.257619
0.242686
0.187009
0.177425
0.15267
0.0977444
0.0722912
0.0640553
1.54243
0.804926
0.746423
0.21447
0.218783
0.301687
0.142973
0.186125
0.158907
0.0990032
0.118238
0.0903744
1.28304
0.692776
0.560321
0.318078
0.248986
0.251579
0.16115
0.1688
0.160376
0.087268
0.150617
0.0899875
1.19612
0.659209
0.486265
0.322872
0.254444
0.253278
0.150307
0.100021
0.151581
0.105205
0.104546
0.0718926
1.16071
0.642
0.469736
0.313919
0.242896
0.194413
0.132429
0.138072
0.154003
0.134198
0.130419
0.0783299
1.30827
0.720774
0.557822
0.352863
0.257464
0.168925
0.109934
0.109973
0.168404
0.134332
0.150392
0.100463
1.19715
0.653624
0.438374
0.288059
0.229839
0.186978
0.134232
0.122939
0.137569
0.138136
0.166633
0.0853838
1.34125
0.747775
0.544295
0.245762
0.228081
0.216817
0.108669
0.178901
0.181375
0.14036
0.194163
0.116679
1.25113
0.632939
0.523469
0.298033
0.229196
0.215708
0.116954
0.102941
0.0924678
0.135368
0.1693
0.0862336
1.26118
0.703222
0.498111
0.348431
0.25337
0.158583
0.0844162
0.113406
0.123833
0.0899516
0.105889
0.0655308
1.21348
0.721155
0.530658
0.317866
0.279617
0.189779
0.121758
0.117907
0.104004
0.0575888
0.0976535
0.0484685
1.26154
0.698334
0.514115
0.294874
0.216705
0.18443
0.0940793
0.0769626
0.0949228
0.0702478
0.0751282
0.047703
1.50788
0.839128
0.55298
0.32026
0.268438
0.181754
0.13601
0.134996
0.095837
0.0443208
0.096897
0.0594662
1.3653
0.747525
0.558014
0.303176
0.283816
0.222038
0.122988
0.149758
0.163809
0.0507766
0.0815391
0.0618465
1.18389
0.662886
0.466008
0.274877
0.24047
0.19938
0.136577
0.167342
0.15628
0.0917717
0.103003
0.0693793
1.17085
0.630644
0.454838
0.33777
0.264016
0.235402
0.183708
0.14177
0.137462
0.096666
0.072138
0.0640899
1.21635
0.660143
0.507624
0.333573
0.302141
0.298662
0.212713
0.198018
0.170404
0.107013
0.0687875
0.0818948
1.37952
0.809082
0.624235
0.397957
0.308857
0.269633
0.241218
0.145125
0.175901
0.0974244
0.0938594
0.0812074
1.25626
0.689131
0.525736
0.37779
0.328901
0.236669
0.18917
0.201062
0.122747
0.0937083
0.089708
0.0711197
1.22355
0.682034
0.50794
0.394131
0.300183
0.255845
0.218937
0.143138
0.15667
0.0970084
0.0594599
0.0668543
1.2717
0.708306
0.506063
0.383976
0.326179
0.257762
0.214281
0.12869
0.111033
0.113762
0.0812754
0.066832
1.46012
0.807162
0.577151
0.380556
0.29986
0.205913
0.177236
0.090348
0.170512
0.116162
0.0773105
0.0746249
1.13844
0.605761
0.419684
0.30621
0.221699
0.167383
0.149264
0.113117
0.0983471
0.0883255
0.0680907
0.0539911
1.38089
0.749587
0.537325
0.36773
0.253734
0.202609
0.164712
0.0958759
0.0857721
0.0970131
0.102265
0.0718902
1.49363
0.845783
0.65184
0.36701
0.260737
0.162016
0.243949
0.0950997
0.131374
0.105489
0.112699
0.0890621
1.21936
0.644126
0.475969
0.342756
0.281018
0.23537
0.179265
0.154021
0.101653
0.0808499
0.0867143
0.0650845
1.10711
0.598415
0.397396
0.289225
0.251843
0.19858
0.166758
0.142072
0.137082
0.121836
0.0770593
0.0636615
1.29527
0.719139
0.557048
0.382739
0.310409
0.299579
0.250129
0.212185
0.173627
0.116794
0.0487376
0.07877
1.31559
0.719909
0.560613
0.429849
0.345409
0.286985
0.203579
0.154337
0.108468
0.0703215
0.100479
0.0679038
1.25534
0.688881
0.49855
0.339944
0.290641
0.248458
0.205851
0.186693
0.157354
0.116267
0.0615125
0.0725599
1.19584
0.683629
0.496034
0.351472
0.280795
0.221244
0.175439
0.150027
0.126789
0.112995
0.105025
0.0758717
1.26492
0.70236
0.569181
0.339149
0.334239
0.19552
0.192721
0.205545
0.0971445
0.17032
0.135523
0.0955757
1.20679
0.648008
0.487192
0.309824
0.30218
0.257404
0.227678
0.205537
0.169334
0.127242
0.099893
0.0917983
1.30416
0.712439
0.521619
0.217919
0.368762
0.279168
0.27932
0.196722
0.114082
0.158842
0.0992638
0.098782
1.40718
0.74693
0.653237
0.16258
0.384743
0.198241
0.276812
0.246415
0.141658
0.13142
0.0906817
0.0840512
1.41969
0.748084
0.573746
0.197987
0.332229
0.232681
0.17998
0.298698
0.253498
0.0759217
0.0889781
0.0649215
1.45498
0.771908
0.506862
0.235663
0.314469
0.216672
0.202562
0.244619
0.262518
0.0635043
0.0883706
0.0690268
