-0.10688
-0.608722
0.486201
-0.207572
0.370795
-0.174012
0.106886
0.223252
-0.0816211
-0.111034
-0.110599
-0.149244
-0.38851
-0.507775
0.410515
-0.170992
0.311823
-0.107869
0.00801653
0.260684
-0.0735257
-0.133029
-0.0525025
-0.065576
-0.440466
-0.735831
0.655438
-0.341824
0.378812
-0.105455
-0.0155624
0.321821
-0.039681
-0.141535
-0.0634444
0.0187495
-0.709685
-0.796188
0.623654
-0.238165
0.491824
0.0123907
-0.038439
0.269064
-0.0523858
-0.147974
0.0180454
0.0851708
-0.778401
-0.80929
0.584793
-0.236548
0.542781
0.111864
-0.022921
0.294185
-0.0679095
-0.159904
0.117343
0.135278
-0.733173
-0.650697
0.513633
-0.151795
0.483939
0.183612
0.0266946
0.249713
-0.0298647
-0.184213
0.173051
0.150325
-0.242531
-0.627916
0.644727
-0.137518
0.535343
0.16308
0.0499516
0.231018
-0.0928974
-0.0992059
0.242176
0.0987022
0.0338794
-0.345396
0.630521
-0.037483
0.400336
0.236884
0.157377
0.21062
0.00479572
-0.16385
0.239595
0.0828917
0.433125
-0.273122
0.478774
0.0406368
0.38464
0.333947
0.163961
0.23581
0.0415537
-0.147661
0.191319
0.0539283
0.875358
-0.220505
0.445223
-0.0406556
0.397666
0.246958
0.179753
0.154565
0.0396465
-0.0628307
0.129153
0.0706461
0.984182
-0.131386
0.347397
-0.0274517
0.446809
0.238136
0.256976
0.188638
0.108743
-0.115883
0.156283
0.0961299
1.1691
-0.174787
0.297205
-0.065006
0.481546
0.206922
0.237143
0.268234
0.117429
-0.121034
0.158302
0.112411
1.19026
-0.0521647
0.259228
0.00380479
0.424893
0.196034
0.219422
0.247988
0.1516
-0.126947
0.145678
0.0971145
1.20713
-0.0729368
0.274424
0.0294321
0.440832
0.180611
0.20737
0.247331
0.171307
-0.111264
0.139739
0.0964683
1.29853
-0.150776
0.274516
-0.0289973
0.511061
0.178404
0.221832
0.326991
0.138058
-0.108021
0.129908
0.114407
1.35652
-0.0727689
0.304449
-0.0024545
0.475741
0.149979
0.222947
0.296234
0.154293
-0.0927045
0.138483
0.14316
1.28471
0.0855953
0.288316
0.0923338
0.362787
0.183424
0.184084
0.278142
0.145458
-0.0952528
0.170463
0.0805552
1.42299
0.128413
0.298602
-0.00523774
0.427612
0.154482
0.198417
0.318833
0.0565825
-0.0727502
0.170151
0.0847718
1.45507
0.246888
0.269837
-0.0108782
0.423064
0.0899646
0.156774
0.245866
0.129574
0.0446469
0.177189
0.0710147
1.43333
0.407379
0.199815
0.0905061
0.391255
0.0597401
0.0774682
0.159642
0.0956642
0.119812
0.147368
0.0348041
1.54852
0.309537
0.260821
-0.0210592
0.497994
0.0315063
0.0853091
0.189584
0.155783
0.16957
0.189281
0.0768382
1.55952
0.354785
0.184601
0.0840478
0.395627
0.0470509
0.10906
0.144666
0.205452
0.169328
0.162379
0.0588004
1.3912
0.328961
0.232253
0.124977
0.282408
0.145912
0.160695
0.213512
0.111287
0.0850661
0.148437
0.0367283
1.45228
0.446359
0.19687
0.161862
0.33562
0.149596
0.0797338
0.159822
0.13436
0.133524
0.122484
0.0223827
1.42109
0.392898
0.188184
0.125286
0.344709
0.133827
0.0615338
0.161742
0.174695
0.144115
0.167485
0.0218459
1.49616
0.447665
0.187328
0.105064
0.387717
0.0723035
0.0415299
0.164463
0.122948
0.133436
0.171375
0.0388021
1.52847
0.452305
0.275868
0.138453
0.306443
0.0842307
0.0672856
0.110202
0.136205
0.106232
0.173217
0.0611351
1.40132
0.512776
0.255357
0.207318
0.213811
0.0815747
0.0779337
0.145025
0.159998
0.0314642
0.11354
0.0283804
1.50145
0.53101
0.244914
0.235271
0.188672
0.04608
0.109131
0.162544
0.150598
0.0186658
0.111892
0.037862
1.76749
0.495449
0.245631
0.232399
0.246603
0.0294605
0.071696
0.232907
0.121423
-0.0769761
0.110445
0.109437
1.67197
0.452584
0.295191
0.254917
0.20741
0.0409891
0.10229
0.192186
0.113984
-0.0624672
0.0824319
0.0629636
1.32155
0.537514
0.331976
0.272634
0.213181
0.0657388
0.0371931
0.145563
0.055258
0.00733352
0.0718794
-0.00742487
1.65115
0.457545
0.270946
0.267476
0.295799
0.0404005
0.00880834
0.242653
0.114432
-0.0874852
0.0612436
0.0501311
1.51766
0.429522
0.300204
0.280568
0.31048
0.0771686
0.0224312
0.231417
0.133188
-0.0955987
0.0699321
0.042001
1.43792
0.488415
0.37869
0.330755
0.244897
0.103731
0.0754918
0.204219
0.132652
-0.0688221
0.0774876
0.0441184
1.3416
0.509366
0.355354
0.290776
0.192069
0.102051
0.127757
0.18596
0.115326
0.0283887
0.0668329
0.0163274
1.43902
0.529892
0.378695
0.270653
0.250362
0.0831786
0.107085
0.243497
0.090275
0.000221183
0.127425
0.0482469
1.30662
0.57771
0.452353
0.318935
0.188354
0.0672058
0.106131
0.111603
0.0640439
0.0887897
0.0951362
0.0157852
1.36617
0.528417
0.391437
0.329557
0.219083
0.153103
0.113453
0.116339
0.0645069
0.0209573
0.0669814
0.00738867
1.2011
0.550482
0.432414
0.296317
0.160612
0.063115
0.109901
0.182213
0.0849092
0.0375583
0.0593921
0.00244228
1.50864
0.492032
0.46405
0.393187
0.200904
0.0244144
0.0745463
0.228383
0.0358414
-0.000910049
0.0963154
0.0533624
1.23597
0.499099
0.379755
0.322276
0.202116
0.0893745
0.1095
0.142473
0.0754707
0.0522685
0.0595663
0.00389613
1.5784
0.405784
0.474275
0.422868
0.239548
0.102509
0.0288005
0.136446
0.0721321
0.107603
0.097469
0.0326035
1.57719
0.381837
0.431806
0.509216
0.286026
0.103301
0.177992
0.111098
-0.00292103
0.178648
0.0786742
-0.0179216
1.33424
0.520999
0.422786
0.424662
0.265141
0.144979
0.164688
0.0687243
0.0146441
0.156359
0.0565444
0.00047349
1.24044
0.512135
0.49097
0.41821
0.224802
0.139709
0.151803
0.107706
0.0773305
0.166567
0.0266968
0.0121716
1.51269
0.428597
0.465716
0.487223
0.243486
0.153784
0.215097
0.112558
0.021676
0.172597
0.121317
0.0252894
1.42706
0.53534
0.497754
0.424119
0.229856
0.199505
0.255162
0.141549
0.0490413
0.109665
0.10784
0.0502969
1.31893
0.636509
0.480298
0.2878
0.206547
0.237378
0.15293
0.102166
0.0736458
0.0886681
0.135699
0.0596505
1.24671
0.652135
0.439832
0.302085
0.285589
0.200428
0.100814
0.125282
0.14154
0.120843
0.0925228
0.0505251
1.45041
0.70077
0.518474
0.364583
0.278918
0.139845
0.076353
0.146354
0.119546
0.0630392
0.132172
0.0747984
1.27064
0.619165
0.464489
0.297857
0.224533
0.169185
0.102508
0.104795
0.0841901
0.0934164
0.124907
0.0516943
1.5293
0.668236
0.55916
0.312562
0.211716
0.185087
0.0771001
0.0789076
0.11892
0.120148
0.155982
0.0991265
1.29725
0.661538
0.496589
0.309033
0.240337
0.151293
0.0898264
0.118595
0.114279
0.127583
0.124319
0.0665349
1.46805
0.674393
0.456523
0.299026
0.282989
0.230402
0.154355
0.145106
0.137808
0.117124
0.0870721
0.0640808
1.20834
0.612957
0.424168
0.323607
0.257692
0.198098
0.152583
0.139637
0.120768
0.11365
0.0941388
0.0545373
1.44248
0.703039
0.496067
0.374778
0.283588
0.186185
0.126483
0.0985698
0.0876297
0.0870738
0.0871163
0.0527242
1.29905
0.615492
0.485665
0.390297
0.257411
0.243898
0.170206
0.131569
0.152015
0.0864765
0.0583129
0.0515742
1.20082
0.603951
0.443449
0.338602
0.268786
0.208247
0.154023
0.119621
0.0786594
0.0618586
0.0856766
0.0438139
1.25021
0.609618
0.40506
0.311292
0.266992
0.208006
0.146049
0.128409
0.11003
0.0772205
0.0432293
0.0440883
1.47562
0.640239
0.452628
0.359476
0.349466
0.247716
0.193851
0.157589
0.031976
0.0294599
0.147662
0.0879334
1.47586
0.67413
0.41795
0.312543
0.312831
0.236402
0.16884
0.135678
0.125503
0.0772227
0.050587
0.044536
1.10113
0.531784
0.358524
0.300722
0.245544
0.158469
0.137769
0.118673
0.0555277
0.0148734
0.0368117
0.0243415
1.39248
0.640601
0.462704
0.396808
0.343429
0.232033
0.15243
0.113296
0.00614568
0.0190671
0.105535
0.0413476
1.42419
0.616677
0.481108
0.371248
0.31437
0.195584
0.117352
0.138224
0.0364973
0.00436524
0.137854
0.0562189
1.24935
0.612788
0.429344
0.334387
0.258697
0.187028
0.140411
0.165736
0.0855288
0.00562722
0.0942507
0.0360468
1.65356
0.667214
0.476244
0.37223
0.395877
0.268214
0.0971691
0.161134
0.0970118
-0.00225833
0.113267
0.0715644
1.21336
0.638713
0.464641
0.361802
0.306549
0.231479
0.140473
0.141322
0.106035
0.0651615
0.0478502
0.0476175
1.3718
0.68066
0.492121
0.384226
0.327522
0.241342
0.156485
0.116645
0.0885172
0.0979438
0.115812
0.0713049
1.24014
0.649805
0.454613
0.363434
0.294358
0.223131
0.196096
0.116144
0.0978925
0.109902
0.114515
0.0725911
1.4878
0.78639
0.545144
0.392708
0.384344
0.328238
0.194377
0.150188
0.105724
0.0103073
0.148089
0.0817394
1.24048
0.660395
0.470844
0.390839
0.323476
0.230169
0.188578
0.140069
0.112583
0.106783
0.0954219
0.0648653
1.35836
0.745333
0.54322
0.427557
0.364206
0.23847
0.207188
0.172548
0.154845
0.0982667
0.0545238
0.0603181
1.441
0.713854
0.50854
0.344491
0.307019
0.285325
0.265415
0.157742
0.128247
0.124027
0.0553809
0.0599903
1.39313
0.702628
0.484239
0.356403
0.328598
0.258345
0.224508
0.170911
0.115267
0.0838568
0.0809253
0.0656154
1.35397
0.740526
0.488855
0.32709
0.247101
0.196801
0.190659
0.158738
0.113757
0.0487425
0.0376254
0.0383138
1.37631
0.727433
0.443527
0.303921
0.268626
0.236696
0.262139
0.157699
0.137394
0.116518
0.0282446
0.049804
1.47682
0.771377
0.51485
0.283435
0.276566
0.185956
0.195187
0.228133
0.133855
0.0947948
0.0473336
0.0381609
1.1338
0.599885
0.425557
0.309914
0.226882
0.187447
0.150929
0.119639
0.0773571
0.0539915
0.0455026
0.0215391
1.35245
0.794476
0.553815
0.390152
0.248773
0.162659
0.167531
0.166007
0.145148
0.0967871
0.0592215
0.0582368
1.50439
0.82441
0.596932
0.385092
0.254013
0.219634
0.125297
0.103537
0.191182
0.150158
0.0316847
0.0575818
1.36911
0.768613
0.571835
0.376978
0.278399
0.234392
0.169269
0.140439
0.134892
0.0909519
0.0681903
0.0574575
1.11467
0.588918
0.415361
0.30293
0.219816
0.178672
0.15478
0.132338
0.114554
0.0955711
0.0689103
0.0354501
1.33932
0.70647
0.487776
0.353983
0.300912
0.237636
0.183683
0.175481
0.116287
0.116594
0.034891
0.0454645
1.23427
0.710851
0.468314
0.369862
0.326914
0.248655
0.198376
0.146298
0.127093
0.121397
0.0560552
0.0569359
1.30647
0.750346
0.54782
0.35584
0.268368
0.238328
0.193742
0.145806
0.143904
0.101046
0.0600418
0.0543519
1.12778
0.584668
0.413335
0.304677
0.26244
0.214334
0.205069
0.181993
0.152291
0.113721
0.108614
0.0594677
1.2422
0.667227
0.477576
0.325641
0.243781
0.206374
0.186
0.128842
0.106326
0.0833819
0.120308
0.0605094
1.21136
0.658675
0.456258
0.321899
0.202761
0.179288
0.160848
0.158499
0.186421
0.115078
0.0856681
0.0605133
