0.362762
-0.696558
0.630092
-0.339233
0.000978629
0.244513
-0.142137
0.0356066
0.292519
0.0406972
-0.0505842
-0.0651585
0.369424
-0.773061
0.674072
-0.347165
0.00288309
0.278329
-0.132594
0.0808798
0.299895
0.039024
-0.0581973
-0.02
0.386746
-0.815461
0.675917
-0.348903
-0.00762305
0.281675
-0.123247
0.114535
0.311074
0.0425357
-0.0418516
-0.00762458
0.106525
-0.85974
0.600843
-0.22819
0.0335485
0.374778
-0.0578299
0.194193
0.335941
0.0274858
-0.03853
0.0339966
0.614209
-0.384788
0.721375
-0.0500532
-0.0404074
0.327436
0.0335156
0.14466
0.261825
0.00103514
-0.0935459
0.0640779
0.868553
-0.324623
0.732844
-0.043694
0.13177
0.360774
0.0617019
0.208586
0.346631
0.0773535
-0.0696457
0.00632621
1.25095
-0.329769
0.59616
0.0874825
0.0886733
0.273745
0.171179
0.270625
0.335331
0.00293102
-0.0934725
0.0457277
1.41615
-0.173366
0.384591
0.198384
0.0638283
0.18165
0.277221
0.259312
0.291598
-0.0335947
-0.0725468
0.0597156
1.43537
-0.059352
0.188491
0.233493
0.114097
0.193555
0.246599
0.300176
0.335336
-0.150036
-0.0125791
0.105439
1.83487
-0.28698
0.174317
0.161939
0.154141
0.20222
0.307402
0.311454
0.327106
-0.0988185
-0.0471044
0.165875
1.89305
-0.185369
0.16957
0.186861
0.155289
0.230373
0.234262
0.35399
0.270888
-0.0832112
-0.00548341
0.129438
1.53402
0.0356281
0.105914
0.228239
0.181121
0.224994
0.249197
0.300681
0.243769
-0.0559865
0.0396544
0.0661268
1.79367
-0.0104403
0.0827343
0.169188
0.212674
0.241175
0.23704
0.328352
0.26436
-0.056625
0.026284
0.101204
2.14158
-0.16925
0.244642
0.0790577
0.206098
0.337964
0.152928
0.31524
0.262078
-0.0282313
0.0397018
0.108274
1.92625
0.0078792
0.168972
0.0775216
0.203089
0.361133
0.153419
0.324172
0.252088
-0.0591689
0.0226772
0.0951475
1.74317
0.167776
0.142372
0.0967138
0.242212
0.328626
0.164707
0.336627
0.242131
-0.0550717
0.00919932
0.0485122
2.00266
-0.0227038
0.243994
0.0815251
0.231218
0.346761
0.159537
0.310937
0.264757
-0.0614198
-0.00816731
0.0880565
2.00972
0.0237734
0.243816
0.158797
0.197297
0.278108
0.216273
0.333505
0.249004
-0.106236
-0.0417737
0.112675
1.73971
0.234632
0.141003
0.225365
0.254006
0.19253
0.248878
0.340454
0.20311
-0.0917416
-0.0280043
0.0632999
1.87732
0.237987
0.138885
0.251337
0.192312
0.199312
0.202027
0.260695
0.187382
-0.11242
-0.0226792
0.0891898
2.0387
0.132172
0.233211
0.241396
0.177418
0.177906
0.214187
0.17002
0.205461
-0.042976
-0.00201244
0.108591
2.17844
0.0217192
0.290711
0.267242
0.189145
0.191902
0.170399
0.226821
0.179547
-0.0554438
-0.00685187
0.120358
1.52858
0.347635
0.258343
0.337755
0.242931
0.117577
0.125466
0.155377
0.119548
-0.00657257
0.0884081
0.0511487
1.71351
0.336944
0.243997
0.343772
0.221033
0.193975
0.147221
0.184826
0.149214
-0.129677
0.0216025
0.0809965
1.60682
0.400594
0.256377
0.338632
0.219933
0.134126
0.1899
0.241656
0.0983604
-0.139419
0.0253694
0.0635118
1.48953
0.461424
0.260822
0.330873
0.255144
0.121569
0.178165
0.218625
0.0923702
-0.0494661
0.0181318
0.0297632
1.44548
0.458276
0.277907
0.33147
0.260526
0.158798
0.189756
0.223052
0.07227
-0.0778417
0.0528204
0.0493809
1.58061
0.468416
0.2788
0.355659
0.279043
0.118217
0.111207
0.24635
0.116334
-0.110324
0.061643
0.0794901
1.45522
0.396589
0.319636
0.376018
0.276836
0.199071
0.222335
0.24265
0.100317
-0.0372773
0.03238
0.0511956
1.33611
0.479686
0.344001
0.382291
0.288033
0.16612
0.156865
0.205812
0.115539
-0.0457061
0.0416987
0.0359349
1.33249
0.513061
0.381891
0.360681
0.273359
0.21403
0.183868
0.189942
0.100487
-0.0155817
0.0654177
0.0369004
1.28652
0.611513
0.376836
0.294669
0.245352
0.161517
0.138702
0.190529
0.155381
0.0340794
0.0474606
0.0135077
1.51489
0.595302
0.420814
0.451648
0.310321
0.101727
0.102963
0.225264
0.154712
-0.00560257
0.0586147
0.0567751
1.32481
0.577705
0.386719
0.377628
0.294712
0.188784
0.136645
0.151475
0.109422
0.0290401
0.0554614
0.0278471
1.42201
0.567274
0.449536
0.441918
0.279797
0.141327
0.151559
0.190367
0.0991785
-0.0348045
0.0841106
0.0529676
1.16789
0.589441
0.372769
0.264261
0.232346
0.198857
0.144678
0.137975
0.118874
0.0532578
0.0324345
0.00984855
1.36219
0.603137
0.432636
0.398368
0.317206
0.184952
0.129921
0.174397
0.14816
0.0284969
0.0275125
0.0274246
1.56384
0.608573
0.46973
0.435826
0.326457
0.281672
0.18781
0.200273
0.155125
-0.0314631
0.0831507
0.0751881
1.38134
0.638968
0.477484
0.404389
0.294154
0.177529
0.166004
0.207324
0.131467
0.0415871
0.11264
0.0684534
1.1603
0.592167
0.410237
0.30721
0.230395
0.190183
0.17705
0.14379
0.100408
0.0850078
0.0899006
0.0390237
1.24976
0.620381
0.439825
0.354066
0.269564
0.197764
0.148425
0.149118
0.125709
0.0579649
0.0634291
0.0451393
1.75901
0.596893
0.510176
0.421375
0.250818
0.167248
0.172463
0.228208
0.178653
-0.132473
0.0732036
0.11381
1.21436
0.572456
0.392792
0.304403
0.205917
0.174694
0.176815
0.143669
0.121842
0.10638
0.0956633
0.049831
1.40261
0.635377
0.399797
0.33375
0.25328
0.200535
0.16929
0.156678
0.156033
0.0824459
0.0757377
0.0572137
1.1836
0.616094
0.416098
0.321516
0.292736
0.263372
0.205267
0.169398
0.127542
0.058207
0.0239463
0.0485508
1.43063
0.688813
0.499305
0.452779
0.362452
0.300978
0.207784
0.152362
0.126607
0.0652207
0.0874687
0.0669452
1.23967
0.643302
0.493218
0.405552
0.304671
0.218221
0.170277
0.149851
0.129495
0.104982
0.110066
0.0701431
1.4514
0.710809
0.570451
0.436876
0.346782
0.278022
0.194256
0.167591
0.148567
0.0774644
0.0905518
0.0725566
1.7007
0.647804
0.59648
0.445738
0.388018
0.215326
0.110292
0.169249
0.18387
0.0267811
0.124618
0.113621
1.22318
0.647849
0.501336
0.368624
0.251125
0.20505
0.189486
0.175536
0.145566
0.104569
0.123684
0.08161
1.40124
0.717553
0.57082
0.388373
0.342468
0.217998
0.123535
0.136484
0.181278
0.0796884
0.11175
0.0839741
1.30571
0.720554
0.549645
0.391988
0.271221
0.18124
0.151654
0.183816
0.142472
0.114606
0.107596
0.0848873
1.42503
0.767799
0.584967
0.426864
0.283816
0.231386
0.202478
0.167283
0.148191
0.125384
0.0559546
0.0642685
1.28885
0.734961
0.522617
0.370582
0.313685
0.259329
0.222345
0.180653
0.129581
0.0595771
0.0240764
0.0415658
1.61113
0.786811
0.573416
0.361459
0.286089
0.273433
0.23556
0.146383
0.163153
0.0559065
0.0212557
0.0249246
1.22271
0.676607
0.476978
0.326215
0.265833
0.229473
0.179597
0.14632
0.118218
0.0584097
0.0360661
0.0266659
1.26767
0.681081
0.5142
0.378875
0.288506
0.235785
0.222587
0.140193
0.0902053
0.0679003
0.0472059
0.0343304
1.33975
0.623248
0.45292
0.308499
0.284006
0.287107
0.221755
0.138671
0.190281
0.0656611
0.0699214
0.0592405
1.27698
0.683281
0.484732
0.304738
0.268611
0.210302
0.148407
0.112
0.110638
0.0962407
0.0888904
0.0479892
1.18536
0.629939
0.414686
0.326299
0.290646
0.202613
0.150342
0.152146
0.146711
0.0934009
0.10955
0.0522863
1.13824
0.600594
0.438705
0.317387
0.261705
0.198617
0.17234
0.176816
0.115442
0.0858461
0.0714303
0.0473906
1.3994
0.788951
0.570615
0.354506
0.320811
0.226663
0.163674
0.17493
0.159353
0.115927
0.0792216
0.0699013
1.20083
0.610556
0.431885
0.355307
0.306587
0.244399
0.207501
0.179368
0.127779
0.114139
0.104698
0.070494
1.19461
0.660409
0.479372
0.358955
0.262476
0.189985
0.161767
0.15892
0.123727
0.121571
0.116423
0.0661824
1.19099
0.67424
0.471297
0.33291
0.305232
0.245036
0.197967
0.1541
0.112151
0.102393
0.10123
0.0594379
1.51183
0.81167
0.58069
0.3515
0.293783
0.213961
0.244862
0.175522
0.136145
0.101567
0.08663
0.0646704
