0.267397
-1.00076
0.835013
-0.493137
0.133511
0.356248
0.101997
0.378359
0.0207668
-0.156872
0.0852295
0.0219994
-0.00249077
-0.868777
0.722375
-0.398787
0.0922731
0.353208
0.129273
0.311091
0.0513093
-0.142055
0.0806138
0.0724169
0.00527293
-0.73118
0.667154
-0.272132
0.0187992
0.282344
0.189279
0.341819
0.0445259
-0.144029
0.0428155
0.0488275
0.334851
-0.809314
0.800048
-0.152059
0.0423309
0.270891
0.251386
0.298421
0.111257
-0.0751736
-0.0340782
0.0415975
0.631244
-0.501413
0.838192
0.00637294
0.0565845
0.312055
0.345471
0.276835
0.145974
-0.0347744
-0.047464
0.0981978
0.815924
-0.39318
0.754853
0.15198
0.125983
0.303944
0.332868
0.41513
0.182636
-0.0931451
-0.0474002
0.109697
1.08375
-0.0949356
0.642636
0.171178
0.129256
0.161642
0.234266
0.454965
0.182043
-0.111942
0.000830506
0.0774308
1.10483
-0.0327799
0.583383
0.192213
0.178586
0.187929
0.238486
0.480188
0.15369
-0.124641
0.0182765
0.0600039
1.47662
-0.208622
0.61631
0.0872538
0.259041
0.13277
0.220432
0.48984
0.165304
-0.149324
0.0566617
0.0965074
1.35492
0.00225036
0.49226
0.210255
0.187132
0.150781
0.279657
0.415658
0.183631
-0.144207
0.0867669
0.121226
1.28381
0.118665
0.485267
0.30692
0.107064
0.152948
0.279528
0.382072
0.236853
-0.158284
0.046963
0.121927
1.34768
0.0992688
0.403969
0.320118
0.185293
0.148128
0.336961
0.430958
0.178294
-0.157808
0.0159241
0.115533
1.49065
-0.0095968
0.385966
0.308697
0.198555
0.215451
0.317908
0.397331
0.20987
-0.153182
0.013365
0.150998
1.3059
0.0871739
0.441891
0.281311
0.217798
0.262164
0.307002
0.382314
0.183954
-0.141022
-0.0154312
0.110008
1.40779
0.206966
0.350061
0.26744
0.205214
0.255877
0.273725
0.37472
0.182346
-0.195728
0.0338117
0.122373
1.54742
0.10982
0.37083
0.258536
0.200617
0.257849
0.249508
0.378755
0.2122
-0.183731
0.0140643
0.140825
1.50265
0.159775
0.368371
0.262011
0.223472
0.217354
0.278741
0.370719
0.169475
-0.168439
0.0253527
0.11472
1.61964
0.277172
0.387994
0.266352
0.206339
0.169919
0.313455
0.39619
0.150911
-0.267821
0.0526836
0.160445
1.2888
0.299748
0.342173
0.333596
0.152292
0.124195
0.264154
0.345985
0.13352
-0.147924
0.0782326
0.0784994
1.57879
0.297651
0.388693
0.349366
0.199229
0.12569
0.210378
0.339352
0.103644
-0.24837
0.100671
0.164976
1.56363
0.250065
0.346386
0.417226
0.196742
0.0948034
0.242478
0.341685
0.0755834
-0.202237
0.0602028
0.137716
1.3532
0.281167
0.370148
0.419678
0.212014
0.0935244
0.211711
0.328161
0.0854369
-0.187398
0.0999298
0.124424
1.24586
0.369888
0.350513
0.405737
0.187848
0.0349841
0.192426
0.300252
0.0628461
-0.113834
0.0926116
0.0713129
1.38185
0.271236
0.398447
0.479446
0.168356
0.0798793
0.232744
0.322971
0.116544
-0.151431
0.0840913
0.126865
1.49136
0.326214
0.424433
0.484781
0.206758
0.0869362
0.207859
0.311102
0.128195
-0.189553
0.116391
0.159398
1.27467
0.401343
0.408047
0.448559
0.199152
0.0434689
0.208256
0.354661
0.0991923
-0.149347
0.120112
0.104287
1.26421
0.41117
0.403592
0.467355
0.238639
0.0449215
0.15864
0.303628
0.0836742
-0.128971
0.130976
0.0987796
1.22527
0.393077
0.392149
0.446813
0.193923
0.0631066
0.236202
0.322738
0.0982496
-0.120734
0.0669423
0.0752921
1.66971
0.156059
0.441033
0.596467
0.195145
0.149182
0.254814
0.293858
0.105444
-0.183003
0.0559329
0.192224
1.1837
0.367057
0.346713
0.42109
0.198052
0.00627253
0.113083
0.253032
0.100269
-0.0604209
0.0747434
0.0783915
1.45101
0.259484
0.523728
0.585526
0.209681
0.142366
0.233661
0.299746
0.141869
-0.159625
0.0436171
0.157051
1.24708
0.503679
0.466075
0.417184
0.222458
0.158012
0.182192
0.145895
0.0570831
0.0195044
0.0902828
0.0387534
1.54307
0.439055
0.594334
0.519937
0.188691
0.158045
0.217595
0.220899
0.0616439
-0.0877716
0.104312
0.0923775
1.26849
0.601015
0.44879
0.371626
0.235709
0.162844
0.186842
0.172001
0.0666512
0.0188563
0.0542075
0.027813
1.59411
0.562183
0.557242
0.42621
0.21428
0.219209
0.219668
0.173599
0.0905698
-0.0600334
0.0966725
0.0755523
1.3082
0.624418
0.430104
0.331022
0.26625
0.216968
0.220904
0.189628
0.136009
0.0618931
0.053059
0.0481073
1.34336
0.581693
0.581321
0.455132
0.212277
0.209441
0.199902
0.125279
0.125118
0.0844274
0.116447
0.0663398
1.64136
0.471528
0.707537
0.523725
0.208976
0.220617
0.170398
0.156136
0.172562
-0.00732456
0.0989824
0.125395
1.3266
0.607112
0.566148
0.42863
0.247305
0.177874
0.181519
0.192308
0.103328
-0.009835
0.104281
0.0634207
1.28715
0.532983
0.537858
0.411014
0.250055
0.210059
0.151905
0.146376
0.115678
0.00538941
0.0978919
0.0668856
1.28318
0.557652
0.492283
0.417273
0.278221
0.17878
0.173068
0.227996
0.150832
0.0508736
0.120797
0.0871116
1.28243
0.56345
0.501321
0.434851
0.270547
0.20292
0.200664
0.204147
0.160749
0.0395362
0.117728
0.0857173
1.21739
0.58826
0.411907
0.353967
0.276344
0.207738
0.237041
0.210969
0.0907939
0.0933002
0.15322
0.0833544
1.21712
0.580481
0.425665
0.340976
0.264947
0.243617
0.213085
0.184703
0.158479
0.0849689
0.0902574
0.0706255
1.1936
0.559661
0.335876
0.301429
0.2426
0.195053
0.237979
0.216528
0.118991
0.0408031
0.08137
0.0532896
1.25719
0.545139
0.394808
0.323939
0.25798
0.248955
0.263669
0.214225
0.133445
0.0200501
0.00242057
0.0389089
1.31102
0.562367
0.462024
0.35409
0.237873
0.198466
0.222658
0.229587
0.129866
0.000595092
0.0243225
0.0364644
1.15123
0.545516
0.398905
0.312554
0.206097
0.178216
0.157122
0.114663
0.0667525
0.035262
0.0318481
0.00483278
2.10336
0.405351
0.629316
0.346145
0.223047
0.19734
0.356912
0.15491
0.0907145
-0.100728
-0.0332467
0.0768999
1.39758
0.58201
0.397816
0.332453
0.250704
0.182932
0.163464
0.193172
0.0646455
-0.0882319
0.0373339
0.0093517
1.31591
0.656684
0.419036
0.313214
0.21264
0.154844
0.18469
0.152919
0.0730334
-0.00784741
0.0355571
0.00912678
1.35861
0.608734
0.492528
0.349579
0.248368
0.161008
0.174546
0.212842
0.10596
-0.00528725
0.0856668
0.0504242
1.99656
0.46406
0.758681
0.253245
0.241298
0.0180068
0.301838
0.188082
0.146586
-0.140243
0.0402515
0.23329
1.28877
0.634737
0.463529
0.316697
0.259151
0.188075
0.156868
0.131582
0.125546
0.0836904
0.105685
0.0585361
1.62408
0.639874
0.616134
0.38456
0.246269
0.15417
0.1811
0.130462
0.117468
-0.0165015
0.136707
0.103968
1.30038
0.678123
0.530437
0.406405
0.303036
0.215273
0.176909
0.152903
0.0872705
0.0443699
0.101623
0.0530821
1.49426
0.697806
0.594926
0.487546
0.307503
0.207268
0.204192
0.233754
0.0964678
0.0108652
0.119594
0.0795892
1.32231
0.733769
0.546005
0.396765
0.310281
0.202625
0.201153
0.182734
0.136329
0.0783562
0.0851024
0.0635477
1.60209
0.772201
0.709377
0.464134
0.273724
0.205454
0.25043
0.240236
0.156608
0.0707113
0.0851937
0.0682216
1.27649
0.689739
0.537525
0.390923
0.314364
0.235244
0.221747
0.203862
0.170864
0.0987628
0.0428603
0.063354
1.23925
0.682544
0.499033
0.365528
0.257316
0.251443
0.227675
0.175567
0.135903
0.0937664
0.077142
0.0624016
1.26029
0.742628
0.476518
0.34215
0.306703
0.257202
0.224526
0.194304
0.184927
0.0701235
0.0709971
0.0627812
1.5989
0.776511
0.612874
0.336787
0.395671
0.276662
0.289421
0.125367
0.142895
0.0839323
0.062506
0.0722943
1.23227
0.652712
0.495408
0.370658
0.283783
0.276992
0.236801
0.160992
0.130896
0.0973893
0.0807572
0.0733933
1.17546
0.641076
0.445568
0.328721
0.255632
0.217839
0.1768
0.146643
0.114453
0.0962001
0.0829544
0.0642179
1.24051
0.655968
0.491418
0.346644
0.282742
0.242743
0.223833
0.194353
0.196459
0.143765
0.0801683
0.0893844
1.31396
0.689326
0.484288
0.33004
0.284055
0.217882
0.207359
0.201751
0.126783
0.091748
0.134099
0.0898699
1.28487
0.707626
0.534331
0.376837
0.333897
0.313328
0.244493
0.170472
0.0971608
0.119589
0.0773066
0.0770176
1.22566
0.687384
0.478075
0.365738
0.299241
0.247406
0.204818
0.176431
0.137113
0.0709787
0.0475383
0.057159
1.43105
0.812481
0.607395
0.404552
0.365911
0.295982
0.215553
0.152295
0.113453
0.108856
0.0416574
0.0496032
1.2641
0.695447
0.505272
0.395001
0.324874
0.249206
0.233598
0.164591
0.0808995
0.0803035
0.065446
0.05426
