-0.189588
-0.435775
0.299801
-0.491143
-0.000932033
0.168831
0.0648849
0.1487
-0.093078
-0.233876
-0.0465564
-0.0191056
0.0369548
-0.832961
0.566847
-0.661252
0.105628
0.196656
0.0444284
0.136985
-0.14089
-0.20291
-0.0813877
0.0162759
-0.00354353
-0.898828
0.572674
-0.610536
0.102126
0.183278
0.0424459
0.164428
-0.128449
-0.229976
-0.080496
0.046735
-0.293422
-0.869428
0.465052
-0.460984
0.0879801
0.296074
0.12619
0.187915
-0.0498758
-0.230766
-0.028984
0.0897922
-0.408646
-0.750517
0.414521
-0.425124
0.0740063
0.33172
0.133904
0.248269
-0.0923345
-0.182425
0.014603
0.0874653
-0.042268
-1.01223
0.60554
-0.370324
0.133059
0.305236
0.220149
0.220289
-0.00855285
-0.164393
-0.0195587
0.122931
0.124675
-0.863292
0.5743
-0.357441
0.0448737
0.363578
0.279147
0.133271
-0.0139257
-0.0829414
-0.00616056
0.0469206
0.382596
-0.542836
0.649829
-0.0894858
0.123899
0.386724
0.362357
0.108807
0.0824765
-0.0889665
-0.0703037
0.0948786
0.716329
-0.313818
0.685329
-0.085156
0.191038
0.361538
0.405513
0.219421
0.135487
-0.0277994
-0.0488007
0.055095
0.871348
0.0702487
0.563313
0.0346178
0.0895831
0.247293
0.29057
0.243055
0.122559
-0.0261279
-0.0238183
0.00912543
1.11693
-0.0959232
0.568119
0.00550661
0.22325
0.275784
0.243112
0.353982
0.239271
-0.156793
-0.0218285
0.0859572
1.37383
-0.117256
0.562305
-0.0521377
0.261954
0.215155
0.240379
0.388439
0.220242
-0.17241
-0.0102148
0.1111
1.31069
-0.0148867
0.4302
0.0706218
0.227765
0.27736
0.175806
0.351966
0.233303
-0.195344
-0.0014696
0.0881008
1.15738
0.141518
0.41816
0.116944
0.166502
0.225589
0.194545
0.4205
0.189525
-0.21326
0.0138773
0.0432347
1.51444
-0.156682
0.44108
0.074487
0.244992
0.229872
0.221836
0.437659
0.205425
-0.173464
0.0305299
0.101559
1.34108
0.00131668
0.363697
0.193028
0.180497
0.207703
0.206766
0.387865
0.172197
-0.112913
0.0552819
0.0716063
1.39642
-0.023381
0.270905
0.234163
0.225069
0.239319
0.21308
0.363348
0.20459
-0.157005
0.0065494
0.10163
1.50264
-0.060617
0.309223
0.219558
0.231538
0.220509
0.226263
0.36866
0.211218
-0.145722
0.0198351
0.119872
1.35094
0.0878992
0.248276
0.2417
0.213778
0.239222
0.220515
0.328031
0.197203
-0.149329
-0.0140557
0.0744123
1.4519
0.116662
0.35139
0.300321
0.0823315
0.17487
0.312668
0.326098
0.199635
-0.186684
-0.0554956
0.0749874
1.49182
0.202001
0.308105
0.283601
0.142011
0.130818
0.233097
0.381124
0.147753
-0.183455
-0.00501237
0.0774596
1.76945
0.0588459
0.461729
0.183009
0.118691
0.153786
0.224207
0.344718
0.176818
-0.244215
-0.0190586
0.153166
1.37771
0.249993
0.25807
0.318104
0.234881
0.108765
0.158802
0.30909
0.114727
-0.162312
0.0430096
0.0750451
1.72674
0.115519
0.416921
0.292353
0.159111
0.136091
0.116845
0.275804
0.182637
-0.169203
0.0309375
0.149388
1.3
0.291979
0.324917
0.335316
0.191393
0.133216
0.152309
0.231428
0.161598
-0.0906663
0.0488701
0.0480516
1.47306
0.265171
0.363164
0.367526
0.17918
0.172414
0.168766
0.228493
0.187347
-0.124089
0.00944381
0.0812737
1.28324
0.297052
0.349946
0.364179
0.164941
0.188572
0.255359
0.226752
0.103562
-0.0443465
0.00953084
0.0293289
1.57154
0.265532
0.42971
0.379285
0.179585
0.206743
0.209146
0.242295
0.160998
-0.0959673
0.0151898
0.0815159
1.27606
0.363026
0.354675
0.337825
0.209702
0.136571
0.152738
0.248532
0.133328
-0.0451518
0.0510092
0.031674
1.35333
0.35334
0.478538
0.414497
0.192156
0.167277
0.169191
0.22558
0.114118
-0.048028
0.0622397
0.0561968
1.14946
0.420064
0.391653
0.362709
0.22193
0.132655
0.135477
0.163763
0.10428
-0.00513872
0.0566635
0.0116236
1.64587
0.209479
0.487927
0.468243
0.218216
0.134926
0.129117
0.213064
0.169845
-0.0980932
0.00624088
0.105117
1.22835
0.43347
0.37888
0.368888
0.187086
0.102729
0.118001
0.17438
0.140038
-0.0164465
0.0071457
0.0108338
1.62804
0.223086
0.48346
0.500103
0.290608
0.121297
0.0827764
0.238222
0.103895
-0.102118
0.0130131
0.0812423
1.13785
0.478668
0.419018
0.340945
0.201587
0.0928508
0.0943742
0.158302
0.0933119
0.00591603
0.0277814
0.00168705
2.08176
0.00207789
0.669392
0.365082
0.32818
0.155184
0.119382
0.268903
0.110931
-0.0683938
0.00106499
0.0554066
2.13412
-0.0304449
0.686998
0.341045
0.306503
0.193414
0.131116
0.284276
0.100305
-0.0704413
0.0484953
0.0742326
1.37309
0.445866
0.432167
0.435269
0.273636
0.177888
0.149412
0.201182
0.14134
-0.0467876
0.0282036
0.055747
1.23565
0.479287
0.388605
0.330838
0.243628
0.184573
0.194152
0.204267
0.109501
-0.00201282
-0.00940908
0.0301297
1.44097
0.386751
0.505413
0.510572
0.295384
0.275136
0.177116
0.127074
0.152846
0.00708141
0.0382074
0.0636652
1.70765
0.290558
0.652106
0.442547
0.241268
0.332122
0.153396
0.151211
0.135488
-0.0135146
0.0307597
0.0889419
1.2615
0.508247
0.418104
0.369916
0.281176
0.24211
0.211139
0.140187
0.071562
0.0657253
0.02728
0.0366243
1.27661
0.576285
0.512785
0.315459
0.238503
0.246646
0.164164
0.12315
0.120009
0.0919819
0.057424
0.0482239
1.38186
0.577341
0.519166
0.350569
0.231997
0.252511
0.236505
0.170643
0.149583
0.0808254
0.0125701
0.0372103
1.53662
0.52923
0.514074
0.417116
0.285291
0.285133
0.216094
0.158373
0.113073
0.0632987
0.0353604
0.0430349
1.35797
0.637901
0.483067
0.311123
0.276569
0.29628
0.180216
0.0968322
0.0883776
0.0859679
0.0642055
0.0522631
2.01955
0.24273
0.615864
0.344292
0.387694
0.491932
0.232029
0.263158
0.118962
0.0775799
0.0350056
-0.00674712
1.66584
0.371465
0.476642
0.326267
0.369647
0.413226
0.253297
0.202982
0.182694
0.135429
-0.0294894
0.0191919
1.29977
0.571935
0.422122
0.311633
0.27874
0.336183
0.269947
0.194094
0.161021
0.0645312
0.00254564
0.0586196
1.33345
0.556886
0.394435
0.31731
0.270168
0.285983
0.242485
0.166531
0.142496
0.104884
0.0213209
0.051189
1.77841
0.296937
0.499711
0.351998
0.328419
0.441665
0.248635
0.209015
0.283877
-0.0035493
-0.054328
0.0978149
1.36088
0.510975
0.423289
0.378102
0.291008
0.284806
0.270433
0.211947
0.143374
0.0224677
0.0281714
0.0662029
1.23708
0.55229
0.394104
0.324691
0.260163
0.227722
0.222632
0.15605
0.0805942
0.0283723
0.0733366
0.0557117
1.34332
0.586912
0.414655
0.327408
0.289769
0.244146
0.224104
0.238297
0.122537
0.0351074
0.061711
0.0595594
1.73903
0.499752
0.49456
0.396839
0.283701
0.316575
0.214421
0.209513
0.170898
-0.118579
0.0422236
0.112391
1.29251
0.553618
0.45932
0.35707
0.269818
0.247041
0.205047
0.176273
0.117579
0.0123068
0.0749909
0.0563639
1.21402
0.580787
0.414843
0.328877
0.275736
0.239664
0.178304
0.163015
0.11969
0.0628568
0.059689
0.0394474
1.24863
0.583843
0.379069
0.318483
0.28967
0.180916
0.134053
0.183044
0.13696
0.0660728
0.110559
0.0397122
1.2295
0.618622
0.453033
0.320735
0.216019
0.175568
0.173998
0.176264
0.135369
0.0555797
0.0234317
0.0220339
1.2845
0.579619
0.409778
0.341096
0.248263
0.202436
0.217943
0.169027
0.0996026
0.0627326
0.0271098
0.0260976
1.59861
0.537531
0.512177
0.298598
0.239428
0.286011
0.26222
0.207087
0.134364
-0.0589273
0.078964
0.0858501
1.19812
0.575719
0.418849
0.282643
0.22936
0.22309
0.19793
0.159551
0.0962816
0.0779692
0.105197
0.0531288
1.24862
0.660252
0.424308
0.30795
0.297669
0.262894
0.240202
0.186909
0.142523
0.0879524
0.0793312
0.0633232
1.39627
0.666678
0.508478
0.298314
0.276516
0.328045
0.254637
0.183956
0.122827
0.0618597
0.109744
0.0783286
1.70624
0.719664
0.587322
0.28711
0.2579
0.278815
0.255801
0.251034
0.168255
-0.000537665
0.0942862
0.0753297
1.18785
0.645801
0.439915
0.292106
0.254764
0.227482
0.204127
0.182421
0.131865
0.104632
0.089799
0.0600198
1.29956
0.660341
0.472382
0.324548
0.247923
0.231846
0.207555
0.197846
0.183662
0.114974
0.0682546
0.0674063
1.40618
0.694631
0.518814
0.291988
0.269314
0.289894
0.248089
0.230554
0.180588
0.0704364
0.0459504
0.0598614
1.71701
0.780827
0.60274
0.334993
0.228144
0.261379
0.350252
0.239419
0.177315
0.0263475
0.0373416
0.0310804
1.18262
0.64674
0.461183
0.343886
0.273482
0.243738
0.197808
0.146111
0.107821
0.0564211
0.0291766
0.0414623
1.32044
0.754779
0.561432
0.353374
0.282446
0.24369
0.207391
0.198083
0.146455
0.0548362
0.00956447
0.035638
1.23506
0.681119
0.484633
0.350251
0.285007
0.224936
0.194748
0.151442
0.126101
0.0835444
0.014603
0.0420667
1.7528
0.831473
0.637305
0.339091
0.385283
0.254103
0.126914
0.189428
0.19942
0.124851
0.0359568
0.0311029
1.16059
0.620915
0.430071
0.326406
0.267513
0.187093
0.152219
0.150289
0.123485
0.109416
0.077283
0.058482
1.14316
0.584901
0.406651
0.29385
0.221941
0.201648
0.177445
0.140127
0.124477
0.107684
0.085763
0.0554977
1.20394
0.647762
0.442599
0.317203
0.239886
0.181119
0.179182
0.190136
0.13975
0.0966449
0.093011
0.0632458
1.83035
0.715969
0.648089
0.155461
0.35739
0.181784
0.238607
0.261474
0.283359
0.145709
0.0504009
0.0671946
1.32807
0.675281
0.450867
0.285972
0.241157
0.19531
0.20425
0.218822
0.212395
0.12978
0.11678
0.0852528
1.06337
0.533963
0.374031
0.263483
0.213575
0.169645
0.138861
0.122362
0.1118
0.0887521
0.0816893
0.0468487
1.29999
0.648734
0.479649
0.295415
0.200119
0.229505
0.193221
0.15304
0.207388
0.116039
0.098936
0.0798034
1.65272
0.660906
0.616783
0.235585
0.243457
0.193742
0.291339
0.0413652
0.212377
0.0659526
0.0836471
0.117962
