-0.341672
0.13273
1.40911
0.374025
0.155907
0.00123745
0.26974
0.205659
0.210813
-0.108961
0.245349
0.150638
-0.372861
-0.0581942
1.11596
0.372859
0.190621
0.162836
0.297756
0.265036
0.242973
-0.0829829
0.213636
0.141493
-0.30002
0.0320452
1.29405
0.303428
0.133985
-0.0133901
0.315775
0.242513
0.251979
-0.141324
0.293169
0.165032
-0.491302
-0.0849308
1.22532
0.4566
0.130716
0.0583997
0.339318
0.211788
0.220723
-0.138656
0.297187
0.0801035
-0.548555
-0.165139
1.13885
0.424086
0.182266
0.108133
0.392977
0.20045
0.247272
-0.131463
0.288007
0.1035
-0.635825
-0.103182
1.19283
0.393512
0.141844
0.0677676
0.353312
0.146515
0.277008
-0.158386
0.259598
0.127201
-0.796288
-0.0564937
1.23979
0.462542
0.210719
0.0593846
0.347727
0.117949
0.24054
-0.124372
0.231383
0.110977
-0.768847
-0.0514442
1.15525
0.363028
0.292719
0.0595751
0.350395
0.111459
0.271927
-0.113921
0.195491
0.129693
-0.860305
-0.0654505
1.23485
0.240939
0.273192
0.121606
0.323002
0.130441
0.258961
-0.0889941
0.151444
0.129434
-0.889151
0.0525296
1.33399
0.277398
0.24231
0.0702512
0.284565
0.145071
0.198398
-0.0954498
0.137793
0.123856
-1.15194
-0.0125351
1.404
0.365585
0.278687
0.154321
0.276429
0.16751
0.259235
-0.10087
0.171964
0.157752
-0.885934
-0.0153536
1.08693
0.233098
0.213138
0.182466
0.287464
0.19341
0.266669
-0.165304
0.183862
0.123857
-0.932899
0.0666229
1.25982
0.394386
0.204657
0.135935
0.23164
0.120715
0.29419
-0.177859
0.163294
0.125334
-1.02285
0.0150877
1.28992
0.392123
0.181241
0.126157
0.275167
0.109714
0.231557
-0.13603
0.187635
0.077165
-0.90592
-0.111784
1.07681
0.260989
0.250926
0.220591
0.279282
0.151284
0.222032
-0.118993
0.17142
0.0540316
-0.739851
-0.201866
1.22804
0.12098
0.2326
0.241471
0.242291
0.200708
0.171332
-0.0794564
0.140305
0.0446846
-0.909169
-0.143524
1.33522
0.193129
0.21876
0.157293
0.251847
0.178966
0.185095
-0.119102
0.178381
0.0537613
-0.804625
-0.0948555
1.20208
0.158765
0.232272
0.185889
0.228497
0.18239
0.232131
-0.153146
0.16478
0.0326759
-0.785507
-0.0998767
1.07095
0.146324
0.196092
0.155292
0.178301
0.158707
0.218698
-0.176435
0.137172
0.0494144
-0.890783
-0.0595629
1.17109
0.132438
0.16876
0.169823
0.224975
0.180436
0.207204
-0.175787
0.14231
0.0759341
-0.818704
-0.0287708
1.18604
0.150575
0.146676
0.188968
0.236554
0.166509
0.200233
-0.144208
0.123437
0.0755527
-0.786304
-0.0603605
1.20617
0.0716333
0.151825
0.187408
0.272813
0.153092
0.221545
-0.134478
0.0956953
0.0877206
-0.633255
-0.077977
1.21434
0.0416596
0.143014
0.212023
0.332735
0.148833
0.178496
-0.0478038
0.0527634
0.0653446
-0.333398
-0.0785913
1.10409
0.174694
0.166689
0.187112
0.265247
0.100814
0.211539
-0.00840253
0.0603123
0.0395906
-0.225799
-0.0477977
1.09528
0.113708
0.143333
0.179876
0.222583
0.166926
0.274946
-0.0353191
0.101408
0.00397245
0.114895
-0.07239
0.988045
0.0684401
0.175525
0.24262
0.189804
0.193164
0.24621
0.0318991
0.0917025
-0.0503445
0.475314
-0.0567348
0.829722
-0.0584304
0.25884
0.282853
0.127015
0.204203
0.306648
0.109722
0.118891
-0.064942
0.641175
0.137028
0.615856
-0.0764262
0.337236
0.331641
0.0187839
0.273994
0.303482
0.03111
0.179395
-0.083847
1.00512
0.25006
0.435458
-0.0355659
0.364224
0.240743
0.0707765
0.229017
0.285254
0.173178
0.0512675
-0.0566298
1.19906
0.197193
0.2188
0.043953
0.383616
0.282184
0.174501
0.169007
0.371599
0.0856187
0.0232098
-0.0328576
1.34862
0.150686
0.255225
-0.0146325
0.409116
0.277904
0.229589
0.0977766
0.403339
0.0710977
-0.0232071
0.0195778
1.41676
0.0704666
0.098336
0.0138364
0.490916
0.286854
0.249542
0.135547
0.397882
0.0440081
-0.0314628
-0.00656591
1.37029
0.145127
0.0758702
0.111799
0.382029
0.342021
0.247602
0.136067
0.32997
0.0528883
-0.0482149
-0.0427231
1.34066
0.174923
0.0948734
0.0831331
0.389877
0.380216
0.242807
0.124599
0.358372
0.0213803
-0.0586833
-0.0367189
1.53406
0.0693689
0.0649918
0.00680312
0.46709
0.398674
0.247494
0.155478
0.363354
-0.00685162
-0.0547659
-0.000708557
1.40792
0.0874129
0.0572362
0.0435325
0.416985
0.397285
0.281485
0.186631
0.330967
-0.0976024
-0.0409712
0.0242916
1.39682
0.108443
0.0595753
0.111465
0.400122
0.44364
0.215307
0.193653
0.288083
-0.0627229
-0.0570627
0.00144302
1.34152
0.0589629
0.0735441
0.058678
0.454902
0.427351
0.225317
0.211105
0.245884
-0.0304864
-0.0756671
-0.015837
1.35813
-0.144693
0.0566859
0.0261384
0.498023
0.446017
0.250388
0.208878
0.260643
-0.0888108
-0.0364464
0.038508
1.29592
0.0325773
0.118239
0.0725249
0.395529
0.462416
0.221154
0.223018
0.234079
-0.0422659
-0.101467
-0.014915
1.30134
-0.280697
0.0669914
0.096838
0.476695
0.449483
0.256204
0.257575
0.277231
-0.0657452
-0.0890401
8.71427e-005
1.3209
-0.0292649
0.12757
0.119447
0.38847
0.382255
0.236429
0.258708
0.237734
-0.0377074
-0.115658
-0.023095
1.32039
-0.0587277
0.0515198
0.151192
0.415664
0.43141
0.2073
0.263806
0.27991
-0.0520565
-0.117806
-0.02216
1.30917
-0.259579
0.0924246
0.264772
0.33878
0.392556
0.273652
0.303282
0.187931
-0.0225079
-0.103123
-0.023334
1.23051
-0.317416
0.11072
0.348309
0.308274
0.292132
0.37847
0.340052
0.104711
-0.0660248
-0.0368403
0.013401
1.53006
-0.457612
0.151091
0.347616
0.369323
0.261559
0.307865
0.398128
0.102774
-0.0154139
-0.0552349
-0.0498215
1.35602
-0.20807
0.0745553
0.40661
0.305813
0.222778
0.310056
0.335576
0.102509
0.0131784
-0.0608688
-0.0302935
1.41711
-0.269061
0.0718267
0.430059
0.324321
0.208954
0.321259
0.353991
0.132939
0.0104554
-0.0558062
-0.0288119
1.34006
0.157074
-0.0460167
0.241635
0.506724
0.318431
0.168034
0.278342
0.24929
0.0320096
-0.146764
-0.0706186
1.49274
0.348977
0.0909175
0.229363
0.356969
0.286388
0.312113
0.203567
0.140882
0.0516811
-0.0260343
0.003526
1.12872
0.424988
0.3096
0.269434
0.298774
0.290779
0.284216
0.23338
0.124794
-0.00766676
0.0304073
0.0430639
1.46707
0.299804
0.175913
0.0501861
0.250672
0.248977
0.295251
0.271916
0.196249
-0.00785393
0.137114
0.0512146
1.29199
0.417258
0.196897
0.137497
0.224895
0.242596
0.210374
0.246099
0.153542
0.0618975
0.108694
0.00361045
1.60722
0.369537
0.14814
0.0875187
0.250743
0.23001
0.229268
0.210549
0.224172
0.050449
0.100577
0.0317991
1.31893
0.46304
0.147616
0.108552
0.201403
0.26417
0.215637
0.126169
0.167632
0.136445
0.103917
-0.00303505
2.03535
0.443349
0.0454896
0.0831439
0.378363
0.183874
0.20275
0.112856
0.267146
0.0494291
0.0286202
0.0164453
1.79028
0.559149
0.055847
0.142318
0.370669
0.190782
0.0733978
0.139655
0.199311
0.006804
0.047364
-0.0118772
1.54513
0.531724
0.168052
0.194815
0.296976
0.1858
0.0999508
0.128669
0.135873
0.0261797
0.0315442
-0.0070469
1.67035
0.574561
0.159857
0.260127
0.279698
0.0960331
-0.00612379
0.0957031
0.149922
0.0202975
0.0356872
-0.00822923
1.87072
0.617114
0.102963
0.237742
0.385173
0.0972772
-0.0199971
0.0354193
0.187973
-0.0837492
0.0332809
0.00176744
1.84441
0.617849
0.247191
0.312851
0.317612
0.0337948
-0.0366353
0.0585943
0.106244
-0.129975
0.0190713
0.0404579
1.50047
0.567082
0.287597
0.312984
0.292264
0.0829674
0.00590337
0.0181931
0.0215842
-0.0458211
0.0731621
0.0246109
1.52153
0.618201
0.379598
0.420878
0.33181
0.0537998
-0.0126808
0.0066374
-0.015006
-0.0927216
0.101524
0.0331349
1.66299
0.628543
0.335717
0.399232
0.291
0.0554234
-0.0559042
0.0795166
0.0567519
-0.104247
0.0763199
0.0659852
1.56236
0.616744
0.407956
0.449714
0.338148
0.0644566
0.0263579
0.0614929
0.0340902
-0.0363286
0.124482
0.0667666
1.42142
0.698514
0.471141
0.403361
0.325587
0.214748
0.145322
0.0182379
-0.0130656
0.0240984
0.0734152
0.0150934
1.21872
0.600365
0.389103
0.328354
0.276475
0.216917
0.170936
0.0849689
0.0201005
0.014965
0.0757735
0.0236915
1.7173
0.645997
0.42419
0.460144
0.405441
0.186063
0.188779
0.065312
-0.00919456
-0.0786292
0.107768
0.0780054
1.55953
0.651628
0.440979
0.472185
0.329007
0.164304
0.0999238
0.0851268
-0.0181768
-0.0691175
0.10046
0.0425909
1.8258
0.641102
0.368264
0.420677
0.350527
0.169027
0.253599
0.113573
-0.0962696
-0.102183
0.100255
0.106754
1.42651
0.629912
0.423161
0.381224
0.278335
0.20351
0.211907
0.0825399
-0.0838753
-0.0652649
0.136586
0.0438627
1.93114
0.617656
0.421306
0.533637
0.316887
0.146739
0.400481
0.110691
-0.182203
-0.166917
0.136733
0.120817
1.83984
0.631958
0.442244
0.512455
0.27736
0.171247
0.428191
0.138503
-0.190833
-0.156887
0.120255
0.0804762
1.54026
0.65602
0.537568
0.516975
0.287584
0.131177
0.235506
0.11159
-0.104032
-0.0742073
0.106662
0.0216241
1.56245
0.667027
0.444964
0.47293
0.318705
0.192839
0.235883
0.140059
-0.0517584
-0.0580081
0.048168
0.0224347
1.76191
0.714343
0.494382
0.462063
0.277627
0.19727
0.333823
0.169141
-0.0840782
-0.0523442
0.0315757
0.00720953
1.5478
0.764139
0.480156
0.380573
0.331142
0.276618
0.231121
0.136389
0.0344886
-0.0166971
-0.00827413
-0.00590197
1.3979
0.731572
0.496848
0.368844
0.332859
0.324787
0.25967
0.111724
0.0224368
0.00716789
-0.025584
0.000243511
1.67509
0.792585
0.5039
0.429683
0.388498
0.282595
0.189801
0.0815654
0.0462128
0.0200211
0.00707523
-0.00446578
1.5863
0.762479
0.471167
0.4136
0.403241
0.269191
0.16782
0.0533618
-0.0319823
0.00387197
0.035849
0.00244765
1.34851
0.704596
0.461182
0.357481
0.273989
0.202715
0.161825
0.0987995
0.00631096
-0.0220289
0.0399836
0.00109767
1.25785
0.664259
0.421275
0.30327
0.223781
0.173288
0.135154
0.101087
0.0706208
0.0370338
0.0157215
0.0105851
1.46326
0.78765
0.492045
0.355608
0.322192
0.280109
0.228369
0.119426
0.0283377
0.0128186
0.0502137
0.0229025
1.47623
0.75668
0.48904
0.394963
0.321644
0.25506
0.215327
0.124838
0.0306263
-0.00865838
0.0802328
0.0316708
1.26839
0.677209
0.449898
0.330384
0.285317
0.233234
0.187937
0.116735
0.0619279
0.0416144
0.0561081
0.0206286
1.16398
0.596124
0.383701
0.286559
0.24011
0.191975
0.145706
0.108594
0.0800354
0.0764264
0.0755743
0.0208706
1.54156
0.803466
0.473894
0.332885
0.288044
0.238604
0.189462
0.145595
0.109958
0.0118019
0.0218723
0.00561716
1.3592
0.737929
0.478939
0.339226
0.267086
0.205263
0.177834
0.102769
0.0252768
0.0230351
0.0533087
0.0133223
1.31542
0.730149
0.507114
0.384947
0.287617
0.189892
0.122089
0.064569
0.056791
0.0445272
-0.0037699
-0.00641132
1.28627
0.70395
0.470334
0.349892
0.289819
0.211058
0.146029
0.104411
0.0723035
0.0155576
-0.0434644
-0.0135523
1.59982
0.863811
0.567003
0.3789
0.303692
0.239799
0.156023
0.0921048
0.092419
0.0290583
0.00513947
-0.00171831
1.45055
0.792709
0.542202
0.446038
0.364526
0.27024
0.19631
0.13724
0.0927777
0.0634135
0.00507683
0.0159931
1.3843
0.797818
0.579187
0.442082
0.324943
0.248363
0.177
0.135365
0.0787688
0.0560424
0.0341805
0.026386
1.64858
0.903201
0.625163
0.499211
0.382279
0.291232
0.22522
0.154554
0.108344
0.0681114
0.0544031
0.0364728
1.23684
0.709006
0.504471
0.380742
0.307679
0.259595
0.204402
0.150388
0.119172
0.0716514
0.0505282
0.047776
1.29761
0.727193
0.526591
0.391847
0.303278
0.234679
0.17013
0.139474
0.112114
0.0705094
0.0718237
0.0507337
1.43145
0.817575
0.591835
0.374799
0.338922
0.285812
0.222881
0.20186
0.134751
0.0903301
0.0908095
0.0699852
1.474
0.876611
0.620321
0.415299
0.410847
0.300741
0.199704
0.156407
0.147763
0.0488104
0.122384
0.0716427
1.10666
0.601891
0.428495
0.336601
0.273846
0.220046
0.187129
0.146353
0.132449
0.114175
0.0982772
0.0636198
1.20419
0.65648
0.458971
0.344744
0.256766
0.225143
0.175134
0.144882
0.124359
0.10037
0.0976805
0.0684463
1.36312
0.793059
0.591931
0.36088
0.275759
0.208092
0.169282
0.131159
0.143847
0.09343
0.110081
0.0787887
1.20565
0.668247
0.465387
0.351269
0.285844
0.243383
0.213357
0.166984
0.126243
0.096001
0.0832256
0.0687428
1.21117
0.677168
0.472807
0.344468
0.302423
0.231713
0.173566
0.15218
0.135433
0.10661
0.0755022
0.0666312
1.31795
0.750453
0.527842
0.400144
0.336785
0.249269
0.1758
0.164852
0.0940082
0.0814282
0.118237
0.0723837
1.32389
0.724208
0.497393
0.362561
0.316877
0.267235
0.219699
0.165492
0.185463
0.131208
0.0618741
0.0772385
1.15493
0.611218
0.409997
0.317953
0.262961
0.20936
0.168946
0.133374
0.107329
0.0916114
0.0888286
0.0573024
1.33508
0.771991
0.533308
0.348986
0.26699
0.250141
0.190405
0.19658
0.113284
0.0372825
0.0223378
0.024503
