1.70599
0.684094
0.523591
0.18799
0.323616
0.147587
0.101245
0.010396
0.118965
-0.0537916
0.021842
0.0143606
1.34135
0.633328
0.40973
0.251064
0.151957
0.133474
0.0705131
0.0549574
0.0781715
0.0305142
0.0462647
-0.0253274
1.54132
0.757894
0.482397
0.294198
0.312323
0.189835
0.0366755
0.135336
0.16469
0.0633402
0.00790661
-0.0114021
1.26432
0.638218
0.463689
0.321326
0.273345
0.193013
0.117692
0.121207
0.113231
0.106736
0.0228621
0.0213155
1.22356
0.672035
0.491807
0.308684
0.239081
0.198415
0.0759901
0.0650271
0.150676
0.109322
0.100489
0.0444559
1.54899
0.640978
0.593655
0.40258
0.255851
0.119322
-0.00589
0.0923672
0.354459
0.237076
0.00224203
0.0651625
1.10673
0.581421
0.401017
0.281368
0.244021
0.216252
0.166581
0.12999
0.136344
0.141744
0.0948443
0.038243
1.11721
0.570124
0.41459
0.322249
0.269514
0.256647
0.103962
0.154734
0.241347
0.0986006
0.0611134
0.0440463
1.2275
0.460891
0.748925
0.45878
0.275527
0.208863
0.0134916
0.14739
0.295517
0.174106
-0.0301418
0.0852208
0.777494
0.196569
0.832956
0.31562
0.296089
0.111155
-0.0781883
0.298008
0.228815
0.0938836
0.0895607
0.0312886
0.410782
-0.0593781
1.12948
0.264872
0.167558
0.210022
0.0275489
0.143895
0.308725
0.0806858
0.0572162
0.0390551
0.400257
0.0253259
1.06082
0.275395
0.125833
0.254145
-0.0147355
0.142051
0.327114
-0.0437771
0.0432182
0.1228
-0.154573
0.0663997
1.26862
0.404262
0.250377
0.17909
0.0286271
0.186912
0.301695
-0.120744
0.0427493
0.11301
-0.104905
0.0936707
1.19829
0.401557
0.208867
0.141254
0.00395706
0.17038
0.316357
-0.144444
0.0254795
0.0947524
-0.262841
0.17464
1.05586
0.321119
0.235997
0.022333
0.059491
0.154226
0.346542
-0.147198
0.0546641
0.0168626
-0.342314
0.0962252
1.15631
0.277856
0.169462
0.0895029
0.050646
0.158401
0.305896
-0.206724
0.0673288
0.0806042
-0.66916
0.0349993
1.2865
0.498295
0.278642
0.149058
0.134925
0.0974396
0.329479
-0.179344
0.059044
0.0930564
-0.758934
0.0492533
1.1358
0.289062
0.182817
0.145493
0.121355
0.204103
0.22701
-0.183835
0.151406
0.0392883
-0.709146
-0.0108033
1.13314
0.246156
0.153333
0.204498
0.170634
0.247184
0.179505
-0.113651
0.180673
0.0502527
-1.17798
0.010083
1.38769
0.500792
0.203346
0.210689
0.234816
0.215327
0.251488
-0.105977
0.227311
0.0971342
-1.09849
-0.0106262
1.32965
0.327497
0.250639
0.195038
0.204197
0.241715
0.234261
-0.111394
0.214808
0.142378
-0.782647
0.0275395
1.23684
0.205801
0.203923
0.156893
0.236019
0.188942
0.286156
-0.127746
0.163263
0.168747
-0.939872
-0.0754822
1.20385
0.1875
0.297526
0.217695
0.289095
0.127993
0.320279
-0.0962641
0.142888
0.177474
-1.24983
-0.029993
1.20855
0.259153
0.37748
0.199313
0.272488
0.159145
0.301338
-0.0637429
0.152615
0.176297
-1.10651
0.0789611
1.22236
0.156633
0.295348
0.128495
0.302358
0.141798
0.256935
-0.0605511
0.126363
0.13819
-1.23374
0.00710581
1.23585
0.117942
0.26838
0.163497
0.322585
0.143297
0.213474
-0.0672338
0.172383
0.120589
-1.29314
0.0315629
1.18059
0.137043
0.258357
0.147618
0.280653
0.1273
0.197179
-0.0818696
0.174294
0.0852548
-1.38262
0.0131978
1.12896
0.14426
0.219983
0.144052
0.352141
0.117853
0.130263
-0.0985384
0.23931
0.0476869
-1.36943
-0.0673012
1.1469
0.200322
0.163858
0.10398
0.331711
0.053882
0.152829
-0.120445
0.215445
0.0278284
-1.37138
-0.113278
1.05632
0.0996051
0.0426268
0.053949
0.310337
0.0137232
0.135103
-0.130663
0.195847
-0.000131366
-1.45935
-0.237743
1.1024
0.178675
0.108416
0.103428
0.313052
0.0272197
0.167278
-0.121936
0.194181
0.0463123
-1.26026
-0.307282
0.98485
0.147568
0.0695812
0.213004
0.235002
0.00466813
0.23645
-0.135159
0.13384
0.061024
-0.911309
-0.300991
0.966595
0.253358
0.184502
0.0885046
0.130352
0.0315829
0.313758
-0.148081
0.0341745
0.0807022
-0.792336
-0.428071
0.927604
0.40704
0.310714
0.0998688
0.107138
0.0499271
0.410434
-0.15507
-0.000577622
0.0849405
-0.365883
-0.373435
0.773299
0.306678
0.256992
0.167768
0.217657
0.121471
0.462451
-0.198175
-0.00729759
0.0790622
0.0109591
-0.35209
0.630126
0.192549
0.255868
0.0770243
0.289201
0.28974
0.440282
-0.155439
-0.0143214
-0.029971
0.278827
-0.354808
0.610613
0.166495
0.303645
0.0158579
0.270083
0.351463
0.372378
-0.0883811
-0.0342657
-0.0461995
0.547937
-0.283686
0.431521
0.125498
0.346096
0.147705
0.266538
0.376169
0.295967
-0.00525884
-0.0679537
-0.103869
0.740349
-0.209661
0.348343
0.106606
0.397018
0.16916
0.244097
0.37936
0.24088
0.0361874
-0.092607
-0.0909818
0.918325
-0.161935
0.212355
0.189869
0.373448
0.253301
0.256474
0.214029
0.264654
-0.0337022
-0.0675314
-0.00810366
1.08673
-0.204189
0.1504
0.235479
0.449813
0.241276
0.258167
0.284953
0.335009
-0.0706852
-0.135373
0.0208249
1.10824
-0.163367
0.103158
0.237264
0.523509
0.252621
0.2758
0.277955
0.317574
-0.0669632
-0.126183
0.0361101
1.10833
0.0684461
0.121669
0.315289
0.511124
0.23228
0.239413
0.277246
0.190816
-0.00545771
-0.164673
0.0426247
1.12626
0.0927749
0.114042
0.34036
0.458611
0.216588
0.268672
0.266828
0.222615
0.0192858
-0.161595
0.0187014
1.22955
0.0545187
0.194272
0.223986
0.506371
0.243095
0.318671
0.284901
0.239752
0.0386081
-0.211943
0.00721887
1.35159
0.0960551
0.147052
0.261788
0.485471
0.230728
0.357376
0.216554
0.344033
-0.0383594
-0.199867
0.0307738
1.17992
0.266636
0.160846
0.257042
0.361438
0.281786
0.305099
0.255519
0.182745
-0.019885
-0.117597
0.0198505
1.2716
0.140585
0.131043
0.231046
0.483983
0.3115
0.257447
0.285735
0.281323
-0.0432393
-0.150429
0.0181652
1.40378
0.143603
0.0122231
0.260529
0.500634
0.26703
0.252509
0.310882
0.318284
-0.0863874
-0.126001
0.0167896
1.25703
0.225949
0.0820797
0.292864
0.450689
0.227166
0.179645
0.292361
0.243278
-0.0149743
-0.117697
-0.00317431
1.3182
0.188062
0.0793915
0.298741
0.407943
0.203002
0.224866
0.354278
0.297125
-0.00734568
-0.168
-0.0249833
1.50366
-0.0283132
-0.132407
0.280595
0.477902
0.212495
0.267762
0.337577
0.412295
-0.0525376
-0.145927
-0.0392099
1.50182
0.115298
-0.0920696
0.234686
0.45076
0.230434
0.172305
0.426347
0.373788
-0.0157013
-0.151484
-0.0714816
1.26245
0.243403
0.0433091
0.256257
0.33485
0.209628
0.202274
0.341202
0.327691
0.00645229
-0.154401
-0.0628077
1.36056
0.254065
-0.0469591
0.278601
0.409814
0.175257
0.209707
0.3819
0.337393
0.0297856
-0.173544
-0.0690889
1.57619
0.149319
0.0857283
0.0734249
0.46573
0.188914
0.384093
0.322721
0.316401
0.0907859
-0.104724
-0.0236541
1.15125
0.407581
0.250214
0.230463
0.30242
0.289086
0.261253
0.265323
0.199115
0.0403057
-0.106833
0.0240375
1.21805
0.437557
0.235254
0.152002
0.202707
0.165917
0.279183
0.300934
0.235535
0.112144
0.0103877
-0.0138527
1.30532
0.385827
0.100181
0.0470112
0.195722
0.274898
0.394544
0.217629
0.21046
0.105572
0.0447168
-0.0268393
1.70605
0.298126
0.107413
-0.141691
0.379919
0.132994
0.322793
0.27959
0.407058
-0.0219828
0.00903305
0.0530529
1.4298
0.406834
0.0745122
0.0587588
0.23981
0.176673
0.220255
0.272478
0.262324
0.0378954
0.0615513
-0.0383957
1.35079
0.427015
0.0860375
0.0586438
0.210997
0.200267
0.253697
0.296512
0.217533
0.0218696
0.0611053
-0.0431644
1.48211
0.416771
0.0656779
0.138083
0.275042
0.163023
0.179897
0.223979
0.275393
0.075762
0.0403734
-0.0462112
2.25326
0.36413
-0.0362248
-0.0937091
0.484218
0.000122671
0.15071
0.229069
0.352
0.0749072
-0.0624979
0.0561047
1.59594
0.527128
0.0916684
0.145768
0.313633
0.136698
0.091726
0.187988
0.202821
0.101696
0.014403
-0.04513
1.55781
0.494177
0.153037
0.22103
0.278594
0.0887706
0.0834998
0.181042
0.175057
-0.0262896
0.0555552
0.0184175
1.75258
0.491899
0.06093
0.206562
0.36841
0.0815226
0.050177
0.170138
0.131813
-0.0499186
0.0401188
0.0519044
2.1031
0.478943
0.012119
0.231169
0.41925
0.0518857
0.0226469
0.13539
0.0890134
-0.106808
-0.011945
0.115038
1.60762
0.507672
0.153772
0.227066
0.338504
0.100773
0.00484653
0.0713511
0.040255
-0.121285
0.000142414
0.0193828
1.43697
0.489679
0.189547
0.220387
0.277264
0.162331
0.0960013
0.0467846
-0.017938
-0.0789806
0.0276658
0.0283923
2.23888
0.509651
0.123213
0.156448
0.565279
-0.0307259
0.137456
-0.035879
-0.0865016
-0.0321333
-0.0350867
0.136432
1.85559
0.699307
0.172387
0.211577
0.47054
0.16576
0.104004
-0.040355
-0.0670436
-0.0141456
0.0420245
0.0396051
1.53835
0.59532
0.281227
0.253197
0.349865
0.244011
0.0735923
0.00212774
-0.0618764
-0.00419107
0.060396
0.0154071
1.38217
0.634574
0.359036
0.282888
0.340518
0.164519
0.0987602
-0.0266905
-0.068471
0.019025
0.0708507
0.00617597
1.98473
0.651092
0.240015
0.211187
0.646773
0.0352854
0.172382
-0.00212033
-0.0592384
0.0810339
-0.0241572
0.0683172
1.71774
0.677541
0.276533
0.351563
0.600978
0.0715775
0.142954
-0.0644691
-0.0376628
0.060727
0.0250737
0.0383543
1.31086
0.671516
0.43092
0.282478
0.340402
0.164377
0.0916243
-0.00122688
-0.0324426
0.0580184
0.0465545
-0.000316224
1.56899
0.732234
0.355983
0.358479
0.460555
0.143703
0.148485
-0.0274743
-0.00996332
0.0127606
0.0584613
0.0213098
1.81068
0.799268
0.416221
0.244112
0.498017
0.0558914
0.166828
-0.0265843
-0.0873495
0.0329336
0.0499916
0.0812711
1.68422
0.796951
0.41199
0.320835
0.386627
0.0704178
0.19327
-0.0109128
-0.0653356
-0.0254429
0.0790769
0.0636308
1.8275
0.84869
0.420509
0.349458
0.458275
0.104194
0.131794
-0.0583441
-0.0698596
-0.0555159
0.0541979
0.0425172
1.43882
0.744062
0.404377
0.318582
0.28
0.151432
0.109401
-0.0011802
-0.0151998
-0.020004
0.0241591
-0.0155511
1.62062
0.810492
0.41853
0.288989
0.290561
0.186651
0.160745
0.0286904
-0.0368775
-0.0502077
0.0306103
-3.80608e-005
1.71041
0.774541
0.429099
0.307452
0.329883
0.222162
0.149215
0.0415321
-0.0548709
-0.0472004
0.0338114
0.00656759
1.80747
0.79887
0.427818
0.347719
0.341033
0.194662
0.105121
0.0671144
-0.0253649
-0.0813406
0.0412752
0.0182111
1.67674
0.811126
0.455666
0.351387
0.268895
0.183146
0.12278
0.0502505
0.0191314
-0.066121
0.0352925
-0.000890358
1.51004
0.755385
0.436858
0.357769
0.259181
0.133282
0.0824984
0.0493117
0.0124889
-0.0222121
0.0468062
-0.00303948
1.84124
0.827363
0.475249
0.386414
0.405066
0.182228
0.0804169
-0.0274257
-0.0303838
-0.0155894
0.0326815
0.00100437
1.44498
0.753911
0.474827
0.319653
0.301242
0.182556
0.120999
0.0357486
0.00359071
0.025768
0.0526975
0.0103225
1.56432
0.820552
0.456758
0.322981
0.342215
0.185389
0.122381
-0.023748
-0.0345397
0.0266973
0.0459975
0.0124833
1.49601
0.768344
0.454676
0.370567
0.318903
0.185972
0.0750114
-0.0138828
-0.0207004
0.0113674
0.0706687
0.0112775
1.53376
0.814316
0.428329
0.240917
0.21337
0.189804
0.117158
-0.0286932
-0.111183
-0.0914224
0.0186998
-0.00834945
1.57536
0.775743
0.44399
0.277776
0.266925
0.176625
0.0613677
-0.037708
-0.0869024
-0.0389185
0.046477
0.00934508
1.89536
0.814962
0.367728
0.266743
0.359582
0.215555
0.077731
-0.0831897
-0.063895
-0.047717
0.0346666
0.0215551
1.42816
0.679781
0.400762
0.301085
0.286287
0.188536
0.0891835
-0.0312545
-0.0608867
-0.0345712
0.014939
-0.00678185
1.47798
0.73964
0.3893
0.323818
0.320884
0.191303
0.106616
-0.00565109
-0.0135746
-0.0164189
0.0165328
-0.0107749
2.27426
0.687945
0.366595
0.23743
0.455489
0.142001
0.107877
-0.114514
-0.0505038
-0.12629
-0.0286718
0.0492708
1.57648
0.794904
0.390768
0.28607
0.292695
0.146488
0.0977816
0.00462825
-0.0454033
-0.0741459
0.0587199
0.00222215
1.42142
0.695875
0.427932
0.295236
0.235421
0.13604
0.0712208
-0.0135386
-0.0504239
0.00309884
0.0558626
-0.0160002
1.34587
0.716433
0.455393
0.345364
0.263906
0.154561
0.0453727
-0.0350146
-0.0406516
-0.00637022
0.040229
-0.038969
2.02557
0.856719
0.450845
0.33961
0.401186
0.211625
0.0693954
-0.13759
-0.0712096
-0.135218
0.033603
0.0188838
1.4675
0.791728
0.476113
0.360906
0.282167
0.192936
0.0532976
-0.0362478
-0.0478883
-0.0519902
0.0708328
-0.0169857
1.572
0.828604
0.485207
0.318282
0.302935
0.221912
0.0845329
-0.0153563
-0.0429573
-0.0473235
0.0704223
0.00305538
1.24724
0.676731
0.464452
0.349919
0.283887
0.196087
0.0959
0.0381062
0.00498478
0.00582962
0.0231572
-0.0174098
1.88279
0.853676
0.487184
0.39916
0.461093
0.222171
0.148439
-0.0784941
-0.102088
-0.0832478
0.0785058
0.0456954
1.27097
0.681232
0.434005
0.318163
0.251616
0.190904
0.112604
0.0454209
0.0019381
-0.00944379
0.0276563
-0.00692769
1.3118
0.681883
0.44369
0.304703
0.277479
0.210698
0.142636
0.0552431
0.00130372
-0.0116095
0.0225997
-0.00586167
1.62415
0.796707
0.479521
0.364414
0.418886
0.220194
0.158664
0.0223766
-0.0573563
0.00763709
0.0710084
0.0258595
1.1493
0.599865
0.399673
0.284839
0.220417
0.166213
0.143657
0.0890936
0.0445793
0.0533427
0.0414128
-0.0104979
1.2546
0.673892
0.451016
0.354038
0.282866
0.230386
0.176042
0.0822782
0.0698361
0.0694267
0.0387733
0.0115818
