1.1999
0.626429
0.314678
0.144548
0.0554384
0.00112238
0.0465495
0.0529568
0.038537
0.041797
0.0576307
0.0498298
1.40396
0.718706
0.465947
0.248599
0.198276
0.145943
0.101074
0.0750987
0.101458
0.0880183
0.122199
0.0718105
1.40562
0.721341
0.453938
0.256009
0.203402
0.162236
0.166974
0.166883
0.120263
0.13439
0.175117
0.09979
1.96447
0.777059
0.310938
0.138178
0.471692
0.359609
0.208325
0.0850841
0.177515
0.134554
0.121689
0.0767873
1.54096
0.625571
0.287802
0.298582
0.433969
0.374255
0.241369
0.157417
0.118415
0.055403
0.0622979
0.067901
1.82743
0.575036
0.153984
0.349957
0.650523
0.438993
0.161771
0.148908
0.220129
0.0926168
0.0111346
-0.0227508
1.47914
0.554129
0.317909
0.408685
0.537901
0.358864
0.126457
0.140052
0.177811
0.116906
-0.0285756
-0.0115744
1.58689
0.222346
0.361079
0.52034
0.444192
0.0829269
0.238426
0.287539
-0.0753683
0.155112
0.0476268
-0.00496527
1.63787
-0.0147208
0.308394
0.617221
0.473903
0.102102
0.230533
0.277356
-0.0352028
0.103553
0.0256695
-0.0300935
1.11717
-0.00781403
0.540729
0.44774
0.360723
0.101748
0.304472
0.20453
-0.11516
0.241553
-0.00298967
-0.102686
0.67729
-0.0274984
0.652511
0.447478
0.37695
0.136545
0.26948
0.178332
-0.0760182
0.109499
0.129731
-0.026504
0.565537
-0.0728078
0.748521
0.407885
0.386942
-0.00510253
0.291901
0.164393
-0.0223296
0.0987302
0.203902
-0.0598036
0.256757
0.0124135
0.771267
0.494996
0.308745
-0.0811651
0.273143
0.275576
-0.00549381
0.0044943
0.228222
-0.0399165
0.216721
0.0210987
0.859294
0.456567
0.348989
-0.151947
0.304728
0.280714
0.0297333
-0.0138238
0.246712
0.0136758
0.0938874
-0.153699
0.935661
0.507336
0.368036
-0.148416
0.404863
0.270373
-0.00279414
0.0856194
0.174524
0.0656964
-0.0255014
-0.191063
0.998593
0.48427
0.381921
-0.189879
0.411911
0.342326
-0.0208808
0.0961636
0.174197
0.0680966
0.0608651
-0.0144183
1.01519
0.413502
0.274664
-0.175815
0.359257
0.300571
-0.0709584
0.0841627
0.194745
0.0226566
-0.0847587
-0.18023
1.12668
0.422042
0.354329
-0.173503
0.363699
0.362808
-0.10253
0.105921
0.201498
0.00716188
-0.0495931
-0.0542092
1.09072
0.360137
0.279114
-0.160672
0.348192
0.345203
-0.0904108
0.0886042
0.217604
-0.0142492
-0.225104
-0.108321
1.07993
0.425703
0.322079
-0.142348
0.417934
0.35385
-0.0609953
0.0854854
0.256534
-0.015118
-0.239404
-0.0367336
1.05419
0.456847
0.302344
-0.140437
0.399632
0.310482
-0.0592422
0.0877779
0.243239
-0.0558234
-0.133811
0.0221319
1.04607
0.431642
0.20602
-0.117702
0.393425
0.214389
0.0443499
0.0466004
0.253747
-0.0840763
-0.149345
0.0111787
1.09846
0.435629
0.153818
-0.0963699
0.351141
0.205609
0.0257598
0.00960962
0.257726
-0.0848152
0.0377093
-0.00155356
1.07401
0.355185
0.133702
-0.088978
0.32167
0.169031
0.0802082
-0.00498851
0.237498
-0.0636605
0.012103
-0.000368071
1.06752
0.325352
0.11415
-0.0224111
0.349961
0.216092
0.0464535
0.0159758
0.242977
-0.0511252
0.0195295
0.0421068
0.999053
0.276007
0.177413
0.0486963
0.337745
0.253267
-0.0227655
-0.0106182
0.222223
-0.0524151
0.332046
-0.00109365
1.01822
0.162495
0.157098
0.0917665
0.2986
0.173519
-0.00611723
0.0707983
0.155645
-0.0947212
0.207315
0.022363
1.0446
0.22619
0.0940539
0.0965284
0.274855
0.183951
-0.0234104
0.119618
0.125304
-0.133625
0.542467
-0.19318
0.986957
0.0125727
0.16899
0.163611
0.253087
0.174439
0.0388859
0.177893
0.0883548
-0.179615
0.523291
-0.100032
0.751298
0.0551177
0.149467
0.14357
0.292197
0.172383
0.0819863
0.203051
0.0629784
-0.215866
0.692576
-0.206416
0.783213
0.0316523
0.178211
0.100548
0.261569
0.171907
0.0819929
0.198503
0.0463283
-0.183613
0.856665
-0.124686
0.457422
0.123094
0.19434
0.161429
0.208474
0.185823
0.13138
0.183621
-0.0396462
-0.18809
1.08232
-0.325865
0.388414
0.125648
0.221577
0.115466
0.299474
0.189071
0.14997
0.165184
-0.0262162
-0.177347
1.26762
-0.475533
0.444553
0.106959
0.301785
0.0838367
0.329127
0.243567
0.146223
0.205977
-0.0568994
-0.172266
1.3292
-0.320667
0.181734
0.252624
0.301904
0.118321
0.291434
0.267543
0.151145
0.16666
-0.0637122
-0.202995
1.29941
-0.232355
0.00366505
0.299599
0.36081
0.133541
0.278356
0.280234
0.134092
0.130347
-0.0833916
-0.17609
1.5645
-0.187834
-0.0414338
0.19148
0.470736
0.251785
0.158213
0.259344
0.271892
0.0705531
-0.124022
-0.144688
1.97049
-0.454436
-0.0602107
0.10869
0.556634
0.218826
0.238485
0.219339
0.325314
0.13102
-0.174717
-0.104323
1.80292
-0.181344
-0.25153
0.10182
0.528956
0.357048
0.0994479
0.286072
0.357302
0.0330078
-0.107901
-0.128983
1.53715
-0.0304536
-0.270876
0.151318
0.506626
0.315593
0.135032
0.304367
0.338208
0.0324464
-0.0945339
-0.152556
1.96769
-0.218318
-0.366991
0.107006
0.599581
0.293729
0.207253
0.239608
0.375815
0.0760416
-0.132958
-0.126546
1.73573
-0.10532
-0.343571
0.130669
0.515717
0.362806
0.149429
0.281606
0.378099
0.0207178
-0.108762
-0.1299
2.10429
-0.246657
-0.285361
0.0862714
0.542926
0.317964
0.1884
0.262576
0.363612
0.0705275
-0.150594
-0.127745
1.56192
-0.0584223
-0.257417
0.211127
0.475095
0.248238
0.193997
0.327666
0.285239
0.0765785
-0.133086
-0.148499
2.06739
-0.361893
-0.115833
0.064459
0.51111
0.305281
0.17677
0.324905
0.339832
0.0684752
-0.13789
-0.128185
1.67123
-0.094908
-0.154939
0.156266
0.421591
0.296194
0.181447
0.311659
0.335786
0.0504328
-0.133297
-0.151121
1.71622
-0.0146993
-0.175926
0.10594
0.399585
0.29903
0.162893
0.309636
0.307233
0.0623867
-0.106072
-0.146264
1.63402
0.149034
-0.242359
0.0470237
0.463139
0.288499
0.150004
0.313858
0.318829
0.0499688
-0.0858628
-0.162504
2.26298
0.0711875
-0.158901
-0.362986
0.684395
0.215088
0.154625
0.385561
0.255195
0.148173
-0.133369
-0.1821
2.1194
0.209636
-0.204744
-0.21356
0.594169
0.224095
0.134025
0.352634
0.261686
0.111182
-0.0976731
-0.185737
1.50839
0.30708
0.0242562
0.0427343
0.270051
0.296735
0.217695
0.268134
0.157759
0.0461569
-0.113564
-0.126335
1.66614
0.379123
0.0162014
0.0753604
0.239649
0.243963
0.305092
0.269525
0.14489
-0.0194813
-0.0749427
-0.0719901
2.03991
0.421042
-0.0146577
-0.0598496
0.29617
0.239861
0.294812
0.283655
0.102109
-0.0571003
-0.0690147
-0.030145
1.67225
0.471857
0.0609445
-0.0950899
0.199057
0.295916
0.339434
0.27619
0.0454986
-0.0314296
-0.0244989
-0.0262912
1.82134
0.476321
0.0239548
-0.0478933
0.308365
0.212615
0.269329
0.283931
0.063205
-0.0162977
-0.0255004
-0.0209104
1.80191
0.470651
-0.0297297
0.00426494
0.375355
0.178319
0.188758
0.258326
0.119694
0.0191453
-0.0707902
-0.0773927
1.95005
0.461178
0.0592884
-0.0368843
0.450471
0.116782
0.105479
0.236087
0.139433
0.100703
-0.0789285
-0.128061
1.75714
0.473367
0.14961
0.115122
0.358743
0.161067
0.0201302
0.212719
0.181255
0.109665
-0.0729156
-0.133438
1.58891
0.547207
0.144715
0.161649
0.296635
0.15608
0.089588
0.147858
0.167269
0.0799067
-0.109498
-0.114942
1.85848
0.602228
0.102327
0.11134
0.387879
0.165594
0.0979592
0.173898
0.123589
0.0637504
-0.0852432
-0.112594
2.24284
0.523601
0.117998
0.164189
0.384911
0.127003
0.127909
0.190538
0.174515
0.00913395
-0.0989625
-0.0811646
1.57036
0.586695
0.190248
0.154928
0.255832
0.242926
0.132504
0.108216
0.0711798
0.0157378
-0.0233649
-0.032049
1.4744
0.625272
0.27142
0.18434
0.210798
0.192404
0.180402
0.142842
0.0476033
-0.0230984
-0.00438232
-0.0138413
1.37309
0.621036
0.320413
0.223455
0.215471
0.176616
0.153973
0.106357
0.0454811
0.0266875
0.00226404
-0.0129842
1.88135
0.67086
0.214559
0.252068
0.36186
0.176861
0.159556
0.137001
0.0735115
0.0269231
0.0046334
0.000297292
1.34563
0.588694
0.308413
0.259595
0.290446
0.223335
0.202262
0.141178
0.0362649
0.00884586
0.0245326
0.00608317
1.40973
0.619911
0.326667
0.260821
0.274635
0.209701
0.167298
0.114306
0.0477033
0.0326358
0.0273253
0.00154635
1.19998
0.576464
0.340341
0.234696
0.180118
0.15515
0.121799
0.0819007
0.0714093
0.0368602
-0.00980433
-0.0222455
1.5643
0.714441
0.309462
0.180992
0.225182
0.255491
0.19661
0.0944619
0.0716555
0.0489924
-0.0403792
-0.0260999
1.79502
0.712634
0.343084
0.279784
0.291325
0.179229
0.217545
0.172375
0.0456255
0.00214916
-0.0239184
-0.0137483
1.35153
0.63428
0.389135
0.288062
0.274522
0.223045
0.13743
0.0663388
-0.000546852
0.0252855
0.013721
-0.00366153
1.93641
0.688971
0.382742
0.385878
0.30791
0.106275
0.148208
0.0871736
-0.0557342
-0.00635193
0.0664306
0.063129
1.64132
0.663041
0.430339
0.357362
0.210706
0.110981
0.111648
0.0536413
-0.00711568
0.0148058
0.0759343
0.0395567
2.30645
0.575238
0.338862
0.354638
0.269991
0.0167096
0.165543
0.0972926
-0.12499
0.0504049
0.0762714
0.0235165
1.41076
0.674325
0.410122
0.264019
0.191444
0.152485
0.0835114
0.0229943
-0.00070832
0.0263514
0.0228115
-0.00654062
2.00948
0.630988
0.263346
0.330782
0.266588
0.153778
0.141722
0.176384
0.0992726
-0.0266155
-0.0608751
-0.0396585
2.3815
0.481164
0.239237
0.342133
0.274502
0.154859
0.136131
0.0546372
0.120588
0.00120035
-0.052007
-0.0427666
2.27394
0.626217
0.221629
0.319466
0.302013
0.150953
0.0568129
0.0933905
0.0758583
-0.0833764
-0.0349644
0.0309504
1.38854
0.649641
0.34191
0.253885
0.235614
0.167084
0.100102
0.083316
0.0688361
0.0334801
0.0271618
0.0142551
1.65602
0.767022
0.377092
0.255848
0.222293
0.18422
0.124065
0.0529436
0.00343449
-0.0290429
0.0655664
0.0406343
1.96545
0.848194
0.342729
0.248347
0.358686
0.237069
0.119502
0.00358383
-0.0499014
-0.0267507
0.0275633
0.0281488
1.44393
0.742425
0.418794
0.307978
0.265844
0.218199
0.150726
0.0579899
-0.00983251
-0.0266914
0.0184755
-0.00948872
1.42823
0.696868
0.420366
0.313409
0.264196
0.187348
0.116093
0.0698028
0.0186642
-0.0250943
-0.0397135
-0.0409419
1.5784
0.748363
0.375666
0.301126
0.319277
0.248244
0.131179
0.0132806
-0.00748164
-0.0259119
0.00394253
-0.019077
1.8717
0.79618
0.334084
0.293297
0.307443
0.210568
0.0574106
-0.0207304
-0.0120201
-0.0524928
0.0407674
0.0115719
1.37699
0.663066
0.359216
0.26762
0.223189
0.136629
0.0489044
-0.0138364
-0.0290073
-0.00220024
0.0727506
-0.00634115
1.94408
0.765748
0.279244
0.242694
0.284649
0.123139
0.000630559
-0.043412
-0.0344186
-0.0341189
0.0737096
0.0453644
1.82768
0.754863
0.317967
0.290962
0.266461
0.100479
-0.0119935
-0.076028
-0.0303678
-0.0139411
0.0694332
0.0215856
1.87693
0.820101
0.403541
0.299301
0.293853
0.146342
0.0189456
-0.0381628
-0.0225715
0.0597834
0.0608804
0.0244703
1.5306
0.744915
0.407951
0.279603
0.235755
0.167253
0.0800431
0.0272735
0.0246181
0.0655399
0.0750726
0.0280311
1.63019
0.761084
0.391348
0.269659
0.251105
0.179985
0.0575905
0.0139813
0.0395393
0.112151
0.0884148
0.0453685
1.43812
0.721605
0.41007
0.271603
0.226936
0.153741
0.0936461
0.0507596
0.0717308
0.120536
0.0923379
0.0479486
1.78484
0.79626
0.302544
0.182751
0.266452
0.235737
0.124103
0.0290557
0.000367801
0.0699841
0.108628
0.0859512
1.41489
0.681563
0.360717
0.261657
0.272213
0.249445
0.158232
0.0462485
-0.0209252
-0.0110079
0.0918465
0.0450383
1.24956
0.632978
0.382208
0.293918
0.262347
0.23229
0.151481
0.060766
0.0293198
0.0276141
0.0931017
0.0333611
1.36207
0.692435
0.381356
0.266185
0.271698
0.248473
0.175659
0.0793327
-0.00853805
0.0140613
0.115139
0.0455569
1.43625
0.702983
0.383135
0.283527
0.301959
0.267612
0.14965
0.067886
0.00573909
0.0330257
0.127676
0.0553873
1.6994
0.827911
0.423428
0.316046
0.334007
0.253134
0.122697
0.0316181
-0.0294331
0.0171544
0.088295
0.0487767
1.27556
0.659036
0.406629
0.294987
0.25045
0.173718
0.0877202
0.00734979
-0.00959585
0.0344454
0.0737713
0.00765988
1.46108
0.787438
0.492308
0.324158
0.281018
0.204904
0.0795864
0.0262096
-0.0351047
-0.00343861
0.0564839
0.00544864
1.31386
0.691547
0.475243
0.368291
0.257276
0.122591
0.00183613
-0.0157372
-0.00289185
0.00113021
-0.0251884
-0.0377783
1.47487
0.793868
0.460196
0.348815
0.244067
0.100558
0.0176234
-0.0754754
-0.0159362
0.00749262
-0.0167927
-0.0226292
1.81488
0.778596
0.547889
0.309741
0.343795
0.177281
0.0473727
-0.10466
-0.0665114
-0.00585452
0.0321756
0.00552657
1.58302
0.78298
0.466571
0.299975
0.240137
0.217883
0.111906
-0.0206837
-0.0435309
0.017231
0.0204429
0.0132743
1.79372
0.791974
0.527975
0.322027
0.378294
0.185084
0.113953
0.0223842
-0.00360387
-0.0250121
0.0475222
0.0285972
1.5846
0.800644
0.556541
0.418648
0.341334
0.203537
0.158208
0.0828126
0.0346172
0.0206283
0.022574
0.00232892
1.36656
0.725458
0.492109
0.34687
0.304239
0.235444
0.126498
0.113416
0.0988979
0.0235545
0.0117738
0.00170629
1.61667
0.845381
0.556629
0.315343
0.347835
0.181308
0.167704
0.0584993
0.077613
0.0676789
0.0378722
0.0273575
1.89702
0.754475
0.645615
0.35358
0.444301
0.232702
0.15503
0.0211188
0.0935741
0.11139
0.032216
0.0228279
1.89651
0.788229
0.60372
0.240234
0.421123
0.295578
0.115422
0.0331822
0.122793
0.0637286
0.0629084
0.0514763
1.28942
0.673033
0.429405
0.310651
0.283034
0.209997
0.155445
0.0929876
0.0829529
0.0862331
0.0611716
0.0448105
