0.519964
-0.277355
0.68022
0.605126
0.409188
-0.301866
0.0183194
0.473268
0.04965
-0.0483561
0.0230134
0.0218587
0.296365
-0.4912
0.864867
0.606494
0.676039
-0.342924
0.0144169
0.467797
0.0115392
-0.0401018
0.0426071
0.0463095
0.163898
-0.755435
0.961654
0.597929
0.606118
-0.240668
-0.105623
0.483225
0.0982101
-0.0817473
0.0753605
0.0555054
-0.220874
-0.721961
0.639068
0.654983
0.577764
-0.237065
0.149356
0.444523
0.0600398
-0.0530125
0.176492
0.0435528
-0.127055
-0.528983
0.921665
0.652885
0.594169
-0.303399
0.0789057
0.500605
0.0744227
-0.107324
0.16817
0.0539101
0.0141231
-0.510262
1.08502
0.526499
0.582008
-0.278672
0.0857975
0.471935
0.0764731
-0.0950991
0.160045
0.0914693
-0.652139
-0.57788
1.11503
0.620909
0.637011
-0.102245
0.146622
0.491473
0.0860717
0.0314624
0.193339
0.0969883
-0.159703
-0.6148
1.05875
0.328133
0.628405
-0.080609
0.211005
0.485343
0.0116872
0.0415635
0.140781
0.121162
-0.0642523
-0.423336
1.31165
0.396302
0.512424
-0.247528
0.155245
0.496487
-0.0274645
-0.0165219
0.120532
0.11784
-0.16672
-0.480935
1.19032
0.355834
0.549478
-0.200754
0.213288
0.496506
0.00336513
0.0121636
0.107879
0.136321
-0.303809
-0.31801
1.09452
0.522206
0.588325
-0.2145
0.179357
0.432249
0.0661444
-0.0460363
0.080133
0.150935
-0.26841
-0.453404
1.09371
0.298399
0.611663
-0.149403
0.17133
0.446233
0.0592416
-0.0345286
0.0691797
0.149704
-0.162646
-0.271012
1.14431
0.217349
0.466953
-0.187017
0.19713
0.39071
0.0455128
-0.0570534
0.0638877
0.130514
-0.160472
-0.372533
1.10826
0.274356
0.59485
-0.148941
0.137893
0.426204
0.0666087
-0.0482537
0.069843
0.124868
-0.241599
-0.316252
1.16324
0.338591
0.54063
-0.131394
0.152284
0.36946
0.0704479
-0.0563506
0.086121
0.0891423
-0.177557
-0.261857
1.06356
0.468305
0.496462
-0.123864
0.164206
0.34868
0.109462
-0.0922836
0.141094
0.0487889
-0.0104507
-0.263171
1.01509
0.367065
0.460872
-0.21913
0.168157
0.428267
0.0491928
-0.0857831
0.122765
0.0571044
-0.224816
-0.382725
1.18965
0.542237
0.485326
-0.217034
0.228868
0.418544
0.0147602
-0.07045
0.13601
0.08373
0.0594881
-0.372349
1.13348
0.413112
0.455486
-0.293553
0.214089
0.470831
-0.00515542
-0.0441822
0.136826
0.0614785
-0.15033
-0.476849
1.16608
0.422373
0.548288
-0.270671
0.254485
0.512657
-0.0549636
0.00296681
0.136
0.0616232
0.0305078
-0.443597
1.09884
0.277255
0.520646
-0.24432
0.23033
0.494229
-0.0276372
0.017214
0.105045
0.0404746
-0.113964
-0.430841
1.17412
0.303927
0.626474
-0.17458
0.172347
0.481208
-0.0315961
0.0366932
0.102273
0.0645654
-0.0881193
-0.311748
1.21143
0.26074
0.569945
-0.204699
0.188905
0.455662
-0.0801178
0.056709
0.0843013
0.0468839
-0.0833376
-0.394506
1.15728
0.206761
0.62586
-0.116566
0.17583
0.452991
-0.0529189
0.0745946
0.0876984
0.0490716
0.00817153
-0.276522
1.0885
0.167789
0.527422
-0.17025
0.226225
0.450547
-0.0502201
0.0292009
0.127024
0.0644934
-0.0445303
-0.226917
1.12539
0.253128
0.531518
-0.226021
0.239485
0.421813
-0.0415354
0.0332393
0.124879
0.0627221
-0.0236391
-0.399928
1.22927
0.349883
0.396617
-0.286215
0.2835
0.458151
-0.00633287
-0.0502276
0.2011
0.116678
-0.263583
-0.443635
1.26052
0.365376
0.418911
-0.131544
0.244701
0.423407
-0.0212217
-0.0326897
0.202272
0.0681117
-0.132039
-0.34107
1.19882
0.30567
0.356049
-0.2069
0.250476
0.389552
-0.0181616
-0.0501144
0.190859
0.0514456
-0.0756161
-0.3062
1.14418
0.259661
0.26718
-0.207316
0.263262
0.401683
-0.0110196
-0.0385768
0.220121
0.0179721
0.0368232
-0.231515
1.0392
0.163018
0.354
-0.120242
0.258681
0.370496
0.0179722
0.00891171
0.166506
-0.0430405
0.306453
-0.23213
0.666351
0.237572
0.37547
-0.0846579
0.254783
0.382994
0.0923961
0.0243911
0.165427
-0.127102
0.518645
-0.370423
0.67269
0.182615
0.441151
-0.0812544
0.245188
0.443446
0.0698685
0.0790246
0.0688402
-0.128155
0.940044
-0.396147
0.540565
0.200852
0.439369
-0.052968
0.210778
0.469916
0.130156
0.0944862
-0.0433394
-0.0840258
1.12469
-0.400184
0.485987
0.12632
0.458025
-0.00640498
0.153063
0.506289
0.085249
0.0666594
-0.00287375
-0.129255
1.18433
-0.218456
0.334517
0.128647
0.522353
0.0797874
0.0868017
0.480084
0.176055
-0.0137634
-0.0574028
-0.0765434
1.15365
-0.166961
0.221116
0.191258
0.483092
0.162931
0.0967513
0.456236
0.178234
-0.0426209
-0.0657924
-0.0527372
1.18838
-0.180296
0.0936794
0.185821
0.514419
0.191516
0.165509
0.480947
0.115146
-0.0759092
-0.0641962
-0.03001
1.67224
-0.374443
0.0292481
0.179598
0.554115
0.183855
0.230785
0.385335
0.266725
-0.0757185
-0.152924
0.0324817
1.41535
-0.0927201
-0.0756402
0.302167
0.434535
0.266858
0.202958
0.349072
0.256904
-0.114874
-0.111271
0.0315032
1.43407
-0.107965
-0.147597
0.274224
0.502702
0.261852
0.248923
0.31283
0.257834
-0.114684
-0.0985588
0.0302188
1.29228
-0.0764868
-0.0578451
0.367958
0.475002
0.274088
0.282329
0.311655
0.204847
-0.110015
-0.118936
0.0647589
1.39715
-0.124642
-0.115005
0.292823
0.549168
0.330468
0.25378
0.331474
0.211683
-0.134852
-0.0907629
0.0883557
1.3318
0.0635873
-0.0362575
0.278312
0.483342
0.297142
0.233581
0.308361
0.212032
-0.15703
-0.090841
0.0656371
1.45668
-0.0225955
-0.101522
0.321146
0.50326
0.272907
0.27766
0.351843
0.197115
-0.0892409
-0.128159
0.0467515
1.56124
-0.0310754
-0.0653895
0.211831
0.552195
0.267821
0.282253
0.400727
0.195435
-0.111107
-0.137316
0.0513101
1.38038
0.113475
0.0259842
0.291635
0.461043
0.283372
0.287895
0.375522
0.167949
-0.0871582
-0.158547
0.0390357
1.80727
-0.280764
0.0942179
0.0735215
0.543652
0.23937
0.360233
0.403911
0.221907
-0.100541
-0.173239
0.0970027
1.2981
0.116672
0.0455109
0.235923
0.428337
0.331158
0.293697
0.386028
0.218239
-0.112605
-0.135783
0.0392222
1.55183
0.119719
0.0328256
0.173267
0.448575
0.304348
0.320702
0.365701
0.236965
-0.140391
-0.119969
0.0476117
1.55987
0.133789
-0.0153188
0.116894
0.484307
0.290875
0.327549
0.388374
0.22574
-0.146985
-0.085043
0.0601239
1.44365
0.172368
-0.00626665
0.0842969
0.474257
0.321884
0.317872
0.376234
0.200033
-0.1223
-0.0516251
0.0325497
1.448
0.283922
0.128626
0.122976
0.444498
0.325972
0.333991
0.321658
0.158966
-0.104225
-0.0594437
0.0500642
1.42077
0.357571
0.109485
0.0862109
0.376462
0.395391
0.298114
0.334935
0.20315
-0.121341
-0.00599586
0.0366825
1.15246
0.374684
0.237819
0.156678
0.367945
0.372389
0.338641
0.238867
0.113143
-0.0217965
-0.0117215
0.0590186
1.10468
0.489914
0.249071
0.237553
0.407397
0.276827
0.314905
0.218321
0.0995533
-0.000316411
-0.0248907
0.0546946
1.21191
0.497672
0.274315
0.121803
0.325219
0.233558
0.341071
0.241071
0.135802
0.0765495
-0.0370883
0.00980088
1.30893
0.500988
0.247109
0.137048
0.353959
0.166502
0.359935
0.229059
0.125615
0.0722984
-0.0384623
0.0121318
1.49211
0.522939
0.108256
0.0577402
0.406639
0.213912
0.37065
0.213639
0.0458528
0.0273241
0.0323938
0.0638004
1.31953
0.495205
0.16871
0.113965
0.231129
0.293475
0.286761
0.258157
0.0880319
0.00226436
0.0312706
0.0059802
1.68634
0.498163
0.11602
0.0580944
0.320211
0.282151
0.236972
0.244399
0.096853
-0.0311312
0.0987234
0.0706637
1.45031
0.570031
0.199024
0.121706
0.224261
0.256274
0.236907
0.160634
0.0458225
0.0264163
0.123738
0.0548293
1.79626
0.653759
0.172732
0.0917904
0.277176
0.247507
0.185361
0.151687
0.0635974
0.00816031
0.11416
0.084727
1.54268
0.708579
0.287996
0.180185
0.210484
0.1707
0.152772
0.0624947
0.00713152
-0.000580977
0.133467
0.0620099
1.58853
0.677382
0.309206
0.200551
0.247141
0.214156
0.122944
-0.00345116
-0.0476473
-0.00723632
0.111492
0.0602285
1.50428
0.633598
0.294111
0.247386
0.239991
0.139798
0.0931414
0.0750417
0.0299027
-0.0375903
0.0462003
0.00934378
1.70715
0.665099
0.244893
0.278595
0.318233
0.135978
0.056815
0.10672
0.0797665
-0.0963583
0.0335707
0.0160251
1.53793
0.646514
0.345362
0.318624
0.281796
0.117081
0.0839905
0.131423
0.0548671
-0.0808696
0.0680046
0.0304189
1.50172
0.662099
0.414411
0.370459
0.284493
0.120843
0.135984
0.166275
0.0589144
-0.12467
0.0404167
0.0206585
1.76143
0.724533
0.366377
0.441608
0.410337
0.126846
0.123811
0.140006
0.039047
-0.170305
0.0713992
0.0745652
1.37921
0.684115
0.450766
0.367328
0.262568
0.149879
0.12095
0.10568
0.0134641
0.0129085
0.0722113
0.0198859
1.33514
0.641383
0.420154
0.334028
0.245736
0.153355
0.135219
0.093557
0.0355128
0.0460274
0.090667
0.0317319
2.17935
0.583213
0.456031
0.507101
0.503248
-0.0275026
0.32329
0.104925
-0.132934
-0.0452903
0.0620137
0.134701
1.91981
0.673504
0.409396
0.500944
0.430707
0.0662061
0.357862
0.158378
-0.0970376
-0.0834139
0.0486123
0.0938625
1.38687
0.6903
0.467678
0.371506
0.314273
0.216804
0.209106
0.106978
0.00473237
-0.00925514
0.0294674
0.00330157
1.30169
0.672728
0.438487
0.370172
0.287958
0.171291
0.113477
0.114341
0.0773281
-0.0142275
-0.00845105
-0.0142196
1.68542
0.720636
0.538272
0.494751
0.334509
0.211355
0.272102
0.100021
-0.116231
-0.0766665
0.0911711
0.0277722
1.52667
0.758059
0.47825
0.424913
0.307185
0.136783
0.195398
0.137454
-0.0493689
-0.0431182
0.069735
0.0225049
1.68715
0.674248
0.630417
0.531055
0.355067
0.167464
0.333392
0.119314
-0.140848
-0.0713212
0.120679
0.028812
1.22641
0.604041
0.429898
0.357705
0.263719
0.164782
0.157052
0.127774
0.0416787
-0.00637255
0.0114174
-0.00514235
1.45006
0.707055
0.670438
0.481517
0.302278
0.157313
0.255741
0.15826
-0.0270148
0.0207732
0.0105298
-0.0177791
1.3637
0.64689
0.530831
0.401651
0.299885
0.146726
0.157299
0.193527
-0.0361643
-0.0419712
0.0521433
0.014229
1.59636
0.769139
0.721993
0.33399
0.452875
0.170943
0.148398
0.204278
-0.129583
0.0471454
0.0517606
-0.0282702
1.16103
0.634552
0.472899
0.330972
0.252428
0.18436
0.127611
0.0973553
0.00781054
0.0181311
0.0351186
0.0215972
1.46367
0.779126
0.703809
0.300128
0.391114
0.12664
0.148412
0.16166
-0.100577
0.0389753
0.119007
0.0190653
1.56226
0.735928
0.779008
0.26568
0.412606
0.146288
0.183621
0.1456
-0.102775
0.00614273
0.135917
0.0272361
1.73883
0.765041
0.752916
0.259913
0.408345
0.0146719
0.259923
0.143766
-0.0320727
0.0186462
0.0786694
0.0890445
1.5581
0.799744
0.613879
0.345982
0.382791
0.108044
0.107665
0.185696
0.0670721
0.0585779
0.0680632
0.0373193
1.4475
0.759595
0.595936
0.335566
0.304228
0.122873
0.130118
0.09723
0.0976487
0.0438769
0.0837974
0.0446731
1.39764
0.736023
0.543963
0.375752
0.2473
0.196412
0.170889
0.106926
0.077892
-0.00166611
0.0797921
0.0269086
1.91423
0.760042
0.916719
0.275807
0.384724
0.11999
0.264313
0.126872
-0.00334996
-0.0463935
0.00766233
0.0309598
1.44092
0.806444
0.596247
0.341486
0.283887
0.165469
0.143542
0.0814708
0.0386035
0.0128686
-0.00334427
-0.0198414
1.32017
0.754671
0.564865
0.368252
0.283858
0.191548
0.134094
0.108151
0.0340787
0.0351424
4.7191e-005
-0.0133042
1.2768
0.722583
0.543238
0.39949
0.316188
0.198437
0.124531
0.112148
0.0532598
0.018679
0.0170345
-0.00205754
1.71189
0.914566
0.765657
0.350639
0.339017
0.146701
0.182278
0.143205
0.0114351
0.00539448
0.0608457
0.0171209
1.39051
0.782601
0.570852
0.391749
0.293685
0.220186
0.17321
0.125898
0.0610308
0.0593897
0.0549008
0.0318275
1.32277
0.767435
0.531466
0.383053
0.268015
0.205755
0.170226
0.111177
0.11328
0.0870596
0.0668483
0.0514072
1.2792
0.69756
0.509227
0.36625
0.307709
0.243759
0.187946
0.148764
0.091025
0.0709627
0.0515662
0.0438296
1.43373
0.799841
0.584577
0.419431
0.333552
0.239907
0.191378
0.156773
0.0763076
0.0678283
0.10873
0.0620021
1.19052
0.682534
0.49492
0.355723
0.290129
0.241218
0.206762
0.155914
0.121009
0.102413
0.0850261
0.0607384
1.54339
0.86257
0.648518
0.451677
0.332117
0.269379
0.202046
0.117337
0.072483
0.0237745
0.104546
0.0498465
1.37425
0.780754
0.607592
0.44489
0.334435
0.214588
0.173949
0.0888269
0.0787316
0.0835301
0.0567978
0.0369526
1.26251
0.771464
0.578301
0.378118
0.301668
0.240784
0.129005
0.0954854
0.0909059
0.0253768
0.102027
0.0401249
1.18385
0.695381
0.499313
0.32348
0.268713
0.206425
0.113486
0.0640334
0.0548279
0.0216038
0.0422445
0.0236026
1.10249
0.703832
0.506226
0.331946
0.245043
0.205536
0.125243
0.0292437
0.045282
0.0245431
0.102112
0.0291679
1.08644
0.7125
0.599587
0.363501
0.336605
0.170374
0.161488
0.106211
0.124619
-0.0740509
0.209944
0.0401249
1.03863
0.733188
0.610473
0.362202
0.281776
0.176667
0.137673
0.133778
0.0859435
0.0200894
0.197719
0.0385441
0.942903
0.686455
0.581099
0.310784
0.352191
0.226568
0.169146
0.21953
0.0730286
0.0207371
0.158556
0.0346036
0.980049
0.628463
0.486755
0.298053
0.288823
0.206413
0.120225
0.185429
0.061777
0.0607273
0.0880923
0.0337199
0.94749
0.75919
0.71239
0.298357
0.327764
0.201497
0.12188
0.178097
0.0709619
-0.0286994
0.164532
0.00185894
0.868331
0.792699
0.809445
0.333097
0.262865
0.242397
0.0955768
0.102197
0.046381
-0.0411255
0.21572
-0.0396939
0.980253
0.629255
0.509047
0.266051
0.188257
0.1761
0.120283
0.121799
0.0759364
-0.0201957
0.130905
0.00403683
0.88945
0.617885
0.623067
0.287857
0.0933154
0.178702
0.0619443
0.0938581
0.051228
-0.0137134
0.113888
-0.00949392
1.02629
0.51418
0.889704
0.255052
0.102089
0.144798
0.102588
0.113557
0.0824623
-0.0501808
0.101399
0.0362823
