1.43641
0.588918
0.498916
0.294945
0.510683
0.253206
0.241083
0.228673
0.0801469
0.0706392
0.120893
0.0873696
1.33159
0.301574
0.744326
0.33598
0.416563
0.247631
0.221592
0.325058
0.0226286
-0.060005
0.242284
0.107701
0.483311
0.0413631
1.05577
0.241426
0.402139
-0.0135062
0.372138
0.25336
-0.0106083
0.119084
0.232316
0.0466392
0.0296747
-0.42916
1.01388
0.571021
0.216298
-0.00409808
0.482092
0.248082
0.112079
0.00943001
0.169762
0.141304
-0.373096
-0.229095
0.930795
0.499034
0.356209
-0.109239
0.515481
0.313641
0.00406373
-0.0448485
0.2958
0.0827833
-0.482306
-0.346137
1.01101
0.412982
0.311119
-0.0923654
0.516335
0.270387
-0.00936933
-0.0242411
0.270457
0.0401331
-0.503948
-0.198424
1.30408
0.475818
0.247694
-0.152081
0.437014
0.24061
0.00490691
-0.0535768
0.29641
0.0422881
-0.722699
-0.281444
1.16928
0.452261
0.28433
-0.0414591
0.421588
0.205918
0.0658228
-0.0323185
0.268833
0.0708682
-0.986219
-0.233543
1.30201
0.508287
0.383093
-0.0548981
0.406631
0.282035
0.0302063
0.0532879
0.26144
0.0550322
-0.876312
-0.154019
1.15058
0.359544
0.365068
0.0240167
0.360054
0.236949
0.0714441
-0.012384
0.266467
0.0589901
-0.935103
-0.144979
1.20094
0.477746
0.388986
-0.070718
0.25817
0.244166
0.0819761
-0.0382184
0.218027
0.0407018
-0.974253
-0.267737
1.08321
0.461914
0.488982
-0.012127
0.289985
0.262613
0.101266
0.0329497
0.252512
-0.000224916
-1.37797
-0.419113
1.24474
0.628539
0.505699
-0.0396028
0.255934
0.323182
0.205249
0.0548699
0.168242
0.0627391
-0.83779
-0.425004
1.13199
0.477408
0.456111
-0.0573115
0.235787
0.218015
0.117409
0.0923402
0.115356
-0.00848109
-1.07263
-0.366177
1.2934
0.531666
0.472222
-0.113549
0.218018
0.304473
0.0800494
0.10469
0.0662258
0.0242964
-1.10995
-0.522467
1.29606
0.496102
0.48227
-0.0625622
0.22872
0.251261
0.158425
0.103691
0.0412738
0.0654134
-1.11632
-0.427082
1.28284
0.489239
0.471081
-0.0964513
0.230052
0.270054
0.118855
0.0544836
0.081148
0.0560769
-0.86378
-0.43567
1.08074
0.301877
0.446097
-0.0708839
0.178492
0.209666
0.0893908
-0.0143091
0.107705
0.0488513
-1.03993
-0.305617
1.30504
0.453861
0.363626
-0.0535991
0.171019
0.241907
0.111166
-0.0725664
0.127932
0.0570261
-1.14305
-0.362731
1.24405
0.427909
0.469261
-0.00983289
0.187976
0.275986
0.139326
-0.0249338
0.132273
0.0530825
-1.05857
-0.310493
1.21219
0.459236
0.39779
-0.0144419
0.202877
0.2722
0.068155
-0.0288081
0.182343
0.00618357
-0.994265
-0.347542
1.17908
0.378397
0.445491
-0.0284292
0.222816
0.267675
0.0190467
0.0166333
0.162962
-0.0132452
-1.04894
-0.336465
1.19188
0.427077
0.477859
-0.00703142
0.233835
0.292807
0.046959
0.0301453
0.190775
-0.0193169
-0.790159
-0.340326
1.2945
0.287162
0.480313
-0.0830812
0.242461
0.321866
-0.0323134
0.0435101
0.127223
0.0130313
-0.957444
-0.318724
1.28972
0.2504
0.546212
0.0377246
0.133504
0.32013
0.0171925
0.0829303
0.0894298
0.00898738
-0.713416
-0.285631
1.30281
0.131388
0.519427
0.0904994
0.155836
0.30113
0.0279073
0.0830586
0.0933415
0.0260521
-0.400224
-0.170953
1.16496
0.0742373
0.362548
0.0950201
0.110652
0.241358
-0.0087988
0.0587515
0.0779299
-0.0149519
-0.305821
-0.427088
1.13812
-0.0191578
0.485206
0.233689
0.25148
0.309641
-0.00436297
0.0569295
0.0804679
0.0490656
0.263886
-0.237836
0.929332
0.00519323
0.300249
0.179535
0.196647
0.27856
0.0739649
0.0114424
0.0805524
-0.036018
0.417973
-0.404194
0.600326
0.0884517
0.366685
0.286963
0.340699
0.254764
0.109925
0.00177306
0.0113793
-0.0639334
0.789909
-0.261011
0.441536
0.0871401
0.424951
0.169837
0.282441
0.420269
0.109765
-0.0290696
-0.0204997
-0.0456605
1.13605
-0.304815
0.232621
0.0542364
0.517769
0.174906
0.345071
0.344812
0.13483
-0.0604029
-0.0843161
0.0455033
1.16538
-0.120215
0.0819331
0.143376
0.460323
0.243544
0.268867
0.322944
0.172313
-0.0994895
-0.0560835
0.0166191
1.38567
-0.126258
-0.156634
0.0538829
0.591395
0.291086
0.264606
0.345852
0.264765
-0.210666
-0.0332774
0.0594476
1.49751
-0.234456
-0.214386
-0.0371595
0.674016
0.331087
0.307544
0.350785
0.292823
-0.244632
-0.0592814
0.113281
1.64008
-0.217059
-0.164494
-0.0896807
0.617639
0.327848
0.301239
0.363258
0.30298
-0.234813
-0.100439
0.111104
1.27905
-0.131203
-0.162522
0.154959
0.501091
0.363507
0.262809
0.354516
0.233447
-0.217977
-0.0101635
0.0608314
1.45473
-0.158354
-0.193246
0.120185
0.541395
0.370421
0.261003
0.334957
0.26164
-0.228487
-0.0563421
0.0838714
1.47747
-0.229655
-0.150626
0.0518983
0.628164
0.370402
0.278818
0.321079
0.263247
-0.232839
-0.065558
0.115045
1.61748
-0.214834
-0.123567
-0.0119787
0.709384
0.283215
0.273735
0.371691
0.225346
-0.159989
-0.110574
0.114325
1.23808
-0.01374
-0.132839
0.22163
0.52138
0.327551
0.250844
0.326049
0.16534
-0.126975
-0.0785611
0.038225
1.44495
-0.0638974
-0.0606903
0.159655
0.54791
0.270618
0.281882
0.358725
0.237539
-0.157371
-0.11336
0.0616862
1.30688
-0.00686009
-0.141258
0.238373
0.468363
0.282736
0.265473
0.361153
0.258553
-0.150326
-0.113241
0.0127014
1.81318
-0.158162
-0.137391
0.0778902
0.470353
0.238143
0.348445
0.311784
0.32064
-0.140527
-0.151227
0.0744649
1.44212
-0.0119353
-0.175163
0.19569
0.475946
0.276266
0.249436
0.390269
0.304222
-0.127768
-0.131024
-0.0268667
1.61812
-0.0160417
-0.263922
0.129716
0.525198
0.260439
0.26023
0.420582
0.318695
-0.128578
-0.136818
-0.0123042
1.38503
0.0995024
-0.120155
0.189918
0.409778
0.279683
0.239683
0.388538
0.262243
-0.119303
-0.113078
-0.0310095
1.66967
0.139691
-0.152085
0.157317
0.390644
0.25654
0.234606
0.362036
0.322439
-0.128203
-0.113488
-0.0172492
1.81713
0.142108
-0.208545
0.0664823
0.412116
0.289792
0.237309
0.38732
0.355592
-0.151729
-0.110729
-0.0026411
1.65812
0.357083
-0.016216
0.0509941
0.332069
0.344649
0.326797
0.282322
0.211914
-0.108301
-0.0252979
0.00933045
1.47613
0.442187
0.0461043
0.021039
0.244128
0.336425
0.383285
0.322944
0.100438
-0.113751
0.0279089
0.0267728
1.35061
0.461432
0.146017
0.0840074
0.251126
0.266415
0.371533
0.284014
0.0581651
-0.0681277
0.0784879
0.04071
1.4054
0.443811
0.11394
0.1132
0.278153
0.299754
0.280475
0.242162
0.108927
-0.0273504
0.0120924
0.00580804
1.39103
0.438744
0.0778561
0.139551
0.273569
0.295873
0.229671
0.211142
0.096109
-0.0537103
0.0151671
0.00931181
1.71953
0.528901
0.0452753
0.158109
0.314522
0.178092
0.17498
0.238005
0.186433
-0.0625577
-0.00598287
-0.00630367
1.61115
0.534556
0.134933
0.14792
0.286464
0.177427
0.140082
0.236447
0.130487
-0.0782539
0.0032901
-0.00978066
1.3955
0.545339
0.221697
0.18174
0.227612
0.164881
0.127818
0.151839
0.102608
-0.0128564
0.0304733
-0.0103417
1.34662
0.594583
0.273726
0.213508
0.245474
0.16605
0.105261
0.0950497
0.109596
0.0337875
0.0609782
3.96142e-005
2.13106
0.596602
0.284998
0.07324
0.530604
0.0527141
-0.0100309
0.116986
0.162096
-0.131323
0.00474826
0.0991661
1.62394
0.600246
0.268931
0.271108
0.353084
0.113788
0.0675932
0.145247
0.0824734
-0.0528727
0.0761396
0.0459263
1.47042
0.602132
0.319523
0.298186
0.277412
0.101616
0.0773023
0.104261
0.0751893
0.000513842
0.0702659
0.0257287
1.47312
0.587632
0.315329
0.335182
0.324387
0.103368
0.085265
0.106513
0.0426866
-0.0409441
0.0732836
0.0388619
1.80557
0.576528
0.226335
0.365093
0.415859
0.0413828
0.0868156
0.103895
0.00396645
-0.137036
0.00740587
0.0740199
1.78095
0.67125
0.320577
0.401445
0.360917
0.0662382
0.0906848
0.0750408
-0.0195371
-0.117412
0.0305463
0.0452368
1.43652
0.638509
0.391614
0.30577
0.295841
0.174456
0.117152
0.0512617
-0.0739431
-0.024719
0.0408245
-0.0048589
1.49215
0.701441
0.44289
0.333807
0.275527
0.147938
0.152295
0.0725642
-0.0235135
-0.00846527
0.0130666
-0.00870722
1.36963
0.680566
0.404449
0.353852
0.324568
0.221665
0.138045
0.0381349
-0.0158629
-0.0353597
0.0397699
-0.00400645
1.37556
0.645951
0.380513
0.329413
0.308545
0.23023
0.165546
0.126134
0.0389875
-0.0312442
0.00810074
0.00108197
1.45187
0.652899
0.398913
0.350868
0.376203
0.260547
0.207331
0.130197
0.0215831
-0.0341946
0.00681819
0.0102077
1.50952
0.714468
0.4105
0.310314
0.349485
0.348203
0.26695
0.114432
-0.00171414
-0.0742026
0.0139494
0.0168919
1.3163
0.631406
0.419828
0.386949
0.330652
0.219184
0.152802
0.117297
0.0310926
-0.0368816
-0.0167025
-0.0098015
1.26972
0.608856
0.389604
0.322008
0.276308
0.202578
0.14294
0.0989546
0.0306117
-0.0247877
-0.0476774
-0.0211928
1.48976
0.692663
0.479631
0.4359
0.33952
0.198095
0.206585
0.121634
-0.0258504
-0.0462074
0.0103682
-0.00373662
1.50092
0.656513
0.432865
0.385744
0.314706
0.177673
0.234681
0.160609
-0.00482847
-0.0571687
0.000705314
0.00569904
1.43393
0.633657
0.398534
0.373272
0.331818
0.196921
0.196878
0.1389
0.0498351
-0.0385111
-0.043212
-0.0116577
1.24541
0.610873
0.376243
0.27915
0.209428
0.147329
0.150725
0.128592
0.0527396
0.0169877
0.0225465
0.00636945
1.88787
0.628451
0.306036
0.300982
0.31985
0.165882
0.253888
0.159737
0.0969804
-0.0296553
0.0684157
0.0888699
1.46733
0.616382
0.323765
0.322994
0.236571
0.184731
0.237499
0.19802
0.0491573
-0.0106845
0.0972091
0.0576495
1.98508
0.660073
0.210472
0.338935
0.268625
0.112014
0.34774
0.203854
-0.0225336
-0.00337191
0.0678687
0.0954153
1.6177
0.675279
0.293157
0.248459
0.200131
0.146926
0.241395
0.193694
0.0806942
0.0173629
0.083704
0.0456141
1.27834
0.626567
0.345567
0.24135
0.196079
0.174952
0.167191
0.114075
0.0520996
0.00303214
0.0346337
-0.00223078
2.0052
0.634072
0.24835
0.305253
0.21169
0.0602556
0.239864
0.191923
-0.00614113
-0.0285684
0.0539787
0.0738692
1.60742
0.679352
0.325149
0.205135
0.150917
0.150114
0.23421
0.1728
0.0459795
0.0231955
0.0984306
0.0492761
1.52999
0.62836
0.336111
0.234527
0.133399
0.123719
0.224969
0.190031
0.0216799
0.0240379
0.108208
0.03936
1.28701
0.588524
0.331778
0.244452
0.141979
0.0928361
0.14102
0.145896
0.0814403
0.0528143
0.0780742
0.0118987
1.72024
0.638692
0.345135
0.299289
0.128796
0.0709478
0.246134
0.151532
-0.0056451
0.0784553
0.157361
0.0906252
1.60808
0.632908
0.370031
0.297915
0.138562
0.0333419
0.167259
0.13114
-0.0612125
0.0162402
0.157708
0.0861068
1.48007
0.635883
0.383823
0.280318
0.132254
0.0102051
0.061365
0.0591891
0.00350771
0.0804629
0.239155
0.117138
2.45241
0.549293
0.339647
0.39473
0.104943
-0.156598
0.199005
0.0834723
-0.114687
0.0637519
0.243288
0.178145
1.90243
0.651584
0.356581
0.286129
0.0619124
-0.115465
0.0912539
0.069112
-0.0893064
0.0481073
0.182971
0.148242
2.08349
0.630266
0.31346
0.386259
0.0263934
-0.187292
0.130286
0.0603138
-0.089013
0.113975
0.22322
0.156069
1.68603
0.67103
0.391208
0.322758
0.0429516
-0.0973097
0.0364445
0.0760471
-0.00955632
0.0518198
0.165894
0.119253
2.41103
0.63819
0.33627
0.470882
-0.0157097
-0.285684
0.182154
0.0585457
-0.0483229
0.0784701
0.233339
0.118016
1.83324
0.649986
0.427073
0.324049
-0.00881131
-0.137751
0.126843
0.118634
-0.043135
0.0912285
0.182564
0.115695
2.01909
0.686009
0.38431
0.346576
0.017622
-0.128955
0.15091
0.106353
-0.0813333
0.0686625
0.157162
0.107268
1.63585
0.731429
0.404432
0.288783
0.0376872
-0.0727941
0.0819344
0.0806335
-0.0295417
-0.00400591
0.137961
0.0834084
1.70936
0.678716
0.364011
0.269588
0.0697172
-0.0541634
0.0591702
0.0717762
-0.0447386
0.0435865
0.137289
0.097513
1.70658
0.736178
0.425149
0.282524
0.0824371
0.00775209
0.078487
0.0382272
-0.0459048
0.0131017
0.102491
0.0674746
2.42388
0.636904
0.371752
0.374964
0.0528825
-0.113832
0.178624
0.0954188
-0.142145
-0.0279427
0.134146
0.117434
1.95447
0.697731
0.323398
0.3117
0.127936
-0.061592
0.116117
0.0894271
-0.0862082
-0.0424887
0.0827643
0.108651
1.54889
0.742169
0.421313
0.277702
0.131654
0.036195
0.0747963
0.0380867
-0.0675494
-0.0378222
0.115146
0.0641145
1.88079
0.808517
0.439002
0.294467
0.0724418
-0.0313201
0.125253
0.0946875
-0.0632083
-0.0304615
0.0909533
0.0786895
2.343
0.742785
0.459801
0.378641
0.0213501
-0.092055
0.160399
0.044649
-0.0982613
-0.0146526
0.0933332
0.0608231
2.28102
0.736578
0.486469
0.301869
0.0639902
-0.132616
0.105336
0.0500096
-0.167975
0.0236281
0.113989
0.0831038
1.96259
0.780238
0.501474
0.325108
0.0180139
-0.0660178
0.0511525
0.00387557
-0.134014
-0.0317428
0.0911528
0.0712764
2.403
0.631057
0.545179
0.272866
0.0273589
-0.14877
0.0735982
0.0262964
-0.238467
-0.0328447
0.110774
0.0602555
2.37499
0.584885
0.472539
0.225424
0.0261812
-0.213828
0.0451708
0.0190984
-0.267335
0.0124695
0.154703
0.100163
2.17634
0.660944
0.486542
0.238521
0.022671
-0.14198
0.00231481
0.0329451
-0.236006
-0.0456807
0.097399
0.0832367
1.84476
0.746858
0.387649
0.261305
0.0631753
-0.127232
-0.0534548
-0.0279358
-0.158463
-0.0350625
0.0843902
0.0966653
2.43003
0.639861
0.498314
0.223617
0.0593468
-0.189026
-0.0599667
0.077792
-0.234188
-0.0508012
0.104522
0.0833596
2.426
0.536556
0.591611
0.15421
0.0470371
-0.150952
-0.0234102
0.0434302
-0.180446
-0.0963209
0.0512459
0.0485221
2.09829
0.712551
0.467974
0.308917
0.0350989
-0.177173
-0.0133637
0.0149373
-0.146731
-0.126269
0.0075544
0.047065
