1.68255
0.706871
0.236751
-0.0750356
-0.138269
-0.0787914
-0.0343678
-0.0332762
0.0279239
-0.0423957
-0.105428
-0.131268
1.61678
0.614498
0.264486
-0.0379981
-0.133288
0.0212739
0.00703717
-0.0582716
-0.0173232
-0.0774092
-0.140034
-0.128268
1.79975
0.643164
0.197647
-0.240672
-0.127247
0.096498
-0.0468229
-0.108093
-0.0383544
-0.115087
-0.118623
-0.0988156
1.47505
0.575346
0.167802
-0.113958
-0.133179
-0.0248303
-0.01772
-0.0513188
-0.0900185
-0.0913724
-0.0896021
-0.132932
1.58707
0.631976
0.184623
-0.0749142
-0.0977665
0.00128817
-0.0405176
-0.085817
-0.039612
-0.0569981
-0.121499
-0.136784
1.77339
0.395597
0.318716
-0.000522503
-0.235936
-0.0712799
0.00606477
-0.0316382
-0.0205496
-0.168451
-0.103907
-0.112467
1.83207
0.100278
0.643471
0.199941
-0.2155
-0.196547
0.0309286
0.116482
-0.0540362
-0.139733
-0.0914592
-0.111923
1.16672
0.0632244
0.870543
0.18184
-0.222695
0.0404993
0.00690723
0.198459
-0.186472
-0.0859378
-0.00629817
-0.185716
0.773761
-0.288646
1.0676
0.231763
-0.249612
-0.0162381
0.16381
0.0689781
-0.0976989
-0.102909
0.0551233
-0.0443144
0.306462
-0.367738
1.39984
0.214818
-0.411862
0.0996866
0.193382
0.0639298
-0.0294372
0.0282817
0.0511719
-0.0491409
0.0039981
-0.420064
1.34802
0.174498
-0.402123
0.145327
0.268264
0.130331
0.0663559
0.0198787
0.0715611
-0.0508392
-0.313685
-0.490588
1.17828
0.212524
-0.287129
0.0160943
0.294895
0.0381531
0.0568905
-0.0569203
0.0352228
0.0115601
-0.512043
-0.292899
1.34318
0.201639
-0.0954797
0.0602971
0.0907888
0.100364
-0.0339476
-0.0891683
0.0528578
-0.0669928
-0.382183
-0.185073
1.29775
0.18977
-0.0280914
-0.0178184
0.0530999
0.132536
-0.0108246
-0.130112
0.10392
-0.0515127
-0.480603
-0.0640296
1.1877
0.264202
0.117251
0.00470771
0.019837
0.0740261
0.20881
-0.203813
0.0384628
0.0795882
-0.691355
0.106989
1.36367
0.424037
0.175585
0.0221107
0.0409654
0.0489225
0.206228
-0.271751
0.0219177
0.0789891
-0.751742
0.082622
1.38093
0.534653
0.095013
0.0408495
0.080339
0.0360412
0.206075
-0.31317
0.0481204
0.081746
-0.817456
-0.00607229
1.36381
0.52775
0.120484
0.00533585
0.107517
0.0570648
0.141954
-0.231129
0.0407987
0.0777184
-0.696536
-0.134862
1.26565
0.433282
0.0959184
0.00858234
0.135416
0.0949538
0.131395
-0.195946
0.116141
0.102915
-0.873278
-0.194651
1.34854
0.456991
0.126131
0.0124226
0.128849
0.138873
0.108092
-0.17873
0.111122
0.10604
-0.673572
-0.3363
1.13486
0.260049
0.165957
0.0715013
0.19819
0.146729
0.154135
-0.146449
0.145645
0.114538
-1.00298
-0.257325
1.39821
0.458232
0.140041
0.0860032
0.204759
0.147308
0.159086
-0.137636
0.127135
0.112114
-1.17153
-0.216868
1.41486
0.47507
0.259147
0.0914585
0.27486
0.177924
0.17155
-0.0492286
0.133871
0.116545
-0.840633
-0.354578
1.24116
0.335919
0.296765
0.0984689
0.310433
0.136341
0.161195
-0.0491184
0.133298
0.124412
-0.817802
-0.360008
1.19519
0.248782
0.215212
0.186853
0.322575
0.102837
0.168025
-0.0519305
0.105356
0.115392
-1.11132
-0.269834
1.25142
0.352931
0.198842
0.245999
0.320108
0.0319583
0.288472
-0.0825787
0.134103
0.120662
-1.15292
-0.236088
1.33947
0.416615
0.180933
0.195948
0.243569
0.0327959
0.349474
-0.144714
0.0824619
0.141699
-1.06936
-0.16995
1.24647
0.306095
0.12307
0.215557
0.306061
0.0148494
0.325643
-0.164415
0.146037
0.104455
-1.10036
-0.210538
1.13148
0.345469
0.240733
0.226467
0.288294
0.0467594
0.348084
-0.18371
0.17305
0.123663
-1.22351
-0.0644046
1.17422
0.322819
0.308469
0.119187
0.313851
0.092807
0.316205
-0.181235
0.19451
0.132959
-1.03303
-0.0371867
1.08887
0.169351
0.248838
0.136989
0.32166
0.0511508
0.311011
-0.199614
0.163469
0.121289
-1.31608
0.0557517
1.3394
0.339437
0.287993
0.130657
0.247726
0.0589669
0.388389
-0.222321
0.1538
0.173132
-1.22103
-0.0688359
1.11795
0.130204
0.329058
0.257398
0.237922
0.0208056
0.383764
-0.192855
0.137614
0.154131
-1.29216
-0.109243
1.32517
0.239918
0.256476
0.263264
0.238846
0.0499178
0.357416
-0.13826
0.141861
0.15652
-1.03658
-0.207539
1.15942
0.196635
0.205693
0.359271
0.231565
0.0163441
0.352762
-0.145885
0.121271
0.116384
-1.21819
-0.247882
1.22907
0.316376
0.252153
0.349936
0.205616
0.0409616
0.372419
-0.127679
0.137216
0.121633
-0.872165
-0.162023
1.11379
0.343203
0.221591
0.248959
0.200198
0.0903189
0.406573
-0.166531
0.0922884
0.108518
-0.50862
-0.00312336
1.02666
0.186176
0.109105
0.0940058
0.136014
0.107349
0.509172
-0.173232
0.0287983
0.063973
-0.309411
0.132628
0.906534
0.115149
0.109146
0.0645844
0.123307
0.26971
0.62183
-0.151946
0.0421888
0.0701828
0.255895
0.0126664
0.622728
0.0795726
0.222189
0.0486252
0.198723
0.269952
0.561807
-0.0480331
-0.00780445
0.0244064
0.382739
0.0695881
0.576781
0.0601612
0.186283
0.0690243
0.219445
0.242881
0.578396
0.00444068
0.0142588
-0.0342114
0.848544
-0.0594318
0.355403
0.141123
0.306148
0.051227
0.221821
0.254104
0.61893
-0.101405
-0.101415
0.0407352
1.05081
-0.0586621
0.182605
0.148358
0.371471
0.0836889
0.241598
0.241462
0.591032
-0.153048
-0.128716
0.033584
1.07812
-0.163972
0.0762017
0.19999
0.42731
0.159221
0.214872
0.246311
0.475719
-0.130963
-0.0695957
-0.00240393
1.2717
-0.247335
0.081058
0.167862
0.449461
0.159133
0.265521
0.242468
0.602532
-0.168444
-0.160627
0.0845811
1.2889
-0.216325
0.0427489
0.166821
0.456315
0.229972
0.238968
0.270311
0.528941
-0.176371
-0.141505
0.0616825
1.29494
-0.0999369
0.0730768
0.152674
0.437281
0.237774
0.207648
0.300132
0.444043
-0.170787
-0.141588
0.036488
1.19049
-0.161042
-0.0574412
0.245107
0.491453
0.248122
0.239123
0.375477
0.400248
-0.143464
-0.0957141
-0.00222875
1.38231
-0.106212
0.00201725
0.170736
0.472519
0.250678
0.292556
0.315855
0.447011
-0.149438
-0.147908
0.0386222
1.20566
0.0760554
0.126677
0.219402
0.418816
0.240731
0.317257
0.265608
0.334476
-0.109255
-0.175453
0.0342397
1.25533
0.115597
0.0946447
0.26496
0.4688
0.230352
0.268464
0.322981
0.29358
-0.0877043
-0.163835
0.0342262
1.24394
0.0304917
0.1106
0.25948
0.460377
0.282278
0.294635
0.255101
0.376952
-0.159914
-0.125523
0.0874982
1.1454
0.255438
0.207057
0.270815
0.410988
0.273912
0.258425
0.250167
0.273366
-0.114475
-0.113171
0.0581879
1.17032
0.221486
0.229511
0.262853
0.447716
0.277731
0.298243
0.185642
0.358036
-0.0926877
-0.13389
0.0715846
1.17429
0.215376
0.181212
0.241123
0.439147
0.245824
0.315731
0.218735
0.38349
-0.129612
-0.131483
0.0562842
1.12737
0.284389
0.225311
0.254515
0.386776
0.230014
0.211497
0.210044
0.370713
-0.12574
-0.0955521
0.0292139
1.09755
0.256221
0.236201
0.283785
0.356373
0.314765
0.21633
0.262557
0.427772
-0.177367
-0.138197
0.0609615
1.16405
0.204496
0.197146
0.225062
0.362384
0.303769
0.212968
0.272431
0.406672
-0.156016
-0.121411
0.0316258
1.16922
0.312482
0.217607
0.228896
0.320826
0.27867
0.205798
0.21036
0.380704
-0.101751
-0.105143
0.00210684
1.15317
0.298435
0.255025
0.181661
0.369613
0.270613
0.288578
0.297996
0.378514
-0.116024
-0.14665
0.0282682
1.18298
0.320276
0.154866
0.16037
0.38231
0.320354
0.25589
0.285624
0.34734
-0.0627885
-0.127669
-0.0189408
1.2414
0.378269
0.169884
0.164398
0.329024
0.253511
0.250034
0.288116
0.326403
-0.0751982
-0.0750631
-0.0230742
1.34643
0.42033
0.118807
0.117193
0.364522
0.304132
0.214915
0.309967
0.259978
-0.000695234
-0.070514
-0.0457167
1.39497
0.246979
0.0852808
0.0728606
0.470814
0.270136
0.307675
0.268392
0.425695
-0.0806392
-0.103873
-0.021141
1.19873
0.50921
0.27281
0.169472
0.162119
0.169961
0.205281
0.238947
0.250312
0.00442498
-0.00760408
-0.0247393
1.27356
0.604559
0.326765
0.115843
0.162183
0.152909
0.285214
0.130627
0.249159
0.0775713
-0.0359852
-0.0131384
1.17088
0.416391
0.195791
0.134789
0.229157
0.165391
0.263501
0.23845
0.282214
0.0824518
-0.0399965
-0.0471873
1.45991
0.401251
0.13259
-0.00676598
0.404262
0.0850377
0.276068
0.269158
0.3341
0.104272
-0.00234404
-0.0371169
1.47314
0.521577
0.117319
0.00672241
0.39768
0.0694371
0.249131
0.302053
0.311447
0.118187
-0.00177054
-0.0536026
1.30198
0.511198
0.22502
0.0940138
0.23251
0.181284
0.233532
0.264189
0.22116
0.152889
0.016972
-0.0367577
1.40055
0.6928
0.259279
-0.0104932
0.278806
0.139674
0.313877
0.25483
0.160984
0.112464
0.0177193
-0.00512336
1.63903
0.708036
0.364877
-0.17289
0.581012
0.0238593
0.22893
0.266836
0.266998
0.0901566
-0.0462237
-0.00884846
1.58343
0.698009
0.323413
0.0195945
0.472383
0.0334607
0.172167
0.212593
0.222039
0.0888414
-0.0296917
-0.0207559
1.44717
0.627098
0.305962
0.118246
0.340003
0.0897984
0.157877
0.138094
0.153448
0.104937
-0.017306
-0.0116056
1.60438
0.720863
0.264045
0.167109
0.378733
0.0484098
0.0845654
0.0418976
0.161941
0.0655315
0.0314851
0.00159942
2.24496
0.638122
0.265366
0.0634824
0.654777
-0.149769
0.0577647
-0.0153386
0.145668
-0.0330502
-0.159537
0.128107
1.73743
0.676543
0.327047
0.316576
0.452007
-0.0367817
-0.0607671
-0.0277349
0.0456265
-0.0949965
0.0552655
0.0505017
1.87571
0.679949
0.372001
0.368331
0.515679
-0.11696
-0.0341814
-0.0682513
0.0101926
-0.0923083
0.0224563
0.09166
1.66649
0.703327
0.376084
0.369266
0.388712
-0.0193087
-0.0273689
-0.0503736
-0.00679405
-0.0437927
0.0533788
0.0299624
2.40994
0.596337
0.30588
0.448495
0.723042
-0.234124
0.117849
-0.18765
-0.0894965
-0.0453456
-0.0997008
0.19142
1.88901
0.721014
0.386022
0.517138
0.549443
-0.0582898
-0.0283459
-0.122045
-0.0795154
-0.0885127
0.00452103
0.0161366
1.5141
0.704043
0.427176
0.415226
0.358304
0.0755633
0.0379026
-0.0341081
-0.0408459
-0.0385269
0.0549427
-0.0124974
1.69328
0.721815
0.484318
0.491992
0.459738
0.0136568
0.0459128
-0.0894147
-0.0934685
-0.0703557
0.0352438
-0.00766583
1.57767
0.741787
0.509388
0.503101
0.482797
0.0470539
0.0513544
-0.0502085
-0.0488936
-0.0243399
0.0427504
-0.0172637
1.51982
0.776167
0.564741
0.483663
0.489702
0.136869
0.0358615
-0.10861
-0.041969
0.0678454
0.0576812
-0.0332276
1.34321
0.734622
0.52949
0.353317
0.275925
0.185154
0.114996
0.0328559
-0.0830002
0.0562535
0.10401
0.00855073
1.4677
0.714012
0.508442
0.450475
0.436796
0.240341
0.14094
0.0195309
0.018715
0.0645702
0.0709445
0.0040748
1.2555
0.600851
0.402127
0.366237
0.33452
0.180676
0.135787
0.0730039
0.0295884
0.00444972
0.011624
-0.0089093
1.29937
0.635092
0.456806
0.408243
0.309017
0.124795
0.102
0.058789
-0.00597331
0.0226358
0.0451886
-0.00165674
1.42517
0.672211
0.458613
0.428777
0.329577
0.132779
0.201818
0.0734466
-0.0265077
-0.0282474
0.0441165
0.0060206
1.48166
0.641102
0.510595
0.418911
0.334413
0.0626506
0.149075
0.0950491
-0.0560334
0.00378338
0.0638327
0.0265265
1.20782
0.629519
0.434969
0.289609
0.235148
0.154411
0.114105
0.0598334
0.024691
0.0495399
0.018451
-0.0033627
1.25637
0.683599
0.443646
0.285481
0.248718
0.172732
0.134842
0.0592056
0.0371567
0.0413045
0.00626058
-0.00940711
1.34166
0.752525
0.510145
0.317061
0.279867
0.208922
0.152226
0.0467867
0.00858066
0.0326307
0.0070484
-0.0120229
1.37123
0.758367
0.529623
0.362815
0.285683
0.179957
0.158387
0.10279
0.0184147
0.0066372
-0.00533334
-0.0222023
1.30417
0.723741
0.498401
0.324956
0.23832
0.168456
0.165491
0.0793451
0.0178091
0.00230473
-0.00585835
-0.0257227
1.2265
0.663463
0.421396
0.276841
0.2172
0.159175
0.121043
0.0611898
0.021888
0.000693391
0.00591614
-0.0281483
1.43092
0.780793
0.502246
0.376089
0.249711
0.142228
0.0849721
-0.0289125
-0.0134873
-0.00511313
0.0285093
-0.0222977
1.30509
0.708719
0.453683
0.30887
0.241325
0.139318
0.0623335
0.0249833
-0.00624056
-0.0131863
0.0379054
-0.0153475
1.74017
0.862795
0.56395
0.339755
0.299526
0.143346
0.0846075
-0.110857
-0.0877799
0.0043125
0.0190509
-0.00108205
1.27168
0.708334
0.477932
0.307106
0.221143
0.10193
0.0351834
0.00476647
-0.00877385
-0.000103262
0.0169004
-0.023802
1.55211
0.766707
0.462863
0.347301
0.276271
0.200914
0.0858736
-0.086367
-0.0568436
0.0218354
0.0463947
-0.0131294
1.43816
0.684837
0.411716
0.285336
0.248317
0.199968
0.0735704
-0.0193779
-0.0148306
0.014724
0.027728
-0.0275898
1.55085
0.726555
0.35772
0.310858
0.342121
0.234629
0.0848396
-0.0594376
-0.063715
-0.0453248
0.0888278
0.00379293
1.32567
0.617697
0.374936
0.306771
0.290991
0.22486
0.109398
0.0239142
-0.0142719
0.0100474
0.0481159
-0.0107186
1.81553
0.660334
0.353567
0.391517
0.438578
0.307886
0.130519
-0.0426561
-0.028157
-0.016519
0.0916315
0.0451951
1.61572
0.708617
0.34462
0.318929
0.473918
0.405073
0.127721
0.00421471
0.00591587
0.00683568
0.0886641
0.0378446
1.47681
0.707622
0.446525
0.377523
0.414476
0.298793
0.148869
0.016831
-0.0277901
0.0306195
0.104041
0.0293506
1.47193
0.720199
0.380796
0.323944
0.348055
0.271631
0.174335
0.0673589
0.0515803
0.025399
0.0293162
0.00830913
1.45665
0.775858
0.514846
0.39437
0.344045
0.232095
0.0890077
0.0137523
-0.000841332
0.056218
0.0533188
0.00477667
2.1422
0.754198
0.605856
0.215192
0.57989
0.216058
0.0605549
-0.0920829
-0.0229409
0.0186593
0.0496514
0.0582646
1.53802
0.770314
0.523419
0.35945
0.330319
0.200884
0.0161876
-0.0445807
0.0232056
0.0491734
0.0823652
0.0227443
1.56413
0.77972
0.468707
0.37534
0.346724
0.182723
0.0801442
0.000259399
-0.00534892
0.0340833
0.0981788
0.0371373
1.1495
0.590783
0.411901
0.257169
0.216225
0.159772
0.083612
0.0763129
0.057149
0.0546322
0.0766695
0.0327709
1.32378
0.731256
0.489555
0.383673
0.385105
0.172296
0.0951151
0.0541218
0.0563838
0.107143
0.0719116
0.0401304
1.40009
0.800578
0.577406
0.356176
0.505886
0.155635
0.0137506
0.122074
0.000852406
0.1378
0.148783
0.0456864
1.59974
0.971335
0.585037
0.249949
0.775834
0.12064
-0.0255294
0.117917
-0.00240037
0.0376206
0.16074
-0.0217826
1.16808
0.608556
0.432209
0.292451
0.254912
0.194491
0.133887
0.130127
0.105887
0.0903945
0.107767
0.0392663
1.21495
0.730278
0.562545
0.348233
0.349832
0.193293
0.13781
0.152797
0.0510721
0.0939625
0.0632785
0.0321891
1.41684
0.994983
0.595999
0.343755
0.587836
0.0988445
0.0657916
0.121611
-0.0195951
0.103972
0.0401059
0.00581694
1.4801
0.899302
0.677779
0.242487
0.558665
0.129408
0.0469292
0.100866
-0.104082
0.11503
0.0587156
-0.00470436
1.37398
0.85999
0.603855
0.25169
0.414674
0.160806
0.122174
0.115681
-0.0733811
0.0982947
0.084882
0.0314403
1.26186
0.706876
0.578752
0.295551
0.355122
0.14151
0.0753711
0.133887
0.00403608
0.0850905
0.0582387
0.0273064
1.2483
0.767496
0.534733
0.291208
0.383624
0.154823
0.0863173
0.129807
0.0421748
0.0907119
0.0604125
0.0366612
1.26275
0.723787
0.527364
0.307675
0.344502
0.201706
0.129661
0.142805
0.088507
0.0705727
0.0419006
0.0348138
1.16614
0.683703
0.525659
0.328936
0.36507
0.189016
0.121528
0.164229
0.0568751
0.0682501
0.0225366
0.0155674
1.63711
0.848581
0.833508
-0.00395097
0.701156
0.106377
-0.00806919
0.25887
0.0927348
0.051727
0.0412983
-0.0594608
1.16292
0.6787
0.535044
0.255806
0.377278
0.18969
0.0949501
0.150345
-0.00309913
0.0535931
0.0168897
-0.0317495
1.16942
0.665568
0.528406
0.242158
0.342012
0.187677
0.0971806
0.118695
0.0281695
0.0751891
0.00162134
-0.0234113
1.13192
0.62055
0.393033
0.22913
0.219508
0.15495
0.113045
0.107118
0.0376433
0.0647464
0.0544986
-0.0270022
1.30022
0.722535
0.586905
0.140475
0.4062
0.15353
0.0972149
0.121402
-0.0670141
0.10843
0.0698981
-0.0174107
1.27701
0.743666
0.607822
0.201755
0.30426
0.174182
0.13189
0.158304
-0.0108487
0.0117939
0.0709241
-0.0188217
1.37894
0.79749
0.698482
0.117868
0.473546
0.0617369
0.135307
0.171932
-0.0675232
0.018544
0.0964016
-0.00481901
1.26783
0.798486
0.573796
0.18175
0.312088
0.122569
0.0852096
0.141892
0.0395329
0.0717335
0.0859877
0.0197485
