127
121
130
152
171
179
185
193
195
198
207
210
209
213
219
227
240
254
255
257
249
234
228
223
207
193
182
162
136
120
103
72
43
6
-31
-54
-79
-114
-144
-178
-220
-247
-280
-315
-342
-369
-401
-428
-440
-438
-444
-430
-421
-430
-428
-434
-439
-437
-418
-413
-405
-384
-377
-369
-356
-345
-333
-317
-304
-297
-283
-266
-247
-219
-189
-159
-140
-131
-130
-133
-127
-122
-102
-80
-67
-48
-21
10
30
59
90
114
143
163
183
217
240
276
305
332
366
391
417
435
456
474
497
516
545
555
554
552
547
556
538
528
527
512
502
492
483
458
427
403
361
312
274
228
178
133
82
16
-27
-68
-129
-174
-214
-259
-298
-339
-381
-423
-457
-496
-541
-561
-591
-621
-628
-641
-641
-618
-611
-599
-570
-538
-505
-468
-424
-393
-367
-333
-292
-251
-210
-169
-138
-95
-63
-48
-30
-16
-2
0
-2
5
15
13
4
-1
-10
-25
-31
-36
-34
-31
-34
-32
-24
-16
-3
15
31
57
77
101
148
177
216
268
319
347
384
436
475
513
544
575
603
639
668
692
724
745
746
752
753
753
765
757
744
717
691
647
599
546
492
435
357
295
215
130
43
-49
-137
-222
-321
-414
-485
-564
-620
-686
-746
-790
-841
-899
-939
-957
-990
-993
-980
-979
-962
-938
-908
-878
-828
-770
-714
-641
-580
-530
-469
-407
-358
-298
-241
-185
-132
-70
-19
29
76
111
157
193
233
262
296
321
326
326
321
308
304
315
312
309
299
292
282
264
256
249
251
261
273
289
305
316
328
354
378
405
435
459
485
513
529
539
563
589
608
628
638
642
636
625
618
612
604
602
591
582
565
530
482
436
391
343
300
246
196
158
114
60
2
-61
-130
-196
-278
-359
-443
-529
-595
-659
-717
-764
-804
-845
-891
-927
-949
-970
-997
-1019
-1036
-1046
-1049
-1050
-1032
-1002
-972
-928
-892
-841
-773
-710
-641
-576
-510
-450
-383
-312
-242
-174
-113
-45
29
103
179
256
311
360
402
423
441
443
432
412
387
360
338
320
308
293
273
256
225
199
173
147
138
133
125
124
112
97
93
100
117
146
178
207
244
295
346
384
421
465
513
543
576
606
623
650
667
684
695
709
717
705
693
692
677
651
632
586
545
499
436
370
317
251
183
132
65
10
-60
-150
-240
-319
-386
-461
-540
-617
-706
-790
-859
-922
-964
-996
-1026
-1068
-1099
-1109
-1117
-1108
-1096
-1096
-1076
-1044
-1012
-954
-890
-827
-762
-693
-620
-546
-464
-393
-321
-235
-151
-64
27
106
176
231
287
349
392
423
458
491
512
533
549
548
545
543
512
487
460
429
420
401
385
366
353
329
308
296
274
264
259
257
248
245
245
245
247
248
254
267
276
289
305
306
309
304
309
316
325
341
355
366
386
402
417
421
407
411
413
405
400
388
383
377
379
394
402
410
400
393
390
392
393
369
342
310
274
219
157
84
10
-58
-136
-225
-301
-377
-454
-535
-617
-674
-736
-793
-858
-913
-971
-1023
-1054
-1081
-1102
-1118
-1127
-1141
-1120
-1083
-1041
-995
-945
-897
-854
-790
-715
-645
-566
-482
-407
-329
-249
-168
-92
-20
57
132
199
255
298
341
392
427
442
452
464
469
474
486
477
456
440
421
399
369
344
335
334
338
338
340
328
304
284
269
253
243
243
250
271
287
311
338
368
408
430
453
476
485
499
521
538
550
567
587
607
623
649
679
690
717
741
746
751
749
741
726
720
719
713
702
695
687
668
639
582
507
409
313
201
69
-63
-206
-336
-466
-595
-707
-827
-953
-1075
-1200
-1330
-1461
-1567
-1663
-1756
-1843
-1918
-1981
-2025
-2039
-2042
-2022
-1988
-1934
-1866
-1773
-1663
-1545
-1425
-1309
-1185
-1057
-924
-792
-662
-532
-397
-268
-144
-20
96
209
309
387
457
518
550
573
584
571
548
502
442
380
317
262
208
165
128
89
65
38
17
-1
-26
-44
-56
-74
-77
-74
-78
-59
-20
30
93
159
238
316
384
447
519
588
646
715
765
825
884
937
999
1043
1088
1137
1179
1210
1241
1264
1278
1286
1273
1248
1233
1204
1171
1148
1123
1099
1072
1051
1021
987
943
888
846
790
731
692
648
593
546
481
411
330
238
143
30
-68
-156
-248
-343
-446
-544
-638
-733
-832
-925
-1021
-1117
-1210
-1307
-1388
-1457
-1522
-1581
-1637
-1688
-1713
-1727
-1733
-1716
-1702
-1677
-1633
-1585
-1516
-1440
-1352
-1239
-1107
-973
-821
-663
-498
-342
-208
-74
54
174
292
405
531
662
791
920
1033
1137
1220
1277
1314
1312
1301
1260
1197
1139
1056
976
888
797
715
625
534
440
351
259
161
55
-46
-152
-255
-335
-411
-481
-534
-574
-608
-622
-614
-601
-579
-535
-491
-440
-365
-295
-221
-142
-80
-18
39
95
156
201
236
276
316
346
368
383
389
391
389
386
388
388
391
391
395
393
382
375
365
360
360
359
352
354
357
361
366
367
381
390
398
403
415
413
386
346
291
208
112
7
-109
-222
-340
-454
-558
-661
-771
-861
-936
-1007
-1064
-1126
-1193
-1267
-1332
-1390
-1426
-1440
-1416
-1385
-1348
-1267
-1169
-1048
-894
-715
-521
-325
-129
77
277
456
629
773
890
1000
1095
1187
1277
1354
1427
1494
1578
1658
1716
1755
1746
1716
1654
1552
1411
1237
1042
828
608
397
201
12
-166
-313
-458
-606
-732
-856
-970
-1093
-1208
-1310
-1414
-1514
-1606
-1679
-1742
-1773
-1772
-1734
-1671
-1599
-1506
-1397
-1293
-1195
-1103
-1011
-932
-874
-802
-738
-671
-594
-520
-418
-328
-231
-132
-69
-11
41
65
83
93
94
107
120
140
172
197
232
270
315
354
384
419
468
509
544
600
655
725
804
893
990
1078
1163
1228
1277
1290
1281
1260
1215
1142
1039
921
794
657
529
402
266
154
50
-43
-125
-206
-281
-375
-481
-568
-647
-735
-797
-834
-868
-863
-840
-787
-685
-551
-374
-183
26
244
469
696
888
1057
1199
1305
1387
1459
1505
1553
1593
1623
1676
1719
1752
1785
1793
1756
1686
1592
1449
1249
1026
763
487
212
-64
-329
-602
-857
-1084
-1295
-1470
-1629
-1770
-1894
-2009
-2102
-2191
-2270
-2359
-2423
-2464
-2498
-2488
-2451
-2372
-2270
-2127
-1935
-1730
-1526
-1324
-1124
-958
-810
-676
-553
-473
-415
-341
-282
-219
-144
-65
6
73
156
248
340
414
469
520
559
583
609
640
655
663
675
687
717
772
838
910
1003
1121
1255
1374
1469
1568
1659
1750
1837
1919
1974
1958
1917
1875
1809
1691
1534
1339
1100
842
575
331
91
-136
-345
-521
-702
-877
-1002
-1112
-1231
-1356
-1444
-1525
-1592
-1630
-1659
-1662
-1658
-1603
-1504
-1374
-1187
-957
-686
-398
-111
215
545
831
1109
1356
1536
1679
1796
1898
1950
1961
1977
1971
1944
1907
1860
1810
1729
1628
1517
1361
1164
960
718
418
82
-287
-648
-1015
-1377
-1726
-2064
-2370
-2629
-2790
-2927
-3031
-3089
-3103
-3084
-3060
-2972
-2874
-2762
-2668
-2579
-2465
-2359
-2188
-1983
-1744
-1502
-1237
-923
-616
-305
-14
287
511
682
837
941
1039
1093
1169
1210
1223
1249
1298
1366
1381
1411
1409
1411
1412
1419
1422
1353
1284
1225
1217
1173
1142
1140
1126
1117
1113
1216
1308
1422
1552
1676
1797
1891
2052
2191
2222
2105
1967
1803
1589
1334
1011
637
131
-321
-696
-1045
-1394
-1706
-1937
-2234
-2476
-2635
-2701
-2755
-2843
-2892
-3022
-3105
-3104
-2996
-2899
-2846
-2724
-2557
-2261
-1931
-1483
-1009
-572
-123
321
871
1350
1834
2262
2580
2797
2937
3175
3291
3361
3364
3285
3164
3019
2972
2855
2698
2447
2172
1855
1465
1126
714
271
-279
-852
-1431
-2000
-2456
-2864
-3212
-3624
-3933
-4126
-4182
-4099
-4011
-3863
-3738
-3529
-3255
-2918
-2552
-2247
-1913
-1621
-1311
-995
-604
-175
192
527
784
1073
1348
1654
1913
2043
2102
2082
2091
2053
2020
1950
1844
1742
1621
1563
1502
1514
1508
1489
1434
1326
1271
1230
1228
1140
1021
857
752
717
695
797
876
1001
1151
1418
1745
2046
2429
2751
2946
2765
2482
2245
1951
1503
827
93
-865
-1693
-2301
-2740
-3200
-3771
-4041
-4314
-4482
-4538
-4361
-4137
-4135
-4043
-4062
-3956
-3833
-3485
-3082
-3005
-2827
-2542
-1874
-1234
-530
268
855
1497
2099
2935
3556
4030
4484
4639
4699
4558
4636
4638
4515
4336
3957
3609
3174
3022
2827
2498
2129
1628
1205
701
372
-3
-514
-1003
-1538
-1987
-2451
-2704
-2932
-3320
-3597
-3800
-3829
-3839
-3779
-3643
-3654
-3525
-3305
-2978
-2699
-2433
-2056
-1840
-1563
-1282
-911
-566
-270
88
257
468
661
988
1287
1421
1605
1667
1792
1800
1882
1962
1878
1850
1746
1712
1498
1389
1369
1247
1170
975
919
762
755
842
815
743
582
687
700
806
974
1205
1499
1616
1959
2224
2589
2969
3431
3666
3162
2519
1877
1587
967
47
-1029
-2454
-3568
-4375
-4534
-4899
-5313
-5380
-5387
-5188
-5075
-4320
-3701
-3333
-3097
-3090
-2869
-2812
-2154
-1694
-1614
-1682
-1602
-816
-214
660
1301
1790
2193
2576
3441
3817
4219
4356
4361
4138
3645
3715
3596
3566
3268
2900
2564
2157
2386
2405
2325
1924
1554
1380
993
984
686
289
-283
-774
-1019
-1530
-1650
-1856
-2069
-2442
-2734
-2669
-2867
-2770
-2830
-2979
-3226
-3391
-3190
-3298
-3236
-3220
-3138
-2973
-2679
-2063
-1753
-1231
-642
-89
372
711
1237
1434
1596
1672
1620
1540
1406
1496
1445
1343
1245
1203
1299
1282
1272
1168
963
784
643
561
326
117
156
251
335
379
583
845
1090
1531
1840
2215
2662
3083
3409
3489
3869
4187
4599
4705
3781
2388
1163
859
4
-1482
-3038
-4881
-6298
-7085
-6610
-6615
-6980
-6641
-6103
-5412
-4919
-3442
-2336
-1968
-1699
-1689
-1376
-1289
-441
53
-158
-402
-412
592
1329
2183
2641
2786
3005
3094
3851
4041
3984
3609
3078
2538
1718
1768
1732
1589
1273
1036
1125
1135
1995
2685
2871
2690
2539
2681
2385
2385
2057
1158
102
-684
-972
-1602
-1924
-2126
-2474
-2761
-2782
-2291
-2237
-2251
-2187
-2376
-2714
-2981
-2748
-2814
-3070
-3082
-3018
-2704
-2139
-1112
-362
107
817
1344
1693
1825
2008
1761
1048
477
-158
-693
-1178
-1404
-1605
-1890
-1776
-1447
-922
-518
-184
113
265
496
688
964
1077
1116
1285
1429
1632
1812
2209
2526
2707
2915
3219
3713
3885
4007
4060
4158
4272
4755
5165
3479
829
-666
-690
-1643
-3693
-5274
-7550
-9513
-9582
-7855
-7257
-7534
-6129
-4887
-4048
-2702
-269
1057
855
1205
825
313
297
1084
1091
-186
-660
-883
-167
878
1885
2291
1866
2046
2203
2873
3084
2581
1870
826
201
-359
64
624
702
1047
1585
2561
3525
5125
6381
6279
5897
5606
5365
4489
3602
2491
346
-1551
-2549
-2956
-3542
-3809
-3526
-3723
-3594
-2700
-1566
-1048
-1159
-1268
-1989
-2385
-2229
-2171
-2705
-3671
-3789
-3623
-2820
-1666
-737
-204
-268
221
527
622
390
-200
-1015
-2429
-3066
-3274
-3226
-3064
-2726
-2065
-1621
-388
1145
2416
3105
3405
3636
3492
3676
3701
3236
2364
1657
1469
1308
1442
1670
1891
1963
2262
3004
3521
4035
4514
4963
5163
5707
5859
3328
55
-1260
-1062
-2709
-5632
-7499
-9619
-10746
-9517
-6819
-5894
-5646
-3482
-1912
-723
963
2925
2870
1416
837
-444
-1445
-1617
-1319
-1952
-3070
-2745
-2041
-539
1095
2227
2458
2006
2142
2274
2579
2179
850
-622
-1713
-1746
-1245
-163
795
1479
2629
4132
5765
7037
8093
8091
6668
5143
3986
2766
1083
-459
-2224
-4330
-5243
-4612
-3606
-2956
-2022
-1118
-596
345
1586
2087
1646
677
-1010
-2910
-3861
-3959
-4387
-5161
-5667
-5596
-4600
-2794
-893
154
529
619
670
732
522
47
-844
-1917
-2669
-2616
-1930
-1064
-43
890
1466
2120
3183
3996
4066
3647
2965
1787
797
502
234
-385
-886
-796
-529
167
1399
2524
3053
3705
4810
5496
5893
6539
7419
7848
7488
4679
211
-2002
-1269
-1895
-5838
-8938
-10506
-11188
-9818
-6414
-4375
-4329
-2383
-86
810
1826
3704
3561
836
-955
-2362
-3730
-3860
-3064
-3469
-4658
-3703
-1676
258
2107
3375
3153
1848
1522
1490
930
-8
-1147
-2540
-3714
-2993
-1139
653
2188
3622
5024
6212
7577
8195
7748
6500
4410
1902
-302
-1670
-2845
-3633
-4109
-4568
-4193
-2266
220
1805
2796
3447
3581
3469
3344
2500
1021
-564
-2310
-4389
-5856
-5810
-5261
-4753
-4514
-4021
-3292
-2136
-554
276
223
-279
-329
-575
-1108
-1147
-973
-1084
-1301
-783
42
778
1720
2340
2125
1702
1731
1896
1460
858
333
-252
-510
-265
348
654
1074
1802
2293
2616
3266
4212
4838
5116
5420
5700
5980
6760
7746
8458
6297
1309
-2621
-2675
-1726
-4682
-8614
-11347
-12445
-11698
-8507
-4999
-4034
-2337
-229
1024
1709
3297
3871
1421
-1049
-3198
-4905
-5273
-4071
-3698
-4628
-3884
-1639
286
1839
3340
3652
2338
1150
487
-416
-945
-1047
-1376
-2120
-1591
487
2714
4603
5803
6296
6310
6465
5933
4232
2391
672
-1326
-3185
-3924
-3784
-3042
-1411
205
1121
2320
4301
5877
5973
5265
3989
2279
612
-821
-2166
-3581
-4667
-5918
-6465
-5663
-3994
-2837
-2612
-2388
-2440
-2094
-1524
-994
-1278
-1921
-1903
-1712
-1193
-528
585
1420
1860
2154
2266
2495
2603
2324
1295
-144
-1294
-1928
-2137
-2059
-2085
-1986
-1665
-701
699
2072
3254
3990
4612
4971
5302
5863
6358
6288
5955
5907
6653
7432
7882
5398
-112
-3865
-3778
-2598
-5494
-8591
-10219
-10352
-8591
-5492
-2155
-1501
320
1343
992
472
717
102
-3156
-5237
-7192
-8307
-7639
-5256
-4024
-3740
-1666
612
1741
2482
3498
2972
1461
359
-394
-1381
-1036
437
1405
1967
3335
5277
6256
7070
7250
6162
4003
2063
17
-2449
-3884
-4418
-4818
-4840
-3427
-1256
1197
4053
6292
6978
7143
7464
7192
5705
3812
1703
-371
-1802
-2724
-2965
-3170
-3188
-4290
-4681
-3886
-2911
-2549
-3325
-3444
-4125
-3278
-2173
-1277
-714
-379
558
356
966
1273
1480
1225
857
452
-318
-37
509
920
649
366
14
-423
-604
-675
-855
-1345
-1752
-1700
-1105
214
1821
3295
4338
5337
6443
7249
7831
7985
7856
7294
7208
7189
5148
-472
-5981
-6825
-4836
-5102
-7756
-8779
-8187
-6284
-3042
839
2326
2248
2181
778
-1455
-3204
-4217
-6763
-9061
-10324
-10918
-10113
-7220
-4277
-3346
-1952
-4
862
390
603
613
-386
-988
-932
-792
118
3050
5682
6591
6890
7530
7426
6456
5300
3430
852
-1376
-2900
-4224
-4633
-3600
-2187
-1063
460
2203
3725
4954
5906
5689
4552
3791
3539
3173
2586
2223
1937
1639
1165
351
-1221
-2255
-2630
-2980
-4042
-5191
-5205
-4809
-3519
-2391
-1113
86
1174
1950
1654
1417
907
331
-621
-1449
-1810
-1646
-697
341
876
1049
1801
2811
2982
2080
1060
119
-583
-1030
-1380
-1854
-1432
180
1608
2441
3210
4271
4880
5398
5315
4904
4542
5405
6576
6230
2748
-2967
-5500
-4250
-2074
-3912
-6307
-6890
-5733
-3647
-1638
1386
2248
2670
1571
203
-1742
-3423
-4133
-6218
-8318
-10130
-9800
-8784
-7024
-5662
-5167
-4389
-3311
-2991
-3761
-3674
-2712
-1539
-510
586
1347
3144
5948
8294
8636
7665
6511
5350
4325
2726
1158
-251
-1437
-2488
-2511
-1416
-222
749
1314
1469
1623
2202
2932
2913
2323
2040
2676
3485
3870
4167
4209
3960
3148
2198
-294
-2161
-2740
-3069
-3841
-4648
-3548
-2744
-767
377
700
1026
1131
1164
-159
-806
-1725
-2057
-1853
-1847
-1637
-817
395
1296
2160
2374
1648
1120
1054
575
149
51
76
222
1133
1976
2860
3721
4177
3993
3764
3658
2822
2433
1803
1792
2591
4016
4328
716
-3948
-6472
-4550
-2295
-3403
-4737
-5260
-3272
-803
1939
3998
4224
4541
2549
187
-2684
-4943
-6191
-6830
-7131
-8976
-9132
-7445
-4841
-3108
-2655
-3224
-4748
-5424
-5650
-5792
-5620
-4717
-2663
-332
1880
3714
5320
7038
7585
6945
4961
2804
1257
336
385
335
358
391
1139
2174
2538
2767
2477
1842
979
867
1342
1663
2173
2587
3416
4546
5896
5823
4338
2863
1407
11
-1408
-1942
-2452
-2420
-1563
-552
411
1184
1951
1716
1190
330
-959
-2222
-2860
-2670
-2338
-1736
-1116
-216
721
1435
1739
1504
561
-522
-909
-875
-663
-269
571
1388
2269
2860
3282
3464
3573
3386
2870
2528
2153
2671
3292
4303
4850
4964
5555
4978
447
-7324
-11845
-10822
-8730
-8181
-7194
-5512
-2724
616
4327
6688
6841
5633
2889
516
-3300
-7364
-8463
-5851
-3419
-3966
-4563
-3859
-2050
-944
-1566
-4292
-7755
-10046
-10355
-8850
-6944
-5110
-2634
852
4257
6339
6591
5854
4882
3644
1878
218
-442
-166
1300
2847
3664
3632
3073
1965
278
-588
-1421
-2145
-2453
-1301
1234
3834
5936
6638
6958
6587
5456
3153
248
-2627
-4625
-5013
-4314
-2854
-1470
539
2506
4137
4274
3351
2341
912
-504
-1820
-1894
-1353
-665
84
1014
2054
2649
2403
1425
361
-618
-1200
-1409
-1058
-283
952
2353
3260
3650
3552
2851
2116
1801
1518
1151
1172
2210
3806
5342
6451
6818
6935
7064
7013
6046
715
-7563
-13334
-12954
-9599
-8558
-7338
-6184
-3997
-1661
476
2519
1909
507
-1892
-2650
-3726
-6395
-7207
-4670
-677
698
122
-1349
-2432
-2403
-2320
-3899
-6817
-9227
-9427
-7192
-4422
-3031
-2229
-298
2019
3160
2282
636
-641
-568
289
1167
2033
2722
3897
5121
5749
4795
2592
199
-1731
-2686
-3097
-2831
-1659
680
3324
5103
5961
6106
5938
5429
3946
1826
-1033
-3433
-3794
-2939
-1003
-593
-393
-111
60
939
108
28
-313
-227
187
363
1848
2592
3432
3661
3405
2894
1672
617
-277
-640
-885
-554
659
1916
2621
2962
3525
3603
2971
2006
978
442
475
1134
2043
2726
3866
5079
5905
5803
5127
5045
5032
5171
5240
4055
-418
-6305
-9514
-7790
-5057
-4728
-5347
-5476
-3711
-3445
-2760
-1805
-2509
-3502
-4233
-3914
-5814
-7705
-6583
-3877
-1528
-1180
-2175
-2917
-2575
-1554
-1671
-3083
-4984
-6022
-4702
-2620
-1673
-2199
-2041
-584
1005
1527
672
-150
-347
240
1016
1719
2486
3601
5350
6194
5149
2627
356
-526
-873
-1071
-1671
-1619
-285
1953
4423
5552
5403
4367
3281
2453
1186
-500
-2231
-2817
-1817
-530
257
390
369
394
-89
-818
-1680
-2333
-2459
-2294
-1347
-203
609
1335
2085
3055
3303
2660
1576
524
54
271
1013
1883
2538
3057
3801
4255
3934
2692
1180
34
-792
-1252
-993
216
1689
3143
4512
5813
6241
6033
5979
5729
5183
4235
4155
3388
365
-4440
-7264
-5080
-3408
-3905
-4725
-3445
-1888
-2979
-2505
-2005
-2652
-3521
-4120
-4199
-6361
-7940
-7004
-4996
-3457
-4050
-5181
-5314
-4422
-3164
-3060
-3862
-4771
-4991
-4148
-2655
-1228
-714
-357
265
1257
1600
1175
1129
1341
1853
1763
1783
2433
3449
4780
5247
4682
3187
1867
1186
799
700
214
-74
386
1747
3115
3478
3160
2322
1967
2015
1781
412
-1515
-2482
-2181
-685
-62
-442
-868
-744
-336
-985
-1605
-1452
-993
-493
-590
-809
-661
-315
712
1230
877
97
-462
106
975
1621
1794
1890
2377
3421
4419
4897
4650
3790
2865
1661
785
-50
-550
-439
-15
780
1351
1799
1987
2558
3499
3728
3404
2920
3118
4476
4720
2426
-2361
-4593
-2132
-1043
-1869
-3547
-3158
-2803
-4229
-3022
-2246
-2719
-3817
-4110
-3203
-4844
-6266
-5511
-4449
-3995
-5516
-6539
-6275
-5374
-3660
-3167
-3353
-4170
-4927
-4378
-3264
-2214
-1959
-1722
-763
400
1247
1765
2290
2801
3051
3075
3429
4029
4591
4837
4909
5049
4757
4333
3793
3602
3533
3098
2630
1966
1683
1613
1407
1062
735
984
1107
879
568
173
-148
-510
-691
-977
-1330
-1441
-1493
-1614
-1544
-1149
-726
-353
-109
-57
-284
-526
-330
78
207
-170
-663
-536
-136
6
-191
-141
585
1449
2020
2266
2470
2717
2951
2867
2408
1493
585
412
880
1307
946
236
64
241
192
80
52
225
463
1015
1865
2786
3991
3859
1783
111
887
2040
1203
326
680
-77
-2799
-3752
-1748
-268
-952
-1745
-1914
-2769
-4008
-3833
-3159
-4043
-5816
-7202
-6979
-5978
-5151
-5047
-5590
-5935
-6148
-6113
-5816
-5179
-4484
-3921
-3502
-2826
-2049
-1374
-455
780
1617
1774
1759
1761
2094
2882
3719
3769
3755
4430
5164
5462
5632
5795
5437
4490
3735
3490
3396
3014
2289
1968
1887
1624
1090
1006
1532
1880
1564
686
-100
-854
-1296
-1435
-1346
-1093
-1168
-1122
-777
-119
296
-33
-385
-612
-827
-1046
-1177
-1128
-1148
-1104
-660
199
1246
1875
1981
1874
1819
1664
1050
321
-22
303
888
1262
1384
1424
1579
1565
1175
693
149
-43
64
376
951
1422
1924
2662
3438
2692
299
-1037
66
897
249
-18
407
-285
-2040
-1624
427
926
-497
-1939
-2551
-3625
-4742
-4541
-3933
-3960
-4629
-4726
-4032
-3329
-3152
-3707
-4382
-5317
-6362
-7101
-6855
-5893
-4947
-4122
-3443
-2728
-1711
-536
394
845
878
828
597
648
1239
2305
3345
4027
4504
4792
4889
4888
5031
4993
4634
4165
4121
4480
4645
4297
3665
3432
3642
3805
3615
2926
2104
1359
804
379
-195
-583
-750
-827
-891
-848
-582
-435
-522
-553
-785
-1263
-1403
-917
-435
-830
-1659
-1951
-1612
-1035
-499
-465
-544
-423
-38
221
109
93
170
560
1037
1325
1074
665
528
683
770
268
-191
-164
666
1787
2621
2910
2670
2500
2509
2234
1764
1596
670
-1385
-2625
-1244
537
294
107
1125
1351
-477
-1592
-376
86
-1346
-2929
-3538
-3964
-4648
-4092
-2790
-2486
-3248
-4155
-4115
-3616
-3600
-4203
-5005
-5274
-5279
-5391
-5242
-4381
-3342
-2563
-1867
-1159
-466
-25
555
1097
1147
1029
1004
1331
2095
2887
3192
2829
2765
3505
4005
3951
4094
4801
5530
5587
4964
4262
4005
4432
4560
3908
3159
2688
2483
2156
1721
1092
424
-22
-241
-362
-518
-742
-863
-728
-391
-356
-864
-1119
-893
-687
-1091
-1799
-2010
-1686
-1431
-1451
-1620
-1601
-1577
-1781
-1711
-1743
-2182
-2687
-2316
-1120
-388
-432
-636
-367
-1
4
-399
-848
-817
-317
484
1113
1668
2149
2236
2204
2062
1828
1349
900
1083
1400
1480
1680
2408
2665
1317
-106
382
1461
971
225
638
544
-1280
-2414
-1281
-235
-756
-1343
-1481
-2441
-3927
-4125
-3323
-3704
-5090
-5814
-5472
-4767
-4069
-3608
-3420
-3340
-3172
-3188
-3253
-2589
-1877
-1678
-1499
-747
132
581
829
1033
768
319
115
53
295
1099
2316
3191
3756
4457
5095
5180
5340
5714
5588
4722
3741
3505
3416
3027
2465
2119
2236
2233
1933
1537
1077
462
-228
-457
-317
-349
-658
-800
-569
-92
294
197
-39
13
-12
-525
-1136
-1299
-1039
-978
-1311
-1864
-2236
-2052
-1503
-1031
-866
-1227
-1680
-1593
-1260
-967
-1147
-1447
-1510
-1204
-609
-191
136
437
637
306
-361
-821
-669
-173
114
243
471
890
1396
1759
1966
2304
2136
1516
1100
1214
1632
2187
2970
2466
386
-529
996
2096
1551
1231
1463
277
-2079
-2159
-510
-370
-1566
-2093
-2125
-2933
-3649
-2727
-1858
-2612
-3544
-3618
-2896
-2103
-1584
-1362
-1439
-1646
-2110
-2903
-3162
-2756
-2812
-3207
-3160
-2362
-1274
-129
1165
1998
2104
2049
2230
2657
3331
3682
3336
2959
3071
3345
3110
3031
3528
3708
3416
2940
2596
2451
2224
2032
1850
1702
1697
1548
1641
1920
1701
788
51
112
405
495
436
497
499
448
195
-508
-1354
-1761
-1903
-2272
-2690
-2804
-2548
-2241
-1877
-1681
-1738
-1873
-1886
-1836
-1949
-2186
-2544
-2724
-2721
-2773
-2845
-2706
-2274
-1944
-1992
-1979
-1534
-775
-277
-212
14
470
1067
1495
1776
1855
1816
1997
2270
2540
2393
2016
1552
1501
1707
1875
2243
2699
3371
3794
3815
2739
874
356
1666
2309
1330
1073
2063
1821
-64
-72
1769
1790
105
-743
-804
-1736
-2994
-2719
-2228
-3134
-4105
-4180
-3596
-3140
-3013
-2776
-2538
-2420
-2630
-3164
-2914
-1848
-1192
-1150
-969
-384
173
303
382
307
-228
-636
-703
-234
482
1096
1539
1921
2494
3146
3571
3981
4381
4216
3545
2696
2259
2307
2291
2041
1909
2219
2642
2294
1652
1499
1424
802
-147
-536
-461
-428
-519
-441
-460
-818
-1305
-1640
-1834
-2156
-2546
-2910
-3048
-2856
-2568
-2504
-2429
-2344
-2444
-2786
-3147
-3233
-3314
-3430
-3399
-3061
-2584
-2184
-1787
-1275
-692
-239
56
286
541
877
1028
748
420
332
480
642
883
1107
976
605
531
887
1072
1130
1296
1917
2515
2720
3121
3866
4541
4573
4296
4096
3821
3777
3654
2379
631
530
2009
2619
2292
2522
2666
1001
-864
-249
1037
462
-993
-1505
-1540
-2074
-2333
-1552
-1288
-2067
-2867
-3161
-3017
-3055
-3212
-3091
-2753
-2631
-3035
-3393
-2629
-1510
-1275
-1638
-1721
-1388
-1048
-524
265
618
539
850
1360
1740
2013
2185
2172
1965
1764
1375
821
1094
2135
2670
2412
2129
2477
2946
2825
2370
1811
1224
671
204
82
67
-23
-202
-410
-684
-1192
-1651
-1821
-1889
-2172
-2600
-2788
-2692
-2335
-1922
-1790
-1952
-2252
-2476
-2797
-3069
-2976
-2594
-2366
-2276
-1909
-1294
-963
-985
-990
-1139
-1551
-2012
-2198
-2313
-2410
-2365
-2114
-1813
-1435
-625
245
748
934
1102
1424
1631
1599
1553
1549
1749
2010
2341
2543
2422
2474
2892
3262
3251
3108
3084
3176
3146
3396
3891
4064
4125
4243
4498
4690
4580
3681
1777
337
629
1310
865
433
671
385
-981
-1481
-339
-68
-1217
-2049
-2089
-2549
-3505
-3403
-2511
-2536
-3090
-3138
-2848
-2648
-2487
-2037
-1833
-2170
-2596
-2756
-2289
-1421
-854
-638
-443
-200
32
257
617
920
830
602
500
822
1506
2110
2418
2536
2532
2222
1621
1240
1281
1001
383
-51
114
547
782
1091
1319
1242
808
219
-116
-301
-653
-1182
-1550
-1524
-1427
-1290
-833
-275
-87
-320
-733
-1088
-1558
-2118
-2531
-2793
-2926
-3097
-3138
-2921
-2527
-2203
-2027
-1998
-1955
-1844
-1883
-1971
-2090
-2056
-1900
-1778
-1534
-1287
-1148
-1086
-1064
-988
-943
-739
-293
117
376
749
1276
1747
2111
2321
2456
2442
2524
2693
2535
2313
2387
2704
2840
2479
2177
2219
2307
2304
2263
2379
2648
2936
2956
2848
2737
2670
2584
2557
2539
1381
-162
42
1353
1492
617
545
752
-355
-1350
-389
543
-233
-1167
-1072
-899
-1568
-1847
-1338
-1525
-2169
-2413
-2412
-2251
-1784
-1111
-664
-488
-280
-387
-867
-868
-836
-1324
-1708
-1548
-995
-648
-436
-75
209
521
966
1122
1062
979
966
1155
1374
1622
1710
1687
1981
2150
1934
1722
1653
1552
1057
380
-171
-415
-241
32
-65
-327
-503
-685
-713
-781
-1004
-1484
-1915
-1986
-1959
-1873
-1715
-1646
-1711
-1865
-2107
-2439
-2777
-2886
-2776
-2766
-2793
-2667
-2573
-2448
-2339
-2128
-1838
-1716
-1754
-1886
-1803
-1574
-1546
-1517
-1216
-1008
-1086
-1206
-1105
-1060
-1210
-1039
-505
-82
89
375
945
1336
1230
1032
986
871
720
727
947
1188
1394
1713
1988
2270
2566
2847
3078
3312
3432
3268
3035
3007
3118
2958
2625
2352
2325
2384
2463
2145
1267
946
1746
2558
2482
2420
2710
2299
980
592
1266
1202
390
-63
-217
-869
-1374
-990
-803
-1446
-1773
-1479
-1208
-1027
-649
-186
17
8
-248
-812
-975
-504
-270
-477
-759
-866
-898
-734
-306
-165
-479
-767
-672
-405
-188
-128
-204
-165
30
80
-98
-74
297
504
254
-203
-416
-296
-103
32
44
-54
-223
-234
-83
-75
-459
-1096
-1417
-1270
-1007
-985
-841
-388
-122
-183
-229
-79
-67
-214
-408
-902
-1708
-2244
-2141
-1814
-1885
-2331
-2607
-2684
-2623
-2626
-3001
-3446
-3594
-3501
-3364
-3156
-2749
-2358
-2278
-2213
-2209
-2261
-2103
-1707
-1211
-920
-733
-486
-161
94
285
475
658
702
771
1047
1318
1542
1752
2113
2408
2601
2932
3361
3637
3778
3864
3900
4003
4014
3960
3821
3645
3394
3034
2796
2799
2973
3082
3181
3348
3341
2899
2489
2769
3142
2853
2348
2369
2355
1401
416
558
1048
734
96
-293
-680
-1104
-1160
-912
-1216
-1867
-2051
-1863
-1807
-1939
-2020
-1886
-1643
-1672
-2020
-2436
-2430
-2214
-2159
-2027
-1933
-1860
-1654
-1142
-673
-800
-1041
-846
-581
-527
-417
-132
130
303
626
983
1166
1418
1913
2373
2524
2406
2215
1985
1673
1232
735
364
152
-68
-377
-665
-1018
-1342
-1597
-1644
-1679
-1928
-2062
-2091
-2127
-2248
-2311
-2417
-2726
-3072
-3194
-3186
-3298
-3392
-3406
-3411
-3586
-3735
-3721
-3649
-3367
-2937
-2562
-2305
-2082
-1943
-1872
-1614
-1204
-1034
-1161
-1066
-626
-192
68
277
469
562
608
663
738
737
769
935
1249
1577
1771
2017
2420
2941
3329
3426
3380
3387
3435
3448
3417
3414
3486
3513
3398
3166
2919
2637
2316
2045
1877
1684
1444
1407
1604
1862
2094
2282
2386
2332
1977
1290
725
831
1147
953
593
543
523
182
94
600
912
558
126
-54
-190
-244
-65
190
41
-274
-379
-310
-34
283
323
107
-59
-67
-95
-273
-328
-252
-299
-531
-771
-856
-831
-772
-786
-1000
-1197
-1077
-773
-519
-396
-311
-371
-456
-412
-431
-608
-813
-954
-1205
-1596
-1826
-1726
-1625
-1760
-2023
-2164
-1994
-1776
-1692
-1661
-1660
-1622
-1521
-1311
-1113
-1177
-1237
-1068
-900
-878
-933
-815
-686
-810
-925
-918
-913
-871
-642
-398
-370
-409
-272
-122
-167
-212
-177
-163
-249
-275
-242
-309
-310
-143
72
45
-254
-463
-483
-523
-676
-924
-1173
-1324
-1360
-1232
-1050
-885
-682
-447
-207
-52
11
82
231
410
500
496
532
601
693
870
1027
1118
1272
1576
1863
1896
1839
1991
2318
2561
2639
2639
2616
2719
3013
3298
3322
3231
3326
3514
3561
3443
3320
3115
2899
2943
3006
2737
2294
2087
1995
1665
1362
1406
1458
1221
1000
843
575
179
-111
-345
-938
-1596
-2003
-2171
-2250
-2348
-2468
-2608
-2741
-2778
-2815
-2975
-3020
-3021
-3092
-3240
-3314
-3230
-3133
-3051
-2812
-2364
-1975
-1755
-1586
-1179
-777
-702
-716
-631
-481
-401
-265
-3
160
267
425
579
651
684
870
1094
1197
1225
1230
1291
1330
1326
1223
964
754
681
574
325
63
-95
-231
-510
-822
-1003
-1078
-1097
-1134
-1289
-1586
-1852
-1967
-2064
-2269
-2440
-2505
-2557
-2676
-2774
-2757
-2755
-2783
-2713
-2654
-2791
-2904
-2663
-2226
-2010
-1943
-1750
-1465
-1203
-893
-542
-418
-366
-120
171
345
477
715
1050
1453
1885
2155
2250
2411
2591
2486
2243
2187
2246
2336
2541
2893
3202
3470
3846
4136
4093
3854
3700
3620
3502
3264
2986
2777
2717
2762
2782
2819
2838
2709
2469
2239
1862
1312
973
1031
991
636
383
283
36
-283
-379
-548
-1046
-1451
-1517
-1616
-1855
-1911
-1739
-1597
-1541
-1488
-1572
-1634
-1508
-1468
-1691
-1868
-1762
-1580
-1448
-1200
-879
-684
-466
-144
91
187
368
633
725
668
674
799
993
1222
1308
1189
1112
1171
1115
790
485
370
289
208
223
200
-45
-305
-393
-418
-596
-856
-1091
-1374
-1663
-1855
-1925
-1931
-1856
-1769
-1816
-1881
-1796
-1646
-1575
-1611
-1709
-1870
-2033
-2019
-1840
-1683
-1594
-1500
-1402
-1371
-1381
-1326
-1246
-1263
-1309
-1293
-1332
-1319
-1139
-952
-861
-753
-546
-489
-642
-751
-656
-505
-436
-331
-174
7
176
375
621
763
813
810
786
744
718
786
969
1216
1441
1628
1802
1944
1959
1844
1731
1642
1503
1373
1395
1542
1582
1557
1677
1856
1914
1854
1769
1680
1582
1525
1494
1449
1443
1484
1548
1597
1604
1538
1433
1355
1224
1019
968
1196
1428
1428
1299
1238
1199
1114
972
715
417
126
-115
-241
-326
-456
-589
-669
-702
-715
-763
-772
-737
-768
-822
-871
-938
-1018
-1060
-1045
-949
-738
-488
-312
-191
-64
-55
-153
-219
-192
-182
-188
-152
-114
-36
112
269
271
84
-170
-358
-494
-618
-748
-941
-1060
-1008
-919
-928
-998
-1066
-1126
-1228
-1395
-1615
-1861
-1978
-1943
-1927
-1984
-1980
-1848
-1728
-1693
-1697
-1768
-1926
-2069
-2112
-2083
-2066
-1954
-1712
-1494
-1401
-1364
-1266
-1213
-1309
-1409
-1394
-1341
-1249
-1099
-893
-637
-366
-104
130
292
342
367
341
340
407
471
572
728
909
999
1042
1150
1235
1212
1149
1118
1092
1090
1164
1229
1205
1227
1335
1417
1422
1461
1556
1572
1493
1417
1419
1454
1552
1634
1568
1466
1455
1525
1602
1630
1629
1642
1602
1522
1473
1441
1439
1439
1431
1432
1429
1451
1431
1394
1382
1370
1303
1225
1163
1005
835
766
790
771
720
680
560
396
296
269
215
92
-24
-69
-88
-74
-17
52
82
59
23
-63
-170
-166
-88
-49
-100
-221
-313
-332
-314
-397
-617
-894
-1142
-1324
-1441
-1522
-1627
-1733
-1756
-1685
-1674
-1768
-1945
-2129
-2260
-2389
-2534
-2627
-2589
-2421
-2256
-2156
-2002
-1818
-1654
-1567
-1503
-1455
-1484
-1485
-1498
-1508
-1471
-1379
-1250
-1143
-1027
-871
-741
-661
-581
-566
-581
-529
-400
-288
-284
-300
-267
-205
-169
-123
9
198
321
354
417
557
709
833
919
943
835
662
610
697
795
783
745
755
708
562
424
390
380
290
204
181
104
-4
-81
-140
-157
-179
-210
-179
9
290
505
568
622
756
865
951
1032
1101
1119
1200
1386
1518
1591
1674
1743
1741
1695
1658
1645
1687
1748
1768
1759
1829
1998
2156
2253
2302
2297
2273
2283
2293
2175
1936
1778
1686
1600
1526
1478
1500
1480
1381
1187
932
756
663
581
495
388
270
214
218
232
136
1
-81
-263
-571
-818
-947
-1112
-1308
-1427
-1524
-1679
-1767
-1770
-1877
-2015
-2069
-2081
-2159
-2233
-2250
-2260
-2211
-2146
-2183
-2327
-2407
-2373
-2326
-2317
-2320
-2321
-2331
-2297
-2164
-2039
-1968
-1920
-1866
-1862
-1915
-1877
-1740
-1550
-1384
-1305
-1256
-1145
-982
-807
-631
-472
-377
-365
-301
-197
-174
-221
-193
-61
0
32
159
316
425
527
653
735
763
771
792
840
922
972
966
1019
1112
1117
1023
904
783
646
520
465
446
415
392
426
483
496
502
515
520
497
511
539
569
614
657
733
810
910
942
929
945
964
988
980
898
797
816
892
909
876
908
1038
1157
1221
1232
1237
1306
1390
1419
1393
1302
1197
1114
1082
1026
887
770
708
700
704
682
672
716
801
860
844
821
768
636
501
345
140
-85
-223
-281
-351
-425
-472
-514
-531
-474
-451
-524
-629
-705
-803
-950
-1036
-1024
-1019
-1043
-1075
-1063
-957
-836
-771
-791
-815
-805
-845
-929
-966
-990
-1034
-1018
-950
-927
-979
-957
-823
-744
-743
-751
-747
-697
-603
-510
-445
-407
-358
-308
-261
-245
-312
-387
-414
-381
-355
-399
-419
-340
-261
-286
-371
-417
-395
-391
-379
-379
-416
-421
-367
-304
-312
-359
-433
-469
-469
-477
-550
-690
-760
-782
-812
-809
-789
-786
-784
-786
-798
-792
-751
-644
-513
-414
-348
-300
-249
-172
-88
-110
-187
-197
-156
-110
-69
-7
110
310
531
715
845
973
1114
1259
1397
1482
1579
1693
1788
1820
1768
1689
1664
1703
1720
1711
1689
1673
1628
1574
1545
1527
1503
1435
1387
1331
1240
1157
1095
997
885
793
651
509
464
470
416
339
285
246
202
159
139
133
132
145
124
36
-24
-37
-43
-80
-106
-134
-204
-279
-310
-343
-426
-498
-576
-650
-725
-801
-853
-916
-953
-958
-966
-971
-960
-958
-971
-962
-936
-945
-972
-984
-979
-985
-961
-872
-767
-726
-737
-714
-658
-588
-486
-356
-265
-211
-133
-38
29
43
29
35
81
102
105
153
190
190
191
209
208
166
126
78
-24
-170
-303
-383
-423
-487
-545
-580
-586
-606
-612
-578
-572
-551
-541
-495
-430
-385
-330
-294
-240
-194
-156
-108
-48
-4
-9
8
41
51
77
155
226
201
146
117
71
5
-25
-8
-8
-2
21
30
45
85
173
250
284
301
293
307
370
463
553
626
705
745
787
890
1009
1098
1180
1256
1279
1267
1266
1295
1300
1252
1180
1112
1057
1035
1004
917
836
798
807
799
741
688
637
597
550
460
377
304
243
179
96
4
-101
-173
-203
-266
-356
-424
-476
-495
-506
-517
-533
-554
-564
-555
-527
-499
-447
-414
-391
-351
-287
-235
-256
-299
-314
-332
-383
-405
-387
-364
-380
-425
-456
-519
-587
-661
-735
-784
-872
-988
-1025
-982
-937
-907
-838
-744
-673
-603
-557
-541
-532
-524
-498
-476
-449
-393
-304
-215
-180
-188
-216
-210
-204
-229
-274
-320
-309
-292
-252
-233
-258
-269
-298
-356
-412
-465
-515
-511
-526
-551
-525
-460
-375
-305
-261
-242
-225
-208
-169
-102
-33
17
121
260
376
469
567
666
719
729
732
757
731
686
683
720
753
766
807
825
827
837
845
854
844
805
761
748
747
738
689
607
547
483
399
342
274
181
174
243
305
308
264
239
213
204
194
156
116
69
10
-10
47
118
207
319
387
400
377
358
368
336
281
222
136
51
5
19
68
125
161
207
279
342
351
341
368
381
359
324
325
338
335
340
344
322
280
257
256
252
198
132
60
7
-13
-46
-84
-112
-114
-145
-223
-304
-389
-457
-495
-547
-643
-735
-771
-771
-770
-804
-889
-996
-1088
-1145
-1214
-1297
-1359
-1378
-1345
-1280
-1217
-1180
-1128
-1049
-983
-973
-1014
-1030
-995
-908
-824
-776
-746
-692
-597
-502
-471
-488
-479
-429
-365
-323
-261
-157
2
175
282
340
354
372
395
380
342
277
262
331
420
468
481
529
585
597
586
589
554
461
370
327
333
332
369
443
480
473
489
523
524
495
441
377
332
296
271
289
314
272
184
154
139
113
110
142
211
266
321
427
557
636
672
722
775
794
774
746
741
739
733
758
776
797
856
897
922
914
896
921
955
940
851
772
737
681
607
536
465
403
336
274
199
118
49
-9
-67
-107
-158
-237
-328
-427
-504
-583
-677
-790
-879
-912
-930
-928
-925
-929
-924
-917
-919
-940
-1000
-1075
-1152
-1229
-1304
-1342
-1325
-1289
-1253
-1213
-1140
-1063
-993
-941
-909
-884
-854
-809
-780
-780
-786
-752
-690
-619
-565
-539
-505
-454
-372
-306
-258
-216
-142
-23
68
136
196
274
367
446
495
514
544
593
670
734
775
809
877
963
979
941
863
802
764
719
679
628
568
533
543
563
549
496
447
435
447
437
406
385
355
315
294
295
254
175
128
92
50
13
15
52
117
209
267
301
370
439
458
423
377
329
285
284
303
303
279
301
373
443
473
501
535
543
553
565
592
624
675
707
705
714
737
756
731
707
678
632
619
632
625
587
528
477
450
406
324
226
135
46
-64
-181
-270
-355
-401
-411
-434
-455
-506
-543
-576
-648
-731
-840
-939
-1006
-1040
-1074
-1125
-1161
-1173
-1155
-1153
-1175
-1183
-1161
-1132
-1125
-1128
-1148
-1144
-1126
-1093
-1050
-1035
-1049
-1053
-1022
-988
-987
-1002
-1002
-1006
-972
-895
-818
-770
-740
-691
-638
-582
-561
-563
-523
-439
-362
-295
-225
-149
-67
-19
25
56
61
86
119
145
172
200
233
302
371
417
464
514
546
540
521
511
495
495
477
464
459
462
465
445
458
459
432
412
417
417
411
454
518
545
543
558
579
584
599
645
671
668
706
750
778
810
832
847
884
910
909
890
885
907
899
876
864
868
855
846
858
845
793
716
664
615
557
494
435
382
325
273
240
186
102
40
-15
-96
-204
-290
-341
-370
-394
-433
-474
-488
-477
-464
-459
-470
-479
-484
-492
-516
-554
-596
-653
-700
-740
-760
-756
-727
-693
-658
-598
-586
-569
-536
-530
-540
-558
-575
-613
-632
-633
-633
-631
-635
-618
-583
-555
-549
-546
-555
-539
-490
-441
-390
-333
-281
-256
-234
-225
-226
-221
-214
-221
-248
-270
-268
-244
-224
-185
-139
-112
-101
-105
-119
-144
-160
-180
-202
-224
-230
-224
-207
-172
-152
-141
-120
-93
-89
-95
-71
-37
20
88
151
195
242
328
404
459
481
517
568
635
738
805
861
932
1015
1102
1169
1220
1245
1273
1302
1323
1345
1358
1381
1377
1371
1388
1395
1369
1343
1348
1330
1302
1245
1214
1178
1127
1088
1024
961
888
823
761
686
590
500
402
300
206
98
-26
-153
-253
-366
-464
-547
-635
-712
-760
-777
-832
-919
-990
-1029
-1055
-1072
-1084
-1102
-1130
-1139
-1130
-1145
-1156
-1139
-1094
-1041
-1002
-982
-970
-937
-871
-809
-790
-766
-727
-674
-606
-529
-483
-469
-454
-431
-408
-408
-405
-417
-422
-411
-410
-428
-437
-417
-403
-404
-410
-420
-440
-471
-509
-550
-589
-623
-653
-671
-684
-697
-699
-690
-691
-727
-750
-737
-717
-713
-736
-751
-736
-726
-732
-726
-691
-641
-601
-538
-470
-405
-322
-234
-168
-117
-40
43
128
236
343
413
455
522
598
663
726
794
862
917
986
1047
1087
1113
1130
1160
1171
1162
1115
1072
1077
1063
1038
1014
1000
999
993
986
976
959
931
899
869
834
793
781
776
763
747
723
718
724
717
695
662
627
588
539
511
500
471
417
358
315
273
223
185
146
81
17
-33
-73
-107
-138
-151
-138
-145
-150
-149
-161
-161
-174
-180
-178
-184
-194
-204
-187
-148
-114
-99
-82
-47
-32
-35
-27
-50
-89
-119
-138
-170
-225
-266
-288
-292
-304
-346
-420
-503
-568
-629
-696
-772
-869
-939
-985
-1034
-1084
-1139
-1183
-1222
-1222
-1212
-1222
-1245
-1248
-1223
-1201
-1188
-1187
-1167
-1128
-1066
-1003
-933
-832
-729
-638
-546
-448
-358
-266
-176
-83
-16
24
77
138
203
266
326
382
437
488
520
564
617
675
725
755
783
799
822
847
870
887
884
869
844
800
769
764
771
791
804
820
849
872
893
910
915
909
878
823
779
751
718
677
638
592
559
540
511
476
445
431
409
395
385
374
355
335
323
291
253
232
214
196
191
191
190
201
226
254
260
250
242
216
171
140
97
52
35
13
-12
-61
-115
-142
-172
-201
-241
-306
-365
-405
-435
-490
-551
-594
-620
-631
-639
-647
-643
-625
-605
-615
-639
-651
-651
-654
-667
-691
-708
-708
-690
-661
-641
-637
-620
-587
-583
-592
-607
-639
-665
-689
-716
-744
-772
-789
-799
-813
-828
-825
-815
-812
-797
-776
-737
-687
-644
-620
-592
-554
-536
-513
-486
-461
-428
-385
-324
-264
-210
-158
-87
-19
38
89
119
150
177
211
232
234
231
219
221
237
263
264
257
289
330
357
365
396
424
438
459
472
485
508
526
535
537
531
541
559
584
616
635
647
650
672
707
737
745
733
731
745
774
794
794
766
739
730
732
718
681
675
682
670
659
644
614
600
620
635
639
632
622
609
609
613
582
534
497
472
440
401
368
349
333
313
299
270
239
204
178
152
90
23
-50
-118
-170
-220
-283
-343
-382
-434
-482
-524
-562
-606
-646
-672
-695
-714
-735
-763
-795
-815
-828
-830
-832
-829
-819
-808
-788
-762
-734
-734
-731
-716
-729
-735
-744
-750
-733
-728
-709
-679
-668
-659
-644
-653
-673
-687
-708
-714
-697
-677
-654
-608
-579
-553
-526
-512
-495
-478
-461
-441
-401
-362
-334
-295
-228
-172
-118
-69
-28
30
104
182
256
319
371
434
494
542
578
610
651
685
704
712
722
749
788
828
871
882
879
878
858
830
790
740
699
667
657
661
639
621
613
593
571
546
510
469
445
452
454
437
436
426
410
401
397
376
351
346
348
348
339
343
338
339
321
291
269
235
204
160
106
52
-8
-45
-79
-117
-139
-153
-162
-177
-184
-181
-164
-140
-137
-138
-133
-134
-140
-152
-161
-162
-177
-185
-201
-206
-211
-238
-254
-256
-270
-320
-382
-451
-515
-570
-623
-689
-747
-804
-858
-899
-947
-1011
-1054
-1098
-1148
-1176
-1207
-1212
-1205
-1191
-1185
-1178
-1156
-1120
-1090
-1071
-1045
-1023
-993
-955
-905
-878
-839
-799
-756
-708
-666
-614
-577
-525
-481
-424
-364
-315
-257
-221
-178
-137
-92
-39
19
113
207
271
341
412
478
521
552
588
612
635
664
701
729
744
740
728
725
715
703
696
692
690
698
717
732
745
741
739
738
739
755
786
817
844
870
878
874
877
904
939
974
1006
1034
1054
1059
1050
1021
970
908
845
788
741
700
664
627
591
550
511
473
440
431
406
358
319
284
245
222
211
209
214
226
245
265
269
263
255
233
199
149
98
51
10
-27
-89
-174
-256
-325
-388
-452
-532
-612
-680
-752
-806
-861
-930
-987
-1021
-1049
-1064
-1063
-1065
-1059
-1035
-1020
-1004
-978
-948
-909
-868
-829
-805
-788
-761
-712
-636
-573
-516
-456
-381
-312
-252
-211
-194
-169
-147
-141
-149
-148
-128
-91
-62
-43
-26
-6
16
26
36
31
25
29
46
76
84
86
94
102
107
116
114
112
116
124
137
144
165
178
197
216
245
263
285
317
328
338
323
307
297
283
270
269
277
284
298
308
330
346
341
328
327
328
327
331
327
330
331
336
353
366
362
382
406
393
397
417
426
433
427
419
416
413
421
423
409
396
387
375
353
323
277
219
162
108
60
38
17
-15
-43
-55
-66
-75
-88
-115
-147
-195
-243
-296
-340
-365
-388
-418
-445
-467
-483
-491
-496
-502
-519
-543
-555
-556
-572
-577
-593
-604
-595
-601
-595
-605
-611
-603
-608
-618
-628
-639
-643
-637
-622
-605
-584
-558
-544
-525
-506
-505
-515
-524
-521
-524
-524
-532
-543
-551
-545
-512
-484
-459
-439
-417
-391
-374
-360
-350
-338
-328
-314
-293
-253
-214
-186
-152
-123
-98
-79
-41
2
37
74
105
139
173
216
250
279
313
333
370
402
427
455
469
467
474
483
491
519
549
587
615
634
659
678
702
728
742
753
749
740
756
767
767
775
786
790
792
790
798
804
800
799
792
779
754
735
708
668
631
598
568
549
525
488
445
403
373
348
312
280
260
240
219
199
181
156
141
115
79
60
32
15
2
-28
-50
-62
-73
-72
-62
-56
-47
-46
-58
-72
-103
-130
-168
-207
-241
-273
-294
-309
-317
-329
-328
-344
-358
-381
-398
-392
-400
-411
-437
-458
-484
-496
-500
-508
-521
-532
-535
-529
-502
-474
-449
-421
-392
-369
-337
-318
-304
-318
-335
-331
-329
-316
-302
-283
-273
-258
-249
-234
-215
-204
-193
-185
-173
-164
-151
-134
-120
-120
-121
-117
-115
-124
-130
-123
-130
-129
-120
-105
-88
-49
-5
16
44
59
85
116
113
113
118
124
156
178
185
205
227
251
265
270
263
261
248
230
216
212
211
205
206
196
190
206
240
247
257
263
251
254
256
284
300
302
305
295
286
283
282
280
276
277
274
263
261
250
236
207
167
123
78
48
23
-6
-31
-51
-76
-114
-136
-156
-189
-219
-235
-242
-257
-273
-296
-303
-302
-303
-302
-315
-322
-323
-333
-346
-356
-373
-388
-398
-411
-419
-425
-436
-446
-468
-492
-510
-546
-577
-590
-589
-577
-570
-552
-528
-512
-476
-447
-432
-401
-366
-338
-301
-253
-194
-133
-88
-44
-4
29
66
92
114
152
193
217
236
242
238
231
221
219
208
198
188
166
146
131
129
122
103
92
93
91
94
103
116
131
141
161
182
199
215
237
256
290
308
312
333
339
353
375
390
401
407
406
408
404
398
384
361
345
329
312
288
270
251
249
243
227
230
215
202
196
200
205
203
221
237
252
269
286
304
319
329
339
340
334
342
348
351
375
404
415
411
392
374
358
350
338
299
256
213
178
150
114
82
75
63
39
8
-32
-54
-60
-64
-88
-102
-106
-121
-130
-133
-122
-106
-96
-87
-85
-68
-60
-69
-57
-60
-80
-100
-123
-134
-143
-142
-151
-168
-179
-183
-188
-202
-226
-247
-258
-292
-316
-334
-357
-365
-380
-398
-409
-413
-407
-392
-371
-347
-321
-300
-294
-294
-296
-288
-276
-267
-255
-244
-216
-196
-186
-173
-167
-150
-147
-149
-157
-162
-158
-174
-192
-230
-260
-264
-273
-277
-293
-311
-317
-314
-313
-317
-316
-317
-316
-318
