44
73
78
68
51
34
30
30
25
19
9
6
7
14
18
37
47
53
57
40
43
38
30
28
24
5
-7
-21
-29
-30
-33
-32
-43
-46
-70
-80
-94
-125
-125
-147
-162
-161
-175
-184
-192
-202
-207
-194
-178
-165
-129
-111
-93
-76
-63
-76
-70
-66
-63
-39
-24
7
22
44
48
58
68
71
72
72
94
77
69
58
47
61
72
81
81
85
89
82
71
61
64
59
64
67
59
65
56
73
71
73
71
49
60
57
78
104
125
134
135
135
126
136
153
185
204
213
223
235
250
238
237
256
264
281
284
284
296
296
303
310
307
304
296
279
261
245
219
163
116
96
79
36
-9
-44
-98
-127
-157
-193
-250
-329
-370
-426
-501
-570
-627
-682
-716
-739
-782
-801
-820
-823
-812
-795
-768
-730
-685
-652
-609
-576
-528
-471
-416
-350
-294
-228
-142
-58
19
96
180
257
321
378
431
466
487
525
541
545
534
534
544
525
520
504
481
444
444
408
354
339
286
245
188
151
102
67
36
-29
-80
-125
-140
-164
-188
-210
-210
-226
-245
-246
-245
-241
-244
-226
-199
-156
-131
-102
-65
-38
-29
-9
13
32
53
80
126
148
176
187
206
220
235
253
270
304
311
335
361
376
358
355
349
322
323
329
328
317
325
319
313
319
312
319
319
318
317
295
278
261
200
147
107
61
12
-40
-66
-103
-130
-163
-221
-280
-350
-418
-476
-537
-610
-666
-725
-786
-828
-912
-975
-1006
-1043
-1060
-1051
-1028
-1024
-997
-961
-950
-942
-900
-850
-821
-766
-707
-639
-557
-480
-408
-342
-259
-175
-88
2
72
148
207
272
333
372
412
440
451
455
464
439
436
417
370
333
276
229
185
153
119
88
43
-25
-86
-134
-162
-182
-196
-188
-186
-199
-200
-205
-196
-201
-200
-178
-155
-119
-73
-16
34
83
123
173
223
279
316
347
396
405
408
423
430
441
456
466
482
509
536
567
598
616
625
639
642
647
654
650
654
657
645
634
640
644
663
699
732
749
761
783
791
788
769
741
699
641
578
529
460
365
308
243
153
73
7
-80
-168
-224
-288
-376
-457
-533
-608
-675
-752
-821
-879
-911
-938
-967
-958
-935
-919
-901
-856
-810
-777
-715
-651
-608
-561
-512
-466
-428
-382
-341
-303
-273
-240
-198
-142
-81
-27
46
102
135
150
152
163
172
165
156
149
127
94
55
14
-28
-41
-59
-87
-112
-132
-142
-190
-247
-310
-368
-430
-482
-520
-549
-580
-623
-650
-697
-731
-746
-742
-740
-738
-725
-719
-709
-693
-670
-650
-603
-582
-552
-513
-474
-414
-373
-302
-244
-185
-127
-79
-15
52
111
167
233
291
352
418
478
526
574
628
670
733
789
827
879
910
947
957
971
995
987
1017
1034
1055
1079
1091
1099
1095
1100
1103
1084
1032
965
920
884
810
741
678
612
539
483
445
385
327
274
204
107
11
-74
-160
-236
-339
-428
-483
-533
-593
-631
-632
-651
-664
-654
-646
-657
-668
-674
-690
-720
-759
-762
-744
-724
-704
-682
-652
-615
-590
-579
-556
-549
-553
-551
-537
-550
-573
-577
-586
-605
-636
-658
-678
-717
-737
-745
-764
-777
-794
-801
-829
-864
-890
-912
-913
-920
-940
-951
-962
-978
-977
-943
-889
-855
-799
-749
-695
-623
-569
-506
-450
-389
-341
-297
-237
-168
-108
-52
12
57
114
167
225
268
292
318
340
365
379
409
427
440
474
507
532
560
611
677
743
793
836
888
925
963
1029
1073
1131
1218
1271
1341
1411
1466
1517
1581
1645
1691
1745
1787
1825
1838
1859
1873
1841
1803
1751
1693
1627
1572
1501
1393
1299
1208
1080
953
870
748
625
522
382
250
129
23
-72
-182
-278
-374
-478
-545
-615
-699
-755
-792
-838
-894
-928
-942
-957
-949
-932
-955
-975
-976
-991
-1012
-1020
-1020
-1016
-1038
-1044
-1056
-1094
-1089
-1096
-1087
-1083
-1082
-1076
-1069
-1037
-1041
-1038
-1045
-1061
-1069
-1063
-1068
-1085
-1090
-1109
-1098
-1095
-1078
-1039
-983
-957
-940
-915
-976
-951
-881
-855
-793
-741
-718
-668
-583
-520
-469
-418
-330
-267
-204
-103
-24
66
157
202
262
353
407
461
531
576
619
661
675
690
725
753
777
804
835
848
871
924
943
956
993
1018
1014
1027
1038
1034
1061
1060
1048
1044
1041
1046
1048
1065
1074
1092
1114
1119
1147
1169
1174
1191
1189
1171
1155
1115
1073
1020
940
874
800
715
616
493
397
312
195
106
43
-39
-122
-207
-311
-406
-499
-573
-639
-704
-746
-819
-870
-883
-888
-901
-871
-849
-851
-833
-833
-803
-785
-772
-751
-767
-776
-775
-768
-760
-758
-773
-792
-793
-793
-809
-804
-787
-795
-799
-804
-817
-827
-840
-844
-864
-874
-859
-848
-828
-817
-814
-811
-797
-797
-795
-778
-762
-718
-702
-696
-692
-682
-656
-610
-534
-507
-474
-418
-395
-363
-326
-300
-248
-193
-185
-174
-148
-132
-107
-66
-38
-39
-10
29
49
98
142
174
211
264
312
370
433
471
523
590
666
716
768
833
890
939
976
1010
1049
1102
1142
1174
1219
1242
1266
1299
1325
1345
1378
1408
1431
1451
1452
1479
1492
1502
1508
1498
1483
1467
1467
1448
1436
1413
1392
1355
1325
1284
1190
1104
1007
926
847
746
637
527
413
304
222
143
89
37
-38
-121
-208
-284
-317
-341
-390
-427
-488
-563
-595
-645
-704
-741
-790
-818
-834
-849
-875
-913
-957
-1021
-1068
-1113
-1138
-1157
-1191
-1213
-1248
-1280
-1296
-1284
-1268
-1269
-1267
-1264
-1259
-1255
-1246
-1219
-1190
-1170
-1170
-1165
-1142
-1124
-1089
-1046
-1005
-981
-971
-929
-898
-851
-795
-743
-717
-713
-682
-644
-599
-546
-460
-410
-364
-296
-247
-181
-133
-90
-59
-27
4
23
56
97
136
164
223
283
329
399
448
475
513
577
628
654
690
737
771
770
817
863
902
977
1043
1102
1131
1172
1216
1247
1291
1317
1331
1354
1367
1389
1417
1429
1452
1456
1442
1451
1443
1428
1427
1433
1403
1381
1353
1295
1264
1223
1185
1139
1085
1057
1016
949
895
838
744
666
593
490
377
270
170
63
-59
-163
-266
-377
-462
-535
-618
-709
-782
-829
-874
-912
-949
-1020
-1097
-1157
-1207
-1237
-1257
-1283
-1320
-1355
-1375
-1393
-1409
-1392
-1375
-1394
-1398
-1406
-1416
-1406
-1395
-1409
-1407
-1402
-1432
-1412
-1389
-1371
-1344
-1329
-1315
-1298
-1270
-1257
-1259
-1270
-1263
-1264
-1239
-1193
-1146
-1086
-1044
-1007
-950
-879
-806
-709
-612
-527
-447
-379
-299
-224
-165
-77
-3
52
114
162
228
305
370
440
535
602
676
767
807
863
922
942
948
966
983
1001
1021
1038
1039
1040
1047
1085
1133
1165
1211
1238
1270
1304
1351
1399
1433
1480
1502
1527
1551
1574
1599
1616
1618
1627
1627
1617
1638
1638
1619
1615
1605
1565
1521
1487
1440
1391
1346
1283
1220
1150
1082
1015
918
819
695
545
414
304
151
-6
-137
-277
-401
-521
-608
-695
-773
-832
-886
-925
-949
-961
-986
-1005
-1044
-1092
-1124
-1129
-1126
-1138
-1134
-1119
-1125
-1125
-1080
-1052
-1024
-989
-999
-1006
-995
-978
-941
-923
-903
-863
-854
-837
-833
-852
-866
-871
-865
-880
-892
-910
-909
-902
-893
-891
-884
-862
-847
-818
-825
-808
-782
-778
-748
-722
-689
-647
-573
-516
-470
-394
-337
-269
-206
-155
-113
-58
7
70
154
225
306
373
429
485
532
607
640
645
654
637
644
648
642
647
652
655
654
661
675
709
758
801
808
808
820
812
815
841
847
857
867
857
880
893
917
974
1007
1033
1057
1085
1126
1186
1240
1292
1348
1383
1427
1468
1521
1580
1597
1575
1483
1285
1064
867
659
438
151
-200
-529
-844
-1112
-1327
-1520
-1658
-1742
-1817
-1855
-1812
-1727
-1598
-1488
-1427
-1378
-1323
-1185
-1039
-924
-809
-720
-616
-495
-358
-202
-27
121
237
319
370
471
574
639
633
565
501
426
329
201
43
-152
-350
-575
-829
-1033
-1183
-1308
-1461
-1624
-1760
-1842
-1878
-1850
-1777
-1742
-1666
-1544
-1418
-1277
-1133
-957
-793
-666
-558
-448
-333
-200
-71
1
78
160
251
359
435
526
608
684
750
787
795
781
770
727
653
569
524
475
423
382
325
276
238
232
219
211
228
263
291
294
324
376
438
532
625
710
795
894
993
1066
1134
1188
1259
1305
1317
1324
1336
1414
1529
1623
1686
1765
1870
2005
2139
2222
2275
2297
2244
2002
1611
1215
905
600
96
-498
-1053
-1493
-1808
-2038
-2220
-2405
-2435
-2372
-2304
-2173
-1937
-1581
-1219
-932
-765
-648
-416
-63
234
361
448
573
727
917
1061
1165
1269
1373
1437
1429
1398
1424
1491
1426
1238
973
735
575
350
0
-468
-907
-1274
-1594
-1944
-2328
-2634
-2871
-3020
-3119
-3137
-3058
-2907
-2691
-2536
-2413
-2187
-1870
-1539
-1298
-1177
-1102
-977
-792
-655
-578
-547
-455
-320
-226
-126
-17
130
293
420
486
518
588
700
744
678
600
557
512
464
385
249
143
107
102
103
97
111
158
218
247
258
310
391
454
456
450
511
613
714
769
791
861
1003
1146
1221
1250
1275
1382
1541
1710
1848
1995
2157
2325
2533
2672
2836
3024
3091
2819
2188
1600
1194
865
235
-703
-1642
-2435
-2895
-3250
-3509
-3654
-3667
-3523
-3394
-3087
-2624
-1987
-1346
-927
-700
-572
-193
343
809
1020
1006
1018
1154
1465
1754
1920
1966
1987
2010
1972
2004
2083
2189
2129
1847
1505
1225
1157
1074
790
261
-374
-859
-1205
-1487
-1856
-2285
-2699
-3071
-3299
-3456
-3444
-3322
-3186
-3103
-3112
-2962
-2650
-2194
-1852
-1760
-1734
-1685
-1473
-1244
-1129
-1125
-1138
-1090
-1003
-834
-608
-309
23
302
539
743
1001
1298
1520
1579
1483
1332
1230
1203
1120
954
750
533
395
315
231
180
148
83
13
-24
-68
-93
-58
20
90
108
152
247
415
675
935
1150
1346
1558
1769
1984
2260
2524
2773
2992
3179
3322
3455
3578
3636
3794
3908
3679
2918
1890
1055
444
-195
-1221
-2586
-3840
-4616
-4986
-5189
-5239
-5139
-4874
-4442
-3928
-3248
-2317
-1233
-311
178
406
696
1261
1933
2375
2449
2255
2137
2245
2502
2726
2787
2687
2495
2352
2259
2279
2377
2393
2165
1710
1308
1116
1167
1205
1002
575
119
-131
-223
-263
-454
-797
-1181
-1560
-1895
-2181
-2353
-2474
-2661
-3000
-3377
-3509
-3362
-3160
-3154
-3287
-3350
-3224
-2905
-2511
-2264
-2149
-1963
-1708
-1413
-1069
-638
-235
111
395
555
752
1043
1361
1407
1152
810
465
180
-102
-479
-976
-1414
-1657
-1760
-1731
-1583
-1357
-1074
-817
-519
-134
278
645
838
933
995
1081
1239
1380
1477
1540
1672
1862
2051
2225
2350
2474
2609
2756
2826
2867
2995
3139
3238
3232
3146
3197
3377
3222
2324
900
-194
-743
-1335
-2436
-4010
-5419
-6108
-6019
-5677
-5401
-4941
-4159
-3154
-2145
-1137
-27
1069
1990
2332
2068
1820
1972
2350
2395
1986
1371
919
981
1334
1597
1571
1371
1255
1219
1280
1402
1511
1586
1494
1250
1009
1054
1414
1748
1784
1464
1148
1089
1172
1185
857
234
-400
-925
-1366
-1838
-2268
-2630
-3009
-3380
-3703
-3819
-3662
-3415
-3329
-3529
-3694
-3473
-2964
-2433
-2167
-2053
-1857
-1428
-778
-251
112
369
541
600
525
453
335
164
-131
-646
-1161
-1522
-1669
-1792
-1984
-2110
-2137
-1899
-1500
-1053
-567
-90
400
798
1179
1575
1843
1957
1896
1740
1578
1499
1509
1440
1329
1228
1254
1470
1770
2088
2302
2404
2553
2820
3189
3567
3794
3931
4023
4145
4300
4480
4660
4333
3151
1271
-441
-1373
-2107
-3274
-5019
-6723
-7565
-7347
-6306
-5216
-4253
-3206
-2083
-846
353
1564
2495
2972
2895
2187
1504
1282
1457
1451
973
350
-123
39
766
1445
1622
1289
989
922
1054
1266
1391
1422
1380
1423
1625
2135
2954
3665
3892
3665
3288
3014
2802
2373
1431
1
-1505
-2735
-3595
-4196
-4673
-5012
-5175
-5067
-4581
-3811
-2808
-1918
-1399
-1190
-1187
-1156
-1129
-1060
-1130
-1476
-1777
-1841
-1595
-1152
-558
-50
160
298
311
130
-82
-371
-882
-1655
-2319
-2775
-3025
-2952
-2673
-2228
-1707
-991
-236
408
1026
1457
1649
1629
1492
1253
955
671
374
162
128
249
484
776
1070
1323
1610
1917
2132
2356
2564
2615
2559
2647
2962
3343
3881
4415
4701
4802
4965
5265
5548
5591
4440
1919
-803
-2503
-3399
-4553
-6129
-8007
-9197
-8845
-7225
-5339
-3750
-2097
-621
561
1578
2340
2748
2754
2317
1120
-367
-1064
-932
-471
-230
-306
-456
-212
765
1718
2027
1642
1068
621
346
328
388
646
1117
1758
2405
3242
4420
5451
5899
5490
4498
3221
1912
588
-1104
-3131
-5132
-6484
-7015
-6912
-6326
-5453
-4258
-2850
-1398
-43
1074
1973
2269
1788
706
-523
-1367
-2002
-2564
-3199
-3633
-3568
-2986
-1983
-1094
-406
54
314
260
-201
-772
-1366
-1903
-2354
-2760
-2973
-2714
-1918
-887
-28
673
1259
1687
1907
1841
1438
737
-16
-708
-1195
-1510
-1621
-1481
-1061
-475
138
886
1581
2221
2649
2886
3017
3045
3130
3128
3093
3010
3096
3550
4102
4665
5205
5656
5922
5902
5888
5983
6008
4729
1118
-3068
-5223
-5134
-5469
-7273
-9241
-10014
-8845
-6038
-3014
-1343
-414
776
1839
2175
2056
1593
762
19
-885
-2351
-3423
-2726
-986
104
280
195
386
1160
2097
2186
1102
-28
-385
-172
304
786
1596
2864
4484
5744
6320
6744
6972
6698
5447
3299
655
-1750
-3325
-4439
-5579
-6640
-6836
-5878
-4178
-2456
-1025
327
1571
2515
2763
2321
1708
1136
435
-953
-2328
-3222
-3628
-3406
-3080
-2862
-3130
-2770
-1972
-1511
-1222
-1104
-1099
-1423
-1179
-847
-887
-753
-97
354
372
611
841
848
746
726
50
-667
-911
-970
-1223
-1535
-1554
-1588
-1231
-764
-376
-235
101
639
1114
1550
1770
2068
2396
2928
3185
3356
3515
3732
4001
4028
3921
3690
3697
3674
3732
3833
4069
4044
3974
4352
4897
3916
237
-3908
-5968
-5544
-5675
-7216
-9179
-9946
-8618
-5647
-2071
-105
907
1648
2462
2745
2332
1332
-167
-1169
-1908
-2797
-3843
-3590
-2083
-405
545
521
117
102
868
1188
407
-765
-1086
-502
440
1373
2442
3846
5472
6724
7006
6655
5910
4931
3359
1310
-1210
-3591
-4835
-4978
-4618
-4450
-3949
-2868
-1275
329
1408
1747
1520
1218
754
58
-672
-1229
-1684
-2026
-2232
-2199
-2120
-2068
-2262
-2687
-3121
-3430
-3433
-3314
-2927
-2548
-1903
-857
421
1569
2207
2466
2257
1894
1264
390
-751
-1884
-2676
-3068
-3083
-2970
-2560
-1940
-1234
-798
-560
-471
-456
-398
-496
-622
-741
-289
696
1768
2751
3587
4401
4967
5347
5417
5054
4438
3765
3167
2617
2245
2106
2288
2823
3612
4113
4371
4904
5677
5631
3065
-1432
-5474
-6767
-6172
-6368
-7586
-8656
-8056
-5794
-2330
1029
2499
2574
2218
1793
739
-598
-1871
-3175
-3883
-3822
-3508
-3330
-2269
-339
1335
1820
1190
-21
-1140
-1189
-945
-1239
-1771
-1225
470
2366
4185
5736
7080
7840
7831
6820
5002
3099
1500
199
-1096
-2335
-3077
-2828
-1685
-340
389
551
494
525
502
78
-551
-1346
-1811
-1759
-1184
-527
-153
84
218
226
-242
-1188
-2613
-4005
-5359
-6178
-6224
-5414
-3823
-2307
-592
808
2250
3350
3858
3620
2382
1019
-509
-1764
-2842
-3402
-3713
-3678
-2888
-1900
-1080
-662
-126
-21
-314
-588
-931
-1260
-1326
-802
-286
331
1299
2485
3494
4109
4502
4533
4521
4443
4366
4102
3559
3088
2643
2443
2468
2838
3424
4032
4446
4556
5000
5926
5758
2212
-3103
-6267
-5902
-4698
-5162
-6237
-6914
-6208
-4260
-1392
1085
1579
1066
111
-876
-2147
-3005
-3231
-3358
-3121
-2641
-2115
-1744
-702
629
1372
1287
388
-1198
-2741
-2562
-1198
-151
362
1186
2681
4193
5526
6383
6605
6332
5701
4593
2833
1226
297
40
-130
-597
-954
-1147
-890
-429
-189
-496
-1348
-1912
-2037
-1703
-1364
-1172
-927
-493
163
712
950
557
-67
-1001
-1905
-3053
-4134
-4613
-4884
-4633
-4483
-3709
-2721
-1555
-344
324
1022
1135
1159
881
605
129
-714
-1252
-1683
-1810
-2180
-2445
-2506
-2149
-1435
-1022
-618
-337
110
468
650
577
324
202
30
57
298
878
1589
2407
3166
3780
4323
4616
4633
4426
4019
3191
2325
1569
1288
1473
2348
3545
4271
4983
5697
6704
6059
2396
-2755
-6515
-6858
-6219
-6049
-6416
-6311
-4986
-3314
-824
1167
1868
1261
-31
-1601
-3835
-4911
-4483
-3327
-2208
-1110
-331
11
980
1978
2064
1035
-532
-2518
-4092
-3991
-2688
-1046
481
1900
3110
4136
5117
5776
5877
5212
4095
3009
1951
1172
906
1115
1140
852
615
141
-351
-654
-810
-1078
-1583
-1716
-1349
-577
283
803
1119
1127
1143
1102
775
-74
-1286
-1960
-2430
-2570
-2731
-2855
-2826
-3204
-3476
-3818
-3533
-2827
-2122
-1120
-411
227
600
907
1153
946
515
-359
-1401
-2314
-2960
-3122
-2720
-1768
-816
71
708
1138
1402
1370
1035
228
-407
-898
-1003
-673
200
1566
2825
3993
4611
4954
4881
4475
4169
3884
3624
3129
2766
2543
2458
3119
3849
4661
4978
4920
4889
4885
5658
3768
-622
-5984
-8404
-6730
-5402
-4503
-5102
-4388
-3715
-2956
-776
-186
-366
-1337
-1441
-3007
-5220
-5282
-4141
-2295
-637
925
497
-349
-43
233
130
-688
-1664
-3246
-4397
-3443
-1889
-196
1408
2886
3874
3705
4141
4544
4550
4162
4046
3951
3003
2330
1771
1624
956
503
34
-942
-1613
-2139
-1765
-1430
-1072
-573
-168
237
276
220
-44
-480
-616
-590
-701
-1173
-1528
-1393
-1368
-1242
-1467
-1888
-2755
-3790
-4018
-4014
-3204
-2260
-1250
-249
312
984
1122
1053
881
411
-209
-1150
-1879
-2260
-2276
-1728
-865
20
512
711
647
504
245
-49
-302
-714
-885
-1039
-671
43
1078
2309
3034
3466
3429
3292
3188
3359
3668
3599
3047
2508
2249
2062
2247
2777
3194
3619
3627
3540
3641
3730
5031
4642
2046
-3249
-8018
-7058
-5011
-3423
-3855
-3476
-1995
-2215
-407
523
8
-1042
-1678
-1839
-3919
-5227
-5103
-3832
-1418
900
1904
1199
973
851
-12
-1373
-2824
-3569
-4535
-3766
-2127
-1386
-305
1117
3266
4206
4679
5146
4061
2468
1536
1681
1943
2030
1808
1386
493
-286
-668
-1086
-1025
-1152
-1253
-1678
-2367
-2452
-2231
-1518
-550
0
-217
-885
-1143
-896
-555
-234
-302
-859
-1252
-1636
-2192
-2698
-3072
-3137
-3077
-2726
-2271
-1748
-819
269
835
887
827
522
126
-547
-889
-1212
-1736
-1804
-1558
-696
159
995
1330
892
501
192
-139
-762
-1219
-1564
-1622
-1130
-336
806
2077
3394
4132
4201
4017
3769
3686
3581
3445
3221
3040
2918
2860
3074
3179
3344
3432
3363
3230
2702
2390
2371
2736
3393
4002
4045
1984
-1708
-3550
-2281
-1356
-2170
-3044
-2654
-2340
-2287
-773
-546
-1906
-2832
-2663
-2276
-2957
-2761
-2272
-2042
-1016
-49
239
347
1147
1472
325
-843
-1488
-2507
-3179
-2099
-527
51
551
1640
2439
2616
3163
3182
1950
938
1013
1141
618
536
703
820
818
1051
779
-416
-1356
-2270
-2830
-3369
-3450
-3085
-2600
-1544
-725
-127
240
319
115
-440
-1166
-2271
-3439
-3819
-3647
-3520
-3530
-3228
-2766
-2282
-1473
-555
69
-101
-432
-859
-1172
-1224
-1251
-1150
-1005
-705
-1002
-1774
-2145
-1684
-1144
-705
-445
-663
-885
-925
-696
-1166
-1788
-1677
-1185
-747
-553
-31
821
1808
2771
3502
3796
3822
3692
3405
3042
2517
2146
2082
2151
2491
2873
3167
3318
3190
3321
3273
3060
2757
2310
2210
2165
2548
3005
3324
3932
4440
3755
1596
-215
-214
505
370
-96
-582
-1269
-1736
-1096
158
540
354
384
334
-30
-286
-554
-796
-767
-549
-931
-1664
-1660
-1214
-936
-838
-814
-1389
-1899
-1434
-638
-491
-755
-778
-921
-1259
-1204
-994
-1250
-1304
-810
-377
-424
-288
192
21
-487
-839
-1265
-1826
-2005
-1485
-1085
-1023
-671
-123
413
810
977
744
47
-657
-1357
-2014
-2515
-2689
-2749
-2591
-1974
-1303
-658
-79
595
691
5
-1014
-1902
-2370
-2533
-2340
-2111
-1757
-1341
-884
-589
-478
-458
-712
-1061
-1437
-1679
-1946
-2223
-2255
-2154
-1755
-1129
-467
168
547
925
1291
1768
2022
1914
1919
1901
2066
2166
2278
2230
1902
1859
2082
2551
3017
3293
3274
2936
2731
2825
2927
3037
3173
3455
3703
3920
4155
4104
3938
3795
3657
2837
1336
-194
-882
-600
-101
357
436
354
358
1063
2144
2455
1863
1149
766
192
-521
-1111
-1541
-1784
-1639
-1383
-1228
-1085
-788
-396
-19
267
-134
-913
-1316
-1189
-1160
-1441
-1662
-1684
-1546
-1215
-745
-463
-177
228
631
670
280
-319
-1111
-1783
-1884
-1582
-1323
-1108
-606
271
876
1087
985
534
-93
-824
-1513
-2149
-2452
-2347
-1976
-1552
-1154
-883
-794
-538
-380
-414
-879
-1661
-2389
-3041
-3129
-3071
-2898
-2512
-1864
-1056
-705
-713
-1166
-1684
-2118
-2551
-3053
-3470
-3365
-3053
-2509
-1838
-1234
-752
-342
80
108
-76
-43
215
502
652
663
627
820
1312
1802
1911
1571
1093
824
916
1213
1532
1938
2396
2823
3126
3230
3160
2920
2717
2637
2600
2528
2397
2365
2517
2513
2199
1881
1825
2051
2094
1716
857
3
150
1362
2632
2991
2803
2574
2199
1758
1497
1054
-241
-1578
-2062
-2044
-1963
-1756
-1232
-844
-720
-619
-728
-967
-1005
-903
-1026
-1369
-1582
-1556
-1235
-575
85
100
-305
-398
-309
-440
-732
-836
-960
-1045
-751
-223
99
311
691
777
571
276
161
-174
-663
-875
-1193
-1563
-1804
-1568
-1319
-1310
-1204
-1089
-1099
-1338
-1598
-1998
-2311
-2268
-2195
-2265
-2315
-1985
-1681
-1637
-1569
-1412
-1297
-1342
-1301
-1481
-1830
-2106
-2152
-2227
-2525
-2532
-2301
-1821
-1277
-720
-540
-698
-688
-531
-337
-205
143
434
532
642
957
1238
1465
1747
1788
1467
1101
1025
967
1169
1467
1798
2090
2564
3297
3705
3965
3854
3371
2653
2132
1891
1682
1636
1838
2054
2015
1928
1837
1918
2027
2148
2027
1887
2075
2540
3093
3310
3343
2928
2481
2384
2713
2868
2129
1068
159
-250
-262
18
182
37
-119
-157
-185
-407
-630
-997
-1305
-1541
-1822
-2023
-2012
-1414
-824
-643
-826
-1166
-1299
-1436
-1468
-1568
-1693
-1491
-908
-5
704
1279
1754
2011
1904
1462
1021
463
96
-59
-55
79
282
571
518
225
18
-141
-468
-966
-1366
-1807
-2355
-2502
-2327
-2072
-2019
-1939
-1764
-1938
-2107
-2361
-2511
-2700
-2883
-2839
-2730
-2540
-2501
-2518
-2690
-2759
-2856
-2976
-3033
-2920
-2444
-2060
-1595
-1170
-669
-4
497
684
468
191
145
141
115
82
-19
10
156
581
1086
1399
1601
1681
1577
1351
1366
1589
1748
1739
1798
1872
1890
1928
1897
1798
1550
1276
1155
1180
1346
1585
1724
1777
1750
1888
2163
2348
2428
2350
2126
1868
1924
2154
2430
2559
2550
2356
1884
1568
1300
1073
908
1017
1311
1231
912
700
657
570
307
174
22
-301
-566
-736
-993
-1574
-2001
-2090
-1893
-1724
-1712
-1709
-1653
-1282
-953
-645
-412
-318
-240
-252
-270
-435
-637
-518
-227
-253
-625
-848
-749
-701
-682
-685
-859
-1190
-1369
-1363
-1503
-1527
-1432
-1251
-1214
-1191
-1129
-1305
-1331
-1213
-1000
-1121
-1365
-1402
-1434
-1436
-1483
-1375
-1483
-1772
-2157
-2670
-3066
-3358
-3399
-3327
-3104
-2763
-2437
-2009
-1470
-953
-695
-682
-733
-846
-936
-875
-645
-519
-580
-521
-352
11
505
1001
1322
1301
1195
1159
1267
1462
1565
1472
1168
837
718
694
823
990
895
688
453
469
700
1101
1494
1609
1751
2061
2391
2475
2574
2611
2374
1990
1724
1732
1773
1970
2225
2404
2364
2208
2118
2073
2073
2071
2091
2153
2442
2814
3063
3023
2721
2258
1819
1586
1317
1054
835
517
250
218
508
742
827
1028
964
611
234
132
161
134
248
269
116
-89
-79
130
354
462
327
-33
-519
-895
-1156
-1360
-1446
-1608
-1875
-2150
-2382
-2511
-2658
-2767
-2841
-2834
-2731
-2499
-2087
-1652
-1273
-1178
-1190
-1272
-1390
-1420
-1619
-1835
-2022
-2059
-2035
-2061
-1870
-1728
-1746
-1871
-1964
-1996
-2055
-1936
-1709
-1429
-1193
-1030
-937
-918
-807
-713
-671
-810
-1115
-1307
-1304
-984
-526
-102
160
298
467
532
417
155
-106
-225
-256
-243
-167
-38
192
433
645
718
631
542
473
524
578
590
556
720
1128
1543
1876
2003
2061
2005
1959
1835
1585
1353
1103
1075
1132
1235
1342
1518
1850
1956
1834
1716
1843
2162
2342
2316
2127
1913
1835
1918
2050
2013
1932
1904
2040
2319
2289
1961
1683
1610
1466
1372
1510
1619
1528
1469
1653
1637
1398
1248
1125
860
570
375
136
-94
-124
-118
-275
-566
-935
-1251
-1434
-1544
-1840
-2275
-2587
-2705
-2789
-2780
-2654
-2525
-2208
-1723
-1399
-1421
-1521
-1585
-1823
-2151
-2305
-2342
-2448
-2487
-2376
-2330
-2336
-2206
-1947
-1884
-2029
-2188
-2363
-2435
-2385
-2262
-2149
-2000
-1964
-1967
-1813
-1544
-1278
-1229
-1190
-1166
-1110
-974
-821
-649
-636
-728
-831
-904
-1059
-1266
-1329
-1223
-1083
-917
-692
-522
-424
-408
-457
-591
-770
-897
-893
-730
-442
-124
103
320
661
1098
1306
1319
1321
1325
1289
1164
1080
1023
1018
1102
1132
1091
1142
1377
1780
2025
2111
2112
2011
2005
1952
1814
1588
1493
1492
1408
1225
1086
1151
1291
1581
1770
1880
1895
2006
2268
2349
2390
2324
2312
2371
2621
2934
2838
2476
2155
2054
2074
2253
2424
2298
2059
1944
1971
1876
1683
1500
1127
717
311
-121
-543
-871
-953
-1098
-1236
-1308
-1221
-941
-667
-479
-593
-891
-1275
-1555
-1726
-1831
-1854
-1881
-1874
-1883
-1841
-1759
-1651
-1607
-1632
-1657
-1633
-1556
-1441
-1321
-1260
-1157
-1036
-1011
-985
-902
-809
-730
-753
-740
-694
-552
-359
-292
-276
-434
-722
-1047
-1278
-1422
-1638
-1761
-1610
-1259
-916
-633
-398
-294
-304
-355
-514
-823
-1153
-1357
-1407
-1338
-1213
-1043
-724
-264
69
204
190
76
-56
-247
-418
-598
-780
-760
-637
-462
-313
-204
-9
104
203
267
329
481
592
593
386
45
-206
-268
-254
-231
-194
-28
264
617
1036
1372
1629
1926
2099
2140
2173
2241
2351
2406
2562
2689
2726
2740
2739
2805
2830
2890
2966
2914
2736
2607
2541
2469
2290
2059
1822
1486
1326
1385
1485
1473
1316
1115
866
695
697
705
696
735
638
311
-85
-385
-541
-698
-913
-1160
-1491
-1724
-1800
-1757
-1711
-1756
-1836
-1913
-1877
-1804
-1754
-1801
-1895
-2092
-2380
-2508
-2455
-2266
-2041
-1709
-1349
-1062
-817
-630
-596
-697
-829
-1018
-1266
-1587
-1814
-1860
-1654
-1203
-665
-113
281
496
552
378
16
-429
-785
-1021
-1118
-1072
-964
-740
-450
-144
62
125
52
-141
-368
-657
-920
-1113
-1177
-1147
-1012
-753
-460
-213
-128
-165
-334
-600
-851
-1166
-1451
-1603
-1600
-1540
-1591
-1683
-1776
-1796
-1822
-1876
-1918
-1918
-1872
-1761
-1530
-1272
-962
-600
-234
76
282
366
451
583
773
927
1076
1310
1547
1849
2119
2407
2523
2538
2647
2756
2913
2975
2973
2887
2770
2758
2755
2722
2649
2534
2371
2214
2162
2264
2359
2326
2244
2029
1840
1830
1935
1996
1845
1697
1489
1248
1139
1102
1037
912
937
962
872
819
856
801
665
525
184
-263
-551
-580
-599
-669
-624
-583
-599
-482
-387
-544
-846
-1020
-1147
-1442
-1720
-1949
-2084
-2083
-1839
-1498
-1257
-1048
-862
-678
-621
-603
-691
-880
-978
-983
-953
-903
-747
-474
-186
97
337
403
363
285
190
42
-27
-149
-322
-300
-157
0
23
117
219
141
-50
-278
-598
-1048
-1364
-1508
-1546
-1622
-1802
-2025
-2283
-2427
-2519
-2628
-2679
-2654
-2594
-2608
-2588
-2496
-2388
-2249
-2106
-2043
-2096
-2046
-1913
-1744
-1568
-1392
-1168
-905
-496
-157
101
351
541
682
726
821
952
1082
1291
1458
1535
1589
1705
1868
2011
2123
2130
2041
1950
1945
1973
2056
2212
2314
2300
2241
2247
2245
2192
2163
2186
2220
2307
2416
2455
2427
2359
2257
2228
2202
2098
1918
1675
1525
1368
1248
1172
1135
1153
1063
997
920
745
522
259
-31
-376
-660
-809
-911
-976
-1003
-996
-1021
-1058
-1067
-1140
-1202
-1252
-1347
-1521
-1622
-1588
-1642
-1695
-1621
-1413
-1209
-1068
-879
-770
-654
-422
-230
-152
-101
6
67
121
201
307
466
679
842
829
792
805
821
784
677
460
182
-35
-264
-458
-612
-801
-1078
-1351
-1553
-1806
-2016
-2154
-2314
-2500
-2653
-2714
-2746
-2725
-2678
-2715
-2831
-2948
-2991
-2997
-2956
-2906
-2846
-2710
-2479
-2185
-1959
-1760
-1581
-1444
-1280
-1158
-1073
-919
-696
-447
-281
-179
-44
123
343
517
551
512
542
681
845
1021
1210
1326
1350
1391
1443
1478
1560
1647
1743
1796
1821
1897
1932
2010
2203
2377
2492
2575
2624
2644
2611
2627
2728
2868
2998
3056
3137
3220
3290
3271
3126
2967
2754
2516
2401
2331
2189
1975
1824
1769
1698
1591
1459
1297
1060
836
555
207
-128
-418
-682
-945
-1112
-1256
-1409
-1474
-1465
-1463
-1487
-1508
-1427
-1346
-1262
-1145
-1105
-1024
-820
-585
-386
-121
150
367
569
706
679
533
451
396
344
327
308
288
192
111
34
-122
-307
-499
-708
-1021
-1221
-1257
-1179
-1107
-1120
-1151
-1263
-1316
-1432
-1596
-1790
-1986
-2164
-2368
-2502
-2635
-2630
-2467
-2355
-2370
-2370
-2324
-2297
-2241
-2248
-2374
-2464
-2422
-2266
-2094
-1929
-1766
-1717
-1693
-1687
-1636
-1549
-1432
-1255
-1126
-970
-742
-480
-294
-106
62
131
123
117
199
330
528
810
1062
1259
1482
1645
1751
1815
1846
1808
1716
1662
1682
1780
1899
2086
2191
2227
2317
2401
2396
2295
2209
2066
1906
1860
1820
1763
1713
1713
1757
1809
1895
1922
1912
1932
1881
1630
1315
1117
1001
974
1026
1002
778
547
465
369
238
200
137
6
-74
-55
-29
-26
35
48
-7
-54
-85
-147
-136
-8
76
73
7
-47
-167
-265
-248
-277
-369
-461
-626
-831
-945
-923
-865
-861
-803
-767
-687
-499
-370
-386
-461
-540
-679
-780
-869
-947
-985
-948
-886
-867
-870
-933
-1040
-1164
-1226
-1262
-1347
-1473
-1541
-1550
-1567
-1532
-1499
-1521
-1590
-1728
-1933
-2133
-2275
-2347
-2424
-2440
-2316
-2147
-1966
-1782
-1610
-1482
-1424
-1452
-1543
-1645
-1666
-1583
-1395
-1131
-852
-535
-264
-62
64
87
81
114
121
99
74
67
203
441
738
1004
1201
1373
1512
1632
1754
1830
1849
1873
1900
1920
1944
2080
2310
2473
2498
2426
2329
2259
2253
2240
2170
2079
2015
1920
1810
1706
1548
1367
1238
1192
1158
1163
1216
1269
1325
1427
1544
1544
1556
1659
1705
1682
1723
1772
1685
1609
1671
1663
1553
1505
1420
1251
1070
952
771
520
328
90
-177
-339
-425
-527
-545
-500
-503
-543
-531
-545
-673
-812
-925
-1045
-1134
-1152
-1212
-1276
-1240
-1066
-889
-756
-660
-613
-569
-526
-465
-511
-599
-649
-651
-622
-560
-478
-477
-517
-642
-832
-1050
-1262
-1409
-1554
-1711
-1848
-1918
-1894
-1825
-1793
-1863
-1962
-2053
-2159
-2273
-2373
-2401
-2344
-2190
-1955
-1750
-1628
-1467
-1288
-1251
-1371
-1504
-1638
-1740
-1716
-1624
-1487
-1311
-1057
-814
-686
-556
-430
-366
-314
-273
-258
-272
-243
-128
14
159
335
544
671
741
807
875
964
1033
1091
1144
1186
1190
1219
1256
1252
1240
1248
1251
1188
1192
1260
1305
1391
1502
1542
1495
1502
1522
1477
1478
1510
1535
1581
1681
1822
1958
2072
2142
2129
2021
1933
1841
1695
1568
1543
1556
1545
1580
1606
1621
1547
1398
1252
1025
753
552
433
314
212
118
19
-70
-131
-263
-459
-663
-811
-913
-1004
-1043
-1086
-1072
-1042
-980
-907
-850
-834
-882
-937
-989
-991
-950
-886
-870
-939
-1035
-1041
-1018
-977
-903
-879
-873
-856
-840
-879
-929
-957
-989
-1053
-1137
-1236
-1335
-1327
-1232
-1113
-1024
-1002
-1038
-1124
-1209
-1294
-1412
-1522
-1594
-1603
-1565
-1461
-1299
-1166
-1045
-947
-930
-991
-1010
-982
-994
-1006
-1035
-1044
-1039
-974
-872
-796
-689
-625
-570
-520
-485
-462
-430
-364
-284
-184
-73
65
196
353
485
553
619
731
883
1051
1232
1417
1596
1742
1878
2007
2117
2216
2329
2370
2330
2278
2228
2231
2301
2344
2280
2165
2085
2030
1969
1875
1752
1605
1457
1363
1322
1296
1260
1228
1200
1150
1109
1074
1042
1079
1158
1226
1283
1345
1399
1407
1387
1302
1212
1167
1138
1149
1127
1082
1085
1143
1181
1138
1026
845
590
348
146
-50
-207
-373
-539
-637
-682
-752
-803
-815
-853
-896
-936
-1016
-1152
-1284
-1414
-1479
-1507
-1506
-1452
-1370
-1213
-1038
-865
-798
-818
-882
-981
-1050
-1137
-1174
-1201
-1229
-1230
-1224
-1130
-1032
-962
-917
-941
-987
-1044
-1084
-1124
-1177
-1213
-1275
-1383
-1431
-1375
-1270
-1134
-1046
-1071
-1177
-1264
-1307
-1322
-1308
-1314
-1310
-1283
-1218
-1120
-1006
-916
-848
-827
-888
-904
-845
-726
-561
-352
-159
-28
89
194
294
406
529
605
633
652
728
846
966
1075
1134
1151
1152
1199
1242
1257
1254
1206
1107
1026
990
926
845
758
675
625
609
613
612
592
523
426
332
273
245
218
209
207
201
227
280
403
542
612
615
581
627
709
796
891
927
887
783
677
591
531
511
528
572
615
616
597
643
680
609
461
306
201
127
72
49
34
-3
-46
-54
-59
-63
-32
-26
-69
-167
-318
-449
-535
-565
-597
-647
-681
-684
-644
-574
-515
-529
-592
-675
-786
-903
-988
-1043
-1080
-1069
-1034
-1045
-1057
-1054
-1083
-1152
-1255
-1336
-1421
-1504
-1573
-1613
-1648
-1630
-1567
-1512
-1440
-1410
-1379
-1358
-1359
-1337
-1286
-1215
-1090
-937
-808
-630
-422
-234
-63
57
109
150
169
195
224
259
357
497
675
859
1012
1102
1196
1257
1271
1252
1121
971
829
747
738
766
825
862
886
868
781
657
523
355
216
108
40
2
-48
-76
-101
-68
-17
35
67
93
150
183
217
222
187
149
85
23
6
14
77
151
217
297
352
429
513
575
581
588
622
623
624
663
721
786
882
1018
1180
1318
1399
1421
1427
1446
1414
1391
1355
1267
1193
1180
1212
1251
1295
1311
1297
1233
1155
1049
980
945
841
741
659
610
562
483
364
217
38
-120
-265
-428
-556
-667
-738
-820
-943
-1067
-1155
-1209
-1259
-1330
-1437
-1558
-1637
-1677
-1708
-1722
-1719
-1682
-1644
-1607
-1564
-1487
-1395
-1293
-1176
-1103
-1055
-1007
-927
-826
-712
-614
-538
-421
-285
-158
-35
49
82
128
189
207
219
179
97
25
-65
-136
-220
-286
-342
-411
-469
-535
-605
-672
-711
-744
-743
-708
-692
-639
-575
-549
-477
-411
-385
-346
-275
-205
-131
-86
-62
-19
61
166
233
280
285
270
259
305
351
376
436
479
523
532
540
513
484
472
441
442
457
500
552
629
718
767
735
696
635
551
525
540
572
575
610
678
768
861
946
982
967
957
945
910
899
904
845
793
775
801
815
790
780
740
665
573
490
427
357
271
219
192
146
123
120
67
-15
-137
-272
-401
-532
-653
-781
-852
-849
-826
-806
-776
-747
-712
-660
-597
-571
-582
-565
-512
-467
-432
-354
-276
-190
-94
4
31
42
102
148
164
133
117
108
97
116
113
62
44
34
24
22
-33
-110
-151
-155
-170
-206
-275
-326
-365
-359
-308
-300
-277
-284
-267
-227
-235
-274
-316
-328
-307
-272
-293
-327
-334
-298
-241
-195
-188
-177
-125
-79
-46
-50
-83
-129
-134
-113
-100
-97
-101
-88
-64
-38
-20
-19
-26
-21
-42
-52
-35
-17
17
27
16
11
27
64
91
131
192
250
305
340
360
356
357
337
304
296
310
366
442
495
534
577
628
688
727
724
689
675
662
668
676
633
576
527
514
521
543
530
474
379
256
116
-9
-108
-213
-296
-352
-361
-369
-367
-334
-297
-274
-262
-258
-242
-224
-180
-83
-24
55
142
175
176
185
202
211
238
242
207
145
91
61
56
58
48
21
-50
-158
-206
-223
-231
-250
-323
-395
-477
-511
-504
-503
-502
-501
-490
-491
-489
-479
-472
-466
-437
-418
-411
-415
-447
-469
-474
-459
-438
-419
-389
-334
-290
-282
-285
-326
-369
-384
-397
-426
-453
-458
-472
-481
-476
-449
-417
-375
-346
-381
-434
-476
-513
-523
-539
-551
-550
-515
-439
-346
-264
-229
-186
-152
-128
-120
-144
-172
-179
-151
-124
-118
-110
-78
-26
58
108
111
98
62
36
20
27
34
65
118
170
229
270
284
268
252
221
186
157
136
109
95
108
126
158
217
298
370
447
505
564
595
590
575
571
551
545
600
671
745
829
915
947
983
1002
1008
997
948
905
865
875
858
817
762
701
654
616
578
506
461
438
442
460
424
366
315
287
257
214
209
184
173
167
144
123
97
87
84
80
73
51
15
25
33
25
-24
-81
-138
-179
-193
-227
-250
-311
-354
-392
-432
-459
-522
-568
-559
-544
-552
-578
-602
-615
-656
-680
-704
-741
-756
-780
-819
-844
-850
-848
-822
-792
-767
-748
-723
-708
-712
-725
-739
-733
-709
-680
-681
-684
-657
-626
-580
-519
-507
-470
-414
-370
-331
-333
-298
-287
-289
-264
-255
-251
-254
-230
-222
-218
-184
-148
-110
-86
-76
-40
-9
22
75
112
171
242
306
366
428
478
506
526
562
592
608
624
622
636
646
666
706
731
763
778
784
772
752
727
722
704
653
628
594
584
590
602
604
596
591
556
513
477
457
459
485
496
489
451
387
350
317
301
288
269
234
202
200
185
181
187
176
149
124
111
106
126
121
105
57
0
-28
-51
-40
-32
-41
-67
-97
-110
-130
-148
-185
-224
-240
-259
-258
-280
-323
-338
-363
-381
-381
-397
-442
-508
-562
-612
-675
-731
-784
-829
-861
-886
-905
-901
-893
-881
-856
-845
-833
-840
-840
-834
-847
-838
-813
-780
-751
-731
-726
-726
-729
-741
-764
-791
-810
-822
-830
-839
-825
-802
-759
-716
-662
-594
-542
-472
-398
-328
-276
-232
-178
-115
-63
-10
43
123
190
246
338
405
455
493
543
583
591
590
600
620
625
638
631
611
589
564
570
576
555
554
556
558
575
599
631
639
651
668
683
696
726
769
785
793
803
823
834
859
880
890
902
895
886
891
896
880
865
851
858
881
913
938
960
951
943
940
908
896
857
806
761
720
675
628
580
544
523
494
477
464
470
472
457
439
415
378
363
351
323
280
210
158
99
49
0
-52
-101
-146
-176
-227
-278
-299
-326
-360
-389
-422
-452
-494
-519
-560
-617
-683
-756
-819
-853
-858
-880
-881
-902
-958
-1005
-1031
-1052
-1074
-1059
-1034
-998
-936
-868
-822
-791
-773
-757
-741
-739
-714
-707
-709
-694
-711
-705
-667
-630
-568
-507
-478
-462
-430
-411
-445
-458
-448
-459
-461
-450
-423
-410
-412
-419
-461
-476
-439
-403
-368
-323
-286
-250
-190
-127
-69
-43
-22
-5
-13
-1
25
53
78
112
150
187
226
253
271
282
277
261
275
293
312
329
322
338
386
437
499
549
585
614
616
618
593
555
519
494
488
478
500
539
571
589
626
702
772
844
886
883
880
863
852
846
811
783
756
705
666
649
621
561
503
448
407
369
313
261
210
153
95
41
-4
-58
-117
-148
-205
-259
-303
-373
-440
-498
-527
-535
-539
-531
-522
-521
-510
-509
-520
-529
-539
-533
-535
-552
-572
-587
-617
-652
-695
-748
-806
-858
-882
-898
-918
-946
-962
-985
-997
-990
-988
-977
-962
-966
-985
-983
-999
-1017
-1016
-1017
-996
-991
-961
-903
-868
-840
-814
-789
-757
-726
-699
-656
-641
-620
-587
-541
-487
-442
-390
-406
-408
-382
-356
-336
-323
-281
-253
-229
-190
-131
-77
4
100
167
239
315
382
427
472
511
564
647
728
821
911
964
998
1053
1090
1126
1162
1186
1212
1234
1276
1287
1295
1308
1325
1346
1364
1371
1371
1360
1325
1310
1296
1284
1290
1284
1281
1270
1253
1239
1220
1198
1164
1127
1117
1090
1037
1004
965
920
868
833
804
761
719
668
605
545
490
424
368
301
210
116
26
-42
-109
-169
-210
-251
-304
-353
-411
-478
-534
-594
-629
-662
-696
-708
-710
-706
-709
-714
-741
-759
-770
-790
-805
-824
-841
-865
-868
-859
-865
-880
-896
-914
-915
-893
-897
-916
-939
-970
-986
-1003
-999
-1017
-1034
-1046
-1067
-1085
-1106
-1088
-1079
-1059
-1055
-1055
-1027
-999
-944
-879
-825
-756
-670
-605
-538
-523
-523
-481
-456
-407
-351
-292
-243
-193
-131
-86
-41
-5
29
62
72
93
118
105
124
152
186
244
266
289
327
356
396
425
437
431
430
449
463
484
524
584
642
711
774
817
860
892
906
911
929
919
919
934
924
934
926
901
891
874
854
823
790
750
713
673
626
578
524
495
458
419
378
337
305
287
301
294
273
247
223
216
222
183
175
174
151
164
164
176
174
165
158
145
119
92
66
38
29
-12
-64
-128
-191
-256
-311
-357
-399
-419
-461
-486
-507
-559
-597
-621
-652
-658
-656
-671
-666
-660
-657
-659
-662
-662
-655
-619
-584
-552
-535
-532
-519
-512
-494
-479
-463
-462
-464
-475
-478
-467
-499
-520
-539
-568
-591
-602
-626
-650
-653
-666
-670
-664
-659
-623
-591
-568
-509
-489
-457
-408
-400
-368
-355
-317
-250
-200
-131
-67
-18
33
84
140
177
217
264
305
350
368
411
450
466
492
508
505
520
535
527
532
534
534
546
578
602
609
617
614
612
609
642
683
719
760
795
840
873
917
935
931
925
913
939
957
966
981
981
969
970
973
975
967
954
947
911
879
831
792
741
679
662
646
630
614
581
538
488
410
359
313
273
257
227
202
189
197
198
202
200
202
194
167
160
116
72
24
-21
-57
-90
-105
-145
-164
-180
-199
-220
-273
-332
-411
-471
-530
-590
-652
-706
-746
-778
-794
-823
-830
-846
-876
-892
-912
-935
-979
-1018
-1028
-1040
-1030
-1004
-1012
-993
-972
-957
-951
-967
-951
-964
-955
-943
-940
-905
-891
-858
-831
-813
-784
-766
-750
-710
-666
-636
-608
-594
-591
-600
-568
-547
-536
-504
-466
-419
-384
-336
-301
-266
-212
-171
-127
-68
-24
9
67
111
152
205
251
309
372
431
466
494
525
536
563
581
607
627
622
638
663
666
673
698
716
738
742
752
773
769
776
785
775
758
762
761
789
827
839
864
874
880
878
858
850
838
810
775
756
743
727
732
727
711
698
660
644
641
605
554
483
399
336
258
197
158
94
61
24
-20
-59
-103
-143
-200
-228
-249
-281
-323
-384
-425
-462
-507
-550
-593
-625
-656
-678
-686
-687
-694
-701
-724
-757
-790
-841
-882
-916
-958
-996
-1011
-1022
-1026
-1000
-984
-994
-1010
-1023
-1028
-1023
-1018
-1030
-1024
-1008
-978
-939
-918
-886
-854
-825
-787
-754
-715
-666
-630
-602
-567
-521
-472
-418
-351
-301
-256
-214
-172
-121
-81
-38
7
28
71
106
133
182
188
206
226
259
307
320
347
363
383
407
426
467
488
514
549
556
581
609
635
663
690
713
723
759
773
797
827
851
890
925
976
989
1007
1015
1013
1021
1013
1000
975
956
936
925
906
900
884
859
854
818
787
759
714
685
648
626
588
544
526
479
442
388
339
313
286
261
234
224
210
177
135
111
64
36
-3
-61
-103
-179
-247
-302
-357
-393
-426
-483
-533
-589
-638
-684
-722
-736
-778
-801
-813
-823
-837
-846
-862
-911
-944
-965
-1001
-1014
-1007
-1011
-976
-952
-921
-871
-842
-830
-808
-779
-775
-765
-777
-789
-776
-769
-754
-729
-717
-695
-683
-671
-647
-619
-594
-569
-546
-531
-492
-476
-451
-431
-418
-392
-362
-329
-303
-263
-232
-176
-121
-67
-1
46
80
113
147
181
212
243
278
306
350
395
444
502
549
607
651
687
725
729
728
714
682
689
693
708
734
775
833
848
881
916
931
953
971
980
977
963
962
962
961
976
960
950
954
953
977
986
978
983
975
981
988
983
973
937
906
869
844
793
747
706
661
624
554
499
434
368
333
291
235
183
135
78
21
-10
-56
-111
-152
-187
-209
-234
-265
-301
-339
-390
-417
-430
-434
-441
-465
-459
-481
-500
-519
-538
-567
-615
-635
-664
-690
-705
-713
-721
-734
-756
-794
-839
-880
-900
-905
-912
-914
-920
-946
-961
-966
-951
-935
-923
-914
-917
-912
-900
-879
-858
-820
-785
-751
-696
-644
-588
-522
-485
-455
-405
-366
-311
-271
-239
-209
-186
-155
-112
-61
-9
14
46
86
106
143
166
174
169
171
171
176
216
258
300
316
327
348
379
410
438
452
460
472
488
512
543
568
592
614
616
640
673
708
747
787
804
803
781
760
782
788
797
788
760
740
708
681
666
670
651
614
578
537
499
452
397
358
314
267
226
183
160
148
142
139
138
122
95
91
94
81
68
43
24
6
-14
-20
-39
-44
-45
-33
-48
-73
-97
-147
-183
-221
-261
-300
-321
-339
-377
-421
-478
-524
-566
-605
-635
-664
-701
-738
-762
-795
-805
-811
-838
-835
-820
-799
-786
-769
-741
-738
-718
-700
-687
-654
-624
-585
-546
-513
-489
-477
-459
-435
-423
-398
-379
-356
-329
-324
-317
-313
-318
-322
-342
-355
-354
-358
-343
-342
-347
-347
-337
-312
-276
-216
-182
-143
-105
-77
-29
11
56
113
163
192
231
263
301
351
393
444
485
510
541
568
586
605
636
634
620
609
564
530
496
478
482
473
467
464
445
428
446
446
441
452
459
463
465
453
456
478
500
542
582
613
637
645
658
676
678
694
690
667
656
620
587
554
518
469
434
379
319
286
227
171
122
60
12
-46
-117
-164
-229
-269
-281
-292
-287
-270
-240
-196
-145
-119
-80
-43
-32
-23
-23
-15
-39
-49
-34
-35
-45
-68
-71
-82
-99
-107
-140
-181
-211
-254
-307
-355
-410
-469
-534
-596
-651
-693
-712
-716
-696
-675
-651
-626
-603
-551
-502
-463
-414
-369
-339
-311
-267
-233
-207
-176
-144
-106
-80
-47
-20
-10
0
9
31
31
22
25
10
-11
-24
-46
-72
-114
-125
-130
-132
-108
-99
-78
-50
-11
33
85
132
163
197
238
286
344
391
426
479
522
551
579
593
610
633
659
684
682
678
660
636
615
577
551
514
482
468
447
437
419
399
385
373
361
346
336
320
310
308
299
