69
61
51
40
21
16
-6
-23
-49
-66
-80
-100
-112
-138
-156
-170
-180
-186
-181
-185
-193
-187
-177
-154
-134
-110
-96
-79
-56
-32
9
43
69
103
137
174
200
227
252
277
303
325
360
391
402
406
410
402
389
381
358
320
291
260
228
206
163
132
104
59
19
-23
-67
-107
-156
-205
-240
-273
-309
-331
-362
-389
-407
-422
-427
-418
-413
-407
-402
-402
-386
-360
-326
-288
-247
-212
-168
-135
-100
-46
-14
28
69
105
155
198
251
290
329
371
402
438
469
504
532
543
555
549
535
540
540
530
509
486
462
425
400
370
346
326
299
259
215
184
146
94
48
-2
-59
-88
-120
-144
-161
-183
-198
-215
-221
-212
-192
-171
-161
-151
-130
-122
-112
-90
-66
-28
0
23
58
103
142
179
209
233
267
291
322
353
361
365
348
323
295
259
216
151
93
40
-22
-91
-154
-225
-303
-372
-445
-520
-589
-651
-707
-773
-840
-903
-968
-1022
-1067
-1104
-1131
-1138
-1139
-1133
-1103
-1085
-1046
-997
-955
-901
-835
-760
-690
-623
-565
-488
-415
-342
-267
-206
-139
-75
7
88
153
215
278
322
364
408
439
474
494
507
508
498
487
479
469
456
435
397
372
337
295
259
231
207
181
152
122
100
68
30
-5
-32
-46
-79
-102
-130
-156
-171
-184
-182
-190
-190
-189
-183
-169
-155
-125
-109
-94
-85
-66
-44
-25
7
43
84
113
163
213
252
301
350
389
429
452
468
490
516
562
582
593
609
629
644
664
685
682
665
620
580
523
476
431
349
276
191
92
-9
-99
-174
-236
-298
-367
-456
-533
-598
-664
-718
-796
-868
-943
-1010
-1054
-1079
-1086
-1086
-1064
-1032
-987
-928
-870
-781
-685
-608
-514
-424
-335
-240
-160
-66
29
133
245
345
445
557
663
764
855
937
996
1055
1107
1142
1159
1155
1144
1104
1048
984
917
830
754
690
613
560
500
439
386
307
221
154
82
1
-63
-131
-193
-251
-329
-395
-438
-473
-499
-515
-517
-505
-486
-452
-406
-369
-341
-318
-310
-295
-279
-257
-224
-217
-198
-168
-139
-106
-70
-21
17
65
119
187
262
329
389
456
513
549
596
647
701
770
843
923
1001
1082
1158
1219
1288
1345
1385
1395
1370
1344
1284
1211
1117
976
844
700
547
388
232
108
-19
-134
-252
-380
-514
-632
-751
-895
-1028
-1175
-1318
-1433
-1537
-1623
-1693
-1737
-1738
-1705
-1636
-1533
-1388
-1220
-1050
-866
-695
-536
-385
-234
-91
32
147
245
337
433
531
625
738
844
923
1003
1075
1123
1168
1180
1162
1131
1058
958
839
704
550
388
223
67
-85
-230
-364
-497
-610
-737
-846
-937
-1031
-1109
-1194
-1277
-1362
-1445
-1519
-1588
-1629
-1655
-1671
-1662
-1636
-1576
-1514
-1439
-1350
-1276
-1180
-1101
-1023
-941
-877
-809
-745
-685
-636
-582
-512
-429
-320
-222
-112
2
105
218
321
429
523
597
657
710
768
814
889
979
1068
1162
1258
1362
1472
1573
1677
1761
1825
1854
1828
1789
1709
1613
1484
1315
1146
947
769
591
423
279
113
-42
-205
-345
-454
-559
-644
-757
-883
-1033
-1188
-1315
-1431
-1530
-1601
-1659
-1696
-1696
-1656
-1550
-1405
-1208
-989
-761
-536
-295
-28
222
484
700
895
1067
1175
1279
1373
1471
1562
1644
1735
1811
1895
1972
2026
2066
2064
2035
1966
1862
1742
1574
1364
1133
898
651
409
182
-33
-250
-473
-680
-863
-1037
-1180
-1320
-1447
-1562
-1694
-1805
-1905
-1975
-2021
-2058
-2063
-2051
-2023
-1982
-1915
-1824
-1715
-1601
-1495
-1384
-1279
-1154
-1022
-891
-751
-622
-508
-391
-251
-120
8
145
268
362
451
551
633
718
801
877
961
1037
1107
1187
1259
1346
1435
1520
1606
1691
1780
1868
1947
2011
2069
2099
2124
2115
2086
2037
1956
1871
1723
1557
1376
1169
977
781
568
358
132
-86
-300
-511
-687
-843
-986
-1138
-1279
-1407
-1536
-1639
-1740
-1848
-1948
-2030
-2089
-2109
-2089
-2036
-1936
-1803
-1644
-1433
-1179
-886
-557
-227
100
423
718
996
1240
1452
1609
1721
1804
1832
1845
1856
1854
1848
1845
1831
1791
1724
1651
1546
1396
1220
1003
753
466
159
-159
-468
-769
-1065
-1334
-1584
-1803
-1973
-2102
-2196
-2265
-2319
-2360
-2378
-2377
-2373
-2353
-2311
-2254
-2193
-2122
-2032
-1920
-1781
-1622
-1455
-1285
-1100
-917
-732
-577
-442
-313
-209
-98
-3
85
191
304
412
517
616
723
822
910
999
1067
1124
1170
1187
1190
1197
1197
1210
1223
1246
1286
1331
1409
1487
1567
1651
1731
1796
1819
1822
1766
1691
1594
1450
1272
1054
830
589
344
99
-138
-346
-549
-726
-890
-1049
-1184
-1324
-1449
-1578
-1736
-1879
-2013
-2144
-2245
-2333
-2404
-2439
-2453
-2431
-2366
-2252
-2086
-1871
-1621
-1349
-1048
-729
-378
-7
355
711
1043
1368
1666
1932
2177
2371
2542
2659
2732
2787
2791
2788
2768
2715
2632
2508
2357
2170
1977
1750
1498
1221
901
574
221
-133
-470
-810
-1148
-1447
-1730
-1979
-2170
-2342
-2488
-2594
-2672
-2723
-2727
-2721
-2687
-2614
-2530
-2414
-2282
-2124
-1948
-1759
-1542
-1333
-1117
-888
-664
-442
-225
-26
149
312
475
618
736
844
951
1064
1178
1300
1404
1492
1569
1619
1637
1654
1678
1668
1657
1632
1599
1562
1517
1503
1500
1520
1558
1609
1655
1711
1790
1884
1977
2032
2049
2011
1915
1800
1665
1495
1270
994
709
402
92
-196
-467
-705
-945
-1160
-1367
-1535
-1664
-1782
-1866
-1978
-2090
-2195
-2290
-2348
-2393
-2432
-2439
-2423
-2388
-2315
-2195
-2015
-1776
-1507
-1216
-895
-546
-170
234
652
1052
1443
1811
2156
2462
2732
2959
3124
3237
3281
3279
3237
3159
3036
2873
2661
2405
2143
1856
1563
1264
942
605
256
-115
-497
-889
-1276
-1665
-2075
-2464
-2840
-3178
-3441
-3653
-3810
-3935
-4009
-4011
-3957
-3829
-3644
-3434
-3220
-3002
-2772
-2531
-2277
-2015
-1761
-1514
-1264
-995
-720
-428
-133
146
424
663
863
1042
1196
1327
1422
1483
1514
1515
1520
1538
1551
1567
1563
1560
1532
1490
1438
1371
1295
1206
1127
1033
960
921
910
936
1006
1109
1239
1410
1606
1796
1991
2152
2256
2289
2221
2122
1976
1787
1522
1159
783
372
-41
-427
-779
-1091
-1393
-1676
-1939
-2164
-2334
-2453
-2532
-2609
-2707
-2786
-2824
-2809
-2780
-2749
-2715
-2673
-2599
-2475
-2291
-2048
-1740
-1408
-1043
-659
-216
297
827
1363
1864
2333
2765
3189
3609
3950
4191
4326
4382
4382
4308
4188
4018
3750
3393
2978
2525
2054
1603
1154
672
173
-341
-829
-1295
-1754
-2206
-2673
-3149
-3616
-4049
-4444
-4791
-5083
-5301
-5464
-5561
-5541
-5405
-5150
-4822
-4436
-3981
-3459
-2869
-2260
-1642
-1042
-513
-26
404
746
1018
1239
1418
1548
1665
1774
1885
2004
2092
2170
2213
2235
2266
2266
2246
2195
2136
2069
1969
1867
1771
1667
1563
1448
1326
1208
1118
1052
970
888
828
826
890
988
1132
1317
1518
1753
2002
2253
2522
2751
2927
2954
2871
2769
2604
2371
1963
1422
824
188
-423
-992
-1503
-1982
-2410
-2780
-3116
-3363
-3495
-3528
-3502
-3528
-3566
-3556
-3500
-3358
-3191
-3031
-2861
-2673
-2415
-2097
-1719
-1266
-765
-250
240
748
1334
1960
2621
3219
3704
4131
4500
4877
5179
5362
5433
5366
5206
4930
4598
4203
3706
3144
2474
1729
979
261
-392
-1029
-1668
-2305
-2927
-3431
-3852
-4229
-4604
-4988
-5285
-5624
-5917
-6105
-6214
-6225
-6257
-6212
-6103
-5878
-5440
-4931
-4349
-3763
-3172
-2484
-1775
-1044
-368
268
881
1334
1715
2036
2312
2582
2747
2791
2697
2566
2494
2371
2198
1973
1688
1411
1161
969
825
732
674
616
588
576
640
784
892
978
1018
1066
1166
1266
1385
1449
1481
1515
1626
1840
2056
2359
2673
2967
3288
3563
3921
4214
4410
4472
4147
3759
3303
2831
2283
1399
486
-555
-1544
-2399
-3279
-3912
-4531
-5052
-5420
-5782
-5869
-5812
-5548
-5217
-5038
-4748
-4423
-3938
-3316
-2762
-2216
-1799
-1314
-741
-183
487
1114
1737
2329
2841
3423
4003
4617
5222
5645
5957
6153
6323
6516
6524
6342
5900
5318
4664
3879
3069
2098
1047
-52
-1192
-2211
-3182
-3974
-4602
-5204
-5697
-6135
-6375
-6401
-6313
-6152
-6056
-5937
-5824
-5606
-5296
-5032
-4732
-4489
-4183
-3837
-3440
-2875
-2312
-1677
-1080
-557
-13
485
1077
1572
1895
2101
2155
2250
2310
2301
2262
2098
1923
1713
1510
1334
1127
1021
855
631
429
228
160
151
192
255
278
430
668
943
1278
1541
1867
2180
2450
2806
3034
3258
3438
3537
3726
3854
4081
4319
4479
4695
4750
4925
5166
5215
5154
4480
3612
2835
2021
1298
-20
-1491
-2874
-4298
-5331
-6386
-7060
-7427
-7793
-7826
-7966
-7674
-6921
-6082
-5042
-4467
-3865
-3082
-2236
-1093
-362
250
759
1154
1831
2358
2982
3605
4035
4466
4647
4923
5338
5712
6102
6154
6056
5894
5669
5600
5345
4897
4176
3199
2298
1380
546
-379
-1439
-2438
-3461
-4293
-4918
-5300
-5445
-5644
-5775
-5809
-5669
-5257
-4768
-4215
-3848
-3657
-3446
-3212
-2854
-2646
-2558
-2532
-2609
-2551
-2463
-2264
-1946
-1685
-1394
-1187
-941
-543
-72
439
705
816
922
1041
1271
1388
1376
1278
1072
885
662
485
366
170
-76
-367
-591
-593
-500
-355
-236
-169
47
362
826
1330
1704
2037
2311
2634
3025
3294
3558
3763
3869
4019
4089
4322
4614
4795
5011
4985
5071
5328
5494
5556
4623
3147
1881
811
74
-1573
-3675
-5475
-7149
-8080
-9061
-9583
-9381
-9174
-8544
-8256
-7554
-6016
-4448
-2671
-1821
-1363
-592
195
1567
2348
2577
2672
2496
2907
3205
3521
4030
4201
4459
4333
4281
4643
4899
5248
5065
4532
4111
3707
3733
3644
3243
2509
1422
688
205
-155
-566
-1213
-1762
-2338
-2784
-2918
-2851
-2594
-2567
-2737
-2906
-2956
-2652
-2326
-2171
-2395
-2858
-3082
-3133
-3062
-3254
-3585
-3712
-3856
-3833
-3747
-3399
-2701
-2094
-1452
-941
-346
539
1318
2029
2253
2130
2083
1960
1945
1570
985
461
-288
-853
-1418
-1838
-1955
-2161
-2207
-2268
-2162
-1689
-1200
-511
51
477
1068
1731
2686
3466
3890
4172
4346
4664
4878
4921
4929
4894
4854
4761
4707
4816
4937
4968
4885
4718
4598
4689
4912
4903
4011
1978
38
-1156
-1890
-3186
-5681
-7933
-9556
-10414
-10608
-10566
-9685
-8652
-7600
-6365
-5142
-3120
-1030
703
1844
1807
1831
2057
2679
3275
2692
1815
920
683
1025
1131
1552
1806
1924
2057
2087
2696
3299
3628
3619
3006
2582
2379
2562
2913
2766
2413
1841
1632
1946
2237
2464
2244
1857
1420
859
556
179
-348
-1200
-2421
-3571
-4520
-4814
-4787
-4971
-5304
-5677
-5378
-4593
-3692
-2826
-2437
-2262
-2436
-2437
-1900
-1410
-905
-857
-966
-802
-477
390
1123
1589
1742
1323
998
619
325
-187
-1443
-2820
-4224
-5106
-5318
-5188
-4659
-4278
-3762
-2840
-1594
30
1489
2716
3473
3733
4023
4314
4691
4872
4658
4210
3678
3623
3940
4336
4525
4392
4353
4287
4392
4575
4616
4600
4087
3568
3266
3186
3761
4103
3929
2520
-122
-1785
-2460
-2595
-3905
-6933
-9224
-10617
-10734
-10134
-9406
-7859
-6681
-5471
-3956
-2444
-116
1729
2796
2919
1848
1324
1064
1299
1474
383
-703
-1435
-899
443
1218
1968
2265
2369
2522
2600
3268
3637
3481
2960
1972
1615
1945
2868
3663
3702
3753
3935
4531
5217
5476
5205
4045
2383
491
-1347
-2702
-4003
-5512
-7170
-8507
-8836
-8402
-7303
-5886
-4696
-3641
-2523
-1044
506
1659
2293
2089
913
-340
-972
-1184
-1537
-2377
-3068
-3472
-3386
-2506
-1355
-254
297
316
-12
-625
-943
-1295
-2339
-3933
-5520
-6336
-6310
-5657
-4418
-3234
-2098
-639
1072
2785
4090
5047
5501
5242
4681
4303
4128
4008
3693
3216
2788
2717
3364
4214
4840
5058
5155
5401
5626
5804
5731
5323
4885
4263
3625
3315
3328
4068
4095
3334
1398
-1325
-2425
-3031
-3558
-5893
-9201
-10481
-10753
-9874
-8879
-7573
-5248
-3643
-1973
-369
944
2865
3587
3453
2119
162
-288
-674
-740
-1396
-2552
-2667
-2199
-795
329
887
1751
2245
2463
2413
2426
2969
2909
2532
2080
1945
2750
3926
5224
5881
6235
6632
6966
6928
6148
4755
2572
-86
-2935
-5589
-7707
-9060
-9767
-10147
-10109
-9071
-7092
-4631
-2115
35
1820
2951
3924
4622
4615
3838
2435
1046
-469
-2041
-3392
-4452
-5114
-5347
-5261
-4840
-4233
-3356
-2328
-1687
-1439
-1554
-1702
-1966
-2542
-3307
-4232
-4834
-4896
-4552
-3954
-3104
-1695
-98
1282
2492
3616
4649
5161
5039
4372
3475
2786
2211
1589
1013
811
1112
1649
2398
3437
4526
5696
6589
7096
7202
6898
6700
6192
5330
4486
3631
3194
3186
3467
4146
4139
3583
1396
-2105
-4089
-4724
-4848
-7536
-11029
-12252
-11987
-10619
-9350
-6982
-3964
-1555
391
1894
3107
4322
4642
3588
1369
-1236
-2490
-3117
-2985
-3159
-3681
-3286
-1977
-149
796
1511
2432
2956
2365
1654
1511
1892
2233
2333
2660
3087
4616
6532
8123
8644
8515
8091
6821
4920
2452
-145
-3126
-5930
-8513
-10338
-10786
-9790
-7945
-6168
-3964
-1305
1527
3952
5808
6681
6311
5114
3669
1974
56
-1651
-3117
-4110
-4689
-4392
-3802
-3755
-4375
-5143
-5341
-5271
-5105
-5212
-5256
-4923
-4155
-3183
-2231
-968
369
1138
911
298
-227
-491
-880
-1530
-2194
-2698
-2399
-1614
-539
543
1538
2376
2672
2787
2915
2917
2791
2540
2209
2091
2421
3666
5383
6780
7808
8552
9280
9720
9604
9019
7722
6178
4720
3343
2226
1682
1660
2093
2468
2395
1356
-2234
-5222
-6234
-5579
-6331
-10182
-12204
-12200
-10115
-8319
-6404
-2940
372
2877
3608
3940
4629
5328
4009
1359
-1828
-3915
-4670
-4833
-4089
-4100
-3453
-1991
-73
1106
1475
2123
2720
2269
967
154
-83
839
1915
3141
4010
5023
6739
8017
8510
8040
7162
5364
2822
-247
-2844
-4863
-6291
-7230
-8209
-7796
-5933
-2930
-305
1566
3291
4461
4984
4753
4022
2570
650
-1258
-2816
-3880
-4283
-3981
-3525
-3089
-2764
-2500
-2391
-2470
-2773
-3761
-5080
-5773
-5523
-4827
-4179
-3219
-1880
-761
106
615
804
523
-261
-1470
-3142
-4489
-5093
-5006
-4805
-4251
-3051
-1351
544
1993
2997
3516
3966
4199
3812
3378
3526
4336
5334
6240
7146
8145
9113
9941
10055
9093
7672
6135
4752
3044
1517
575
-61
-666
-1101
-334
1415
3674
4663
4307
638
-4258
-6958
-6928
-5718
-8727
-11441
-11821
-9295
-5913
-3469
815
4289
6165
5348
3350
1606
544
-1037
-3599
-6507
-8548
-8077
-6551
-3533
-963
764
2081
2828
2819
1544
304
-129
-784
-2474
-3350
-2826
-390
2732
5866
8269
9182
9895
10192
9769
8058
5730
2630
-843
-4226
-6091
-6244
-5702
-4350
-3574
-2533
-1178
889
2770
3216
2712
1527
295
-810
-1132
-1066
-1124
-1357
-1335
-932
-611
-433
-438
-924
-1923
-3353
-4557
-5265
-5695
-5979
-6185
-5636
-4525
-2950
-1889
-1225
-683
-736
-1052
-2141
-3096
-4067
-4985
-5419
-5664
-5211
-4506
-3071
-1362
135
1425
2363
3315
3636
3666
3537
3705
4185
4480
4853
5380
6466
7454
8030
8029
7645
7075
6036
4880
3525
2591
1871
1476
1290
1006
1447
2098
2915
3389
3726
4803
5908
6457
4930
-230
-6062
-8962
-7495
-5251
-6524
-7999
-7366
-4198
-1423
-117
2334
4825
5499
2826
-1224
-3930
-4580
-4563
-4908
-5911
-6646
-5414
-2792
377
2209
2463
2111
1489
278
-1714
-3285
-3142
-2033
-1364
-803
380
3016
6139
8643
9636
8856
7428
5944
4594
3236
1819
439
-746
-1914
-2210
-1626
-499
233
-369
-1246
-1934
-1817
-1200
-712
-361
-228
35
843
1789
2511
2357
1236
-36
-1405
-2648
-3944
-4847
-4965
-4914
-5270
-5720
-5332
-4150
-3297
-3340
-4011
-4398
-4105
-3836
-3783
-4112
-4066
-3564
-3077
-2661
-2539
-2306
-1951
-1649
-1572
-1871
-1994
-1519
-506
786
1684
2499
3280
3905
4389
4743
5027
4833
4448
4143
4335
4622
4789
4779
4644
4537
3995
3379
2785
2600
2640
2771
3034
3012
3603
4275
4688
4911
4828
6149
7399
7864
4541
-3829
-10501
-12375
-8657
-6271
-7652
-7869
-5951
-1426
718
1371
3205
5393
5377
921
-4592
-8196
-8058
-6195
-4161
-3747
-4275
-3000
-540
2604
3324
1657
-407
-2369
-3647
-5136
-5459
-3676
-1381
763
2211
3507
5094
6583
7587
7465
6191
4380
3063
2243
2660
3151
3648
3972
3016
2073
734
326
-419
-2118
-3700
-4640
-3845
-2421
-352
1517
2918
3433
3488
3477
2546
802
-1509
-2904
-3753
-4450
-4897
-4651
-3379
-2287
-1895
-2583
-3215
-3560
-3946
-4327
-4980
-4711
-3882
-2583
-1394
-1105
-958
-1281
-1753
-2709
-3965
-4903
-5561
-5347
-4434
-3005
-1408
45
1257
2192
2690
2887
2819
2127
1556
1499
2368
3582
4235
4928
5716
6299
6094
5098
4090
3337
2689
2477
2723
3416
4695
6170
7382
7692
7075
6147
5479
4594
4232
3867
3387
745
-6043
-11438
-12330
-7140
-2647
-2708
-2980
-2338
827
1482
355
359
1053
1682
-710
-4266
-7049
-7248
-4732
-1831
-1160
-2944
-4355
-3880
-2013
-1022
-1729
-2557
-2846
-2331
-1768
-1201
332
1944
3326
3704
2837
1654
1355
2106
3137
3762
4173
5006
5344
5760
5906
5885
5221
3272
1114
-1215
-2604
-3119
-2980
-2772
-2532
-1542
77
1660
2241
2289
1943
1645
1218
554
-255
-1205
-1559
-1550
-1482
-2050
-3051
-3500
-3564
-3683
-4472
-5359
-5042
-4072
-3107
-2580
-2582
-2220
-1852
-1873
-2485
-4142
-5615
-6207
-5984
-5301
-4771
-3798
-2527
-1288
-426
24
347
388
130
-255
15
1016
2210
3154
3873
4866
5873
6297
6008
5160
4532
3935
3276
2989
3003
3772
4771
5807
6783
7291
7609
7168
5940
4797
3707
2837
2401
2419
3533
3853
982
-4336
-9582
-9445
-5293
-3075
-2819
-3463
-1627
269
-780
-1361
-1295
-615
-1248
-3577
-5659
-7353
-7807
-5738
-2778
-1513
-2162
-3227
-2374
-1326
-1607
-2598
-3542
-3288
-2273
-1146
-61
474
644
1471
2181
2306
1441
555
870
1386
2586
4521
6555
7846
7681
7112
6127
4142
1974
278
-425
-959
-1821
-2010
-1602
-773
342
1679
2857
2787
1730
769
486
537
82
-739
-1583
-2012
-2380
-2998
-3872
-4869
-4994
-4595
-3922
-3669
-3700
-3061
-2310
-1711
-1810
-2336
-2758
-3334
-4037
-4666
-5129
-5385
-4866
-3818
-2568
-1886
-1910
-1882
-1834
-1321
-917
-312
371
854
1293
1988
3546
4849
5526
5250
4958
4798
4251
3403
2630
2600
3046
3707
4304
5089
5429
6063
6596
6838
6924
6352
5982
4918
4022
3505
3024
3107
3134
3936
4647
2166
-3233
-8819
-8867
-4594
-3202
-4056
-4524
-1578
377
-1546
-2385
-1840
-1065
-2168
-4000
-4808
-5911
-6740
-5327
-2717
-1343
-1952
-2551
-1074
375
-2
-1572
-2582
-2895
-2509
-1563
61
961
96
-52
501
1301
1284
1260
2365
3150
3630
4444
5711
6888
7260
7182
6975
5450
3170
916
-47
51
-659
-1719
-2345
-1630
-479
267
966
1503
1290
471
-5
-114
-659
-2236
-3664
-3864
-3548
-3650
-4015
-3721
-2736
-2498
-2615
-2359
-1788
-1391
-2083
-2434
-2779
-3282
-3444
-3446
-2815
-2670
-2885
-3139
-3542
-4000
-4363
-4251
-3786
-3369
-3058
-2081
-305
1499
2623
3160
3374
3443
3163
3220
3500
3464
3464
3529
4201
4540
4325
4117
3908
3730
3415
3162
3335
3800
4487
5127
5364
5412
4929
4340
3643
3301
2837
1584
892
1251
1713
-48
-3738
-5470
-3480
-1384
-1669
-3237
-2938
-1401
-1920
-2678
-2235
-1109
-1340
-2407
-2396
-2245
-3221
-4368
-4011
-3354
-3493
-4207
-3738
-2106
-948
-518
-386
-531
-1106
-1695
-1603
-1164
-1660
-2478
-2743
-2086
-1148
-38
1311
2580
3341
3639
4297
4765
4910
4332
3835
3658
3392
2886
1967
1507
1335
1047
70
-945
-1272
-715
275
1079
1580
1255
596
129
60
-171
-1346
-2990
-4030
-4149
-3892
-3810
-3564
-2731
-2073
-1912
-1742
-996
-309
-671
-1659
-2409
-2634
-2691
-2547
-2026
-1426
-1289
-1964
-3000
-3844
-4408
-4785
-5120
-5102
-4576
-3623
-2115
-267
1525
2416
2313
2153
2530
2973
2725
1861
1415
1987
2736
3241
3362
3528
3654
3629
3661
3405
2942
2564
2911
3554
4203
4531
4630
4787
4857
5061
4814
4162
3266
2807
3160
2982
1151
-1122
-1021
1356
2919
2355
1594
1939
2020
843
-2
309
395
-470
-1441
-1767
-2313
-3471
-4104
-3868
-3831
-4717
-5514
-4778
-3028
-1987
-1931
-2178
-2715
-3608
-4328
-4150
-3800
-4291
-4666
-3868
-2251
-946
-194
656
1558
1972
2120
2404
2830
3152
2926
2484
2007
1606
1455
1471
1958
2329
2075
1433
1049
1335
1867
2351
2556
2302
1590
954
855
1025
747
-383
-1747
-2516
-2539
-2332
-2372
-2346
-2091
-1909
-1702
-1369
-865
-529
-701
-1108
-1719
-2379
-2587
-2495
-2346
-2649
-3659
-4741
-5600
-5833
-5665
-5500
-5151
-4464
-3305
-1930
-442
869
1497
1201
497
381
793
1195
1317
1502
2278
3279
3960
4099
3763
3343
3205
3241
3195
2923
2822
3400
4243
4948
5329
5487
5662
5914
6130
5654
4492
3653
3457
2721
541
-1041
122
2377
3308
3052
3104
3039
1530
34
446
1362
445
-1727
-3205
-3417
-3721
-4427
-4516
-4488
-4947
-5728
-5706
-4659
-4115
-4378
-4511
-4242
-4293
-4898
-4988
-3918
-3015
-2907
-2962
-2905
-2493
-1914
-959
154
596
634
792
1623
3037
3838
3731
3411
3340
3421
3067
2624
2531
2396
2040
1661
1668
1909
2051
2113
2444
2665
2238
1398
660
679
699
46
-897
-1572
-1981
-2553
-3179
-3377
-3304
-3444
-3321
-2802
-2056
-1662
-1571
-1271
-1012
-1192
-2045
-2996
-3562
-3650
-3844
-4283
-4641
-4705
-4382
-4000
-3540
-3128
-2816
-2587
-2211
-1693
-1210
-913
-876
-626
73
1211
1989
2103
2202
2684
3269
3229
2775
2137
1571
1335
1571
2290
2910
3508
4345
5454
6325
6418
6099
5823
5939
6026
5619
4964
4596
4729
4381
2779
1054
1181
2753
3628
3180
2652
2380
1259
-100
-67
1109
1129
-296
-1476
-1684
-1570
-1987
-2269
-2596
-3560
-4699
-5059
-4408
-3856
-4044
-4195
-3826
-3783
-4323
-4524
-3520
-2540
-2633
-3069
-3061
-2641
-2205
-1382
-165
811
972
957
1533
2653
3566
3658
3374
3047
3004
2930
2683
2679
2664
2252
1609
1285
1660
2102
2156
2157
1833
1221
531
177
279
275
-199
-817
-1149
-1330
-1648
-2336
-2975
-3551
-3948
-3773
-2925
-1876
-1379
-1402
-1578
-1605
-1884
-2518
-3219
-3594
-3614
-3661
-3755
-3819
-3644
-3338
-2951
-2672
-2472
-2392
-2463
-2272
-1989
-1782
-1823
-1765
-1065
-20
956
1534
1792
1886
1878
2039
2327
2386
2092
1905
2019
2242
2464
2835
3451
3955
4204
4283
4297
4193
4167
4421
4738
4728
4372
4213
4258
4213
4011
3964
3974
3106
1376
607
1627
2681
2463
1978
2321
2279
875
-276
198
754
-153
-1644
-2616
-2942
-3383
-3581
-3200
-3488
-4288
-4779
-4466
-3849
-4052
-4529
-4512
-4302
-4419
-4823
-4750
-3837
-2960
-2512
-2197
-1865
-1345
-710
317
1451
1989
2126
2359
2814
3105
2827
2265
1986
2014
2109
1957
1777
1951
2218
2267
2147
2112
2084
1787
1401
1194
979
551
75
-162
-284
-599
-1310
-2079
-2434
-2519
-2548
-2513
-2142
-1612
-1420
-1599
-1785
-1902
-2343
-3098
-3584
-3541
-3397
-3443
-3509
-3337
-3383
-3835
-4084
-3830
-3381
-3345
-3590
-3572
-3283
-2983
-2777
-2468
-1836
-1177
-663
-85
533
890
927
1019
1331
1310
700
203
309
976
1655
2053
2425
2838
3165
3401
3480
3338
3288
3489
4036
4520
4615
4633
4785
4869
4479
3912
3665
3774
3921
4034
4281
4832
5325
4950
3711
2684
2781
3183
2894
2123
1503
687
-855
-2079
-2108
-1673
-1971
-2863
-3393
-3388
-3335
-3407
-3301
-3068
-3014
-3098
-3111
-2935
-2740
-2550
-2139
-1873
-2000
-2270
-2068
-1041
37
679
790
820
1098
1243
1029
571
596
819
845
891
1125
1495
1558
1456
1377
1420
1387
1379
1563
1656
1445
1071
988
1123
1189
898
421
83
-331
-897
-1262
-1253
-1240
-1415
-1481
-1387
-1304
-1200
-1157
-1365
-1714
-2029
-2352
-2570
-2673
-2724
-2705
-2731
-2829
-3006
-3249
-3222
-2867
-2674
-3002
-3547
-3592
-3164
-2529
-1954
-1550
-1110
-663
-405
-328
-300
-280
-304
-696
-1048
-1086
-783
-173
374
1005
1339
1385
1615
1972
2243
2401
2512
2859
3556
3997
4270
4528
4831
5097
4712
3961
3366
3084
3145
3261
3477
3965
4241
4339
4417
4394
4347
3988
3314
2644
2157
1745
985
-351
-1295
-1102
-537
-500
-740
-649
-742
-1628
-2358
-1865
-1329
-1778
-2733
-3277
-3141
-3019
-2733
-2131
-1906
-2181
-2269
-1714
-925
-649
-876
-932
-893
-1227
-1732
-1908
-1432
-866
-779
-873
-969
-1031
-905
-456
95
352
270
428
1040
1498
1521
1115
681
521
317
-65
-329
-461
-828
-1363
-1608
-1411
-1019
-748
-527
-89
65
-192
-577
-899
-1083
-1452
-1713
-1788
-1748
-1681
-1727
-1613
-1379
-1451
-1917
-2196
-2129
-2072
-2268
-2668
-3022
-3035
-2711
-2261
-1740
-1355
-1199
-1370
-1671
-1955
-2202
-2402
-2618
-2564
-2318
-1890
-1196
-426
41
90
-60
-223
-204
-33
488
1227
1934
2436
2654
2678
2571
2580
2717
2774
2580
2579
2943
3420
3846
3955
3814
3516
3184
2877
2626
2498
2346
2244
2241
2096
1811
1796
2080
2146
1860
1368
1051
921
874
909
798
877
975
619
-61
-316
339
1028
980
740
750
546
104
45
749
1376
1237
1017
941
767
400
-146
-591
-1023
-1597
-1798
-1496
-1036
-758
-692
-367
-1
-4
-194
-159
128
69
-360
-530
-466
-598
-772
-747
-589
-548
-805
-993
-862
-612
-335
-266
-326
-345
-344
-222
-159
-300
-570
-641
-400
-41
41
-147
-188
-132
-289
-762
-1164
-1345
-1441
-1628
-1754
-1752
-1721
-1608
-1579
-1532
-1565
-1666
-1821
-2125
-2397
-2500
-2536
-2648
-2584
-2227
-1747
-1461
-1250
-1105
-1084
-1044
-1045
-827
-566
-437
-198
288
890
1257
1317
1337
1403
1197
791
587
771
1103
1388
1724
1977
2069
2157
2256
2301
2217
1919
1606
1453
1400
1443
1444
1395
1414
1353
1216
1030
856
595
204
96
153
227
392
611
840
949
990
989
876
696
606
582
642
797
1106
1750
2545
3275
3716
3655
2983
2045
1562
1754
1958
1671
1428
1574
1711
1336
925
1104
1153
703
225
23
30
-130
-313
-302
-628
-1255
-1595
-1534
-1450
-1839
-2389
-2636
-2763
-2840
-2667
-2204
-1753
-1712
-1934
-2089
-2279
-2630
-2970
-3087
-2844
-2469
-2100
-1650
-1159
-604
-382
-557
-758
-930
-1078
-1285
-1372
-1255
-1186
-1280
-1271
-1045
-890
-952
-1148
-1199
-1116
-1135
-1198
-1178
-1156
-1144
-1090
-823
-469
-321
-300
-257
-119
-180
-410
-502
-518
-609
-690
-650
-492
-299
-65
246
306
22
-134
0
163
200
-28
-381
-684
-840
-806
-861
-1071
-1266
-1259
-1178
-1115
-996
-894
-925
-1092
-1240
-1345
-1340
-1192
-917
-618
-417
-177
120
355
470
440
355
404
536
614
699
886
1300
1759
2087
2450
2923
3439
3706
3625
3389
3111
2937
2767
2583
2542
2639
2824
2965
3028
3103
3195
3203
3272
3547
3945
4262
4155
3501
2597
2055
2142
2367
2319
2179
2156
1964
1454
1216
1463
1637
1305
804
497
146
-325
-841
-1356
-1929
-2277
-2123
-1859
-1835
-2061
-2220
-2096
-2019
-2206
-2584
-2918
-2967
-2915
-3011
-3191
-3329
-3485
-3539
-3316
-2959
-2756
-2594
-2114
-1524
-1200
-1154
-1076
-885
-668
-485
-314
31
442
694
697
568
464
372
318
436
811
1139
1193
1271
1546
1737
1598
1262
1023
936
810
610
470
306
-104
-648
-947
-978
-1027
-1171
-1286
-1323
-1436
-1676
-1834
-1851
-1984
-2200
-2273
-2176
-2156
-2350
-2413
-2291
-2172
-2096
-2080
-2177
-2294
-2364
-2329
-2182
-2116
-2085
-1893
-1424
-874
-367
115
545
1006
1429
1624
1599
1518
1477
1566
1660
1724
1827
1935
2070
2216
2350
2364
2305
2324
2515
2787
3004
3161
3137
2901
2565
2307
2225
2283
2395
2419
2410
2464
2504
2516
2620
2777
2823
2689
2492
2496
2580
2456
2033
1414
1061
1151
1387
1430
1319
1210
1031
705
305
82
-132
-505
-891
-1257
-1635
-1993
-2195
-2303
-2498
-2835
-3098
-3188
-3113
-2957
-2902
-2888
-2870
-2777
-2547
-2275
-2051
-1875
-1718
-1507
-1363
-1467
-1603
-1487
-1099
-698
-465
-281
-5
337
681
825
642
364
244
328
475
576
586
473
262
67
-24
-129
-277
-403
-495
-574
-754
-1015
-1225
-1376
-1578
-1847
-1951
-1904
-1876
-1884
-1864
-1852
-1930
-2110
-2373
-2645
-2903
-3129
-3276
-3381
-3437
-3295
-2986
-2608
-2234
-2021
-1913
-1734
-1457
-1210
-1055
-936
-836
-817
-802
-700
-560
-417
-268
-68
125
252
388
648
1021
1458
1844
2151
2470
2673
2691
2616
2578
2610
2576
2500
2546
2749
2954
3040
3049
3121
3219
3273
3288
3150
2947
2779
2589
2368
2142
1994
2042
2219
2328
2343
2330
2303
2233
2139
2045
1998
1989
1957
1910
1941
2115
2246
2056
1617
1313
1244
1209
1043
908
812
453
-53
-235
100
449
414
102
-223
-490
-686
-863
-1080
-1265
-1355
-1249
-1024
-780
-586
-444
-309
-261
-439
-721
-735
-440
-143
-21
84
176
241
375
539
596
400
141
-19
-183
-363
-587
-821
-976
-1107
-1319
-1534
-1589
-1501
-1499
-1743
-2035
-2246
-2445
-2620
-2772
-2908
-3011
-3017
-2901
-2812
-2758
-2682
-2637
-2628
-2644
-2630
-2536
-2347
-2161
-2149
-2317
-2389
-2196
-2049
-2161
-2369
-2466
-2422
-2405
-2433
-2396
-2306
-2136
-1893
-1621
-1253
-888
-661
-587
-620
-689
-665
-496
-249
-35
211
635
1038
1280
1375
1521
1741
1809
1755
1698
1661
1618
1669
1804
1860
1757
1683
1774
1942
2062
2006
1829
1624
1382
1200
1212
1359
1539
1698
1803
1842
1797
1770
1868
1915
1731
1478
1377
1450
1540
1672
1910
2135
2318
2483
2622
2706
2746
2745
2753
2705
2587
2568
2803
3203
3415
3390
3312
3214
2915
2439
1984
1678
1528
1363
1182
1011
901
926
958
832
491
-5
-423
-656
-819
-1045
-1391
-1693
-1868
-2009
-2118
-2156
-2126
-2094
-2168
-2335
-2513
-2597
-2527
-2433
-2376
-2404
-2517
-2486
-2296
-2215
-2331
-2470
-2433
-2323
-2343
-2353
-2240
-2104
-1999
-1953
-1986
-2132
-2254
-2219
-2212
-2426
-2768
-2896
-2742
-2506
-2445
-2555
-2645
-2701
-2676
-2629
-2588
-2537
-2534
-2516
-2411
-2182
-1907
-1663
-1425
-1227
-1085
-972
-893
-852
-769
-674
-608
-479
-272
-58
57
128
269
473
586
607
688
869
1047
1149
1254
1322
1314
1333
1453
1645
1829
1973
2071
2157
2133
1983
1838
1744
1662
1528
1403
1383
1453
1461
1362
1283
1336
1434
1450
1466
1533
1661
1862
2072
2250
2403
2568
2787
3016
3147
3184
3192
3275
3322
3218
3149
3204
3392
3598
3736
3841
3816
3601
3350
3193
3079
2918
2689
2440
2132
1763
1444
1270
1185
1046
852
702
635
601
553
434
213
-96
-365
-515
-568
-623
-745
-877
-1035
-1285
-1544
-1649
-1590
-1461
-1409
-1402
-1424
-1464
-1575
-1819
-2057
-2246
-2411
-2614
-2749
-2788
-2795
-2890
-3041
-3080
-3062
-3028
-3004
-2931
-2846
-2808
-2773
-2744
-2710
-2633
-2547
-2428
-2280
-2137
-1989
-1921
-1884
-1884
-1879
-1793
-1715
-1663
-1621
-1518
-1397
-1350
-1338
-1274
-1187
-1141
-1203
-1326
-1310
-1155
-910
-732
-699
-691
-672
-645
-592
-497
-433
-492
-619
-694
-798
-855
-727
-553
-467
-518
-548
-399
-188
-90
-109
-158
-108
103
356
619
881
1091
1244
1367
1508
1647
1739
1871
2038
2143
2223
2329
2476
2552
2493
2405
2350
2314
2267
2264
2400
2616
2714
2670
2615
2635
2621
2487
2362
2322
2232
2098
2051
2109
2171
2182
2307
2605
2877
2929
2808
2705
2680
2570
2338
2164
2034
1942
1881
1845
1763
1552
1361
1233
1050
793
527
282
84
-164
-524
-878
-1164
-1323
-1460
-1660
-1888
-2126
-2305
-2414
-2530
-2730
-2980
-3137
-3105
-2963
-2815
-2648
-2512
-2467
-2462
-2419
-2302
-2160
-2041
-1938
-1811
-1661
-1524
-1462
-1407
-1286
-1250
-1347
-1417
-1344
-1231
-1242
-1309
-1308
-1278
-1284
-1297
-1301
-1311
-1311
-1312
-1318
-1400
-1581
-1693
-1644
-1533
-1523
-1630
-1730
-1681
-1572
-1561
-1585
-1606
-1586
-1473
-1330
-1271
-1333
-1404
-1432
-1384
-1259
-1113
-956
-764
-438
-65
153
229
302
532
814
958
990
1029
1188
1410
1514
1475
1358
1260
1218
1219
1280
1358
1410
1465
1537
1568
1603
1685
1790
1853
1785
1620
1458
1421
1431
1438
1435
1473
1685
1988
2242
2356
2308
2144
2021
1995
1989
2014
2139
2366
2604
2740
2793
2852
2930
2972
2900
2818
2795
2855
2928
2932
2894
2773
2623
2509
2408
2215
1959
1661
1328
988
674
484
322
150
41
-18
-79
-132
-202
-332
-539
-746
-880
-1003
-1123
-1235
-1350
-1477
-1624
-1714
-1733
-1754
-1770
-1844
-1929
-1922
-1940
-2009
-2051
-2072
-2079
-2052
-2003
-1937
-1931
-1961
-1980
-2082
-2234
-2386
-2477
-2451
-2375
-2314
-2298
-2302
-2297
-2292
-2309
-2325
-2322
-2359
-2388
-2359
-2218
-2005
-1850
-1759
-1718
-1669
-1514
-1333
-1195
-1104
-1043
-973
-960
-936
-765
-575
-429
-288
-196
-85
34
89
78
-33
-174
-262
-312
-304
-221
-99
4
40
18
-8
-7
50
123
135
101
76
90
149
186
155
194
374
596
766
858
946
1009
1020
1052
1122
1236
1370
1498
1576
1529
1418
1365
1404
1456
1461
1501
1596
1717
1833
1864
1848
1801
1726
1710
1813
1987
2130
2213
2250
2200
2032
1837
1661
1556
1537
1552
1589
1617
1648
1703
1761
1784
1760
1676
1594
1551
1486
1364
1205
1068
955
818
640
492
418
403
404
387
331
221
69
-162
-425
-626
-752
-840
-915
-989
-1092
-1168
-1203
-1252
-1356
-1461
-1554
-1678
-1849
-2041
-2197
-2305
-2361
-2405
-2397
-2317
-2244
-2173
-2060
-1895
-1765
-1740
-1802
-1874
-1867
-1805
-1744
-1681
-1574
-1401
-1155
-880
-637
-447
-313
-239
-263
-374
-547
-694
-756
-773
-802
-842
-814
-694
-514
-332
-251
-319
-462
-577
-664
-740
-836
-923
-928
-864
-762
-683
-640
-602
-544
-489
-420
-349
-340
-375
-394
-340
-229
-79
97
285
420
477
531
622
720
800
858
884
888
902
931
928
886
860
851
849
853
866
936
1062
1163
1202
1198
1134
1120
1221
1360
1506
1596
1639
1716
1790
1784
1726
1672
1697
1814
1893
1876
1851
1865
1857
1828
1827
1834
1851
1933
2029
2048
1959
1794
1650
1490
1276
1072
964
963
953
859
708
581
512
387
121
-180
-394
-517
-585
-692
-877
-1056
-1163
-1148
-1121
-1198
-1274
-1268
-1254
-1301
-1356
-1357
-1300
-1307
-1427
-1536
-1555
-1493
-1411
-1352
-1330
-1275
-1120
-893
-680
-574
-563
-566
-551
-559
-574
-567
-538
-487
-435
-389
-349
-355
-416
-573
-848
-1076
-1172
-1161
-1119
-1138
-1132
-1040
-920
-848
-807
-776
-744
-756
-854
-964
-1068
-1146
-1207
-1273
-1329
-1337
-1345
-1384
-1402
-1402
-1384
-1389
-1408
-1398
-1346
-1301
-1291
-1247
-1147
-1001
-857
-727
-591
-473
-358
-259
-164
-60
10
56
111
190
284
367
399
402
444
549
709
864
973
1054
1187
1430
1669
1816
1824
1752
1749
1815
1862
1884
1910
1980
2049
1983
1832
1735
1706
1679
1565
1410
1372
1532
1792
1964
1996
1983
2009
2032
1957
1847
1778
1683
1519
1289
1050
809
559
368
274
259
292
335
384
399
367
312
266
217
135
60
33
87
149
151
121
138
220
272
272
280
347
382
360
287
185
116
77
49
-1
-80
-193
-294
-358
-396
-420
-476
-580
-656
-680
-731
-820
-904
-954
-1001
-1092
-1248
-1364
-1401
-1430
-1530
-1709
-1770
-1659
-1517
-1439
-1399
-1305
-1168
-1107
-1156
-1240
-1316
-1353
-1377
-1364
-1323
-1306
-1345
-1460
-1595
-1668
-1663
-1570
-1456
-1395
-1340
-1258
-1168
-1165
-1268
-1344
-1313
-1216
-1109
-1022
-935
-829
-741
-684
-660
-641
-606
-514
-415
-339
-214
-34
203
439
642
842
1022
1189
1342
1442
1455
1452
1475
1502
1506
1486
1454
1421
1379
1290
1249
1321
1407
1415
1358
1279
1219
1148
1028
891
732
565
439
382
357
294
239
336
527
687
791
849
819
711
506
221
16
-83
-70
20
132
271
508
777
949
1013
989
980
996
1028
1033
1036
1098
1151
1166
1140
1104
1045
938
770
601
463
323
228
229
343
454
487
516
566
587
491
319
163
32
-66
-189
-350
-471
-554
-607
-652
-758
-883
-952
-989
-1005
-998
-1009
-1041
-1116
-1203
-1248
-1252
-1250
-1254
-1277
-1271
-1210
-1189
-1164
-1120
-1141
-1233
-1335
-1418
-1449
-1454
-1477
-1502
-1526
-1518
-1499
-1513
-1565
-1617
-1623
-1580
-1475
-1345
-1242
-1138
-1007
-872
-757
-692
-621
-545
-516
-526
-567
-608
-662
-730
-782
-756
-657
-529
-329
-73
162
328
430
517
580
572
515
509
568
593
517
416
351
335
310
234
199
237
300
346
402
522
699
831
894
956
1018
1085
1109
1047
977
948
966
1063
1210
1421
1639
1763
1754
1672
1673
1775
1875
1881
1838
1887
2011
2117
2150
2105
2088
2104
2027
1915
1858
1840
1836
1728
1542
1445
1426
1426
1393
1285
1194
1140
1088
1040
966
895
808
693
572
449
351
311
325
312
224
145
178
230
139
-130
-496
-800
-1017
-1224
-1405
-1498
-1533
-1545
-1551
-1553
-1518
-1503
-1559
-1633
-1671
-1679
-1694
-1748
-1792
-1787
-1766
-1790
-1821
-1795
-1741
-1705
-1739
-1795
-1808
-1728
-1593
-1478
-1391
-1300
-1137
-980
-879
-788
-701
-641
-658
-693
-678
-710
-815
-944
-995
-928
-875
-899
-877
-789
-732
-747
-863
-945
-955
-927
-903
-900
-832
-707
-553
-429
-387
-366
-358
-362
-356
-388
-403
-330
-212
-78
104
307
500
618
638
637
599
486
347
314
397
532
651
746
895
1075
1203
1238
1199
1117
1038
932
792
654
533
480
503
555
610
655
728
929
1165
1313
1358
1350
1386
1461
1505
1471
1412
1398
1461
1518
1524
1519
1536
1559
1487
1324
1145
1060
1062
1073
1031
948
931
1023
1153
1173
1020
794
674
628
519
348
222
265
416
521
500
416
357
266
46
-281
-620
-815
-849
-824
-774
-713
-636
-573
-589
-677
-757
-851
-1026
-1266
-1461
-1489
-1413
-1395
-1465
-1509
-1456
-1372
-1386
-1502
-1608
-1611
-1596
-1642
-1653
-1597
-1459
-1315
-1229
-1149
-1068
-1020
-1008
-979
-950
-966
-1072
-1215
-1318
-1418
-1496
-1542
-1489
-1363
-1234
-1131
-1050
-909
-763
-685
-677
-685
-626
-463
-315
-271
-283
-328
-342
-340
-381
-445
-419
-238
-11
133
150
159
242
372
435
362
325
404
564
709
757
808
911
982
947
883
952
1181
1422
1494
1452
1492
1648
1767
1722
1549
1373
1285
1313
1454
1671
1882
2039
2150
2235
2269
2203
1991
1697
1462
1319
1200
1117
1101
1175
1262
1254
1178
1101
1069
1058
1004
923
896
926
974
943
858
800
760
747
724
744
808
820
733
572
403
262
38
-290
-542
-594
-435
-253
-153
-112
-46
44
59
-39
-222
-411
-562
-617
-628
-595
-553
-556
-615
-731
-854
-1004
-1165
-1342
-1464
-1456
-1404
-1364
-1313
-1169
-982
-942
-1073
-1214
-1259
-1246
-1367
-1634
-1807
-1804
-1720
-1651
-1598
-1472
-1273
-1145
-1136
-1220
-1330
-1430
-1504
-1523
-1475
-1368
-1205
-966
-729
-594
-627
-732
-796
-823
-884
-1010
-1117
-1082
-932
-821
-804
-848
-845
-791
-764
-749
-723
-702
-628
-485
-323
-198
-181
-202
-167
-118
-91
-85
-58
101
283
336
311
304
357
373
230
42
84
337
605
783
910
1130
1342
1347
1176
1009
933
924
913
895
979
1133
1279
1378
1385
1326
1226
1167
1184
1222
1236
1239
1295
1428
1613
1702
1633
1504
1385
1385
1386
1263
1138
1122
1211
1295
1238
1138
1128
1117
1048
882
727
689
625
537
470
462
540
543
481
457
447
423
324
104
-124
-232
-259
-273
-367
-501
-558
-563
-629
-794
-972
-1070
-1056
-1014
-1031
-1038
-965
-848
-771
-838
-920
-912
-859
-787
-821
-906
-909
-926
-1051
-1253
-1465
-1575
-1607
-1660
-1620
-1457
-1255
-1082
-997
-950
-908
-918
-992
-1033
-1028
-1048
-1051
-992
-898
-860
-932
-991
-948
-879
-867
-912
-876
-678
-433
-281
-254
-275
-258
-281
-340
-393
-433
-386
-298
-200
-66
113
310
467
509
441
408
437
524
586
513
418
378
386
415
404
399
518
719
946
1160
1295
1419
1487
1484
1501
1484
1423
1369
1296
1241
1165
997
842
720
663
665
744
898
1082
1263
1394
1489
1533
1560
1520
1410
1272
1110
942
804
683
602
640
745
868
927
932
948
973
936
848
729
633
617
583
505
354
156
53
70
104
141
150
153
165
113
11
-105
-271
-489
-677
-762
-760
-768
-834
-880
-840
-800
-766
-710
-631
-523
-444
-417
-409
-432
-501
-619
-836
-1046
-1169
-1178
-1098
-1078
-1119
-1071
-911
-780
-765
-830
-843
-785
-801
-873
-896
-839
-764
-780
-905
-1034
-1096
-1121
-1125
-1126
-1160
-1169
-1107
-1027
-998
-1084
-1235
-1333
-1371
-1334
-1268
-1233
-1189
-1118
-1030
-961
-994
-1090
-1095
-992
-872
-847
-880
-825
-723
-733
-890
-1093
-1138
-1047
-967
-853
-632
-218
218
439
518
545
598
625
549
447
367
398
465
517
560
575
686
864
1003
1085
1193
1382
1584
1631
1537
1386
1237
1104
927
777
670
624
724
963
1204
1320
1335
1365
1451
1418
1223
1037
971
967
892
795
818
930
1009
953
879
895
931
925
825
756
755
766
775
745
708
683
648
575
447
306
257
312
372
394
395
430
508
523
412
248
123
100
94
17
-86
-132
-75
-40
-150
-349
-461
-423
-337
-318
-377
-417
-376
-340
-460
-688
-866
-919
-936
-1036
-1150
-1115
-901
-683
-612
-622
-627
-624
-660
-776
-885
-965
-1018
-981
-858
-747
-716
-725
-706
-671
-739
-865
-899
-817
-791
-888
-934
-841
-678
-636
-712
-725
-675
-629
-642
-684
-636
-543
-455
-272
-102
-43
-6
30
84
84
29
53
198
355
445
515
603
709
748
740
748
725
668
605
592
643
664
590
549
612
691
748
739
705
756
873
1015
1128
1157
1136
1119
1060
940
793
626
507
451
415
415
448
500
566
614
622
641
667
635
569
488
422
404
388
346
311
305
333
374
346
229
94
57
189
314
342
339
382
496
508
383
311
358
419
412
361
301
244
217
218
240
214
87
21
58
68
-1
-97
-147
-95
-24
-25
-44
-128
-272
-386
-492
-612
-751
-840
-788
-679
-634
-693
-809
-936
-1065
-1256
-1505
-1713
-1847
-1875
-1871
-1864
-1780
-1621
-1479
-1440
-1508
-1550
-1497
-1436
-1351
-1255
-1149
-1028
-1029
-1125
-1235
-1366
-1478
-1623
-1730
-1653
-1443
-1171
-943
-774
-614
-491
-424
-434
-509
-581
-614
-557
-414
-232
-64
44
154
240
210
119
63
97
186
229
260
408
614
801
890
879
915
936
892
847
831
871
971
1092
1170
1191
1169
1117
1044
923
744
596
550
597
712
803
886
1037
1149
1162
1097
977
962
1039
1075
1081
1068
1114
1194
1119
919
730
623
543
395
236
204
306
444
552
654
779
838
824
722
623
607
596
634
701
748
785
782
692
553
352
182
146
129
166
260
399
578
651
633
581
451
273
56
-114
-178
-217
-249
-219
-77
25
-7
-106
-220
-312
-482
-709
-842
-863
-834
-790
-743
-660
-566
-540
-525
-536
-582
-655
-703
-699
-759
-890
-1036
-1118
-1130
-1126
-1125
-1000
-849
-795
-806
-883
-916
-979
-1069
-1071
-1018
-890
-699
-507
-289
-170
-204
-275
-392
-507
-629
-727
-703
-587
-435
-281
-133
-29
3
-45
-143
-244
-385
-542
-573
-478
-336
-234
-183
-77
34
19
-119
-238
-236
-153
-82
11
163
369
561
606
566
412
189
67
-3
-56
-26
63
257
513
721
915
1059
1145
1200
1223
1203
1139
1091
1127
1167
1118
1044
1005
1016
969
811
731
843
1030
1209
1490
1891
2207
2290
2131
1920
1760
1467
1065
709
524
502
434
310
318
447
542
510
378
313
322
275
174
88
55
2
-160
-294
-374
-586
-901
-1186
-1310
-1294
-1294
-1267
-1086
-841
-714
-765
-865
-897
-975
-1174
-1390
-1488
-1451
-1339
-1248
-1173
-1098
-1067
-1031
-1049
-1138
-1195
-1227
-1276
-1346
-1405
-1424
-1401
-1424
-1461
-1410
-1275
-1087
-856
-603
-400
-291
-314
-381
-534
-791
-1083
-1351
-1441
-1382
-1276
-1105
-810
-479
-198
-91
-169
-242
-220
-184
-224
-306
-313
-232
-209
-296
-462
-579
-615
-630
-647
-592
-439
-212
90
347
533
647
704
715
640
494
344
201
80
51
91
225
399
620
912
1139
1299
1392
1414
1437
1444
1448
1509
1577
1651
1733
1755
1700
1536
1349
1261
1220
1162
1155
1287
1519
1758
1883
1898
1862
1740
1506
1219
952
810
775
738
769
846
885
813
610
420
304
269
268
314
467
640
695
621
496
371
204
-46
-218
-219
-146
-72
-6
87
204
246
227
173
56
-99
-312
-523
-709
-891
-924
-745
-490
-252
-85
61
248
271
136
-96
-379
-582
-768
-929
-1006
-1058
-1060
-989
-962
-945
-926
-880
-760
-705
-689
-609
-532
-528
-601
-713
-751
-848
-1041
-1159
-1193
-1123
-1056
-1060
-944
-753
-635
-579
-643
-698
-706
-744
-711
-696
-737
-713
-688
-643
-523
-491
-482
-410
-339
-196
-85
-66
19
140
234
253
81
-78
-76
-123
-223
-322
-290
11
286
390
422
399
427
383
171
16
-88
-177
-123
-53
-13
36
58
182
329
391
440
503
664
826
838
828
907
1020
1173
1245
1218
1196
1132
1051
952
820
733
730
838
999
1127
1204
1246
1281
1246
1092
853
588
344
146
33
-16
23
129
267
426
537
587
581
522
463
423
315
219
213
185
114
-30
-215
-336
-453
-618
-672
-616
-587
-561
-484
-292
-159
-256
-484
-658
-696
-778
-945
-1010
-952
-963
-1151
-1367
-1481
-1611
-1795
-1903
-1818
-1521
-1248
-1019
-745
-539
-521
-674
-800
-834
-858
-912
-931
-873
-819
-780
-699
-622
-591
-563
-532
-424
-294
-264
-188
-26
96
139
124
129
128
1
-187
-349
-485
-621
-747
-803
-763
-649
-523
-366
-132
73
202
254
238
194
96
19
1
-46
-126
-193
-235
-186
-93
-44
63
291
575
840
1055
1229
1388
1396
1270
1159
1016
878
734
583
548
529
448
413
432
494
562
557
592
726
899
1119
1289
1301
1238
1141
1057
951
691
407
252
241
301
343
459
722
984
1155
1191
1137
1186
1222
1158
1055
951
964
977
868
719
511
271
24
-238
-340
-277
-267
-243
-76
182
486
690
785
904
936
782
563
369
209
11
-315
-536
-536
-469
-408
-369
-241
-33
98
108
153
312
440
407
189
-22
-187
-470
-884
-1328
-1626
-1735
-1768
-1714
-1502
-1243
-1054
-917
-783
-638
-582
-683
-840
-905
-944
-1049
-1163
-1250
-1252
-1240
-1285
-1305
-1225
-1078
-922
-739
-474
-120
238
536
703
720
631
435
197
48
-70
-188
-147
0
169
303
323
308
273
232
236
301
436
612
803
1000
1135
1118
986
782
480
44
-424
-711
-821
-920
-1064
-1087
-863
-538
-333
-277
-196
-61
19
-10
-42
83
194
160
65
-74
-194
-406
-705
-855
-839
-707
-470
-136
289
686
950
1124
1198
1099
872
630
464
342
250
237
310
442
539
576
658
779
849
895
929
926
916
954
1050
1096
990
826
751
754
709
490
263
204
189
151
73
2
-24
-105
-251
-387
-531
-706
-827
-852
-842
-884
-1030
-1090
-980
-934
-1012
-1155
-1122
-844
-656
-574
-504
-407
-287
-272
-355
-403
-463
-584
-636
-638
-637
-678
-737
-629
-407
-261
-187
-108
79
295
360
321
206
113
91
20
-90
-276
-466
-498
-440
-430
-527
-594
-473
-285
-192
-220
-290
-301
-257
-222
-194
-200
-249
-200
-36
61
-46
-297
-432
-365
-289
-337
-390
-263
55
341
498
643
754
782
706
520
266
-56
-302
-372
-338
-264
-203
-53
239
520
693
725
710
766
821
826
750
640
595
627
686
680
609
503
386
262
144
125
166
282
485
719
975
1162
1233
1239
1153
976
760
521
403
418
453
468
486
558
669
762
746
643
522
502
595
700
793
835
885
951
931
770
495
200
-74
-350
-544
-528
-390
-241
-107
24
190
278
198
88
20
-34
-104
-173
-103
39
58
-66
-245
-418
-604
-817
-1027
-1132
-1160
-1137
-1031
-886
-743
-763
-896
-950
-971
-1033
-1126
-1122
-967
-795
-711
-669
-533
-331
-242
-369
-520
-535
-474
-395
-360
-329
-215
-82
-14
13
50
84
143
276
445
578
600
535
452
362
183
-89
-328
-420
-371
-263
-128
29
250
472
573
550
457
313
145
9
-107
-226
-321
-333
-254
-199
-240
-340
-439
-460
-395
-357
-329
-179
86
348
504
546
501
382
223
-24
-338
-551
-623
-597
-508
-429
-360
-300
-232
-176
-160
-169
-124
0
176
402
500
510
503
434
341
209
112
56
8
7
101
232
359
439
435
408
388
354
310
299
342
427
451
349
197
59
-95
-353
-672
-845
-759
-594
-484
-369
-184
109
269
233
217
204
147
32
-75
-71
-30
-71
-122
-80
-20
-15
-99
-147
-38
95
173
283
472
697
814
809
731
604
485
277
45
-71
-120
-112
0
176
298
351
344
339
373
340
213
45
-106
-166
-207
-323
-438
-539
-602
-582
-600
-680
-705
-638
-507
-413
-365
-310
-307
-359
-477
-691
-942
-1158
-1286
-1295
-1206
-1109
-990
-794
-574
-432
-391
-326
-175
-17
65
66
65
61
25
-68
-225
-346
-401
-327
-141
50
242
459
733
1013
1186
1205
1143
1073
998
853
660
503
379
322
312
324
371
390
364
370
402
414
378
323
377
480
507
442
378
383
392
327
195
129
100
110
153
149
170
185
200
321
440
431
389
389
378
302
197
118
84
44
16
37
115
247
297
349
421
375
241
119
55
14
-22
-75
-75
34
136
180
208
249
315
341
300
247
175
82
9
-55
-129
-146
-165
-275
-396
-483
-515
-505
-474
-424
-302
-131
-39
9
94
153
95
-38
-124
-133
-134
-166
-147
-81
-23
-99
-313
-442
-571
-783
-956
-1035
-935
-682
-357
14
359
606
709
653
411
59
-384
-750
-857
-892
-821
-587
-328
-97
22
42
12
-117
-280
-392
-401
-318
-251
-211
-88
55
65
-91
-300
-475
-665
-880
-1014
-977
-791
-521
-252
17
250
346
275
98
-100
-291
-433
-509
-436
-336
-277
-185
-153
-224
-424
-652
-758
-726
-623
-465
-195
194
565
774
887
927
876
759
581
449
370
240
201
234
208
219
217
228
285
338
420
542
662
732
755
802
926
906
731
520
263
64
-80
-192
-188
-82
81
299
452
582
700
730
700
589
464
411
399
303
125
-115
-310
-433
-572
-691
-786
-840
-740
-504
-230
40
247
452
645
733
666
490
339
193
13
-203
-365
-439
-411
-358
-304
-170
-26
168
364
498
571
537
466
395
267
62
-164
-353
-434
-476
-558
-563
-486
-413
-308
-215
-100
46
70
9
-37
-95
-178
-293
-383
-356
-373
-469
-531
-568
-564
-548
-558
-528
-444
-360
-265
-179
-120
-83
-47
5
22
-23
-129
-179
-179
-240
-281
-255
-163
-68
-43
-14
-5
-46
-147
-302
-392
-411
-400
-373
-249
-42
144
285
379
451
479
420
340
273
204
134
35
5
35
46
91
176
252
311
361
412
479
510
497
465
406
355
318
284
217
121
58
74
107
79
13
45
189
291
300
289
329
398
413
396
454
522
538
480
381
322
202
20
-116
-174
-183
-166
-133
-5
199
368
484
527
566
596
557
498
449
383
325
321
306
252
131
-39
-176
-313
-476
-561
-490
-311
-100
103
292
442
483
399
202
-47
-278
-509
-651
-646
-593
-541
-445
-303
-186
-106
-111
-130
-80
-36
-43
-64
-83
-158
-294
-498
-693
-869
-1005
-1020
-977
-844
-638
-427
-255
-126
-90
-129
-157
-225
-271
-290
-278
-197
-176
-176
-194
-267
-332
-407
-471
-472
-431
-337
-184
-66
4
25
22
18
-81
-177
-178
-144
-71
-31
-59
-90
-140
-216
-303
-407
-448
-408
-290
-86
143
360
555
691
740
687
527
359
202
66
-44
-162
-201
-117
24
88
83
116
202
310
418
467
513
575
575
514
447
384
207
-20
-204
-339
-431
-495
-482
-381
-196
29
259
496
760
979
1062
998
856
678
511
347
101
-149
-298
-283
-203
-179
-158
-72
43
143
200
241
341
429
473
476
463
418
273
110
-27
-198
-405
-557
-578
-457
-315
-220
-62
170
404
535
512
459
434
308
74
-135
-299
-441
-548
-633
-634
-543
-421
-265
-98
58
173
192
216
270
236
161
77
-11
-89
-174
-302
-444
-513
-547
-572
-544
-460
-345
-200
-40
105
229
318
363
348
272
137
-31
-192
-297
-422
-632
-816
-846
-703
-516
-352
-218
-55
134
197
117
-19
-121
-141
-170
-234
-236
-184
-98
-45
-60
-86
-144
-217
-240
-190
-97
-32
42
219
414
535
528
437
344
235
63
-136
-268
-295
-254
-146
15
207
417
561
684
722
667
612
526
465
403
314
189
65
47
81
74
38
14
62
212
324
320
304
313
354
356
