-133
-118
-116
-101
-95
-87
-74
-82
-85
-82
-74
-67
-53
-38
-19
-13
-12
1
18
28
34
60
71
82
92
94
100
106
125
131
143
158
170
178
177
186
177
175
175
160
154
149
137
120
111
109
101
93
101
105
90
63
35
28
29
24
17
-9
-41
-52
-67
-89
-110
-150
-186
-216
-244
-256
-282
-304
-323
-353
-392
-435
-455
-477
-499
-531
-556
-580
-609
-623
-643
-669
-692
-712
-743
-759
-759
-748
-730
-718
-698
-703
-694
-689
-676
-648
-618
-571
-545
-509
-475
-436
-391
-376
-346
-301
-263
-228
-194
-159
-139
-110
-59
-8
33
59
98
135
177
229
276
313
355
392
414
444
459
471
485
504
540
561
578
584
581
586
595
604
605
598
594
602
588
579
585
566
543
521
495
447
381
322
271
223
175
155
142
115
89
62
16
-36
-81
-122
-162
-215
-251
-268
-306
-340
-365
-386
-404
-416
-441
-461
-489
-517
-524
-537
-547
-548
-556
-571
-574
-556
-524
-499
-472
-424
-385
-347
-304
-269
-242
-201
-146
-105
-66
-27
12
68
123
187
252
306
376
442
490
546
590
629
673
725
796
839
885
927
930
931
919
908
896
885
897
919
938
927
929
939
934
946
965
951
930
919
894
872
844
818
797
765
737
711
694
671
654
658
662
648
624
603
563
500
437
365
283
224
168
81
-17
-100
-204
-318
-423
-536
-635
-738
-834
-918
-1003
-1086
-1134
-1186
-1253
-1281
-1308
-1334
-1369
-1383
-1386
-1398
-1388
-1369
-1346
-1312
-1253
-1192
-1139
-1050
-948
-851
-745
-621
-486
-358
-237
-130
-33
34
105
185
235
274
318
363
376
390
404
394
375
346
323
285
249
223
204
174
142
119
66
13
-38
-75
-120
-175
-195
-211
-229
-229
-201
-177
-148
-99
-38
7
61
134
192
251
315
390
446
495
546
598
638
660
688
709
713
706
700
670
646
608
568
528
480
443
392
351
315
287
243
197
180
125
65
34
5
-39
-76
-91
-107
-118
-105
-74
-43
-15
19
51
62
74
88
96
97
79
33
-18
-75
-150
-225
-304
-382
-453
-527
-600
-668
-746
-812
-867
-919
-971
-1036
-1088
-1126
-1169
-1211
-1233
-1258
-1271
-1255
-1228
-1193
-1156
-1098
-1026
-933
-831
-724
-610
-509
-406
-273
-144
-26
100
221
305
376
452
514
563
608
668
694
710
722
716
711
698
697
690
683
664
639
605
558
508
452
406
358
302
241
167
110
56
-1
-28
-29
-47
-62
-52
-47
-34
-22
9
48
65
108
149
184
199
225
288
327
381
445
509
561
619
683
725
781
840
904
956
1003
1051
1083
1112
1126
1134
1112
1059
996
910
798
667
542
407
269
144
0
-130
-285
-445
-587
-739
-871
-1001
-1110
-1229
-1359
-1469
-1591
-1677
-1761
-1833
-1865
-1898
-1913
-1912
-1882
-1840
-1765
-1667
-1544
-1400
-1267
-1108
-950
-771
-598
-429
-257
-111
46
173
288
380
471
575
643
720
790
864
934
991
1051
1078
1097
1094
1081
1053
998
948
888
833
756
703
649
587
541
460
407
361
318
304
290
303
307
326
350
366
377
385
413
415
436
462
484
507
514
518
511
526
544
572
603
607
619
627
641
655
686
742
776
831
864
899
922
919
923
897
870
815
773
725
678
639
588
562
519
481
442
404
351
292
229
126
-6
-171
-330
-515
-731
-931
-1137
-1340
-1543
-1709
-1854
-1995
-2123
-2230
-2306
-2377
-2405
-2419
-2436
-2440
-2447
-2439
-2423
-2403
-2377
-2328
-2266
-2202
-2095
-1959
-1787
-1613
-1439
-1228
-1033
-823
-589
-366
-164
21
222
381
524
675
807
925
1008
1094
1160
1212
1266
1305
1328
1327
1327
1327
1320
1299
1290
1270
1218
1183
1153
1128
1093
1059
1026
995
959
937
916
870
841
793
742
682
610
570
530
487
455
426
372
334
330
326
336
348
358
347
325
300
272
252
229
210
193
175
175
183
189
210
239
281
324
384
445
488
522
547
569
569
591
601
586
562
518
483
430
371
300
234
149
51
-47
-171
-291
-427
-561
-693
-840
-986
-1140
-1281
-1403
-1519
-1611
-1699
-1794
-1888
-1960
-2008
-2071
-2124
-2160
-2171
-2175
-2165
-2125
-2077
-2018
-1943
-1827
-1697
-1548
-1363
-1163
-958
-769
-567
-363
-169
46
260
479
673
850
1012
1165
1311
1456
1607
1739
1868
1982
2055
2101
2139
2157
2154
2135
2081
2017
1921
1803
1694
1562
1433
1305
1167
1026
883
728
576
449
322
217
116
5
-106
-226
-329
-416
-489
-546
-592
-626
-641
-631
-617
-587
-546
-496
-459
-418
-369
-323
-256
-194
-127
-62
-3
71
121
173
235
272
322
356
397
443
479
511
521
521
504
480
458
433
393
349
308
248
174
103
31
-34
-114
-213
-315
-449
-595
-722
-836
-946
-1049
-1134
-1242
-1344
-1421
-1492
-1544
-1582
-1608
-1644
-1663
-1669
-1688
-1688
-1675
-1628
-1582
-1527
-1441
-1369
-1266
-1149
-991
-822
-653
-456
-262
-74
107
297
487
675
850
1016
1177
1299
1416
1524
1603
1683
1758
1825
1873
1899
1901
1876
1837
1784
1729
1643
1549
1437
1309
1193
1064
936
799
677
548
407
274
142
20
-109
-228
-340
-457
-564
-648
-739
-826
-898
-975
-1029
-1064
-1090
-1098
-1100
-1070
-1036
-1003
-946
-875
-807
-749
-684
-644
-619
-574
-532
-478
-418
-353
-280
-222
-158
-93
-20
58
135
204
273
350
401
461
514
561
608
640
667
668
662
646
624
591
555
504
422
344
237
129
27
-67
-161
-269
-374
-482
-572
-670
-756
-834
-925
-1000
-1074
-1137
-1193
-1251
-1311
-1356
-1399
-1443
-1450
-1436
-1399
-1353
-1298
-1206
-1105
-984
-823
-636
-434
-228
-10
193
399
596
780
960
1109
1245
1354
1451
1528
1593
1656
1715
1763
1790
1828
1858
1885
1894
1896
1881
1819
1759
1682
1592
1484
1350
1217
1063
896
722
550
383
224
82
-33
-139
-242
-317
-388
-445
-487
-530
-565
-592
-616
-639
-661
-667
-655
-640
-614
-586
-547
-511
-471
-441
-420
-380
-341
-317
-283
-240
-211
-177
-146
-100
-46
-18
18
59
80
103
131
146
160
158
158
178
187
194
226
245
266
287
299
313
304
300
268
225
181
122
42
-49
-120
-198
-286
-378
-451
-527
-599
-657
-724
-790
-843
-885
-923
-952
-977
-995
-1014
-1028
-1013
-998
-979
-933
-877
-798
-708
-594
-449
-295
-126
47
231
416
592
768
925
1071
1211
1306
1377
1440
1485
1526
1563
1606
1635
1655
1681
1697
1681
1652
1605
1540
1467
1394
1309
1193
1079
937
787
635
469
307
133
-30
-197
-359
-504
-643
-765
-878
-976
-1053
-1112
-1165
-1210
-1236
-1274
-1300
-1301
-1289
-1257
-1230
-1199
-1166
-1146
-1122
-1088
-1064
-1023
-970
-921
-848
-779
-701
-621
-533
-450
-360
-267
-201
-123
-64
-19
20
66
134
200
271
343
413
495
574
658
748
816
881
936
978
992
990
986
939
864
753
641
521
384
258
136
36
-62
-159
-244
-318
-403
-489
-575
-692
-819
-918
-1008
-1093
-1170
-1249
-1314
-1375
-1409
-1422
-1408
-1366
-1299
-1227
-1130
-998
-863
-695
-518
-348
-204
-87
22
109
184
252
326
399
459
534
612
673
740
820
891
944
978
1003
1009
997
977
951
932
907
877
830
758
669
576
483
380
280
186
98
-2
-95
-180
-256
-318
-378
-416
-463
-498
-527
-547
-550
-549
-544
-524
-499
-480
-467
-466
-460
-456
-444
-424
-417
-387
-360
-330
-295
-261
-208
-156
-98
-41
11
71
111
143
177
208
249
281
311
342
379
428
491
558
625
711
800
888
958
1014
1067
1102
1110
1105
1102
1084
1037
966
883
788
668
545
422
299
168
28
-116
-261
-390
-521
-639
-761
-892
-1003
-1115
-1216
-1299
-1375
-1429
-1475
-1516
-1529
-1524
-1489
-1415
-1329
-1233
-1113
-989
-856
-722
-582
-429
-296
-154
-25
88
203
312
409
490
567
634
707
784
847
925
992
1038
1068
1091
1098
1078
1057
1027
973
905
818
709
592
488
387
265
146
50
-57
-175
-270
-362
-436
-501
-558
-604
-659
-684
-715
-740
-758
-764
-747
-739
-712
-683
-650
-619
-566
-511
-457
-409
-383
-363
-350
-340
-341
-321
-294
-260
-209
-157
-116
-73
-17
40
111
185
271
364
449
534
620
692
771
865
958
1039
1125
1216
1307
1411
1508
1596
1662
1720
1740
1724
1688
1623
1537
1413
1276
1126
954
772
612
450
274
101
-72
-243
-426
-596
-768
-929
-1090
-1225
-1333
-1441
-1512
-1576
-1619
-1630
-1617
-1581
-1515
-1421
-1316
-1204
-1103
-1009
-909
-801
-697
-591
-484
-371
-241
-109
17
163
295
410
532
616
696
750
780
807
813
820
815
821
816
798
768
717
660
588
516
420
305
181
63
-59
-170
-272
-386
-482
-562
-633
-696
-745
-781
-811
-835
-863
-880
-892
-888
-862
-834
-781
-731
-671
-586
-503
-412
-326
-234
-164
-106
-61
-26
18
42
74
108
156
211
258
303
354
413
462
517
569
617
653
706
752
795
865
918
966
1027
1080
1127
1171
1204
1236
1276
1304
1326
1332
1290
1226
1156
1068
952
801
638
452
239
37
-157
-355
-537
-701
-839
-968
-1089
-1185
-1277
-1369
-1450
-1521
-1558
-1560
-1554
-1530
-1477
-1421
-1342
-1248
-1139
-1007
-889
-769
-651
-538
-400
-244
-75
102
287
461
653
840
993
1130
1226
1298
1326
1331
1329
1304
1262
1190
1141
1084
1041
1014
966
920
827
734
620
460
300
122
-78
-284
-478
-662
-840
-994
-1121
-1217
-1286
-1346
-1372
-1369
-1343
-1306
-1270
-1227
-1179
-1117
-1045
-963
-879
-814
-746
-661
-573
-499
-426
-357
-306
-255
-205
-153
-106
-76
-45
-5
31
65
111
173
217
264
323
370
415
486
559
625
679
733
801
857
917
979
1046
1117
1197
1292
1382
1469
1537
1574
1570
1522
1432
1307
1135
905
634
365
88
-199
-452
-698
-932
-1144
-1338
-1504
-1642
-1758
-1833
-1879
-1943
-1994
-2023
-2016
-1971
-1912
-1832
-1738
-1633
-1480
-1301
-1114
-901
-678
-432
-180
84
368
645
920
1169
1388
1570
1743
1915
2044
2137
2165
2151
2112
2046
1968
1865
1739
1599
1439
1272
1123
973
822
687
551
390
242
126
4
-144
-337
-520
-719
-923
-1068
-1217
-1353
-1463
-1541
-1575
-1587
-1544
-1457
-1348
-1248
-1128
-986
-854
-713
-601
-503
-411
-329
-222
-121
-28
58
130
184
230
262
301
332
344
344
310
283
254
252
242
225
214
218
244
293
363
420
502
599
719
861
1013
1187
1331
1465
1603
1736
1885
1993
2068
2039
1912
1767
1556
1333
1011
601
159
-314
-736
-1178
-1573
-1931
-2275
-2573
-2875
-3072
-3187
-3228
-3209
-3213
-3162
-3096
-2979
-2785
-2608
-2420
-2265
-2089
-1852
-1599
-1307
-1014
-676
-319
40
457
898
1375
1825
2241
2626
2946
3264
3559
3791
3920
3946
3931
3840
3703
3518
3235
2879
2438
1952
1439
917
427
-83
-590
-1110
-1591
-1963
-2269
-2496
-2692
-2829
-2899
-2888
-2769
-2621
-2448
-2259
-2050
-1829
-1634
-1413
-1176
-960
-792
-680
-586
-481
-341
-193
-102
-56
22
144
299
460
609
775
934
1056
1186
1310
1413
1490
1521
1487
1388
1293
1224
1147
1039
879
710
576
501
454
390
331
307
358
460
586
780
1026
1287
1509
1693
1914
2189
2488
2683
2575
2276
2013
1846
1601
1019
207
-617
-1376
-2102
-2848
-3507
-4059
-4550
-4987
-5345
-5508
-5426
-5166
-4889
-4734
-4569
-4269
-3809
-3245
-2787
-2442
-2161
-1813
-1329
-875
-426
32
544
1029
1431
1933
2545
3229
3823
4224
4539
4815
5161
5486
5610
5507
5243
4954
4627
4218
3740
3153
2513
1815
1079
380
-265
-795
-1307
-1856
-2428
-2937
-3231
-3410
-3529
-3640
-3769
-3800
-3687
-3456
-3206
-2962
-2656
-2341
-2033
-1746
-1397
-971
-614
-355
-183
-11
206
476
741
861
896
956
1103
1277
1394
1491
1534
1553
1547
1521
1533
1509
1467
1379
1197
1010
888
903
882
736
571
436
455
525
603
662
632
665
731
877
1116
1362
1672
1926
2150
2372
2644
3050
3471
3728
3363
2631
2137
1878
1514
431
-1046
-2361
-3453
-4378
-5341
-6052
-6555
-6991
-7253
-7410
-7055
-6295
-5415
-4628
-4177
-3598
-2879
-1939
-904
-256
98
146
373
859
1247
1547
1669
1910
2122
2226
2552
3008
3609
4016
4105
4135
4239
4645
4995
4989
4637
4097
3705
3299
2852
2383
1751
1059
355
-185
-601
-956
-1123
-1266
-1493
-1791
-1942
-1795
-1580
-1593
-1864
-2223
-2450
-2475
-2484
-2634
-2931
-3123
-3152
-3143
-3068
-2915
-2580
-2291
-2119
-1904
-1626
-1153
-667
-281
-63
33
347
846
1349
1647
1812
2054
2276
2466
2577
2612
2566
2355
2009
1573
1208
986
850
606
170
-185
-281
-136
30
142
224
311
525
769
1109
1461
1782
2084
2232
2514
2783
3112
3527
3850
3994
3149
1879
1030
730
378
-1300
-3462
-5225
-6261
-6798
-7670
-8118
-8188
-8010
-7548
-7046
-5727
-4078
-2470
-1305
-825
-71
751
1738
2474
2404
1911
1036
653
660
541
269
-296
-475
-459
-292
283
974
1823
2319
2530
2814
3245
4082
4654
4627
4160
3596
3497
3436
3233
2823
2257
1911
1609
1572
1616
1560
1600
1461
1272
929
529
305
-120
-828
-1986
-3193
-3995
-4589
-5087
-5824
-6414
-6516
-6177
-5474
-4781
-3882
-2811
-1692
-576
406
1398
2194
2750
2979
2877
2701
2419
2142
1749
1176
612
128
-190
-478
-774
-1091
-1318
-1371
-1341
-1198
-1036
-699
-264
192
660
1146
1840
2430
2912
3126
3206
3431
3529
3680
3587
3410
3338
3300
3554
3556
3737
4155
4580
4362
2511
835
108
129
-804
-3879
-6692
-8461
-8883
-9167
-9911
-9745
-9222
-8033
-6819
-5278
-2722
-523
1341
2000
2182
2647
2774
3062
2441
1087
-696
-2310
-2612
-2688
-2832
-3308
-3487
-2719
-1803
-534
748
2067
3317
3948
4410
4741
5338
5974
5900
5252
4318
3915
3915
3781
3493
2931
2592
2498
2587
2693
2389
1921
1401
908
261
-647
-1472
-2142
-2760
-3591
-4559
-5170
-5149
-4598
-4206
-4116
-3737
-2648
-1166
-16
832
1591
2414
2996
3080
2885
2399
1825
991
-158
-1417
-2581
-3348
-3965
-4498
-4855
-4882
-4415
-3695
-2828
-2063
-1332
-341
731
1646
2172
2625
3132
3534
3698
3632
3666
3569
3454
3234
2820
2536
2316
2258
2066
1945
2149
2419
2955
3464
4108
4839
5439
5985
4694
1989
-197
-749
-792
-3597
-7658
-10510
-11144
-10599
-10678
-9975
-8593
-6658
-4530
-2805
-432
1914
3720
3990
2791
1886
1042
298
-882
-2556
-4263
-5922
-6099
-5078
-3842
-3063
-2399
-814
987
2585
3727
4549
5219
5336
4971
4164
3605
3589
3518
3006
2222
2152
2891
3683
4089
3999
3898
3819
3656
3186
2022
574
-875
-2025
-2952
-3926
-4572
-4692
-4016
-2891
-1802
-532
819
2343
3583
4129
4287
4068
3573
2367
632
-1042
-2445
-3437
-4512
-5452
-5919
-5711
-4864
-3945
-3078
-2404
-1767
-1140
-589
-160
-102
-250
-529
-631
-563
-403
9
516
1184
1704
2276
3072
3799
4300
4162
3779
3353
2882
2390
1719
1046
457
239
485
1004
1708
2507
3468
4855
6332
7652
8822
9897
9101
4829
-60
-2107
-1412
-3277
-9446
-15090
-16758
-14977
-13347
-12180
-9986
-6820
-3153
-244
2476
5582
7984
8238
5628
2482
371
-1120
-2756
-5169
-7688
-9787
-9943
-7815
-5024
-3111
-2066
-281
2091
4202
5196
5214
5011
4558
3658
2152
1057
1111
1720
2031
1984
2648
4416
6236
7100
6785
6067
5367
4310
2538
82
-2467
-4663
-6001
-6428
-6266
-5788
-4622
-2224
863
3692
5699
7219
8602
9382
8803
6721
3960
1290
-1760
-5389
-8657
-10457
-10742
-10526
-9973
-8657
-6203
-3042
-22
2241
3508
4200
4357
3849
2597
929
-861
-2607
-3772
-4146
-3861
-3083
-1772
-68
1477
2857
4275
5336
5564
4667
3266
1841
534
-605
-1888
-2902
-3307
-2621
-1028
843
3123
5237
7142
9249
11260
13027
13626
13368
10767
4076
-2837
-6284
-5882
-7969
-14936
-20289
-20236
-15428
-11132
-8047
-4123
222
4575
6985
8247
9229
8910
6199
610
-4766
-7924
-9751
-11027
-12264
-12537
-11485
-8351
-3388
962
3404
4413
5783
6977
6744
4803
2131
212
-909
-1585
-2258
-1995
-73
2694
5229
7159
9042
10727
10963
9283
6216
2935
9
-3075
-6463
-9502
-10897
-10255
-7869
-4348
-505
3127
6720
10586
13947
15409
14397
11795
8457
4840
754
-4009
-8750
-12156
-13755
-14394
-14159
-12227
-8747
-5294
-2576
111
2929
5167
6067
5517
3928
2020
554
-871
-2559
-3905
-4455
-4163
-3223
-1566
205
1629
2828
3839
4370
4094
3435
2310
680
-1102
-2542
-3244
-3503
-3326
-2636
-1445
614
3075
5364
7707
9588
11350
12434
12556
12516
11607
11149
7720
-624
-8606
-11055
-7621
-8626
-15441
-19373
-16231
-8801
-4729
-2487
987
5030
8092
7786
6255
5109
3682
198
-5691
-10282
-11908
-11821
-11125
-10183
-8630
-6364
-2666
1647
4086
3903
3035
3143
3171
1930
-472
-2322
-2284
-506
1629
3023
4530
7137
9946
11317
10862
9439
7763
4901
709
-3893
-6988
-8014
-8497
-8768
-8068
-5001
-246
4676
8792
11402
12900
13689
13709
12326
8983
4612
33
-3868
-6432
-8426
-9847
-10432
-9185
-7055
-5442
-3711
-1662
284
852
465
-30
-343
-483
-1179
-2151
-2355
-1266
106
749
1201
2071
3013
3374
3084
2461
1607
706
-154
-1058
-1883
-2323
-2300
-2105
-1912
-1281
-432
375
1215
1883
2409
2873
3988
4903
4916
4537
5188
6952
7893
7788
7804
9530
8223
198
-8941
-10560
-4906
-4672
-12499
-17979
-14315
-5973
-1472
222
2934
6717
9352
8338
5559
3326
1136
-2681
-8360
-12720
-14390
-14195
-12503
-10373
-8529
-6619
-3175
973
2530
1154
-292
-172
91
-899
-2643
-3098
-998
2756
5914
7231
8232
10027
11652
11354
8724
5396
2336
-924
-4851
-8406
-9347
-7806
-5799
-4182
-1911
2131
6998
10926
12744
12560
11403
10294
8938
6364
2547
-1275
-3846
-5184
-5539
-5560
-5948
-6204
-5264
-3754
-3422
-4048
-4064
-3197
-2563
-2229
-1611
-792
399
1422
1784
1908
2604
3358
2525
780
-192
44
210
-52
-548
-638
93
1185
2006
1794
1525
1169
612
-38
-503
-709
-733
-505
71
802
1884
3269
4473
5396
5379
5669
6095
6582
6164
6452
5945
-145
-8730
-11983
-6569
-3492
-7848
-11934
-9359
-2636
1446
3117
5267
7707
8475
5815
1328
-1518
-3651
-6815
-10917
-13321
-13560
-12971
-10854
-7884
-5534
-4367
-2625
-699
-773
-2559
-3723
-2976
-1943
-1536
-1426
-193
2937
6750
9497
10086
9352
8144
6996
5590
2926
-889
-3916
-5068
-5455
-5903
-5252
-2714
190
2395
3753
5092
6541
7924
8303
6889
5099
4512
5104
5155
3799
2012
1136
971
746
-611
-3030
-5257
-6480
-6525
-6436
-6421
-5779
-4469
-2501
-392
1446
2837
3543
3696
2852
1665
750
192
-541
-1566
-1962
-1308
245
1685
2292
2437
2798
3286
3401
2477
1252
312
157
345
496
743
1451
3096
4306
4676
4526
4727
4928
4798
4195
3192
2375
3764
3926
-2766
-12330
-14807
-6759
-1286
-4805
-9400
-6935
1389
7010
8500
8392
8499
8718
6246
1299
-3374
-6922
-9572
-11851
-13087
-13466
-12631
-9417
-5219
-3373
-4156
-4012
-2659
-2677
-5428
-7643
-6614
-3599
-742
497
1791
4906
9317
12191
11337
8017
4812
2641
810
-1391
-3701
-4822
-4937
-4031
-2351
8
2537
3721
4075
3590
2792
2197
2300
2980
2665
1742
1707
3610
5978
6505
5238
3687
3141
2535
736
-2218
-5274
-6231
-5226
-3796
-3446
-3068
-1452
279
1312
913
-4
-767
-939
-1286
-2230
-2528
-1645
-148
930
1866
2606
2999
2932
2482
1306
-125
-990
-1093
-922
-648
522
2323
4093
5243
6011
6250
6271
5684
4557
3020
1920
1482
730
217
540
1766
3131
2844
-3063
-12109
-16344
-10923
-4627
-6102
-9305
-6985
876
6740
9786
12096
12699
11088
6542
1407
-2768
-5999
-9103
-12382
-13099
-11441
-9605
-8051
-5685
-3228
-3175
-4217
-5205
-6670
-8975
-9560
-6819
-2936
359
3045
5758
8374
10689
11541
9723
5663
1594
-1204
-2973
-3757
-3687
-2924
-1572
316
2263
3447
4085
4223
3510
1845
-110
-908
159
2497
4199
4367
3996
4761
6207
6568
4305
48
-3248
-3931
-2694
-2313
-2622
-1827
590
3452
4597
4383
3291
2012
333
-2095
-3947
-4609
-4095
-3445
-2340
-718
993
2350
3014
2960
1818
606
-329
-1002
-1824
-2274
-1652
-45
1901
3473
4348
4571
4514
4345
4057
3465
2939
2736
3291
4145
4876
5085
5304
5342
4880
3516
2193
-352
-7500
-15984
-19694
-14193
-7354
-5847
-6393
-3910
2765
6669
7319
7558
7641
6024
1401
-2562
-3793
-3403
-3322
-4078
-4237
-4028
-4273
-5275
-6438
-7873
-9634
-10870
-11393
-11166
-10158
-7210
-2461
2244
5337
6940
7811
7920
6981
4916
2491
88
-1707
-2467
-1989
-272
1535
2711
2506
1390
227
-657
-1076
-1662
-1766
-1058
779
3502
6349
8820
9907
9154
6560
3395
865
-1097
-3027
-4864
-5393
-4013
-1323
1544
3501
4565
4708
4316
3460
1989
331
-1177
-1955
-2026
-1215
-22
1097
1773
2130
2076
934
-429
-1623
-2105
-2351
-2445
-1785
-482
1306
2579
3199
3176
3168
3221
2841
2099
1442
1741
2721
3902
4984
5733
6644
7429
7619
7063
5341
3581
1844
1525
-68
-7280
-16136
-19592
-13642
-6768
-5823
-7100
-6074
-1209
1429
877
1060
2804
4092
918
-3238
-4271
-1681
953
727
-921
-2793
-3366
-4017
-5142
-7403
-9521
-10085
-9941
-9490
-8854
-6428
-2500
1085
2764
2717
2587
3268
3928
4066
3437
2792
2538
2774
3573
4420
4695
3651
1346
-1671
-3878
-5037
-5006
-4462
-3004
-603
1695
3858
5858
8189
9464
8242
4493
615
-1295
-1702
-2258
-3371
-3738
-2678
-631
766
1177
1260
1318
1213
580
-41
-67
567
1449
2264
3054
3632
3951
3764
3007
1818
531
-446
-975
-1016
-773
-261
456
1244
1682
1494
985
570
424
338
508
1176
2216
3324
4289
5204
6263
6978
6753
6002
5072
5010
4736
3753
2642
2612
3365
-1381
-10771
-17818
-15778
-8123
-5414
-6833
-7304
-3825
-526
-1026
-960
1253
3698
2123
-2331
-4651
-3713
-843
589
344
-1778
-4290
-5009
-4489
-4242
-5869
-7069
-7068
-6684
-6073
-5037
-3023
-1044
101
472
221
296
874
2073
3445
4122
4655
4932
5292
5584
5499
4809
2734
-528
-3605
-4696
-3980
-2877
-1665
-17
1797
2899
3508
4457
5610
5829
4160
1972
747
871
1059
476
-50
-389
-112
-75
-558
-857
-822
-217
-308
-920
-1048
-140
1620
2479
2312
1788
1651
1743
1871
2036
1970
1857
1527
1766
2259
2508
2209
1394
476
-819
-1744
-2161
-1901
-1217
-474
562
1746
2863
3685
4893
6376
7125
7018
6627
7091
7866
7708
7006
6107
6007
3544
-4142
-13304
-17320
-12277
-6212
-5527
-6738
-4861
-356
-225
-3417
-3801
-975
449
-2610
-6316
-7114
-5619
-3456
-1427
-984
-3216
-5962
-6579
-5767
-6089
-7031
-6608
-5559
-5708
-6404
-5197
-2355
-698
-346
91
563
645
1156
3238
5386
5987
5712
6035
6745
6657
5944
5290
3920
1073
-1729
-2947
-2607
-1996
-1162
86
967
1267
1543
2707
3766
3607
2493
1706
1534
901
-300
-1211
-1159
-1048
-1535
-2215
-2274
-1707
-1080
-881
-937
-827
-174
749
729
417
242
880
1626
1487
1483
2285
3807
4488
4364
4549
5305
5779
5351
4176
2523
1140
309
-317
-1173
-1943
-2075
-1334
-679
-362
287
1383
2605
3167
3524
4142
5427
6779
7071
6591
6161
6641
4828
-1856
-10840
-15370
-11162
-6104
-6074
-7555
-5433
-674
-1118
-4501
-4180
-1041
-21
-3190
-4966
-4279
-4154
-4331
-2791
-793
-2329
-5360
-5816
-4178
-4555
-6279
-5737
-4143
-4416
-6077
-5149
-2455
-1920
-2923
-2183
142
1250
1226
2381
4578
5311
5031
5990
7844
8101
6833
6029
5204
2890
72
-950
-534
-841
-1662
-1102
198
414
367
2050
4461
4879
3071
1879
2289
2486
1171
-431
-547
-741
-1543
-1983
-1399
-388
-652
-1165
-929
-326
360
957
1607
1505
513
-247
-81
222
-439
-809
125
1622
2658
3418
4760
5991
6068
5328
4690
4105
2707
781
-365
-411
-46
84
96
268
692
1132
1398
1507
1677
2367
3528
4412
4846
5483
6501
7757
7719
4759
-1170
-7730
-9568
-6841
-5155
-6056
-6489
-3742
-1930
-4134
-5571
-3429
-841
-2391
-5927
-6342
-5085
-5138
-6142
-5547
-4185
-4987
-6295
-5501
-3431
-3087
-4427
-4841
-4467
-5075
-5970
-5044
-2865
-1931
-2087
-1127
872
1921
1529
1639
2778
3512
3401
3881
5918
8289
9260
8557
7179
5803
4463
2960
1390
25
-804
-1031
-905
-722
450
2391
3958
4111
2696
1513
960
882
122
-1513
-2482
-1957
-990
-971
-1458
-1551
-1181
-1385
-1918
-1964
-1426
-885
-596
-73
378
486
105
34
560
705
336
96
939
1981
2780
3024
2977
2981
2374
1608
604
25
-312
-380
-404
-648
-746
-715
-686
-834
-1245
-1677
-1238
-507
214
545
1139
2037
2524
2380
1780
1721
2033
2354
1768
107
-1323
-796
1220
1956
871
150
662
957
-214
-992
45
1141
499
-1328
-2398
-3100
-4186
-4978
-4764
-4777
-6085
-7319
-6774
-5207
-4537
-4825
-4907
-4572
-5018
-5782
-5599
-4511
-3831
-4015
-4040
-3370
-2306
-1251
176
1940
2932
3030
2754
2565
2636
2420
2142
1790
1659
1877
2298
2914
3640
4855
5859
6192
5713
4851
4084
3492
3038
2302
1451
884
1328
2239
2520
2024
1478
1131
409
-557
-1028
-702
-419
-514
-541
64
837
814
121
-299
-434
-832
-1490
-1646
-756
187
681
889
1278
1610
1449
693
-86
-385
-361
-227
-341
-59
183
240
71
-322
-362
-492
-506
-61
864
1547
1777
1809
1792
1929
1696
1370
1365
1737
2360
3141
4130
4297
2261
-421
-909
585
1225
313
279
1522
1786
435
377
1891
1788
-780
-3229
-3512
-3564
-5138
-6456
-5770
-4863
-5515
-6043
-4696
-3004
-2934
-4031
-4495
-4539
-5274
-6068
-5804
-4754
-4114
-3335
-1811
-113
1028
1690
2510
2628
1216
-499
-1053
-255
727
1088
1415
2493
3851
4936
5502
5341
5070
4640
3956
2929
2130
2016
2270
2360
1963
1878
2139
2410
2520
2366
1731
937
877
1397
1782
1571
1499
2109
2456
1760
399
-709
-1191
-1429
-1748
-1852
-1622
-1133
-577
-50
399
471
66
-858
-1674
-1851
-1710
-1633
-1976
-2383
-2103
-1508
-1181
-1488
-1960
-1891
-1419
-770
-473
-89
590
985
898
287
-257
-407
-259
136
530
917
1357
1689
1797
1688
1303
739
566
1014
1693
1285
87
419
2507
3742
2442
655
548
665
-1285
-3293
-2883
-1542
-1608
-3014
-3385
-2532
-2107
-2268
-2271
-2671
-4135
-5258
-4837
-3645
-3750
-4530
-3782
-2337
-1856
-2267
-2160
-1325
-1061
-1669
-2127
-2019
-1870
-1443
-399
731
1097
715
852
2018
3103
3164
2682
2590
2830
2803
2561
2395
2480
2647
2567
2360
2369
2737
2977
2701
2340
2448
3040
3492
3631
3696
3608
3334
2670
2007
1370
330
-535
-804
-485
-293
-559
-833
-695
-413
-596
-902
-1260
-1762
-2159
-2206
-2119
-2236
-2747
-3303
-3227
-3041
-2976
-3062
-3033
-2659
-2207
-1714
-1314
-694
-244
-332
-693
-777
-421
-258
-264
188
1247
2027
2114
1763
1392
1133
427
-356
-520
-24
864
1608
2085
2518
2813
2704
2413
2358
2716
3243
3219
1959
400
631
2265
3185
2559
1742
1806
1366
-267
-938
250
834
-386
-2049
-2276
-1624
-1871
-2038
-1280
-963
-2006
-3022
-2714
-2136
-2890
-4143
-3948
-2836
-2336
-2729
-2926
-2058
-1049
-680
-505
-297
-326
-565
-588
-529
-1013
-1795
-1954
-1130
-50
435
819
1590
2053
1871
1580
1787
2506
3242
3473
3399
3650
3998
4045
3582
2862
2436
2144
1896
1812
1779
1554
1432
1750
2033
1748
1042
450
173
9
-60
-321
-1109
-2264
-3261
-3343
-2947
-2900
-3302
-3689
-3389
-2640
-2255
-2496
-3021
-3079
-2775
-2785
-3017
-2974
-2172
-1083
-238
98
213
404
458
200
-517
-1512
-2332
-2324
-1874
-1367
-906
-585
-183
42
128
434
880
1281
1469
1374
1469
2000
2441
2499
2600
2986
3384
3479
3533
3884
4434
4741
4678
3635
1668
732
1510
2823
3049
2604
2627
2550
1285
-370
-599
-178
-614
-1780
-2053
-1355
-1117
-1237
-771
79
-435
-2021
-2753
-2505
-2691
-3912
-5029
-5419
-5605
-5870
-5532
-4615
-3903
-3574
-3380
-2910
-2420
-2066
-1741
-1254
-888
-1032
-1001
-387
461
755
611
769
1521
2205
2451
2917
3752
4650
4961
4966
5215
5533
5591
5020
4274
3787
3480
3120
2562
2018
1527
1010
472
-22
-436
-652
-869
-1416
-2053
-2601
-2916
-2988
-3175
-3589
-3791
-3657
-3274
-2841
-2679
-2535
-2261
-2130
-2311
-2355
-2329
-2446
-2810
-3287
-3302
-2914
-2538
-2750
-3097
-3002
-2327
-1527
-1143
-913
-645
1
742
1144
1214
1398
1807
2014
1919
1559
1530
1966
2472
2898
3257
3488
3568
3716
3925
4111
3926
3441
3107
3008
2908
2578
2420
2687
3108
3444
3830
3909
3025
1617
1275
2700
3729
3117
2244
2273
2439
1109
-475
-388
266
-439
-2337
-3714
-3748
-3254
-2769
-2191
-2043
-2429
-2426
-1441
-460
-743
-1992
-2827
-3235
-3956
-4995
-5237
-4219
-3162
-2602
-2483
-2056
-1212
-374
250
364
85
-209
105
1013
1911
2164
1903
1745
1957
2027
1818
1726
1737
1853
1791
1708
1868
2195
2388
2159
1784
1577
1524
1221
746
508
547
497
509
694
622
258
57
340
173
-876
-2081
-2465
-2298
-2768
-3693
-4324
-4372
-4131
-4149
-4301
-4298
-4304
-4194
-4107
-4053
-3991
-3881
-3474
-3034
-2921
-2947
-2621
-2092
-1574
-1336
-1205
-891
-202
701
1171
1545
1912
2215
2332
2128
1965
2012
2070
2107
2393
2589
2697
2815
2860
3105
3379
3457
3476
3628
3923
4237
4263
3869
3213
2555
2323
2292
1940
1324
1071
1562
2237
2675
2313
1350
1119
1940
2946
2697
1761
1534
1704
1018
-526
-1175
-970
-1124
-1933
-2711
-2949
-2965
-2946
-2561
-2032
-2173
-2454
-2189
-1634
-1586
-2257
-2664
-2577
-2657
-3009
-3078
-2573
-2071
-1942
-1859
-1573
-1171
-846
-703
-760
-869
-934
-850
-510
-20
461
929
1502
2156
2550
2563
2624
2767
2667
2218
1589
1119
981
1080
1122
1063
876
550
365
242
252
188
-358
-1157
-1809
-1875
-1497
-1379
-1827
-2025
-1671
-1409
-1586
-2133
-2485
-2712
-3082
-3287
-2972
-2618
-2456
-2010
-1404
-1070
-1420
-1986
-2042
-1801
-1876
-2141
-2021
-1777
-1651
-1506
-1171
-576
-259
-371
-263
42
362
669
842
870
785
815
1009
1080
688
387
617
1013
1214
1249
1514
2238
3169
3610
3758
3859
3870
3869
3678
3301
2843
2505
2176
1814
1456
1357
1760
2199
2588
2930
3222
3712
4081
3737
2445
1166
1100
1856
2073
1642
1332
1170
612
-319
-511
-11
44
-583
-1236
-1333
-1234
-1208
-1091
-1190
-1652
-2028
-1738
-930
-572
-639
-316
284
269
-487
-1167
-1287
-1311
-1629
-1734
-1376
-1006
-885
-715
-343
-113
-327
-692
-694
-567
-614
-620
-354
82
267
171
225
484
558
346
-130
-762
-1370
-1785
-1706
-1228
-854
-666
-232
401
868
843
530
424
403
283
84
-108
-101
-27
-124
-290
-535
-1085
-1929
-2590
-2714
-2542
-2617
-2819
-2568
-2010
-1838
-2189
-2621
-2960
-3257
-3764
-4311
-4583
-4582
-4080
-3101
-2097
-1598
-1507
-1119
-415
-111
-360
-663
-727
-699
-946
-1135
-956
-541
67
706
1310
1705
1985
2326
2671
2937
3054
3204
3471
3691
3671
3596
3823
4193
4225
3737
3087
2767
2812
2881
2770
2643
2721
2923
3109
3390
3595
3745
3941
4063
4102
3618
2647
2073
2197
2257
1783
1189
987
823
244
-183
156
552
114
-672
-1170
-1193
-1247
-1426
-1516
-1731
-2023
-2108
-1756
-1458
-1473
-1575
-1527
-1611
-2207
-3053
-3590
-3544
-3321
-3184
-3197
-3054
-2656
-2259
-1848
-1520
-1313
-1287
-1053
-240
786
1603
1975
2201
2344
2222
1861
1346
919
529
203
71
180
418
663
841
970
1034
852
565
329
58
-507
-1266
-1868
-2152
-2214
-2296
-2249
-2065
-2021
-2158
-2209
-2209
-2457
-2996
-3651
-4061
-4268
-4526
-4758
-4700
-4366
-4037
-3815
-3700
-3370
-2930
-2658
-2388
-2021
-1529
-1276
-1325
-1139
-465
306
779
836
663
653
736
800
864
927
1044
1453
2109
2719
3256
3668
4138
4674
4911
4842
4644
4406
4118
3594
2923
2559
2670
2921
3088
3097
2954
2776
2510
2121
1727
1501
1552
1863
2132
2228
2453
2739
2889
2823
2563
2367
2208
1808
1185
795
706
902
1135
1088
1040
832
346
-84
-166
-96
-280
-677
-837
-572
-174
225
438
383
168
-3
-119
-435
-966
-1434
-1732
-1951
-2112
-2113
-1869
-1698
-1711
-1681
-1500
-1403
-1486
-1595
-1633
-1582
-1622
-1572
-1341
-1013
-661
-409
-335
-341
-256
-214
-314
-541
-783
-993
-1266
-1609
-1844
-1942
-1935
-1907
-1911
-1905
-1784
-1473
-1164
-1056
-1246
-1415
-1542
-1653
-1746
-1828
-1778
-1710
-1637
-1653
-1743
-1872
-2043
-2216
-2221
-2105
-1961
-1633
-1289
-916
-530
-406
-365
-279
-151
-29
-179
-367
-455
-549
-614
-595
-504
-502
-674
-940
-1027
-967
-943
-957
-898
-584
-120
220
405
618
800
790
682
638
611
551
526
547
727
981
1297
1775
2180
2350
2410
2402
2420
2404
2267
2264
2379
2588
2812
3147
3631
4095
4410
4536
4683
4736
4680
4491
4268
4040
3855
3831
3692
3399
3012
2820
2812
2665
2344
1903
1280
530
115
160
379
322
-113
-340
-363
-463
-574
-730
-992
-1477
-2004
-2261
-2367
-2667
-3117
-3390
-3451
-3601
-3919
-3985
-3697
-3240
-2902
-2750
-2533
-2388
-2354
-2218
-2021
-1799
-1528
-1333
-1198
-1036
-944
-855
-859
-1046
-1227
-1359
-1261
-793
-185
322
675
905
1115
1329
1369
1216
1116
1179
1241
1235
1188
1118
1046
876
580
39
-739
-1236
-1476
-1829
-2258
-2491
-2371
-2200
-2164
-2112
-1850
-1709
-1956
-2329
-2563
-2630
-2767
-2966
-3103
-3110
-3077
-2943
-2574
-2227
-1989
-1759
-1605
-1529
-1549
-1577
-1392
-1172
-979
-676
-295
102
511
986
1486
1847
1915
1911
1995
2161
2329
2428
2562
2772
2963
3085
3284
3474
3455
3210
2980
2823
2766
2811
2928
3131
3300
3551
3807
3951
3950
3951
4056
4155
4014
3626
3483
3516
3425
3109
2720
2454
2271
1803
1077
634
620
865
945
715
505
487
399
328
401
447
430
135
-417
-1049
-1643
-2027
-2244
-2604
-3056
-3178
-2839
-2322
-2066
-2163
-2304
-2258
-2145
-2049
-1868
-1585
-1130
-546
-99
216
398
444
480
361
53
-264
-457
-468
-369
-372
-376
-123
181
273
208
184
287
343
259
122
-117
-394
-569
-668
-929
-1404
-1786
-1875
-1799
-1804
-1947
-2107
-2175
-2239
-2419
-2719
-2891
-2765
-2544
-2404
-2322
-2275
-2251
-2154
-1969
-1787
-1776
-1885
-1952
-2022
-2124
-2142
-2048
-1934
-1952
-2035
-2027
-2012
-2086
-2170
-2132
-1947
-1845
-1907
-1815
-1427
-852
-469
-405
-379
-185
163
491
719
789
833
944
1192
1469
1619
1706
1849
2040
2104
2092
2144
2342
2547
2672
2840
3226
3635
3771
3769
3860
4010
3985
3713
3371
3153
3004
2817
2591
2441
2358
2283
2139
1933
1672
1390
1280
1293
1165
834
782
1189
1595
1548
1287
1204
1154
823
384
257
257
241
114
-98
-349
-625
-701
-647
-838
-1208
-1206
-879
-544
-474
-621
-666
-685
-796
-850
-825
-859
-846
-749
-620
-473
-397
-315
-216
-312
-454
-504
-508
-439
-357
-267
-192
-177
-285
-392
-460
-559
-618
-641
-694
-701
-683
-751
-806
-900
-1055
-1176
-1344
-1581
-1788
-1994
-2068
-1980
-1992
-2093
-2088
-1846
-1528
-1359
-1398
-1546
-1656
-1621
-1415
-1378
-1574
-1683
-1768
-1951
-2218
-2447
-2474
-2459
-2577
-2767
-2795
-2686
-2506
-2359
-2347
-2300
-2195
-2120
-2119
-2068
-1878
-1536
-1183
-1011
-835
-627
-344
120
562
865
1002
1110
1370
1714
1942
2146
2398
2671
2977
3145
3314
3575
3787
3739
3572
3573
3787
4039
4100
4091
4074
3995
3764
3460
3095
2665
2357
2204
2078
1912
1896
2115
2332
2309
2096
1777
1396
897
447
315
376
289
180
263
440
504
371
385
515
484
285
193
257
394
576
697
722
640
608
666
706
614
428
150
-56
-80
-43
-60
-164
-170
-37
88
-77
-314
-380
-353
-403
-604
-771
-864
-826
-728
-648
-693
-811
-806
-732
-818
-1007
-1154
-1260
-1337
-1444
-1548
-1611
-1651
-1779
-1984
-2141
-2147
-2095
-2121
-2201
-2272
-2273
-2269
-2230
-2143
-2044
-1998
-1999
-2004
-2004
-2016
-2060
-2186
-2326
-2372
-2425
-2426
-2338
-2216
-2123
-2160
-2321
-2396
-2400
-2466
-2543
-2616
-2555
-2489
-2527
-2516
-2325
-2028
-1713
-1329
-957
-658
-474
-321
-94
128
279
411
588
843
1205
1709
2273
2748
3016
3153
3248
3284
3277
3216
3185
3078
2922
2858
2928
2966
2813
2524
2192
2044
1988
1901
1728
1603
1630
1741
1853
1844
1767
1633
1556
1575
1612
1517
1357
1312
1373
1385
1185
900
807
989
1173
1230
1294
1500
1815
2080
2306
2555
2743
2769
2706
2546
2286
2023
1820
1704
1491
1195
991
893
791
628
526
389
146
-98
-279
-381
-564
-792
-901
-969
-1120
-1251
-1311
-1280
-1215
-1223
-1211
-1206
-1285
-1324
-1251
-1175
-1240
-1428
-1516
-1478
-1455
-1495
-1379
-1156
-1096
-1139
-1173
-1107
-1084
-1249
-1471
-1597
-1680
-1812
-1947
-1978
-1932
-1942
-1990
-2013
-2065
-2280
-2486
-2531
-2490
-2571
-2768
-2872
-2829
-2744
-2752
-2741
-2725
-2711
-2708
-2698
-2635
-2510
-2336
-2129
-1883
-1708
-1581
-1467
-1308
-1158
-1111
-1073
-928
-663
-378
-57
333
740
1079
1331
1512
1662
1881
2133
2336
2491
2633
2772
2857
2807
2630
2385
2189
2011
1817
1668
1553
1481
1417
1373
1401
1465
1489
1585
1717
1694
1638
1609
1629
1610
1454
1328
1292
1264
1200
1146
1177
1301
1504
1710
1868
1893
1810
1859
2026
2108
1974
1808
1830
1977
2095
2150
2215
2208
2129
2035
1950
1801
1579
1312
1041
818
585
396
231
95
-4
-65
-146
-317
-537
-802
-1034
-1215
-1372
-1491
-1591
-1721
-1792
-1748
-1713
-1767
-1814
-1842
-1876
-1903
-1943
-1836
-1628
-1548
-1603
-1685
-1678
-1590
-1527
-1449
-1363
-1380
-1446
-1429
-1364
-1305
-1303
-1312
-1205
-1166
-1266
-1384
-1489
-1580
-1706
-1902
-2098
-2198
-2284
-2319
-2317
-2328
-2327
-2290
-2216
-2154
-2133
-2143
-2100
-2080
-2080
-2052
-2023
-2000
-1932
-1859
-1801
-1710
-1611
-1468
-1371
-1302
-1121
-840
-564
-362
-122
270
705
988
1152
1358
1601
1748
1790
1861
1967
2046
2071
2088
2157
2183
2162
2140
2106
2059
1989
1903
1832
1716
1519
1348
1295
1304
1308
1271
1149
1073
1019
943
885
810
728
671
682
760
886
971
1104
1316
1475
1610
1809
2065
2316
2496
2614
2734
2749
2695
2685
2674
2627
2548
2516
2565
2648
2646
2529
2395
2328
2340
2316
2139
1779
1411
1125
876
600
219
-161
-502
-746
-893
-994
-1062
-1130
-1175
-1167
-1169
-1251
-1340
-1421
-1495
-1577
-1636
-1598
-1492
-1419
-1397
-1314
-1192
-1090
-1078
-1126
-1110
-1028
-946
-875
-811
-798
-795
-790
-831
-922
-1081
-1250
-1341
-1378
-1402
-1411
-1436
-1570
-1786
-1909
-1894
-1864
-1975
-2183
-2318
-2348
-2359
-2377
-2398
-2393
-2335
-2225
-2060
-1902
-1783
-1729
-1642
-1523
-1472
-1460
-1382
-1211
-1062
-1004
-1000
-887
-736
-611
-420
-211
-30
111
280
542
763
854
892
913
911
852
806
832
938
1016
1019
999
990
1095
1290
1488
1588
1583
1558
1550
1519
1422
1263
1143
1131
1131
1137
1121
1112
1157
1133
1113
1195
1321
1376
1284
1181
1159
1137
1057
972
938
902
940
1075
1202
1299
1371
1440
1521
1538
1530
1597
1664
1707
1752
1789
1777
1678
1574
1575
1641
1682
1664
1672
1674
1556
1353
1137
970
833
736
622
490
323
157
58
-92
-310
-561
-765
-938
-1067
-1152
-1157
-1097
-1098
-1170
-1302
-1362
-1392
-1503
-1656
-1787
-1837
-1839
-1880
-1970
-2024
-2025
-2032
-2054
-2044
-2019
-1994
-1943
-1839
-1691
-1602
-1637
-1717
-1819
-1962
-2046
-2016
-1913
-1765
-1558
-1322
-1153
-1105
-1106
-1083
-1154
-1389
-1615
-1709
-1680
-1611
-1568
-1506
-1434
-1422
-1422
-1388
-1294
-1142
-1008
-902
-871
-919
-966
-935
-803
-651
-514
-363
-183
-5
127
242
358
449
497
544
697
923
1125
1221
1235
1216
1116
968
846
808
811
835
837
854
922
986
1040
990
867
721
551
441
426
452
474
512
643
871
1021
1099
1170
1224
1247
1181
1141
1255
1460
1632
1666
1615
1660
1769
1852
1823
1718
1666
1697
1826
1977
2046
2079
2223
2372
2384
2252
2085
2041
2036
1914
1685
1420
1179
1008
833
649
476
306
189
92
9
-47
-75
-125
-288
-513
-725
-903
-1055
-1223
-1378
-1443
-1373
-1245
-1150
-1125
-1147
-1134
-1088
-1074
-1108
-1184
-1272
-1320
-1348
-1342
-1273
-1207
-1184
-1149
-1031
-828
-664
-554
-456
-398
-364
-372
-424
-518
-611
-655
-696
-794
-934
-1016
-980
-894
-865
-937
-1018
-996
-927
-918
-985
-1038
-1010
-974
-1017
-1089
-1115
-1043
-953
-974
-1041
-1052
-954
-822
-719
-707
-759
-759
-685
-606
-588
-573
-505
-388
-332
-336
-318
-232
-113
-65
-76
-51
34
142
216
188
145
117
21
-102
-160
-160
-169
-197
-214
-136
9
193
382
485
511
552
655
782
886
915
911
915
926
904
869
913
1027
1127
1182
1243
1360
1546
1727
1844
1886
1937
2041
2124
2097
2023
1990
2052
2193
2258
2254
2202
2134
2121
2091
1972
1810
1642
1503
1377
1211
1048
909
745
557
386
244
158
98
53
2
-52
-111
-194
-297
-461
-614
-715
-765
-801
-831
-904
-1001
-1067
-1108
-1068
-1021
-1007
-976
-925
-851
-759
-674
-608
-571
-536
-488
-467
-505
-558
-540
-492
-509
-678
-883
-978
-968
-910
-927
-971
-960
-907
-866
-899
-997
-1094
-1196
-1303
-1353
-1384
-1411
-1387
-1338
-1321
-1365
-1441
-1512
-1583
-1663
-1727
-1777
-1818
-1823
-1784
-1722
-1614
-1492
-1408
-1338
-1222
-1029
-808
-606
-449
-323
-242
-192
-141
-133
-152
-173
-124
-6
134
242
342
513
690
777
809
854
882
910
938
1006
1105
1158
1157
1124
1123
1157
1201
1208
1176
1102
1043
1044
1064
1093
1088
1079
1108
1143
1178
1214
1215
1221
1273
1318
1340
1369
1438
1514
1573
1611
1663
1729
1776
1817
1819
1814
1786
1745
1711
1658
1594
1533
1492
1463
1394
1291
1231
1184
1121
1060
989
908
794
635
477
308
112
-91
-265
-416
-580
-739
-831
-842
-810
-768
-750
-727
-694
-677
-685
-731
-790
-818
-845
-895
-913
-879
-780
-663
-545
-445
-382
-355
-401
-502
-621
-681
-720
-761
-824
-889
-897
-902
-945
-998
-1048
-1096
-1124
-1128
-1136
-1188
-1278
-1445
-1606
-1758
-1873
-1885
-1839
-1759
-1703
-1666
-1650
-1646
-1656
-1659
-1630
-1522
-1362
-1236
-1129
-1017
-860
-736
-673
-620
-554
-474
-374
-276
-208
-147
-102
-67
-57
-60
-18
53
116
177
196
157
152
173
183
167
139
118
92
89
117
176
256
312
352
377
399
396
356
349
347
335
311
332
406
479
535
569
663
776
871
957
1024
1103
1208
1263
1251
1215
1167
1145
1109
1080
1079
1112
1173
1238
1261
1235
1182
1072
967
843
726
677
667
688
727
784
824
801
734
638
557
480
393
318
245
176
75
4
-16
33
117
132
107
103
131
193
250
250
213
143
79
14
-44
-61
-45
-34
-62
-123
-200
-235
-274
-373
-510
-631
-713
-752
-766
-784
-776
-756
-723
-751
-792
-776
-738
-733
-791
-867
-965
-1049
-1102
-1140
-1211
-1291
-1310
-1293
-1267
-1246
-1208
-1111
-999
-932
-898
-903
-893
-885
-863
-809
-766
-723
-680
-634
-601
-564
-532
-514
-520
-550
-539
-505
-489
-511
-549
-573
-547
-461
-345
-242
-199
-142
-33
75
132
163
178
198
245
300
390
466
500
531
574
595
623
681
736
738
679
636
659
753
854
953
1052
1122
1162
1194
1235
1245
1172
1074
1023
969
910
876
900
948
963
950
948
973
990
1022
1055
1100
1157
1185
1177
1139
1098
1107
1166
1227
1321
1450
1570
1624
1614
1577
1510
1416
1332
1278
1221
1181
1152
1162
1158
1129
1117
1123
1115
1046
961
869
772
629
454
285
117
-62
-255
-423
-586
-772
-935
-1053
-1136
-1185
-1221
-1267
-1352
-1473
-1597
-1686
-1724
-1726
-1731
-1750
-1782
-1836
-1901
-1966
-1987
-1964
-1935
-1930
-1924
-1898
-1848
-1779
-1753
-1733
-1618
-1442
-1293
-1188
-1119
-1105
-1114
-1099
-1036
-950
-899
-882
-877
-886
-889
-852
-784
-684
-636
-668
-714
-751
-773
-816
-865
-905
-926
-893
-830
-789
-785
-774
-726
-660
-581
-495
-422
-362
-302
-273
-275
-264
-239
-182
-115
-60
6
103
191
258
367
519
664
743
757
764
797
836
890
986
1075
1118
1145
1134
1098
1067
1062
1099
1156
1203
1202
1173
1146
1136
1139
1135
1170
1258
1402
1573
1684
1714
1701
1693
1694
1713
1741
1739
1703
1658
1608
1588
1612
1673
1766
1805
1777
1714
1618
1497
1382
1307
1265
1205
1114
1009
919
819
628
380
161
14
-70
-151
-324
-559
-761
-861
-842
-831
-879
-972
-1105
-1207
-1251
-1323
-1416
-1458
-1455
-1435
-1439
-1439
-1399
-1365
-1361
-1335
-1250
-1113
-959
-831
-767
-773
-820
-824
-729
-585
-483
-437
-409
-387
-343
-279
-192
-123
-104
-90
-88
-157
-276
-427
-568
-622
-638
-645
-671
-768
-927
-1107
-1241
-1286
-1267
-1224
-1212
-1301
-1432
-1496
-1529
-1553
-1567
-1554
-1470
-1364
-1269
-1172
-1099
-1071
-1009
-859
-666
-485
-360
-276
-186
-91
33
242
467
672
854
977
1081
1165
1264
1383
1494
1575
1634
1677
1657
1593
1505
1443
1429
1457
1515
1574
1529
1394
1283
1228
1215
1218
1241
1247
1200
1090
1005
980
951
899
858
847
859
878
855
813
752
709
759
871
957
960
911
844
782
761
768
809
846
823
748
632
490
377
327
297
277
249
243
213
105
-31
-171
-260
-306
-326
-344
-446
-601
-730
-787
-809
-830
-818
-800
-807
-854
-887
-863
-836
-823
-809
-792
-765
-747
-749
-770
-824
-848
-804
-746
-707
-729
-808
-904
-990
-1029
-971
-881
-841
-851
-907
-972
-1058
-1166
-1262
-1299
-1264
-1213
-1180
-1232
-1354
-1457
-1511
-1509
-1471
-1427
-1389
-1400
-1460
-1525
-1554
-1526
-1457
-1387
-1325
-1295
-1330
-1344
-1303
-1240
-1167
-1076
-945
-793
-660
-552
-465
-395
-307
-163
24
214
357
420
420
426
476
591
741
858
938
1000
1052
1100
1126
1150
1204
1282
1370
1455
1501
1499
1438
1362
1353
1386
1466
1526
1494
1373
1195
1082
1073
1129
1195
1230
1213
1177
1168
1191
1232
1243
1248
1243
1235
1233
1204
1165
1098
1014
973
987
1063
1133
1114
1029
947
933
984
1064
1126
1138
1126
1107
1087
1048
1022
1020
996
937
890
849
762
612
454
342
296
310
325
267
91
-146
-341
-429
-430
-413
-420
-503
-658
-795
-875
-926
-1000
-1075
-1104
-1104
-1112
-1115
-1138
-1216
-1315
-1373
-1360
-1296
-1257
-1283
-1359
-1479
-1570
-1526
-1373
-1230
-1177
-1180
-1178
-1163
-1148
-1128
-1096
-1062
-1035
-983
-912
-905
-1010
-1144
-1221
-1235
-1172
-1056
-981
-1021
-1151
-1232
-1203
-1103
-952
-794
-705
-722
-752
-734
-677
-642
-645
-602
-530
-486
-444
-404
-409
-453
-428
-261
-33
167
267
292
289
284
392
589
775
915
1012
1113
1174
1186
1224
1288
1351
1417
1508
1618
1668
1605
1516
1435
1412
1515
1690
1798
1740
1580
1417
1340
1308
1322
1382
1378
1290
1180
1101
1039
970
905
888
888
875
888
883
788
646
564
592
695
753
749
693
573
458
450
547
663
773
821
810
774
715
711
691
618
550
525
515
430
261
64
-90
-205
-232
-168
-145
-253
-434
-602
-743
-835
-823
-728
-716
-821
-955
-1067
-1161
-1288
-1423
-1472
-1479
-1496
-1475
-1450
-1522
-1640
-1652
-1537
-1339
-1181
-1081
-1022
-1077
-1156
-1132
-1023
-911
-838
-799
-791
-845
-925
-942
-905
-893
-854
-731
-644
-658
-760
-872
-964
-1046
-1048
-944
-834
-842
-931
-1035
-1150
-1205
-1170
-1045
-925
-909
-906
-873
-861
-899
-905
-818
-693
-590
-492
-375
-324
-357
-332
-203
-39
136
291
416
467
467
559
735
903
1052
1209
1327
1356
1308
1285
1291
1282
1311
1402
1497
1487
1397
1295
1184
1091
1125
1260
1355
1326
1201
1110
1042
964
917
935
959
929
880
843
753
610
538
578
639
659
700
754
734
629
561
607
702
810
914
1010
998
883
823
857
909
945
1017
1076
1067
988
932
904
814
761
789
823
751
587
412
245
79
-10
24
37
-75
-260
-415
-551
-717
-834
-837
-823
-863
-924
-977
-1078
-1255
-1408
-1453
-1448
-1444
-1396
-1327
-1354
-1478
-1565
-1532
-1435
-1349
-1246
-1138
-1108
-1175
-1194
-1114
-1051
-998
-915
-826
-797
-855
-881
-900
-963
-993
-922
-788
-756
-832
-917
-939
-959
-975
-872
-733
-706
-762
-801
-835
-873
-861
-766
-650
-605
-596
-545
-517
-535
-556
-506
-382
-262
-97
85
176
142
102
159
289
420
563
709
745
716
730
781
874
970
1047
1174
1255
1245
1253
1254
1201
1119
1112
1197
1267
1250
1190
1101
968
891
913
999
1022
946
851
767
697
648
645
664
653
639
632
622
571
484
452
445
468
536
618
654
583
476
422
436
483
536
584
588
539
493
498
519
515
514
535
545
508
476
418
312
223
147
126
141
89
-18
-166
-333
-426
-453
-455
-498
-617
-744
-883
-1013
-1087
-1119
-1149
-1170
-1190
-1206
-1228
-1287
-1359
-1418
-1436
-1391
-1296
-1228
-1226
-1280
-1347
-1338
-1289
-1206
-1101
-1059
-1067
-1112
-1127
-1118
-1086
-1023
-964
-885
-824
-780
-749
-759
-820
-838
-808
-757
-692
-650
-629
-673
-763
-809
-782
-708
-606
-550
-542
-565
-569
-516
-452
-384
-313
-217
-129
-74
-40
-10
30
67
165
344
527
650
709
717
705
724
819
972
1052
1061
1074
1117
1172
1194
1250
1297
1288
1290
1345
1424
1412
1349
1323
1306
1309
1336
1399
1420
1343
1236
1186
1202
1209
1234
1237
1156
1033
942
944
969
968
1000
1062
1100
1098
1097
1107
1066
990
988
1055
1086
1073
1018
945
848
744
739
791
795
732
654
568
451
346
319
302
220
115
73
80
33
-41
-125
-233
-321
-362
-370
-413
-590
-794
-902
-947
-962
-957
-923
-953
-1060
-1159
-1187
-1207
-1262
-1282
-1258
-1232
-1247
-1240
-1230
-1263
-1322
-1302
-1161
-1029
-955
-922
-897
-922
-973
-960
-888
-853
-857
-851
-832
-842
-873
-841
-782
-764
-753
-674
-587
-571
-602
-593
-567
-565
-523
-420
-335
-360
-401
-397
-377
-355
-316
-242
-232
-297
-356
-326
-261
-239
-204
-129
-60
-25
24
88
81
13
10
89
175
242
305
348
341
324
371
469
536
570
599
642
689
721
794
866
878
891
949
1027
1066
1066
1090
1116
1108
1127
1202
1244
1199
1118
1053
1031
1003
975
977
944
847
755
709
699
687
647
610
564
492
461
479
463
391
303
276
279
251
234
219
173
75
14
13
26
-2
-62
-102
-147
-176
-164
-126
-149
-224
-274
-271
-250
-274
-296
-318
-383
-449
-439
-388
-398
-468
-532
-545
-568
-611
-615
-628
-692
-776
-832
-856
-889
-947
-976
-997
-1070
-1125
-1126
-1114
-1162
-1229
-1248
-1227
-1209
-1238
-1233
-1243
-1318
-1351
-1305
-1216
-1170
-1148
-1093
-1029
-998
-928
-806
-721
-672
-618
-513
-415
-339
-268
-181
-88
-30
41
147
226
248
259
297
361
402
423
430
399
327
286
296
303
295
276
280
275
267
271
282
272
230
241
295
341
368
403
451
452
446
503
618
715
755
802
854
893
934
1007
1080
1086
1074
1118
1194
1275
1339
1390
1423
1407
1405
1427
1420
1350
1255
1209
1186
1163
1134
1089
1019
909
809
753
718
697
666
603
534
468
419
391
343
276
209
166
144
119
88
59
12
-33
-37
-23
-33
-79
-132
-179
-230
-272
-289
-299
-342
-396
-417
-430
-458
-484
-495
-511
-550
-582
-605
-629
-697
-781
-839
-889
-910
-926
-944
-970
-1029
-1091
-1134
-1167
-1186
-1194
-1207
-1221
-1226
-1218
-1218
-1222
-1233
-1210
-1154
-1093
-1030
-1004
-992
-982
-944
-880
-774
-675
-639
-594
-551
-515
-466
-399
-333
-296
-253
-192
-116
-82
-67
-47
-22
3
26
67
78
58
10
-6
27
63
99
103
72
47
38
50
99
130
151
173
175
212
260
274
273
279
306
373
457
513
536
528
491
492
529
580
631
645
652
656
661
690
743
776
788
796
815
852
859
870
893
872
853
882
934
975
977
929
887
871
878
922
927
858
776
705
657
630
597
569
534
481
456
448
404
331
237
183
157
106
91
78
21
-64
-138
-163
-195
-228
-248
-261
-301
-368
-381
-394
-430
-472
-499
-507
-533
-555
-569
-550
-562
-598
-579
-538
-508
-506
-528
-576
-654
-708
-699
-678
-696
-745
-772
-772
-781
-783
-760
-757
-796
-821
-824
-820
-836
-862
-853
-818
-793
-759
-698
-682
-692
-695
-679
-664
-649
-599
-523
-475
-470
-441
-389
-328
-276
-224
-152
-99
-44
30
92
126
129
128
170
230
273
312
339
312
290
304
333
367
361
348
354
340
338
364
390
404
399
408
422
417
422
452
491
496
507
545
579
593
595
605
603
589
599
641
655
658
660
659
674
673
659
671
683
676
683
685
690
678
650
640
624
607
581
550
501
452
427
416
407
356
318
294
261
243
223
192
148
104
74
61
30
1
4
6
4
2
1
5
-19
-62
-97
-123
-171
-210
-226
-246
-274
-317
-327
-330
-360
-383
-398
-414
-438
-442
-443
-458
-508
-555
-568
-599
-643
-687
-718
-768
-809
-832
-851
-863
-883
-869
-859
-861
-865
-854
-824
-808
-800
-790
-768
-763
-727
-660
-595
-535
-488
-442
-405
-357
-326
-278
-235
-221
-190
-148
-102
-75
-87
-77
-57
-52
-5
50
81
101
107
129
165
167
160
163
140
115
118
134
165
177
177
198
209
217
221
230
229
222
229
242
288
336
376
402
414
434
460
508
520
512
508
508
513
507
499
484
457
438
449
478
504
526
542
534
510
505
516
529
554
578
610
633
635
649
641
616
579
556
550
556
576
572
543
494
464
441
434
416
371
321
257
208
179
155
113
63
26
-2
-33
-72
-130
-197
-258
-300
-312
-320
-363
-420
-475
-505
-511
-524
-522
-530
-551
-557
-549
-535
-525
-520
-504
-476
-447
-425
-418
-421
-435
-457
-479
-487
-483
-480
-456
-446
-461
-477
-486
-471
-449
-438
-440
-452
-469
-456
-427
-389
-361
-350
-338
-312
-264
-239
-211
-196
-179
-140
-92
-46
-15
0
-7
27
85
141
194
218
247
283
315
337
362
396
431
439
433
440
438
438
460
492
512
507
478
487
494
455
422
393
367
373
388
359
326
265
215
204
203
209
205
195
169
170
179
191
204
204
204
195
193
193
200
214
209
242
288
312
326
322
339
358
374
400
442
469
477
472
449
408
340
306
299
296
275
241
196
154
114
81
58
20
-26
-75
-107
-158
-211
-269
-312
-346
-377
-384
-398
-422
-470
-501
-495
-490
-498
-496
-486
-481
-487
-520
-541
-526
-501
-466
-423
-409
-406
-396
-389
-380
-371
-354
-328
-305
-312
-311
-314
-349
-358
-338
-313
-288
-269
-279
-307
-328
-340
-346
-341
-346
-352
-351
-360
-347
-332
-322
-305
-276
-247
-222
-220
-237
-211
-181
-141
-92
-55
-12
10
18
37
70
102
164
227
263
280
273
265
276
291
313
356
377
360
343
318
280
252
234
235
237
228
219
205
174
138
114
119
129
120
104
94
102
83
74
92
111
119
123
140
114
88
73
77
110
136
182
226
232
197
187
199
202
211
218
