50
50
49
60
61
61
69
64
67
80
88
97
106
107
123
137
139
145
150
151
147
150
144
135
126
133
145
148
171
180
183
178
164
148
144
146
145
133
117
102
65
39
11
-11
-17
-14
-22
-21
-30
-49
-53
-69
-77
-95
-113
-144
-181
-206
-237
-260
-274
-282
-300
-303
-293
-288
-283
-288
-302
-325
-346
-370
-371
-390
-431
-448
-484
-507
-516
-540
-556
-557
-570
-587
-598
-613
-604
-592
-589
-579
-576
-567
-539
-518
-493
-448
-406
-373
-329
-283
-237
-186
-142
-87
-22
28
91
152
196
245
282
320
362
395
430
454
481
503
520
533
554
571
580
588
596
606
609
619
612
604
599
590
591
588
586
579
573
572
569
578
582
579
583
579
575
585
584
583
580
570
564
553
538
539
534
505
497
478
445
426
395
364
339
303
256
221
171
111
56
-27
-118
-200
-306
-411
-516
-620
-717
-804
-877
-960
-1047
-1125
-1186
-1272
-1346
-1401
-1477
-1532
-1587
-1625
-1633
-1637
-1649
-1636
-1615
-1599
-1537
-1473
-1392
-1293
-1186
-1055
-927
-798
-672
-528
-389
-259
-122
4
120
224
322
406
483
562
625
676
732
779
822
841
847
845
831
800
737
669
604
540
479
414
339
267
199
145
81
12
-37
-82
-106
-125
-140
-138
-126
-113
-96
-73
-52
-17
12
40
88
132
181
221
248
308
375
439
511
566
608
673
739
789
828
872
920
965
986
1006
1031
1044
1070
1074
1065
1071
1100
1133
1151
1138
1131
1139
1119
1100
1071
1034
978
906
788
652
546
429
307
167
25
-100
-241
-404
-559
-705
-847
-1005
-1151
-1283
-1392
-1490
-1595
-1698
-1806
-1898
-1980
-2022
-2056
-2079
-2056
-2021
-1966
-1902
-1810
-1687
-1558
-1445
-1321
-1186
-1031
-859
-697
-533
-377
-207
-34
120
277
432
567
707
814
887
961
1008
1048
1071
1080
1084
1065
1039
1000
952
903
847
759
664
557
437
313
183
52
-89
-215
-347
-481
-613
-732
-826
-903
-966
-1022
-1063
-1089
-1100
-1099
-1095
-1079
-1042
-1001
-951
-891
-829
-753
-662
-576
-503
-420
-332
-246
-144
-53
49
150
241
324
393
485
564
628
702
754
792
830
861
886
918
940
956
958
958
970
964
968
983
998
1025
1035
1050
1077
1106
1144
1170
1186
1183
1151
1094
1039
980
906
824
722
616
496
365
253
153
60
-49
-172
-301
-432
-554
-709
-860
-1010
-1190
-1368
-1516
-1628
-1723
-1799
-1876
-1939
-1956
-1939
-1902
-1827
-1728
-1633
-1518
-1388
-1231
-1049
-861
-656
-466
-288
-93
105
293
468
646
812
961
1108
1237
1353
1458
1536
1591
1627
1642
1639
1606
1523
1421
1281
1131
977
788
611
408
200
-9
-236
-440
-622
-795
-950
-1065
-1178
-1271
-1318
-1364
-1404
-1438
-1466
-1464
-1460
-1442
-1394
-1342
-1276
-1188
-1095
-989
-863
-735
-599
-485
-386
-277
-179
-100
-5
79
139
205
252
296
366
413
446
485
496
526
556
569
587
589
581
577
580
594
615
652
708
763
833
890
963
1046
1103
1170
1221
1230
1225
1205
1170
1134
1080
1007
916
793
660
530
396
265
131
-32
-194
-340
-473
-592
-710
-844
-998
-1155
-1294
-1376
-1454
-1524
-1567
-1602
-1619
-1601
-1540
-1462
-1362
-1248
-1127
-961
-774
-576
-345
-127
80
307
509
710
919
1104
1289
1462
1600
1737
1857
1954
2047
2088
2094
2099
2073
2024
1967
1898
1791
1639
1471
1273
1063
854
648
453
224
-14
-233
-455
-638
-812
-988
-1130
-1280
-1415
-1533
-1652
-1742
-1814
-1876
-1930
-1965
-1979
-1979
-1950
-1917
-1868
-1786
-1708
-1616
-1494
-1373
-1275
-1170
-1068
-973
-890
-803
-698
-607
-534
-458
-353
-256
-149
-48
30
112
180
241
285
351
425
489
529
578
640
700
780
843
900
961
1023
1096
1200
1310
1396
1466
1499
1495
1476
1454
1417
1351
1247
1141
1034
915
799
697
591
463
313
153
9
-133
-263
-412
-571
-736
-916
-1056
-1180
-1288
-1384
-1496
-1567
-1610
-1608
-1544
-1458
-1348
-1228
-1086
-927
-755
-555
-363
-186
-16
146
310
500
688
853
1005
1125
1224
1330
1421
1516
1594
1635
1665
1666
1654
1629
1586
1498
1362
1195
993
792
601
419
221
24
-178
-384
-564
-733
-880
-1009
-1143
-1265
-1363
-1454
-1517
-1559
-1591
-1622
-1647
-1682
-1706
-1684
-1635
-1572
-1500
-1404
-1308
-1199
-1087
-986
-889
-805
-723
-639
-546
-465
-376
-289
-208
-126
-48
22
98
175
247
326
402
497
580
643
714
764
789
827
853
891
956
1013
1081
1154
1243
1321
1406
1502
1598
1694
1744
1784
1789
1750
1714
1676
1609
1517
1399
1241
1077
895
719
576
438
285
139
-3
-142
-266
-410
-566
-734
-914
-1098
-1274
-1422
-1573
-1708
-1820
-1924
-1984
-2010
-2002
-1943
-1858
-1754
-1620
-1455
-1262
-1055
-843
-627
-427
-232
-32
152
321
480
617
753
876
1000
1145
1270
1383
1475
1551
1608
1639
1669
1659
1609
1528
1408
1264
1119
972
813
643
459
267
88
-80
-244
-407
-575
-730
-867
-996
-1103
-1195
-1295
-1393
-1473
-1528
-1563
-1580
-1584
-1557
-1531
-1472
-1391
-1305
-1184
-1069
-947
-823
-687
-561
-454
-342
-246
-173
-97
0
97
202
285
372
455
522
598
667
725
788
839
872
898
901
907
912
890
868
865
857
876
910
936
985
1037
1088
1145
1204
1277
1342
1359
1335
1295
1248
1196
1098
987
872
721
587
455
309
173
42
-102
-261
-394
-516
-645
-756
-883
-1024
-1164
-1310
-1421
-1529
-1650
-1768
-1874
-1947
-1990
-1979
-1940
-1868
-1774
-1653
-1500
-1325
-1111
-888
-646
-424
-213
-1
205
419
594
760
885
977
1067
1140
1219
1295
1355
1394
1427
1440
1439
1425
1379
1298
1204
1094
969
840
678
502
320
120
-74
-242
-397
-544
-676
-811
-944
-1050
-1162
-1241
-1290
-1335
-1366
-1396
-1391
-1369
-1330
-1283
-1224
-1168
-1106
-1037
-963
-871
-796
-717
-653
-594
-539
-491
-463
-423
-378
-333
-273
-207
-126
-40
31
90
165
238
321
403
478
546
600
667
725
776
836
897
961
1032
1076
1130
1192
1252
1329
1398
1478
1542
1598
1649
1681
1695
1689
1645
1583
1503
1409
1331
1211
1059
899
707
503
303
139
3
-132
-278
-433
-588
-735
-856
-987
-1115
-1232
-1357
-1472
-1566
-1640
-1712
-1769
-1822
-1835
-1802
-1753
-1645
-1516
-1373
-1209
-1044
-853
-644
-425
-207
-14
143
283
417
530
636
734
817
894
966
1024
1072
1126
1143
1146
1122
1078
1030
954
877
796
712
603
467
326
182
41
-102
-252
-383
-487
-581
-669
-757
-834
-919
-985
-1023
-1053
-1070
-1102
-1097
-1085
-1068
-1008
-950
-908
-871
-827
-785
-720
-646
-581
-519
-481
-454
-434
-407
-372
-362
-349
-338
-326
-303
-275
-243
-203
-160
-138
-96
-33
38
121
211
300
394
492
601
728
849
980
1085
1170
1265
1378
1484
1587
1670
1734
1788
1836
1888
1923
1942
1937
1917
1874
1798
1718
1635
1511
1351
1161
947
744
547
332
103
-100
-301
-494
-677
-854
-1011
-1153
-1281
-1388
-1472
-1560
-1628
-1667
-1691
-1697
-1690
-1665
-1632
-1590
-1519
-1442
-1344
-1225
-1113
-969
-809
-642
-485
-325
-152
-10
124
240
339
431
512
569
622
668
681
680
660
619
557
485
421
367
327
284
232
161
79
14
-42
-107
-174
-268
-371
-463
-562
-669
-775
-864
-953
-1041
-1125
-1187
-1212
-1233
-1236
-1234
-1223
-1180
-1132
-1087
-1047
-1014
-982
-960
-949
-919
-878
-845
-807
-783
-742
-692
-648
-601
-556
-500
-445
-384
-304
-217
-122
-25
77
186
295
401
505
614
738
839
937
1021
1101
1205
1309
1435
1551
1658
1745
1828
1898
1956
2014
2058
2098
2106
2116
2108
2072
2029
1973
1902
1794
1674
1548
1425
1295
1125
939
745
534
325
119
-63
-223
-411
-620
-809
-951
-1064
-1141
-1201
-1266
-1330
-1377
-1393
-1381
-1328
-1285
-1232
-1153
-1067
-958
-835
-690
-556
-431
-309
-182
-51
88
226
350
469
563
654
751
833
877
892
874
844
828
769
701
625
525
414
297
185
79
-29
-147
-276
-394
-506
-610
-718
-836
-937
-1050
-1145
-1216
-1293
-1363
-1421
-1475
-1523
-1538
-1547
-1540
-1527
-1523
-1509
-1477
-1399
-1336
-1276
-1220
-1180
-1132
-1090
-1014
-927
-860
-800
-758
-705
-618
-523
-425
-325
-234
-149
-72
13
126
237
343
463
556
653
763
858
954
1040
1145
1243
1330
1430
1490
1553
1606
1656
1714
1733
1766
1789
1811
1838
1859
1887
1897
1906
1909
1925
1920
1915
1882
1792
1696
1577
1467
1329
1133
915
685
454
203
-50
-269
-482
-714
-942
-1146
-1302
-1426
-1534
-1620
-1700
-1780
-1822
-1801
-1729
-1666
-1608
-1524
-1422
-1284
-1114
-939
-747
-550
-385
-221
-60
109
288
428
559
669
760
861
976
1059
1098
1109
1092
1083
1055
991
911
790
657
499
317
149
-21
-179
-346
-517
-669
-807
-933
-1049
-1142
-1230
-1320
-1402
-1474
-1555
-1628
-1681
-1724
-1763
-1807
-1831
-1834
-1821
-1785
-1745
-1672
-1581
-1502
-1372
-1227
-1069
-909
-781
-654
-554
-464
-366
-272
-188
-120
-40
27
93
171
221
292
360
418
498
587
704
819
947
1059
1160
1286
1379
1479
1575
1652
1722
1775
1817
1853
1885
1902
1935
1967
1989
2013
2033
2077
2124
2164
2196
2211
2255
2235
2106
1961
1797
1660
1443
1100
720
339
-8
-413
-816
-1175
-1520
-1843
-2181
-2449
-2644
-2778
-2846
-2923
-2947
-2945
-2885
-2721
-2539
-2364
-2232
-2049
-1832
-1574
-1275
-1016
-716
-432
-161
140
468
861
1229
1531
1800
2048
2319
2592
2841
2996
3049
3032
2949
2849
2709
2525
2277
1957
1596
1202
833
464
99
-310
-754
-1149
-1512
-1803
-2067
-2319
-2532
-2700
-2809
-2859
-2818
-2744
-2680
-2587
-2470
-2324
-2128
-1936
-1746
-1591
-1476
-1369
-1275
-1141
-1000
-873
-738
-596
-448
-286
-117
55
243
382
507
637
769
915
1032
1092
1105
1117
1139
1144
1125
1106
1078
1068
1081
1093
1153
1235
1266
1286
1330
1413
1509
1593
1661
1710
1774
1813
1868
1935
2009
2085
2151
2265
2344
2461
2589
2730
2792
2580
2295
2025
1843
1551
910
211
-483
-1088
-1713
-2432
-3001
-3528
-3959
-4425
-4759
-4857
-4897
-4727
-4621
-4473
-4275
-4033
-3532
-3029
-2529
-2254
-1985
-1520
-1048
-490
-118
296
720
1058
1488
1828
2303
2718
3038
3291
3432
3718
3943
4198
4322
4243
4152
3934
3812
3615
3289
2879
2333
1860
1286
739
176
-411
-930
-1576
-2156
-2684
-3042
-3335
-3682
-3980
-4255
-4294
-4310
-4288
-4185
-4064
-3819
-3604
-3279
-2890
-2511
-2128
-1817
-1459
-1111
-757
-452
-171
100
241
397
534
733
882
921
990
1012
1094
1109
1118
1145
1095
1065
966
902
867
861
845
772
738
658
649
698
799
947
987
1015
1022
1152
1337
1430
1559
1594
1682
1774
1862
2087
2312
2572
2713
2897
3093
3221
3476
3707
3956
3763
3163
2616
2253
2033
1217
67
-1073
-2063
-2902
-3998
-4843
-5521
-6054
-6585
-7109
-7069
-6859
-6358
-5832
-5316
-4693
-4153
-3199
-2171
-1129
-404
-51
534
1106
1780
2186
2427
2696
2781
3015
3068
3294
3582
3671
3792
3641
3679
3757
3863
3933
3672
3456
3084
2817
2520
2111
1751
1132
605
37
-387
-702
-1196
-1564
-2036
-2331
-2546
-2720
-2740
-2918
-2985
-3098
-3043
-2880
-2830
-2689
-2675
-2564
-2493
-2416
-2198
-2012
-1776
-1734
-1650
-1511
-1336
-1078
-975
-793
-663
-426
-125
62
306
431
633
803
968
1146
1179
1269
1240
1244
1186
1011
869
643
567
371
185
102
8
159
185
222
330
490
811
1043
1338
1549
1780
2088
2249
2434
2590
2846
3122
3310
3452
3512
3689
3838
3967
4167
4238
3746
2749
1893
1430
1040
-131
-1872
-3353
-4348
-5184
-6271
-7047
-7429
-7633
-7814
-7888
-7312
-6337
-5160
-4084
-3110
-2188
-1422
-298
883
1848
2280
2263
2467
2682
2925
2892
2680
2532
2248
2157
2019
2012
2120
2196
2349
2177
2106
2178
2419
2691
2555
2344
2136
2104
1959
1688
1446
1124
898
511
251
40
-227
-418
-752
-941
-1217
-1402
-1459
-1638
-1912
-2415
-2695
-2834
-2928
-3168
-3600
-3784
-3870
-3780
-3701
-3548
-3183
-2830
-2304
-1805
-1227
-587
-33
483
716
960
1180
1470
1713
1580
1367
1059
839
579
304
72
-262
-517
-907
-1239
-1478
-1652
-1589
-1562
-1434
-1274
-890
-239
341
945
1444
2101
2843
3437
3886
4131
4410
4549
4538
4449
4291
4228
4073
3904
3752
3647
3760
4005
4321
3775
2328
1014
378
315
-791
-3030
-5114
-6387
-6983
-7941
-8767
-8964
-8706
-8152
-7613
-6491
-4980
-3268
-1666
-474
473
952
1790
2699
3172
2946
1986
1421
1039
826
486
-37
-295
-656
-500
-160
263
825
1181
1871
2288
2647
3048
3480
4088
4082
3924
3653
3613
3733
3446
3158
2641
2361
2134
1767
1540
1087
740
260
-237
-712
-1307
-1758
-2468
-3071
-3699
-4378
-4786
-5076
-4927
-4821
-4708
-4360
-3799
-2792
-1884
-1021
-165
569
1250
1665
1887
1816
1566
1225
784
293
-279
-725
-1134
-1455
-1734
-1941
-1890
-1754
-1491
-1285
-1085
-771
-422
49
382
652
1001
1312
1687
1994
2195
2423
2656
2843
2945
2959
2879
2827
2738
2604
2457
2309
2308
2408
2554
2720
3074
3563
4068
4570
5136
5231
3845
1830
498
191
-534
-3008
-5827
-7705
-8385
-8766
-9115
-8680
-7944
-6982
-5888
-4468
-2629
-1027
483
1578
2072
1873
1517
1742
1759
1043
-461
-1731
-2204
-2334
-2184
-2143
-1948
-1658
-1164
-159
803
1650
2015
2268
2543
2556
2664
2617
2692
2589
2275
2219
2411
3102
3607
3814
3856
3717
3732
3486
3026
2237
1151
210
-774
-1730
-2816
-3731
-4283
-4717
-4842
-4836
-4433
-3919
-3601
-3123
-2694
-1958
-1241
-796
-399
-371
-183
-17
151
264
29
20
-137
-253
-386
-638
-762
-1091
-1288
-1520
-1653
-1653
-1683
-1439
-1279
-970
-634
-183
473
905
1350
1514
1706
1884
1894
1931
1784
1671
1480
1544
1794
1963
2184
2459
3064
3623
4010
4342
4707
5113
5300
5604
5929
6303
6639
7134
6871
4177
654
-1432
-1150
-1651
-5100
-8625
-10376
-10131
-9907
-9574
-8070
-6518
-4658
-2999
-1031
881
1874
2821
2869
2207
737
-788
-1216
-1697
-2578
-4326
-5407
-4928
-4008
-2941
-2399
-1701
-968
-180
960
1585
1988
1964
2024
2071
1710
1797
2110
2829
3371
3521
4043
4807
5824
6483
6566
6167
5277
4346
3078
1494
-363
-2117
-3356
-4498
-5347
-5765
-5475
-4551
-3472
-2381
-1438
-472
522
1061
855
163
-688
-1358
-1975
-2639
-3260
-3710
-3578
-2960
-1996
-977
-27
919
1507
1685
1466
992
388
-388
-1238
-2125
-2714
-2885
-2559
-1892
-1163
-202
835
1919
2635
2952
3059
2827
2442
1780
1172
630
133
-48
6
558
1304
2090
3093
4188
5263
6139
6850
7219
7361
7477
7679
7807
7960
7448
4011
-1185
-4661
-4493
-3870
-6887
-10751
-12261
-11046
-9241
-7686
-4890
-2230
-14
1645
2994
4323
4481
3961
2530
545
-1846
-4355
-5456
-5694
-5777
-6443
-6709
-5364
-3599
-1937
-906
-337
-242
-578
-463
-442
-750
-1200
-995
-178
364
1089
2484
4656
6563
7516
7920
7993
7913
7403
6262
4448
2176
188
-1431
-2841
-3946
-4358
-3828
-2853
-1898
-1113
-44
1410
2587
2910
2233
1250
509
-105
-1216
-3244
-5223
-6092
-5935
-5444
-4833
-3737
-2336
-948
334
1338
2017
2340
2059
1044
-296
-1568
-2551
-3184
-3504
-3478
-3212
-2547
-1342
-62
961
1676
2161
2468
2409
2020
1473
783
154
-240
-358
-241
154
961
1852
2583
3281
4179
4991
5249
5243
5212
5274
5376
5325
5719
6356
7182
7101
3359
-2430
-5861
-4684
-3620
-7132
-11133
-11967
-9867
-7592
-5321
-1689
1278
3404
4711
5470
6038
5319
3730
1202
-1519
-4163
-6705
-7556
-7039
-6338
-6164
-5582
-3955
-2335
-1157
-276
125
-537
-1599
-1870
-1583
-1557
-1590
-610
1237
2794
3963
5178
6705
8052
8530
7806
5879
3896
2417
1153
-196
-1619
-2540
-2679
-2140
-1212
-68
1329
2666
3317
3180
2698
2372
2026
1081
-416
-2024
-2991
-3080
-2790
-3110
-4294
-4714
-3804
-2599
-2046
-1796
-1280
-988
-585
-134
75
283
565
707
102
-559
-742
-907
-1217
-1592
-1956
-2220
-2027
-1456
-1007
-847
-459
19
363
739
959
1158
1333
1680
2039
2198
2316
2709
3378
3841
3989
3904
3969
4103
4255
4451
4424
4489
4992
5745
7079
7141
2785
-4353
-8566
-6705
-4968
-8040
-11162
-10718
-7953
-5985
-3571
793
4330
6106
5841
4684
3868
2842
1177
-1580
-4063
-5849
-7030
-6601
-4802
-3243
-2352
-1194
-257
-653
-1752
-1652
-1177
-2132
-3745
-4544
-3908
-2440
-472
1793
3437
4713
5899
6362
5864
4960
4363
3235
1198
-872
-2023
-1863
-740
705
1782
2731
3697
4564
5079
5135
4638
3313
1828
577
-335
-653
-586
-497
-528
-551
-655
-905
-1151
-1997
-3658
-5074
-5454
-5335
-5083
-4245
-2975
-1492
204
1806
2707
3137
3449
2891
1241
-585
-1792
-2767
-3524
-3715
-3457
-2743
-1721
-663
-40
223
456
459
185
-179
-448
-349
173
1120
2145
3051
4089
5113
6026
6306
5816
4759
3658
3001
2421
1973
2182
3535
5401
6672
5017
-679
-6562
-7686
-5050
-5391
-9334
-11100
-8836
-5979
-4721
-2473
1215
4143
4876
3221
1049
-488
-1462
-2768
-4440
-5590
-6071
-5699
-4046
-2053
-924
-50
854
694
-1309
-3191
-3245
-2594
-2632
-2878
-2314
-906
1269
3660
5502
6104
5945
5479
4120
2152
634
93
-115
-683
-1225
-849
767
3003
4532
4923
4710
4216
3690
3058
2314
1620
1040
901
895
1026
1709
2624
3075
2338
676
-1589
-3821
-5089
-5592
-5784
-5838
-5317
-3998
-2277
-351
1248
2189
2392
1763
560
-805
-1619
-1920
-2238
-2373
-1999
-1099
14
1002
1722
1652
962
120
-856
-1877
-2709
-2642
-1909
-880
370
1854
3578
5134
6263
6584
6230
5352
4504
3712
2943
2643
2449
2644
3081
4185
5701
7337
8173
4151
-4139
-10842
-10653
-7118
-7446
-9654
-9103
-4965
-1472
-463
1101
3114
4177
2329
-1809
-5304
-7232
-7248
-6707
-5988
-5161
-4090
-1804
631
1948
1228
30
-739
-2283
-4532
-6196
-5491
-3391
-974
1375
3167
4637
5373
5907
5709
4326
2406
340
-1151
-2128
-1885
-337
1554
2748
2858
2919
3412
3948
3385
1838
333
-503
-348
417
1639
2927
4224
5400
5638
4729
2995
1184
-570
-2445
-4175
-5271
-5224
-4234
-2810
-1428
-149
713
1143
1196
461
-651
-1877
-2851
-3588
-3835
-3042
-1823
-612
226
736
1140
1285
1012
200
-681
-1209
-1363
-1148
-764
-395
-161
266
862
1158
1173
956
1087
1577
2656
3947
5020
5952
6542
7194
7117
6859
6140
5445
5041
5274
6437
3237
-4383
-11414
-11526
-6636
-4792
-5126
-5073
-2397
120
-478
-1319
-999
962
865
-2672
-6432
-8730
-8047
-5562
-2706
-1676
-3166
-3999
-3003
-1461
-2241
-4314
-5590
-5814
-5467
-5257
-3599
-903
2039
4235
5309
5651
5011
4530
4338
3883
2597
1380
1246
1734
2168
2690
3854
4265
2785
327
-1122
-1050
-685
-569
-394
130
1456
3645
5893
6691
5953
5125
4786
4051
1687
-1049
-2506
-2204
-1605
-1631
-1778
-1898
-1124
-123
140
-952
-2245
-2486
-2210
-1906
-1874
-1714
-1205
-557
-366
-784
-1337
-1533
-1670
-1797
-1837
-1757
-1468
-912
-64
644
1209
1495
1461
699
-263
-793
-1118
-1238
-993
70
1616
3179
4467
5437
5661
5340
5337
5082
4552
3389
3082
4527
6624
9478
7767
820
-6677
-9235
-5899
-5000
-6037
-6519
-4407
-615
-623
-1936
-2548
-146
2733
700
-3920
-8231
-8885
-6876
-4398
-2323
-2527
-3186
-3274
-2225
-2189
-3875
-5575
-6724
-6523
-6499
-5837
-4207
-1313
2078
3895
4732
4520
4014
3195
2893
3437
3676
3804
3932
4498
4705
5030
5558
5152
3437
930
-453
-1029
-1232
-1039
-279
1529
3091
3997
4153
4139
4509
4485
4369
3095
1336
193
262
1591
1504
485
-844
-1296
-941
-1342
-1785
-2287
-2142
-1588
-1072
-711
-844
-814
-292
305
211
-462
-1017
-943
-455
-30
442
728
497
-244
-1013
-1166
-1330
-1374
-1483
-1741
-1772
-1367
152
1223
1657
1427
1562
2310
2237
1635
783
999
1890
2457
2837
3498
5325
8834
8781
2767
-5999
-10567
-7314
-5215
-5608
-6041
-3498
1731
1934
-142
-1890
-1312
1107
-509
-3951
-7880
-9160
-6811
-4139
-2007
-2433
-2547
-1249
-177
-1274
-4643
-6818
-7308
-6465
-5694
-5059
-3808
-2244
498
2331
3032
2698
1873
1880
1091
828
683
1282
2693
3954
5076
4994
4599
3818
2826
1556
548
246
161
48
-115
246
1419
2772
3432
3270
2871
2668
2386
2220
2089
1978
2026
2433
2638
2085
865
103
-78
-369
-866
-1712
-1107
-246
14
-252
-786
-372
-96
125
-44
-562
-649
-108
868
1572
1802
1780
1744
1652
1245
604
59
-280
-63
282
860
1049
973
1348
1829
2507
2529
2141
1443
973
833
761
729
1122
1990
2759
3625
4558
6583
5894
713
-6508
-9760
-6386
-4869
-6319
-6426
-2343
2643
1193
-2090
-2610
-1144
104
-2298
-5089
-7341
-8158
-5986
-3377
-2074
-3278
-3552
-1307
300
-1035
-4473
-6437
-6664
-6705
-6504
-5573
-3823
-1989
326
2188
2404
1365
695
1545
1906
1265
511
916
2335
3413
4226
4721
4576
3816
2896
2409
1773
398
-963
-1305
-542
438
1363
1973
2010
1799
2138
2801
2908
2133
1404
1806
2523
3039
2485
1303
599
190
423
247
-600
-1084
-943
-49
371
69
27
372
779
604
255
222
584
1201
1767
2165
2131
1790
1580
1359
691
-93
-602
-465
-95
100
557
1069
1852
2651
3229
3482
3235
2894
2173
1384
645
462
898
1244
1419
1801
2813
4189
6014
5991
2680
-3126
-7169
-5735
-4375
-5435
-6486
-4472
294
259
-2109
-2327
-1145
-146
-3325
-6642
-8306
-9150
-7753
-6221
-4772
-4422
-4050
-1144
1229
995
-1648
-4039
-4406
-5014
-5608
-5354
-3982
-2071
-663
604
1689
1824
1566
1399
1141
554
-481
-548
462
2133
3588
4823
5796
5868
5175
4141
3572
2479
814
-720
-1437
-1192
-864
-462
-77
604
1521
1955
1991
1548
1292
1468
1788
2086
1826
1677
1674
1750
1548
826
5
-696
-795
-1045
-1693
-2338
-2318
-1421
-617
18
463
902
1559
2195
2689
2554
1902
1194
617
233
-400
-893
-1121
-934
-480
-329
57
297
760
848
578
467
398
738
616
384
-70
-149
523
1289
1503
859
598
1226
1833
1798
1756
2002
1233
-1469
-3202
-1723
759
1326
1012
1768
2595
1438
-399
-257
315
-713
-3180
-4555
-4552
-4968
-5397
-4635
-3073
-2695
-3257
-3318
-2706
-2712
-3494
-3752
-3427
-3094
-2727
-1677
-490
-177
-717
-1244
-1293
-1311
-1467
-1705
-1799
-1685
-1439
-917
-114
776
1752
2432
2854
2982
3144
3266
2768
2391
2288
2749
2857
2592
2434
2307
2412
2290
2056
1380
942
1099
1895
2763
3123
3117
2829
2715
2493
2004
1078
88
-721
-1474
-2157
-2456
-2277
-1930
-1677
-1475
-1141
-826
-310
165
520
447
176
-49
-254
-166
-200
-100
-94
40
122
-221
-629
-1208
-1286
-1136
-925
-848
-967
-670
-159
448
605
421
485
957
1359
1175
856
869
1048
1141
1499
2117
2735
3195
3085
1646
-275
-218
1850
3249
2774
2304
3017
3102
1335
-168
-43
305
-853
-2858
-3723
-3602
-3375
-3193
-2879
-3202
-4434
-5304
-5059
-4248
-4124
-4203
-3774
-3134
-3016
-3392
-3317
-2858
-2481
-2704
-2664
-2367
-2130
-1794
-1404
-587
-209
-246
-336
175
1340
2181
2258
1971
1761
1861
2242
2610
2942
3124
3543
3813
3857
3597
3268
3003
2960
2958
2537
2044
2012
3057
4109
4477
3755
2837
2271
1973
1594
567
-695
-1964
-2443
-2500
-2560
-2879
-3081
-2783
-2247
-1694
-1292
-1021
-999
-957
-998
-1202
-1309
-1080
-653
-200
-75
46
133
-105
-437
-735
-781
-1045
-1310
-1205
-671
-195
2
410
934
1585
2069
1925
1243
485
194
416
676
848
1165
1692
2120
2515
2784
3153
2835
1049
-199
371
1762
1950
1516
1813
2175
1054
-689
-667
158
242
-593
-1100
-1162
-1808
-2839
-3285
-3426
-4317
-5174
-4928
-3821
-3435
-3875
-4038
-3750
-3756
-4495
-4798
-4293
-3573
-2831
-2624
-2322
-1435
-826
-292
34
-22
145
400
630
853
651
504
894
1340
1885
2515
3008
3660
4362
4727
4562
4114
3912
3987
3897
3474
3364
3741
4345
4829
5104
5450
5385
4444
3084
2095
1233
61
-1329
-2255
-2534
-2629
-2461
-2193
-1845
-1724
-1938
-2257
-2628
-2965
-3105
-3035
-2552
-1747
-1099
-610
-472
-396
-710
-1148
-1436
-1857
-2428
-3208
-3101
-2524
-1841
-1207
-714
0
486
720
596
239
-190
-475
-692
-703
-238
483
1339
1948
2029
1897
1676
1449
1497
1604
1924
2160
2618
3446
4389
4673
3076
1335
1335
2667
3062
2571
2851
3387
2708
1172
1165
1850
1330
-8
-777
-565
-858
-1941
-2374
-2368
-3054
-4361
-5244
-5126
-4954
-5054
-4931
-4468
-4266
-4374
-4061
-3284
-2734
-2876
-3024
-2772
-2504
-2681
-2962
-2727
-1918
-1118
-673
-69
797
1688
2164
2373
2334
2086
1863
1941
2548
3149
3823
4494
5245
5858
6016
5715
5120
4519
3623
2555
1538
1080
1106
1142
1066
932
732
294
-550
-1569
-2340
-3055
-3632
-3880
-3454
-2634
-1837
-1067
-469
-168
-366
-789
-1355
-1916
-2432
-2872
-3226
-3381
-2841
-1976
-1379
-1363
-1464
-1251
-1073
-1229
-1722
-2175
-2376
-2325
-1991
-1447
-834
-151
548
953
872
515
173
229
477
723
1190
1609
2085
2418
2554
2804
3140
3291
3071
2987
3252
3892
4607
5258
5361
3791
1803
1669
2968
3433
2720
2508
3073
2600
972
552
1254
894
-873
-2614
-3269
-3617
-4189
-3984
-3302
-3319
-3784
-3689
-2814
-2392
-2969
-3714
-4284
-5227
-6459
-6830
-5766
-4280
-3438
-2951
-2267
-1571
-1330
-1390
-1354
-1401
-1855
-2155
-1658
-505
900
2528
4207
5397
5771
5571
5482
5291
4763
4020
3124
2575
2858
3615
4315
4660
4643
4254
3196
1953
960
106
-835
-1449
-1463
-1067
-434
165
645
848
470
-545
-1573
-2341
-2865
-3365
-3718
-3663
-3485
-3262
-2838
-2165
-1786
-1971
-2534
-2994
-3274
-3560
-3725
-3772
-3605
-3407
-2976
-2174
-1302
-733
-755
-903
-925
-793
-716
-674
-300
455
1210
1472
1630
2127
2781
3057
2957
2878
2899
2894
2832
2921
3077
3122
2958
2793
2813
3004
3266
3737
4311
4565
4558
4673
4659
3178
876
-135
489
862
371
600
1530
1733
717
317
884
690
-659
-2075
-2703
-3309
-3957
-3818
-2968
-2658
-3070
-3121
-2506
-2229
-2984
-3717
-3930
-4224
-4767
-4825
-3971
-2953
-2386
-1679
-451
589
921
843
1021
1141
835
503
618
1297
2062
2757
3287
3546
3611
3489
3120
2546
1927
1425
1055
995
1435
2003
2400
2470
2374
1981
1294
737
413
200
-275
-874
-1115
-972
-821
-863
-981
-1163
-1651
-2304
-2758
-2915
-2951
-2978
-2926
-2870
-2928
-3060
-3055
-2896
-2713
-2853
-3336
-3718
-3650
-3181
-2653
-2221
-1952
-1876
-1923
-1846
-1537
-1151
-855
-579
-272
-54
226
738
1337
1550
1336
1232
1294
1382
1374
1455
1898
2325
2648
2911
3024
3051
3031
2854
2452
1972
1524
1524
1955
2500
3021
3410
3806
4049
4012
3930
3907
3041
1280
214
747
1844
2112
2086
2401
2241
936
-269
-352
-285
-984
-1939
-2312
-2267
-2348
-2299
-1795
-1521
-1922
-2474
-2440
-2271
-2605
-3073
-3054
-2770
-2875
-2945
-2453
-1506
-764
-453
-190
-77
-309
-656
-703
-457
-417
-518
-214
483
1123
1420
1640
1829
1730
1463
1237
1323
1603
1920
2225
2231
2044
1884
1832
1754
1436
843
104
-461
-630
-453
-294
-456
-716
-1020
-1401
-1950
-2509
-2739
-2866
-3056
-3392
-3443
-3138
-2795
-2480
-2213
-2138
-2421
-2686
-2662
-2326
-1983
-1732
-1609
-1533
-1245
-910
-732
-810
-833
-710
-609
-634
-611
-310
113
481
613
626
653
827
1029
915
413
-88
-102
210
395
350
457
808
1215
1421
1463
1558
1620
1661
1702
1858
2188
2522
2762
2911
3009
3025
2837
2589
2420
2468
2775
3274
3632
3239
2449
2303
2898
3185
2705
2228
2011
1298
29
-762
-524
-203
-392
-718
-906
-1023
-1293
-1338
-1352
-1821
-2463
-2735
-2374
-1949
-1842
-1695
-1295
-1086
-1441
-1965
-2093
-1984
-1970
-1931
-1582
-1116
-760
-345
159
631
732
662
474
312
324
352
550
764
1131
1365
1582
1893
2006
1771
1246
948
600
61
-400
-512
-374
-350
-407
-317
-217
-325
-572
-622
-459
-464
-646
-908
-848
-735
-782
-909
-932
-695
-577
-585
-577
-499
-752
-1184
-1423
-1308
-1161
-1239
-1210
-950
-628
-775
-1223
-1635
-1801
-1896
-2067
-2152
-2133
-2094
-2072
-1954
-1842
-1729
-1669
-1529
-1376
-1245
-989
-629
-275
-66
78
216
225
183
467
984
1460
1711
1987
2370
2602
2763
2960
3306
3521
3544
3486
3471
3537
3476
3376
3324
3412
3514
3560
3608
3548
3016
2027
1428
1473
1583
1445
1388
1533
1304
597
190
367
459
-10
-769
-1407
-1779
-1973
-1990
-1858
-1972
-2200
-2337
-2166
-1757
-1704
-1840
-1922
-1931
-2100
-2342
-2142
-1516
-979
-812
-685
-464
-375
-450
-448
-422
-536
-806
-803
-516
-256
-26
99
99
-123
-166
165
611
749
583
635
906
1146
1213
1217
1275
1392
1407
1270
1072
916
817
720
556
333
175
95
184
223
7
-391
-687
-717
-627
-592
-652
-672
-881
-1291
-1699
-1966
-2196
-2544
-2893
-3076
-3160
-3352
-3501
-3483
-3320
-3289
-3503
-3767
-3879
-3791
-3607
-3266
-2879
-2522
-2177
-1776
-1373
-994
-580
-136
208
304
363
544
894
1322
1606
1834
2166
2648
3082
3232
3230
3290
3429
3402
3229
3199
3353
3515
3576
3791
4141
4290
4103
3733
3356
2930
2496
2260
2175
1930
1392
988
1197
1705
1840
1510
1148
740
153
-396
-472
-270
-334
-535
-699
-762
-810
-752
-660
-810
-1236
-1671
-1846
-1852
-1761
-1729
-1641
-1552
-1665
-1841
-1844
-1573
-1280
-1206
-1254
-1223
-1139
-993
-742
-416
-194
-74
48
200
335
437
662
937
1098
1012
844
889
1172
1379
1329
1256
1280
1323
1280
1301
1377
1339
1216
1168
1154
986
636
192
-139
-369
-612
-1050
-1601
-1997
-2145
-2222
-2482
-2836
-3158
-3276
-3271
-3263
-3326
-3333
-3167
-3002
-3029
-3244
-3382
-3288
-2958
-2660
-2547
-2558
-2364
-2019
-1732
-1533
-1303
-953
-744
-545
-258
70
263
371
679
1186
1651
1885
2116
2457
2754
2840
2848
2895
2830
2664
2574
2596
2575
2482
2442
2400
2259
2110
1992
1878
1732
1600
1561
1500
1510
1648
1883
2114
2069
1872
1705
1712
1776
1694
1492
1148
621
62
-103
66
139
95
77
-29
-283
-464
-299
21
233
251
87
-122
-232
-146
-128
-296
-460
-487
-475
-563
-665
-616
-472
-436
-562
-744
-755
-542
-307
-272
-401
-515
-531
-491
-413
-342
-297
-212
-61
117
192
179
188
260
238
-27
-344
-415
-256
-14
111
48
-76
-165
-214
-322
-505
-631
-663
-725
-801
-867
-904
-874
-855
-950
-1145
-1295
-1292
-1279
-1327
-1312
-1200
-1031
-950
-954
-966
-957
-933
-893
-751
-551
-444
-465
-451
-410
-379
-385
-421
-379
-270
-99
14
64
75
-30
-213
-375
-383
-263
-251
-438
-718
-834
-771
-717
-713
-697
-523
-388
-323
-198
5
264
400
556
724
798
862
893
886
820
769
845
853
730
666
764
1026
1322
1640
1882
2029
2074
2086
2193
2256
2227
2017
1781
1659
1506
1272
1151
1251
1310
1199
1111
1122
1046
798
542
392
151
-68
-93
29
129
54
-37
-78
-120
-290
-500
-660
-793
-948
-1025
-934
-876
-839
-750
-594
-545
-612
-589
-541
-584
-707
-713
-592
-524
-532
-488
-349
-226
-226
-240
-159
-61
-46
-177
-341
-491
-518
-460
-420
-434
-538
-531
-421
-259
-140
-80
8
36
-105
-335
-444
-426
-418
-430
-423
-438
-447
-417
-274
-121
-120
-210
-250
-168
-71
-98
-330
-626
-858
-935
-849
-782
-810
-936
-1066
-1157
-1240
-1260
-1189
-1049
-909
-811
-716
-658
-673
-721
-739
-808
-1048
-1354
-1526
-1476
-1379
-1339
-1263
-1113
-878
-617
-421
-282
-138
38
271
411
398
381
403
515
617
738
888
932
933
1041
1340
1599
1703
1755
1913
2169
2334
2413
2459
2452
2344
2156
2005
1942
1978
2069
2114
1955
1636
1443
1535
1742
1739
1518
1342
1276
1145
876
702
676
622
476
310
239
226
233
289
253
78
-173
-406
-553
-721
-900
-1030
-1120
-1268
-1471
-1497
-1346
-1271
-1358
-1371
-1180
-973
-880
-791
-684
-625
-587
-539
-533
-656
-794
-808
-744
-656
-461
-192
5
100
162
264
350
379
406
463
580
753
913
1006
950
867
889
1005
1051
933
881
922
898
736
537
389
294
190
47
-122
-350
-590
-782
-913
-1087
-1332
-1665
-1968
-2076
-2005
-1882
-1880
-1949
-2006
-2104
-2226
-2334
-2345
-2313
-2370
-2449
-2457
-2390
-2299
-2128
-1885
-1682
-1482
-1235
-924
-624
-367
-86
168
322
409
440
408
434
548
649
726
801
930
1071
1221
1413
1512
1548
1568
1594
1654
1693
1677
1553
1435
1455
1489
1482
1508
1560
1565
1581
1694
1806
1826
1813
1829
1798
1605
1343
1140
1009
929
830
697
544
469
550
686
760
700
673
752
760
595
349
188
50
-156
-385
-565
-675
-775
-834
-836
-893
-991
-1037
-1044
-1112
-1256
-1336
-1348
-1315
-1201
-1020
-799
-606
-453
-336
-254
-131
16
100
100
93
213
459
684
830
979
1194
1317
1240
1115
1021
912
737
528
341
182
153
220
219
147
70
17
-151
-413
-643
-853
-1067
-1379
-1702
-1998
-2219
-2231
-2141
-2051
-1984
-1902
-1737
-1573
-1471
-1388
-1272
-1187
-1232
-1349
-1421
-1387
-1302
-1190
-1116
-1136
-1225
-1300
-1251
-1142
-982
-818
-703
-609
-510
-421
-379
-313
-219
-154
-137
-71
35
136
192
270
422
532
629
783
1013
1135
1093
1027
975
931
887
871
880
929
1047
1245
1473
1661
1811
1905
1928
1911
1856
1782
1724
1623
1524
1469
1439
1413
1328
1201
1102
1088
1102
1061
936
782
674
591
551
538
524
515
529
590
584
516
534
650
756
711
603
606
689
740
723
730
792
853
832
656
427
280
215
139
-12
-141
-188
-170
-58
95
195
207
189
177
147
94
12
-152
-415
-665
-819
-841
-834
-918
-992
-965
-853
-757
-694
-594
-506
-512
-609
-649
-632
-647
-691
-712
-713
-769
-831
-916
-1118
-1383
-1547
-1592
-1620
-1698
-1745
-1782
-1795
-1741
-1688
-1612
-1589
-1590
-1605
-1598
-1581
-1635
-1663
-1603
-1457
-1353
-1336
-1359
-1379
-1362
-1325
-1325
-1362
-1384
-1383
-1310
-1153
-984
-867
-731
-486
-221
-74
-24
0
53
86
72
50
8
31
149
312
425
489
640
840
955
1004
1041
1125
1207
1221
1191
1113
1078
1095
1137
1193
1201
1223
1253
1292
1306
1251
1224
1239
1274
1300
1332
1386
1415
1448
1520
1599
1636
1598
1519
1439
1390
1353
1334
1363
1390
1415
1453
1531
1674
1816
1897
1870
1745
1533
1321
1221
1143
1006
790
585
428
317
298
334
384
380
371
400
420
455
486
499
447
315
153
11
-49
-90
-197
-386
-559
-617
-638
-640
-675
-767
-881
-990
-993
-1009
-1109
-1208
-1268
-1296
-1400
-1519
-1583
-1603
-1610
-1673
-1771
-1873
-1944
-1982
-2023
-2106
-2233
-2350
-2406
-2419
-2398
-2358
-2270
-2117
-1960
-1827
-1694
-1531
-1349
-1219
-1256
-1366
-1433
-1408
-1301
-1243
-1179
-1084
-928
-747
-591
-399
-197
-4
155
234
217
167
181
210
198
188
267
492
746
883
894
870
883
870
800
711
662
689
756
869
966
1010
1046
1064
1054
986
888
853
817
780
756
756
816
853
898
967
1022
1056
1094
1140
1147
1144
1127
1057
961
888
861
857
876
938
992
1026
1061
1080
1083
1106
1171
1251
1311
1321
1302
1242
1182
1117
1015
913
812
753
650
521
481
559
693
755
761
736
750
770
790
861
937
954
854
706
616
564
487
390
275
124
-22
-111
-177
-247
-311
-375
-472
-612
-716
-768
-784
-824
-938
-1062
-1126
-1183
-1280
-1389
-1477
-1519
-1572
-1647
-1708
-1696
-1633
-1580
-1529
-1477
-1426
-1385
-1349
-1354
-1386
-1388
-1351
-1286
-1252
-1233
-1152
-999
-860
-798
-799
-824
-849
-867
-897
-924
-925
-936
-951
-958
-938
-875
-783
-679
-614
-582
-575
-587
-604
-641
-635
-588
-553
-489
-394
-281
-184
-89
8
56
80
104
125
125
83
47
30
52
111
159
249
373
488
564
618
698
739
756
758
772
775
690
578
485
443
426
387
329
278
251
224
242
310
410
515
640
790
898
938
948
1001
1082
1162
1225
1284
1392
1539
1656
1714
1759
1798
1812
1833
1860
1872
1876
1841
1805
1760
1712
1680
1603
1514
1453
1400
1272
1117
990
844
661
447
267
115
-13
-84
-88
-93
-163
-255
-345
-431
-530
-653
-787
-891
-943
-949
-946
-974
-1013
-1037
-989
-929
-921
-971
-1039
-1093
-1168
-1214
-1216
-1222
-1259
-1317
-1388
-1433
-1433
-1375
-1328
-1374
-1489
-1604
-1617
-1573
-1543
-1547
-1550
-1494
-1389
-1330
-1352
-1408
-1407
-1301
-1173
-1080
-1056
-1048
-995
-857
-707
-656
-668
-638
-570
-528
-497
-445
-321
-197
-94
40
173
289
377
447
484
436
325
225
161
160
186
198
201
222
292
365
422
409
386
399
412
430
445
502
572
594
560
494
439
436
474
488
452
442
520
646
760
797
784
783
803
833
880
922
990
1075
1133
1191
1230
1237
1220
1226
1263
1283
1248
1172
1151
1178
1218
1244
1235
1178
1113
1079
1070
1051
990
933
892
865
847
851
846
847
870
903
935
879
773
689
612
499
383
272
176
113
71
44
-4
-107
-228
-317
-397
-457
-522
-572
-590
-614
-646
-703
-787
-869
-910
-944
-1002
-1067
-1135
-1225
-1294
-1302
-1336
-1406
-1457
-1438
-1397
-1388
-1371
-1304
-1214
-1155
-1135
-1149
-1152
-1122
-1078
-1059
-1075
-1087
-1071
-1045
-1020
-975
-924
-842
-752
-711
-674
-638
-572
-487
-438
-404
-356
-274
-168
-84
-50
-80
-141
-198
-247
-225
-181
-157
-145
-113
-36
55
136
146
102
45
21
30
47
65
59
55
55
83
136
201
259
287
301
320
376
460
528
542
527
496
444
384
316
268
202
135
98
95
99
101
108
156
247
308
357
424
520
617
695
753
788
813
866
916
918
907
896
889
853
805
800
824
842
855
886
909
916
945
993
1004
951
869
799
750
722
663
575
540
522
482
454
426
394
344
263
203
125
39
-10
-38
-83
-137
-189
-232
-267
-300
-316
-335
-379
-462
-547
-587
-605
-650
-719
-747
-721
-696
-696
-675
-619
-554
-523
-512
-451
-389
-367
-373
-433
-485
-507
-496
-460
-412
-358
-306
-272
-261
-257
-275
-281
-282
-295
-332
-385
-422
-439
-478
-551
-616
-697
-770
-810
-810
-772
-699
-597
-467
-350
-270
-237
-257
-315
-400
-486
-541
-543
-556
-577
-566
-555
-559
-550
-538
-518
-483
-422
-285
-117
59
194
286
359
392
378
293
178
104
56
11
-40
-70
-34
39
143
229
290
335
368
413
404
363
330
331
376
434
503
561
625
675
661
579
486
450
447
457
468
507
620
735
821
858
869
878
861
817
735
668
639
643
670
650
593
545
502
492
489
454
415
405
397
398
402
410
418
408
382
328
253
168
100
63
21
-49
-137
-198
-207
-225
-275
-285
-293
-312
-325
-330
-313
-303
-301
-306
-322
-353
-401
-466
-566
-662
-737
-774
-758
-686
-541
-385
-273
-202
-172
-176
-196
-232
-268
-324
-382
-399
-331
-254
-214
-198
-209
-228
-301
-363
-391
-394
-379
-347
-300
-284
-273
-263
-256
-284
-332
-365
-377
-414
-469
-508
-555
-563
-580
-581
-594
-592
-549
-521
-495
-508
-490
-439
-382
-324
-271
-237
-215
-186
-167
-137
-123
-89
-49
-23
-15
-12
38
123
198
231
232
239
276
303
325
348
349
358
401
439
467
489
496
529
541
533
542
556
570
586
607
592
554
534
544
559
555
550
516
469
443
415
383
339
310
314
324
329
315
326
342
346
372
410
442
411
361
321
264
164
40
-43
-59
-83
-129
-99
-20
87
156
164
154
140
128
88
72
86
130
192
258
327
367
398
431
437
398
357
344
379
457
523
583
628
642
652
630
570
519
492
461
423
388
355
329
299
253
214
161
102
50
-25
-129
-275
-414
-518
-638
-736
-772
-775
-820
-926
-1029
-1135
-1224
-1292
-1336
-1322
-1306
-1297
-1283
-1266
-1234
-1206
-1194
-1176
-1146
-1135
-1121
-1073
-978
-847
-731
-636
-530
-428
-346
-259
-185
-124
-74
-42
33
123
206
258
275
293
308
312
291
322
380
407
393
367
376
383
350
286
223
205
236
275
308
329
344
378
383
342
284
235
231
227
143
43
-13
-53
-91
-126
-135
-118
-80
-38
13
49
64
84
119
159
172
192
229
277
286
254
219
197
215
236
248
273
326
389
477
561
611
636
642
664
695
720
738
748
733
734
749
757
766
782
769
724
661
616
595
533
449
343
279
229
148
96
30
-51
-143
-233
-314
-381
-454
-523
-602
-716
-801
-858
-881
-888
-906
-931
-953
-989
-1030
-1043
-1043
-1045
-1049
-1052
-1058
-1058
-1018
-966
-952
-951
-899
-825
-771
-734
-699
-654
-621
-602
-574
-552
-533
-512
-463
-411
-405
-416
-421
-413
-398
-376
-337
-267
-176
-97
-56
-13
42
100
158
201
245
294
343
394
411
393
385
400
426
420
378
339
311
282
243
191
151
141
145
149
145
134
142
152
129
81
14
-36
-38
-26
-28
-51
-63
-17
43
100
169
234
315
394
441
491
550
617
654
687
728
778
859
938
1052
1186
1303
1382
1418
1415
1419
1414
1363
1309
1272
1246
1222
1209
1188
1158
1101
1051
1008
923
823
737
676
613
550
479
388
300
210
131
35
-77
-185
-272
-335
-399
-447
-516
-574
-599
-627
-644
-644
-645
-659
-675
-718
-773
-822
-863
-891
-924
-959
-975
-965
-938
-915
-900
-888
-887
-882
-846
-805
-799
-800
-784
-759
-732
-711
-685
-648
-607
-569
-501
-433
-394
-363
-332
-293
-263
-246
-237
-211
-180
-132
-84
-66
-49
-21
11
49
70
78
103
115
126
124
100
66
29
0
-46
-96
-154
-207
-258
-298
-333
-367
-389
-410
-435
-497
-573
-634
-676
-691
-701
-708
-677
-617
-548
-463
-375
-269
-158
-68
15
104
193
274
341
402
464
538
623
704
790
887
962
1007
1047
1082
1127
1187
1225
1257
1270
1285
1306
1306
1303
1265
1205
1141
1070
1025
975
891
827
790
771
748
703
667
641
608
554
485
415
358
300
249
191
121
55
-6
-46
-85
-141
-231
-330
-395
-441
-481
-527
-581
-624
-650
-652
-640
-653
-658
-644
-642
-640
-672
-710
-725
-768
-790
-806
-830
-826
-776
-710
-670
-668
-673
-633
-586
-513
-474
-483
-467
-429
-381
-359
-355
-348
-339
-358
-397
-462
-513
-527
-528
-518
-511
-489
-473
-423
-361
-326
-328
-371
-415
-459
-483
-495
-529
-546
-520
-477
-428
-360
-280
-229
-197
-158
-143
-155
-157
-149
-147
-137
-129
-94
-25
37
99
146
147
137
154
209
267
323
385
436
512
596
676
766
847
901
923
935
964
974
949
939
943
953
946
928
947
993
1021
1032
1038
1004
969
927
890
852
808
780
743
700
651
619
588
530
468
430
407
376
335
304
299
284
258
224
201
173
147
111
72
41
3
-19
-16
-19
-65
-105
-134
-142
-142
-171
-226
-302
-363
-382
-370
-369
-390
-396
-372
-360
-360
-359
-353
-356
-377
-387
-410
-433
-443
-441
-409
-372
-340
-343
-336
-295
-281
-300
-333
-340
-333
-330
-344
-373
-402
-410
-409
-410
-414
-421
-407
-409
-409
-420
-446
-452
-474
-492
-514
-533
-537
-539
-560
-586
-611
-637
-634
-629
-627
-608
-558
-508
-463
-441
-418
-376
-361
-332
-325
-338
-340
-330
-310
-296
-265
-206
-135
-69
-3
49
86
142
191
231
273
315
371
423
490
560
598
602
587
576
574
558
534
519
508
491
488
503
526
564
618
668
683
688
689
698
709
685
631
597
601
609
623
622
621
628
643
638
616
597
586
592
568
554
526
503
504
494
468
416
362
315
283
218
141
69
2
-66
-136
-186
-233
-270
-298
-324
-351
-366
-369
-370
-379
-394
-395
-389
-369
-327
-303
-293
-286
-249
-196
-168
-129
-103
-90
-94
-99
-107
-121
-118
-128
-127
-131
-152
-188
-217
-245
-299
-375
-445
-501
-545
-576
-610
-655
-700
-729
-762
-780
-788
-799
-808
-825
-812
-768
-723
-698
-666
-622
-559
-507
-475
-446
-421
-397
-383
-374
-380
-372
-357
-320
-267
-233
-200
-172
-154
-144
-167
-199
-205
-213
-214
-204
-192
-163
-111
-58
-6
37
70
109
157
206
228
265
310
350
400
460
529
587
633
673
716
781
857
923
988
1022
1043
1078
1106
1121
1114
1087
1024
977
922
868
823
788
779
761
755
726
712
723
703
675
611
531
479
461
437
398
339
277
243
227
216
194
163
147
146
138
122
79
58
68
67
26
-7
-27
-42
-38
-49
-88
-132
-165
-177
-178
-194
-214
-211
-175
-140
-107
-83
-81
-66
-32
-9
-11
-13
-7
11
3
-17
-50
-82
-77
-59
-52
-64
-69
-80
-91
-115
-152
-190
-230
-254
-270
-285
-310
-348
-396
-453
-517
-566
-603
-636
-674
-716
-764
-797
-816
-833
-837
-850
-869
-893
-910
-940
-943
-912
-876
-830
-788
-743
-709
-664
-626
-611
-601
-571
-530
-503
-484
-455
-386
-319
-273
-222
-187
-137
-74
-17
27
34
41
44
66
111
150
191
234
291
337
377
420
432
445
477
510
521
525
538
543
556
558
546
551
572
618
661
674
668
652
642
647
645
629
585
548
525
509
498
465
442
428
420
412
396
388
389
401
403
385
359
336
332
344
347
329
321
312
307
315
316
311
305
311
321
334
352
363
359
331
300
264
232
203
157
123
84
41
31
16
5
12
6
-9
-44
-77
-101
-141
-187
-243
-291
-337
-376
-405
-433
-460
-478
-489
-511
-536
-587
-638
-669
-687
-707
-734
-751
-766
-782
-794
-800
-809
-816
-816
-818
-817
-808
-798
-781
-770
-733
-688
-682
-648
-604
-547
-497
-467
-427
-404
-373
-327
-286
-235
-164
-77
-2
55
96
107
142
184
209
230
239
247
258
272
309
335
361
391
416
435
420
417
417
405
378
365
358
353
358
344
358
351
337
329
309
302
296
312
343
370
390
415
444
468
489
499
499
495
485
474
472
479
492
511
541
558
563
584
599
597
599
596
575
558
546
533
534
550
568
594
607
603
602
595
598
599
592
575
554
532
489
466
435
403
366
314
267
214
180
124
60
-10
-91
-159
-232
-288
-346
-412
-479
-543
-602
-654
-688
-725
-749
-755
-754
-761
-781
-797
-824
-859
-885
-906
-907
-901
-891
-865
-858
-852
-817
-776
-738
-707
-696
-698
-712
-709
-684
-682
-679
-668
-644
-619
-593
-558
-535
-515
-511
-503
-503
-516
-506
-493
-485
-468
-451
-432
-384
-321
-272
-230
-206
-190
-147
-113
-95
-70
-53
-35
-8
-2
-8
2
22
46
60
95
134
172
225
247
260
267
273
286
312
332
342
347
338
356
370
387
413
446
470
513
553
565
571
571
586
594
609
613
629
651
656
686
698
708
728
739
733
723
720
706
697
685
669
666
677
684
661
629
607
596
589
560
526
481
444
431
416
400
380
354
315
279
223
164
117
64
16
-45
-135
-221
-266
-281
-313
-349
-374
-382
-384
-386
-407
-426
-428
-434
-435
-456
-473
-471
-473
-457
-437
-440
-442
-431
-407
-383
-361
-334
-307
-279
-246
-228
-237
-248
-263
-295
-327
-356
-399
-442
-453
-439
-422
-405
-385
-371
-363
-348
-348
-357
-380
-408
-438
-479
-512
-545
-557
-566
-562
-541
-505
-463
-425
-378
-323
-278
-258
-248
-256
-256
-255
-250
-241
-220
-180
-132
-71
-15
46
96
159
237
281
313
342
364
391
412
435
449
452
456
467
488
520
564
600
646
679
693
696
690
675
642
598
542
494
451
396
353
354
367
400
451
492
540
578
594
591
591
598
597
576
543
522
531
535
545
566
579
590
587
575
556
547
532
519
519
498
479
446
409
352
273
198
120
66
-6
-63
-101
-150
-179
-202
-227
-237
-258
-302
-357
-407
-451
-501
-547
-594
-611
-622
-638
-642
-638
-621
-626
-646
-668
-681
-695
-713
-727
-752
-779
-802
-822
-833
-845
-859
-856
-829
-828
-813
-791
-787
-756
-731
-715
-682
-627
-584
-576
-569
-580
-589
-565
-537
-523
-493
-463
-423
-378
-335
-287
-244
-183
-139
-132
-136
-165
-175
-164
-158
-149
-137
-119
-95
-68
-57
-40
-9
21
55
85
95
103
105
112
122
125
155
200
235
274
322
367
413
454
495
526
555
580
613
646
658
678
678
673
678
683
677
674
688
702
715
723
738
745
753
740
720
692
657
631
602
582
565
556
552
546
549
543
529
509
484
470
448
439
439
436
441
428
395
360
338
327
311
294
279
250
239
222
192
164
130
84
46
20
-33
-81
-135
-196
-236
-268
-304
-325
-337
-351
-357
-364
-364
-363
-370
-386
-417
-466
-509
-544
-558
-552
-554
-530
-505
-477
-441
-394
-360
-334
-301
-275
-261
-269
-280
-308
-328
-351
-384
-389
-392
-397
-391
-402
-396
-384
-382
-372
-393
-428
-474
-516
-541
-570
-565
-570
-588
-584
-560
-542
-527
-494
-463
-434
-399
-362
-318
-280
-256
-240
-240
-228
-197
-167
-134
-79
-10
52
127
205
262
317
380
410
434
455
464
488
493
502
517
519
530
552
578
580
579
592
616
637
642
646
648
643
619
575
525
484
467
447
443
425
391
381
376
370
351
333
318
309
303
280
251
217
181
143
111
82
46
14
-1
-15
-16
-9
-12
3
11
11
-2
-21
-43
-77
-95
-125
-144
-145
-152
-164
-185
-195
-185
-173
-164
-139
-121
-101
-75
-63
-74
-106
-136
-166
-196
-230
-241
-248
-248
-236
-236
-236
-252
-262
-262
-279
-292
-311
-325
-332
-353
-375
-424
-470
-507
-538
-555
-562
-563
-575
-568
-568
-576
-581
-585
-581
-575
-551
-541
-509
-477
-454
-416
-397
-383
-371
-346
-322
-296
-255
-210
-157
-98
-42
-18
-1
23
63
98
109
136
171
213
246
270
298
305
315
315
315
311
296
303
318
330
349
351
353
352
337
342
337
357
383
397
418
432
425
383
345
314
309
300
288
297
277
273
266
252
252
240
244
232
198
171
145
117
110
99
97
106
106
132
152
170
175
189
225
238
246
243
238
246
255
279
299
315
351
389
413
424
440
465
475
485
490
478
464
450
440
419
389
348
287
236
195
157
119
88
52
5
-38
-81
-121
-172
-247
-304
-354
-407
-441
-473
-505
-528
-542
-549
-543
-533
-518
-511
-486
-476
-483
-473
-478
-464
-448
-433
-425
-423
-412
-404
-379
-347
-315
-281
-250
-220
-188
-167
-150
-120
-100
-88
-72
-78
-80
-93
-111
-115
-110
-81
-48
-9
16
37
61
77
99
113
103
81
71
56
49
40
35
42
33
34
34
39
49
67
107
132
158
171
174
191
187
161
139
120
103
80
45
26
20
16
34
52
68
98
106
110
106
88
76
70
53
23
-16
-53
-78
-92
-83
-65
-49
-25
10
41
55
62
67
66
66
62
74
73
54
36
7
-14
-28
-45
-64
-60
-58
-55
-58
-63
-59
-64
-84
-111
-143
-184
-221
-261
-294
-338
-367
-371
-368
-378
-383
-372
-350
-324
-297
-245
