-69
-61
-59
-61
-50
-60
-69
-83
-100
-97
-97
-104
-120
-120
-127
-140
-137
-139
-137
-150
-166
-181
-183
-168
-169
-159
-158
-159
-167
-180
-183
-195
-187
-185
-188
-198
-203
-197
-189
-165
-145
-123
-91
-65
-54
-40
-37
-33
-27
-34
-39
-46
-54
-51
-35
-23
-6
7
18
42
47
54
61
67
71
78
87
97
120
126
143
155
162
182
197
208
224
229
231
248
240
217
217
208
195
193
189
182
176
162
151
143
135
145
143
122
100
77
57
47
42
38
51
62
72
75
73
86
100
117
129
136
146
163
174
179
196
218
243
272
294
319
338
336
323
295
237
172
101
3
-90
-171
-260
-328
-395
-484
-554
-659
-773
-851
-941
-1027
-1117
-1211
-1288
-1351
-1392
-1403
-1400
-1386
-1347
-1321
-1276
-1198
-1122
-1019
-902
-800
-692
-562
-428
-281
-136
-9
135
246
343
432
499
559
608
662
701
743
782
819
850
887
920
938
958
937
908
851
787
739
698
667
633
617
585
564
538
515
487
445
413
376
349
316
282
247
225
211
208
217
225
238
248
246
248
263
286
319
366
408
445
469
492
523
555
587
608
621
612
603
596
589
590
594
602
617
638
655
661
665
663
626
560
473
371
250
106
-61
-221
-381
-544
-696
-863
-1007
-1144
-1271
-1387
-1510
-1620
-1726
-1826
-1928
-2028
-2116
-2182
-2222
-2230
-2190
-2129
-2032
-1922
-1790
-1634
-1467
-1252
-1044
-835
-630
-425
-222
-17
205
404
615
797
962
1127
1269
1394
1487
1567
1610
1629
1618
1602
1576
1517
1426
1286
1125
931
715
506
302
84
-116
-306
-498
-634
-746
-819
-861
-889
-924
-945
-944
-960
-956
-943
-942
-929
-909
-873
-803
-693
-563
-418
-268
-130
21
160
281
387
473
538
573
609
635
671
718
777
843
898
959
1012
1047
1063
1062
1039
1015
971
940
913
891
902
896
891
875
851
829
815
801
790
795
789
817
852
900
960
990
957
862
762
609
427
215
-6
-240
-509
-746
-957
-1120
-1268
-1377
-1489
-1624
-1755
-1884
-1964
-2063
-2150
-2238
-2304
-2347
-2376
-2318
-2242
-2112
-1981
-1821
-1626
-1442
-1194
-947
-689
-471
-255
-31
172
412
643
890
1098
1288
1464
1618
1773
1911
2048
2135
2173
2176
2176
2153
2092
2004
1875
1692
1456
1193
893
567
230
-102
-464
-820
-1143
-1442
-1690
-1926
-2100
-2249
-2358
-2435
-2489
-2496
-2495
-2451
-2390
-2281
-2137
-1955
-1717
-1481
-1204
-939
-653
-366
-88
188
427
656
828
1008
1163
1289
1409
1487
1569
1610
1654
1692
1713
1732
1726
1708
1666
1634
1591
1526
1453
1360
1264
1144
1030
931
833
736
645
582
531
521
546
601
683
759
865
971
1107
1250
1360
1424
1381
1322
1226
1123
983
799
602
318
57
-227
-469
-694
-934
-1144
-1434
-1694
-1937
-2097
-2237
-2415
-2562
-2737
-2830
-2919
-2907
-2808
-2712
-2573
-2443
-2240
-2023
-1706
-1302
-905
-491
-143
263
671
1092
1520
1888
2215
2443
2672
2859
3035
3205
3322
3389
3346
3292
3214
3134
3020
2813
2568
2225
1860
1480
1076
670
222
-262
-787
-1288
-1773
-2198
-2568
-2927
-3255
-3556
-3765
-3922
-4012
-4047
-4055
-4016
-3954
-3832
-3669
-3433
-3156
-2850
-2507
-2157
-1746
-1327
-898
-468
-79
261
541
808
1023
1223
1377
1456
1498
1482
1495
1486
1495
1481
1419
1388
1291
1234
1157
1075
1011
895
808
686
628
561
498
486
417
419
396
444
534
623
753
848
1025
1153
1341
1539
1707
1864
1875
1915
1851
1782
1657
1425
1180
789
452
70
-280
-569
-879
-1128
-1452
-1707
-1948
-2101
-2181
-2325
-2417
-2601
-2704
-2788
-2826
-2738
-2690
-2538
-2421
-2213
-1953
-1638
-1181
-791
-337
51
492
978
1428
1921
2310
2721
3032
3347
3665
3904
4173
4309
4412
4382
4299
4221
4069
3940
3655
3342
2960
2535
2134
1657
1217
673
117
-477
-1086
-1652
-2233
-2723
-3224
-3679
-4117
-4490
-4755
-4986
-5122
-5237
-5282
-5278
-5199
-5032
-4820
-4516
-4179
-3786
-3353
-2883
-2332
-1746
-1137
-550
-33
454
890
1279
1617
1874
2045
2122
2179
2188
2155
2137
2106
2084
2002
1891
1778
1650
1556
1438
1344
1170
1004
881
718
662
567
530
493
440
454
422
521
585
713
858
950
1162
1302
1584
1814
1989
2134
2116
2204
2149
2129
1973
1733
1511
1087
824
459
222
-38
-385
-623
-1058
-1289
-1593
-1770
-1924
-2236
-2383
-2714
-2826
-2993
-3071
-3035
-3162
-3046
-3046
-2823
-2589
-2312
-1863
-1578
-1086
-751
-240
319
817
1447
1826
2349
2742
3194
3655
3925
4288
4367
4510
4510
4438
4422
4198
4058
3695
3348
2950
2499
2161
1651
1238
682
147
-340
-907
-1338
-1908
-2368
-2874
-3368
-3735
-4169
-4414
-4719
-4929
-5103
-5258
-5216
-5193
-4976
-4752
-4464
-4085
-3706
-3148
-2652
-2061
-1498
-987
-425
9
505
887
1236
1520
1667
1834
1833
1892
1920
1922
1938
1841
1842
1761
1711
1659
1572
1541
1393
1328
1177
1030
938
783
721
583
500
410
358
398
397
489
565
704
862
980
1170
1345
1569
1770
1935
2060
2032
2019
1955
1866
1713
1428
1163
768
392
25
-368
-684
-1079
-1409
-1785
-2146
-2418
-2679
-2806
-3033
-3215
-3376
-3511
-3506
-3536
-3439
-3409
-3326
-3178
-3021
-2707
-2455
-2045
-1650
-1251
-777
-340
276
837
1480
2109
2663
3272
3741
4267
4690
5007
5238
5315
5364
5238
5107
4872
4518
4175
3666
3198
2661
2106
1613
1035
533
-57
-574
-1075
-1609
-2040
-2591
-3036
-3518
-3947
-4265
-4642
-4875
-5147
-5264
-5345
-5389
-5227
-5111
-4787
-4490
-4102
-3607
-3128
-2461
-1906
-1250
-676
-134
454
885
1386
1672
1956
2124
2194
2303
2258
2333
2255
2219
2173
2060
2062
1946
1942
1811
1700
1588
1425
1402
1264
1228
1113
1008
954
863
868
809
844
787
769
784
777
925
1003
1154
1260
1397
1588
1785
2070
2222
2370
2367
2347
2321
2203
2075
1748
1423
943
436
-57
-616
-1057
-1614
-2078
-2590
-3060
-3369
-3652
-3779
-4001
-4141
-4268
-4319
-4217
-4153
-3929
-3800
-3582
-3304
-3015
-2561
-2178
-1623
-1121
-621
-67
437
1132
1741
2390
2952
3402
3892
4281
4750
5060
5288
5417
5371
5347
5131
4941
4672
4290
3844
3227
2639
1966
1348
738
50
-609
-1345
-1966
-2535
-3083
-3555
-4056
-4488
-4921
-5279
-5519
-5742
-5855
-5966
-5975
-5917
-5784
-5445
-5064
-4566
-4098
-3589
-2972
-2342
-1582
-897
-226
365
873
1425
1873
2295
2569
2779
2915
2908
2931
2882
2878
2801
2644
2511
2269
2102
1933
1797
1638
1402
1223
996
875
764
652
527
296
177
41
-27
-57
-122
-128
-198
-192
-168
-54
146
331
587
776
1036
1326
1699
2117
2384
2591
2620
2664
2674
2569
2399
2011
1564
989
443
-94
-664
-1137
-1683
-2133
-2632
-3070
-3339
-3541
-3606
-3767
-3865
-3930
-3895
-3722
-3568
-3334
-3180
-2965
-2716
-2419
-2028
-1676
-1209
-768
-306
190
709
1350
1944
2549
3079
3545
4017
4421
4851
5139
5294
5326
5260
5163
4925
4641
4254
3752
3202
2587
1989
1350
701
77
-605
-1276
-1939
-2526
-3046
-3556
-3996
-4450
-4851
-5179
-5415
-5544
-5660
-5684
-5686
-5606
-5408
-5167
-4777
-4352
-3852
-3310
-2738
-2086
-1461
-742
-74
525
1061
1504
1956
2300
2606
2795
2871
2884
2789
2698
2556
2376
2157
1895
1659
1395
1191
1033
891
794
673
577
498
454
479
501
525
509
483
478
490
570
609
615
654
713
841
991
1197
1439
1695
1943
2163
2420
2656
2940
3232
3395
3400
3256
3134
3007
2796
2456
1937
1356
711
125
-406
-1005
-1597
-2191
-2703
-3205
-3640
-3913
-4079
-4144
-4243
-4305
-4287
-4155
-3863
-3525
-3187
-2910
-2614
-2194
-1715
-1208
-728
-257
193
627
1114
1603
2105
2601
3060
3486
3793
4062
4362
4637
4808
4825
4710
4504
4256
3966
3596
3105
2485
1793
1132
468
-210
-896
-1582
-2218
-2858
-3417
-3905
-4337
-4654
-4952
-5189
-5385
-5505
-5496
-5434
-5299
-5216
-5073
-4821
-4474
-4008
-3582
-3105
-2659
-2180
-1641
-1114
-517
-19
502
944
1291
1640
1920
2240
2434
2542
2511
2367
2243
2064
1914
1668
1372
1067
775
572
361
278
208
156
181
221
365
551
810
1051
1246
1422
1555
1808
2065
2241
2356
2385
2413
2430
2523
2661
2782
2875
2867
2922
2949
3013
3177
3300
3272
2908
2571
2313
2055
1712
1126
405
-531
-1336
-2035
-2733
-3425
-4244
-4867
-5450
-5935
-6244
-6375
-6210
-6064
-5826
-5574
-5191
-4526
-3764
-2866
-2179
-1605
-969
-197
734
1498
2210
2775
3259
3750
4193
4685
5062
5395
5634
5751
5761
5695
5756
5778
5628
5270
4758
4241
3703
3179
2561
1722
748
-248
-1143
-1992
-2858
-3697
-4489
-5213
-5886
-6430
-6806
-7041
-7104
-7079
-7015
-6860
-6571
-6060
-5449
-4825
-4277
-3752
-3081
-2375
-1654
-999
-444
84
565
1048
1459
1793
2086
2317
2483
2523
2538
2571
2583
2536
2365
2157
1909
1679
1491
1288
1024
673
377
143
-52
-236
-395
-500
-561
-563
-480
-317
-157
102
465
835
1192
1537
1982
2461
2912
3284
3598
3959
4241
4513
4684
4724
4811
4929
5077
4777
4158
3619
3183
2826
2108
1260
200
-955
-1799
-2598
-3354
-4381
-5305
-5875
-6435
-6830
-7248
-7354
-7244
-7154
-6864
-6589
-6052
-5387
-4507
-3439
-2653
-1875
-1087
0
1157
2062
2916
3597
4306
4972
5618
6230
6586
6906
7184
7340
7299
7183
7155
7071
6764
6157
5417
4641
3945
3261
2428
1344
35
-1095
-2051
-2895
-3774
-4743
-5552
-6269
-6735
-7117
-7418
-7461
-7442
-7253
-7089
-6828
-6361
-5767
-4926
-4289
-3726
-3122
-2471
-1578
-846
-236
188
523
962
1296
1672
1816
1880
1978
1934
1961
1892
1853
1793
1700
1626
1360
1167
1068
1040
997
792
537
290
195
219
230
180
57
-17
77
222
345
519
689
891
1043
1237
1508
1772
2151
2459
2791
3041
3232
3611
3889
4182
4416
4633
4540
3818
3228
2825
2455
1696
480
-725
-2203
-3376
-4166
-4891
-5706
-6794
-7351
-7566
-7646
-7523
-7256
-6585
-6108
-5638
-4990
-4278
-3284
-2371
-1368
-575
-181
354
1134
2190
2896
3261
3698
4035
4442
4893
5476
5919
5967
6070
6209
6257
6194
6134
6124
5820
5209
4536
3892
3250
2628
1964
1077
-61
-1095
-1770
-2251
-2716
-3346
-3990
-4421
-4646
-4663
-4752
-4890
-4945
-5026
-4944
-4800
-4571
-4318
-4084
-3645
-3349
-3021
-2566
-2061
-1430
-1055
-696
-360
-47
426
775
1121
1229
1254
1489
1636
1888
1998
2033
2047
1864
1860
1832
1892
1808
1484
1334
1040
771
460
263
213
-65
-288
-511
-506
-368
-231
70
216
297
461
918
1412
1702
2082
2521
2999
3363
3737
4122
4471
4958
5434
5454
4494
3387
2894
2555
1687
66
-1673
-3410
-4799
-5634
-6384
-7082
-7887
-8271
-8159
-7907
-7369
-6741
-5774
-4868
-4168
-3498
-2995
-2095
-1207
-534
-164
-205
-98
240
1020
1643
1781
1914
2121
2635
3221
3821
4277
4427
4654
4852
4995
5009
5058
5190
4966
4497
3989
3582
3238
3026
2791
2148
1396
866
700
647
457
89
-522
-996
-1235
-1389
-1708
-2400
-3156
-3823
-4375
-4828
-5161
-5348
-5586
-5679
-5494
-5177
-4663
-3874
-2908
-2145
-1603
-980
-215
631
1355
1822
2043
2078
2184
2397
2487
2427
2264
1975
1543
1213
1104
937
679
370
-34
-384
-522
-381
-194
-80
-9
30
277
689
1151
1491
1670
1766
1769
1867
2077
2300
2393
2432
2641
2863
3143
3525
3816
3989
4464
5224
4777
2960
1485
1131
851
-635
-2568
-4459
-6312
-7399
-7721
-7664
-8005
-8190
-7576
-6831
-5854
-4742
-3397
-2141
-1296
-641
-619
-442
277
882
936
298
-344
-794
-579
209
441
149
-116
119
568
1044
1711
1919
1767
1719
1855
1910
1843
2248
2579
2426
2274
2323
2559
2913
3560
3889
3514
3161
3107
3207
3110
2736
1972
716
-285
-883
-1459
-2304
-3393
-4290
-5079
-5566
-5603
-5437
-5143
-4886
-4357
-3696
-2943
-1832
-702
211
586
735
957
1056
1127
981
602
-45
-647
-816
-961
-1006
-962
-961
-954
-894
-478
33
532
955
1094
1187
1344
1725
2152
2411
2633
2656
2676
2831
2982
3040
2905
2780
2526
2159
2111
2251
2265
2211
2275
2473
2720
3202
3944
4580
5427
5412
3449
1098
205
570
-422
-2627
-4683
-6703
-7833
-7713
-6485
-5920
-5940
-4965
-3976
-3098
-2006
-610
151
-112
-226
-834
-1631
-1574
-1127
-1119
-1834
-2260
-2451
-2269
-901
400
789
591
685
1139
1491
2290
2571
1895
1357
1312
1433
1412
2008
2865
3038
3211
3663
4155
4669
5308
5659
4841
3708
3013
2382
1724
828
-274
-1703
-2874
-3177
-3200
-3270
-3529
-3666
-3737
-4045
-4019
-3620
-3181
-3089
-3252
-3208
-3149
-2651
-1701
-996
-849
-1069
-806
-306
15
249
96
-394
-936
-972
-823
-965
-787
-363
-49
285
897
1754
2343
2840
3153
2895
2552
2318
2197
1785
1108
470
-265
-579
-526
-463
-575
-694
-449
-191
208
781
1177
1511
1859
2411
2887
3348
4272
5365
6721
6468
3549
488
-124
1070
3
-2736
-4993
-6676
-7252
-6522
-4408
-3385
-2964
-1535
-435
187
922
2266
2464
1329
302
-1215
-2496
-2419
-1601
-1671
-2637
-2712
-2169
-1391
89
1270
1376
737
453
391
17
-34
-211
-887
-1434
-1293
-553
492
1934
3400
4191
4604
5047
5404
5693
5481
4619
2964
1167
51
-617
-1023
-1667
-2203
-2369
-2046
-1069
-225
212
168
1
-251
-1026
-1865
-2603
-3312
-4046
-4650
-4864
-4889
-4327
-3158
-2188
-1727
-1504
-913
-283
-143
-322
-866
-1577
-2072
-2070
-1765
-1588
-1140
-296
564
1334
2016
2648
2941
2953
2766
2009
1002
208
-292
-713
-1108
-1094
-865
-361
547
1323
1780
2021
2512
2898
2902
2990
3143
3124
2929
3184
3696
4164
4931
6641
6987
3622
-778
-2420
-1178
-2018
-4925
-7460
-9222
-9612
-8660
-5714
-3844
-2470
-296
1014
1497
1905
3320
3238
1969
731
-1131
-2910
-2856
-1210
-842
-1234
-843
199
706
1716
2870
2455
1172
74
-585
-1742
-2035
-1687
-1754
-1905
-1236
306
1701
3491
5148
5931
5727
5427
4893
3828
2820
1920
751
-787
-1304
-987
-234
572
1324
1840
2000
2695
3221
2880
1648
243
-1146
-2546
-3548
-4102
-4515
-4900
-4678
-4088
-3286
-2455
-1487
-759
-825
-1175
-1641
-1957
-2250
-2445
-2490
-2678
-2641
-2033
-1076
-179
559
1279
1719
1763
1862
1701
1024
173
-447
-948
-1543
-1687
-1328
-814
-31
921
1739
2361
3090
3849
3955
3842
3671
3328
3115
3124
3336
3300
3298
3730
4082
4402
4879
5829
7245
5729
458
-5222
-6819
-5534
-7046
-9500
-10948
-10903
-10100
-7899
-3753
-1351
618
2400
2816
1463
398
742
-32
-1489
-2939
-4023
-4735
-2835
323
1714
2008
2532
3485
2750
2136
1678
288
-1531
-2774
-3101
-3756
-3171
-1213
881
2073
3284
4695
5580
6209
6457
5850
3854
2238
1096
361
-239
-343
134
554
1694
2630
3303
3458
3507
3172
2029
821
-227
-1292
-2403
-3220
-3900
-3702
-2906
-1721
-1315
-1221
-790
-833
-1068
-1917
-2521
-3211
-3700
-3897
-4069
-3694
-2911
-1675
-745
-60
311
706
901
573
-174
-1253
-1933
-2405
-2452
-2512
-2549
-2155
-1361
-276
375
712
905
1253
1763
2035
2076
2067
2476
3154
3528
3732
3998
4417
4734
4846
4815
4715
4324
4109
3944
3840
3981
4343
5795
3926
-1727
-7522
-8479
-6030
-7245
-9177
-10277
-9149
-7962
-6126
-2453
-545
1248
1972
1896
-263
-2161
-2259
-2278
-2346
-3299
-3368
-3252
-896
2321
4018
4071
3274
3438
2102
366
-1166
-2273
-3155
-3422
-2488
-1865
-752
1230
4002
5570
6033
5829
5336
4889
4304
3789
2429
1279
530
970
1555
1931
2305
2646
3190
2752
2114
1136
270
-610
-1121
-1158
-1232
-1513
-1535
-1207
-1288
-1082
-828
-563
-1436
-2470
-2876
-3110
-3164
-3454
-3347
-3172
-2683
-2086
-1599
-1354
-1133
-768
-607
-662
-948
-871
-706
-542
-389
-449
-635
-880
-873
-940
-1299
-1598
-1523
-1084
-331
425
1169
2084
3074
3948
4381
4554
4748
4785
4352
3586
2929
2664
2387
2545
2986
3384
3437
3461
3589
3452
3587
4208
5078
1936
-4333
-9910
-10176
-7728
-8098
-8420
-8303
-5855
-4232
-2597
-574
417
1620
1116
103
-2651
-4698
-4950
-3273
-1354
-1012
-427
403
2591
4551
5233
4133
1726
-26
-1567
-3102
-4175
-4572
-3727
-1893
165
1566
2405
3169
3794
4344
4219
3184
1739
1018
1287
1945
2904
3557
3703
3910
3833
3545
2686
1770
1127
146
-653
-1382
-1371
-740
199
1412
2026
1490
552
160
-140
-958
-1553
-1714
-2092
-2284
-1994
-1339
-1114
-937
-1077
-1637
-2346
-3102
-3339
-3485
-3288
-3028
-2403
-1628
-933
-382
-292
-660
-1374
-2119
-3180
-4160
-4749
-4754
-4194
-2921
-1437
32
1471
2872
3919
4457
4742
4227
3658
3383
3638
3581
3374
3498
3928
4403
4536
4630
4627
4701
4151
3274
2318
2453
2996
4505
3969
-441
-5952
-9126
-6933
-6328
-6836
-7865
-7001
-4452
-3948
-2539
-2272
-696
-76
-568
-1985
-5038
-6425
-5952
-3215
-1669
-1355
-1130
-378
1319
2613
2722
1462
-266
-1362
-2133
-2627
-2502
-1873
123
2260
3836
4349
4588
4790
4653
4778
4465
3932
2992
3016
3783
4502
5129
4861
4683
3880
2490
1192
43
-296
-726
-934
-775
-502
1
650
1236
1209
410
-614
-1119
-1745
-2017
-1929
-1284
-733
-622
-272
-410
-628
-928
-1015
-1635
-2706
-3341
-3382
-2799
-2100
-1355
-701
-265
-72
-196
-965
-1962
-3345
-4168
-4573
-4777
-4597
-4333
-3350
-2275
-778
492
1419
1844
2132
2589
3069
3320
2971
2932
3125
3618
3579
3224
2765
2692
2801
2782
2785
3052
3441
3488
3581
3988
4653
5393
6121
3447
-1595
-6487
-6806
-4658
-4723
-4798
-4897
-2528
-1502
-1636
-1716
-2457
-2093
-2564
-3015
-5014
-7066
-6904
-4670
-1751
-874
-886
-1235
-1115
-602
-947
-1720
-2805
-3225
-2732
-2134
-1399
-600
859
2918
4444
4786
4296
3631
3237
3428
3952
4724
5176
5394
6092
6571
6502
5712
4427
3591
2242
879
-80
-393
467
852
1272
1562
1387
672
-317
-864
-1511
-2400
-2594
-2189
-2230
-1712
-844
328
337
-466
-1073
-2204
-2738
-3372
-3603
-3617
-3369
-2602
-2025
-1303
-979
-890
-814
-1045
-1511
-2306
-2729
-2730
-2735
-2372
-1995
-1405
-1051
-848
-561
-256
314
824
1418
2080
2909
3632
4137
4022
3289
2402
1625
1013
63
-782
-873
-167
981
1821
2524
3540
4192
4190
3768
3337
3324
3270
3890
3959
1214
-2569
-5538
-4613
-2671
-2915
-3237
-3199
-1245
-1289
-2665
-3190
-3474
-2819
-3036
-2866
-3889
-5149
-4599
-2602
-622
-1021
-1716
-2088
-2068
-2062
-2542
-3004
-3625
-3825
-3135
-1939
-995
-386
506
2242
3475
3352
2859
2650
2722
2931
3173
3648
3927
4232
5197
5613
5506
4427
3381
2943
2369
2095
1631
1709
1669
1533
1890
2381
2253
1344
493
-22
-476
-1050
-1112
-814
-191
153
302
67
-364
-678
-1116
-1651
-2598
-3353
-3708
-3631
-3257
-2811
-2472
-2147
-1952
-1979
-2289
-2483
-2461
-2579
-2815
-3027
-2964
-2562
-1891
-1292
-552
44
890
1703
2340
2639
2414
2615
2656
2525
1612
491
21
-328
-412
-717
-638
122
1063
2118
2724
3099
3516
3674
3566
2970
2546
2453
2935
3934
4505
5392
5065
2555
-1649
-4730
-3760
-3212
-4049
-4691
-3918
-2138
-2569
-2728
-2458
-2099
-1666
-1983
-2164
-3336
-4411
-4157
-2618
-1615
-2175
-2647
-2275
-1389
-978
-1458
-2236
-2919
-2961
-2083
-1066
84
798
1535
2512
2909
2572
2089
2231
2670
2737
2436
2929
3649
4437
5038
5510
5802
4857
3747
2936
2461
2126
1633
1253
1133
933
859
738
711
591
-233
-764
-1136
-732
-305
-245
-313
-637
-192
-236
-694
-1789
-2899
-3359
-3810
-3722
-3709
-3044
-2071
-1412
-1050
-1316
-1766
-2252
-2232
-2217
-2729
-3372
-3539
-2802
-1616
-525
233
792
1467
2039
2095
1528
788
364
402
357
-151
-611
-656
-97
288
443
261
-29
128
641
1129
1173
1539
1923
2344
2377
2560
3132
3547
4313
4749
4892
4785
4560
4120
3637
2440
170
-3110
-5240
-4064
-3001
-2905
-2754
-1192
623
-275
-1404
-1655
-1478
-1375
-2198
-2725
-3480
-3990
-3212
-2186
-1600
-2240
-2786
-2508
-2118
-2143
-2888
-2963
-2203
-1220
-723
-477
319
942
1199
1142
868
181
-341
174
1289
2284
2798
3729
5057
6309
6936
6637
5887
4521
3230
2239
1398
754
353
677
1441
1847
1666
971
375
371
90
-625
-1852
-2633
-2399
-1817
-1257
-1479
-1689
-1594
-1279
-1092
-1514
-2163
-2874
-3166
-2997
-3041
-3320
-3454
-3044
-2354
-2360
-2532
-2733
-2602
-2050
-1615
-1164
-1069
-628
143
863
1160
1063
938
871
837
536
129
-438
-735
-772
-389
-108
24
115
190
644
1045
1483
1489
1377
1207
1170
1386
1816
2305
2811
3428
3433
3004
2341
1998
1684
1376
1224
1200
1338
1455
2160
2750
2388
629
-931
-301
560
142
-679
-478
-15
-1120
-2276
-2267
-1861
-1832
-2156
-2366
-2797
-3195
-2926
-2063
-1449
-1523
-1629
-1487
-930
-687
-1010
-1288
-1468
-1422
-1765
-1839
-1258
-298
732
1395
2053
2411
2764
3140
3619
3827
3594
3339
3142
3140
3233
3522
3736
3899
3558
2843
1898
1412
1256
870
392
-453
-656
-594
-257
-152
-271
-377
-855
-1348
-1742
-1605
-1634
-1791
-2095
-2032
-1893
-2119
-2416
-2646
-2506
-2564
-2683
-2894
-2849
-2504
-1838
-1298
-977
-483
-29
573
749
564
34
-521
-928
-1472
-1940
-2302
-2327
-2038
-1571
-1245
-1216
-1325
-1401
-1573
-1694
-1637
-1405
-996
-770
-489
-18
808
1381
1372
1502
1767
1816
1375
1046
880
666
659
841
995
1071
1273
1742
2379
2960
3424
3472
3672
4024
4102
3677
3313
3439
2733
937
-487
70
910
842
884
1298
1174
189
-47
591
592
-528
-1531
-2217
-2762
-3450
-3551
-2924
-2535
-2303
-2258
-1696
-921
-127
212
231
280
65
-189
-458
-130
190
209
353
688
1050
1305
1433
1404
1192
905
873
820
1051
1399
1465
1170
881
1091
1037
493
-82
-249
-276
-451
-520
-399
-284
-310
-353
-479
-994
-1751
-2320
-2476
-2346
-2375
-2451
-2298
-1533
-587
-31
254
377
576
618
341
-47
-314
-364
-682
-1284
-1626
-1808
-1796
-1582
-1298
-1164
-1296
-1519
-1654
-1712
-1823
-1997
-2094
-2011
-1984
-1904
-1474
-732
-212
4
-57
-147
-291
-412
-454
-602
-643
-644
-448
-320
-20
354
902
1529
2324
3118
3309
3289
3215
3342
3211
2958
2628
2385
2351
2636
2882
3019
3504
4010
4544
4678
4424
3147
1714
1309
1471
1015
154
142
258
-142
-744
-236
484
218
-381
-632
-818
-1540
-1955
-1547
-1194
-1499
-1820
-1785
-1510
-1375
-1429
-1425
-1311
-1361
-1793
-2098
-1775
-1103
-890
-1010
-1058
-1014
-945
-842
-439
-130
-180
-310
-368
-220
193
667
697
286
24
234
371
426
528
478
355
291
589
815
890
957
1251
1672
1748
1474
1089
962
860
798
784
778
575
210
-116
-294
-383
-563
-581
-616
-564
-627
-855
-1339
-1914
-2274
-2654
-2958
-3175
-3163
-3117
-2773
-2215
-1799
-1851
-2335
-2663
-2965
-3340
-4002
-4558
-4635
-4161
-3413
-2727
-2001
-1264
-409
375
932
949
664
646
942
1286
1672
2270
2666
2866
3230
3890
4333
4431
4373
4108
3599
3193
3125
3139
3187
2960
2791
2480
2233
2145
2073
2237
2259
2474
2538
2099
1264
814
1277
1564
1227
1079
1401
1287
392
-164
66
91
-385
-791
-800
-1036
-1684
-1981
-1750
-1717
-2201
-2502
-2390
-2248
-2344
-2487
-2316
-2102
-2141
-2220
-2033
-1631
-1528
-1718
-1801
-1764
-1783
-1861
-1941
-1952
-1768
-1477
-1107
-800
-389
170
589
973
1334
1617
1553
1199
1022
1105
1207
1178
1243
1526
1816
1772
1547
1689
1901
1590
880
388
193
-257
-724
-780
-591
-469
-492
-486
-414
-466
-684
-989
-1397
-1973
-2696
-3196
-3424
-3669
-4005
-4319
-4519
-4568
-4458
-4228
-3910
-3603
-3361
-3139
-2698
-2135
-1773
-1676
-1653
-1484
-1126
-610
-180
181
567
1049
1599
2029
2436
2658
2750
2888
3012
3034
2893
2675
2523
2448
2397
2384
2313
2330
2429
2599
2764
2707
2501
2321
2194
2131
2086
2033
1918
1755
1893
2126
2106
1855
1753
1911
2169
2314
2017
1069
-28
-365
-76
189
313
713
1101
928
438
382
596
572
243
-185
-504
-916
-1118
-1013
-823
-806
-953
-1120
-1270
-1330
-1301
-1235
-1161
-1141
-1448
-1895
-1863
-1320
-961
-949
-1177
-1316
-1302
-1194
-910
-780
-616
-500
-403
-219
-11
236
310
373
652
1041
1266
1352
1511
1659
1620
1327
935
629
404
261
165
21
-264
-528
-625
-743
-1176
-1806
-2290
-2679
-3099
-3388
-3366
-3355
-3468
-3483
-3210
-2810
-2598
-2567
-2647
-2623
-2396
-2098
-1817
-1575
-1388
-1124
-869
-618
-311
-115
-173
-381
-579
-824
-844
-721
-571
-478
-274
170
429
798
1249
1577
1776
1817
1900
1876
1926
2069
2052
1894
1747
1710
1688
1692
1772
1883
1800
1746
1886
2031
2069
1895
1729
1566
1246
882
727
1037
1641
2280
2790
3141
3366
3541
3684
3409
2856
2277
1925
1942
2097
2195
2001
1807
1873
1951
1738
1430
1148
823
186
-473
-511
-133
248
359
441
368
47
-333
-626
-1066
-1709
-2122
-2381
-2452
-2328
-1893
-1532
-1370
-1262
-1361
-1573
-1633
-1429
-1483
-1761
-1882
-1744
-1594
-1288
-767
-370
-253
-383
-499
-670
-739
-878
-1122
-1286
-1351
-1425
-1594
-1532
-1324
-1243
-1472
-1763
-1895
-1840
-1735
-1782
-1907
-2038
-1983
-1695
-1248
-1071
-1239
-1365
-1234
-1151
-1281
-1281
-1240
-1164
-1192
-1245
-1345
-1597
-1722
-1701
-1556
-1567
-1588
-1357
-964
-567
-231
41
33
-102
-147
-211
-354
-579
-801
-847
-711
-410
-168
-27
95
146
144
12
-171
-388
-539
-516
-238
149
588
1160
1740
2329
2724
2884
2768
2530
2367
2205
2126
2092
2262
2552
2914
3267
3431
3404
3135
2893
2566
2134
1764
1590
1653
1785
2027
2309
2554
2632
2527
2258
1959
1656
1280
1041
953
865
612
417
680
1086
1253
1209
1012
728
388
209
195
136
76
29
-153
-292
-239
-29
-7
-305
-629
-1074
-1432
-1519
-1413
-1491
-1701
-1806
-1953
-2111
-2138
-1877
-1665
-1566
-1492
-1412
-1413
-1497
-1560
-1592
-1643
-1752
-1778
-1769
-1563
-1310
-1060
-864
-848
-809
-797
-705
-618
-609
-507
-388
-358
-429
-498
-491
-428
-376
-320
-335
-436
-465
-424
-311
-255
-327
-347
-364
-414
-445
-499
-503
-622
-915
-1272
-1690
-1988
-2075
-2079
-2123
-2238
-2330
-2151
-1899
-1735
-1624
-1505
-1340
-1253
-1130
-1024
-1005
-1045
-906
-584
-246
-10
143
475
830
1116
1253
1228
1247
1347
1522
1618
1659
1870
2226
2624
3011
3308
3484
3519
3401
3166
2796
2426
2163
1971
1929
2005
2046
2067
2224
2420
2361
2041
1700
1477
1343
1310
1433
1628
1745
1835
2072
2418
2683
2761
2690
2552
2361
2142
1746
1183
827
789
905
1074
1151
1098
1068
1061
1036
827
551
301
-25
-295
-560
-823
-1083
-1197
-1244
-1448
-1808
-2063
-2097
-2249
-2474
-2763
-3123
-3425
-3469
-3190
-2921
-2746
-2497
-2280
-2219
-2153
-2137
-2208
-2268
-2143
-1822
-1595
-1357
-967
-573
-165
208
410
385
259
327
522
600
452
128
-182
-299
-186
-156
-331
-573
-706
-819
-985
-1015
-1134
-1418
-1640
-1656
-1704
-1854
-1885
-1751
-1638
-1781
-2002
-2262
-2396
-2320
-2198
-2144
-2308
-2391
-2308
-2263
-2206
-2130
-1944
-1591
-1243
-1006
-844
-647
-425
-376
-450
-454
-428
-296
-33
203
370
450
526
672
799
922
1020
1028
1105
1279
1455
1707
2084
2545
2890
2953
2957
2992
2984
2853
2615
2437
2318
2284
2396
2584
2707
2731
2700
2705
2689
2602
2495
2405
2456
2596
2771
2867
2920
2946
2951
2888
2661
2412
2165
1960
1755
1578
1327
973
631
427
338
130
-184
-410
-472
-634
-818
-898
-815
-742
-834
-893
-1054
-1263
-1441
-1579
-1702
-1938
-2077
-2018
-1908
-1838
-1798
-1703
-1611
-1494
-1387
-1402
-1494
-1499
-1325
-1099
-892
-663
-418
-229
-100
-61
-162
-367
-530
-549
-525
-621
-795
-778
-542
-364
-385
-584
-787
-855
-961
-1185
-1518
-1787
-1887
-1824
-1604
-1475
-1534
-1554
-1422
-1415
-1662
-2002
-2108
-1964
-1776
-1707
-1832
-1893
-1797
-1661
-1634
-1731
-1879
-1965
-1970
-1973
-2007
-2053
-1965
-1652
-1264
-970
-759
-645
-518
-451
-434
-458
-549
-486
-317
-70
138
300
572
955
1266
1499
1672
1772
1962
2195
2491
2735
3030
3422
3790
4031
4074
4123
4149
4180
4139
4061
3882
3663
3569
3400
3157
2860
2653
2470
2215
1960
1726
1478
1292
1187
1075
935
843
939
975
883
741
614
503
345
159
-1
-26
35
182
289
304
222
123
192
311
433
500
496
387
191
29
12
104
113
84
-7
-42
-54
-102
-107
-173
-257
-380
-481
-529
-573
-707
-848
-950
-1088
-1242
-1381
-1344
-1300
-1239
-1121
-1013
-918
-879
-761
-640
-610
-748
-975
-1134
-1207
-1209
-1222
-1235
-1265
-1263
-1248
-1311
-1406
-1499
-1662
-1936
-2238
-2496
-2649
-2675
-2636
-2678
-2789
-2836
-2762
-2673
-2638
-2653
-2780
-2971
-3096
-3097
-3053
-3028
-2968
-2755
-2526
-2295
-1974
-1721
-1545
-1409
-1272
-1131
-1033
-851
-546
-164
219
461
573
692
866
1101
1346
1508
1584
1642
1757
1950
2074
2116
2196
2279
2366
2481
2608
2776
2887
2871
2760
2535
2331
2179
2065
1983
1859
1677
1448
1291
1191
1056
893
823
780
646
542
489
492
543
627
738
817
886
1007
1075
1132
1255
1330
1452
1641
1876
2077
2230
2417
2555
2605
2625
2615
2390
2023
1771
1616
1404
1228
1304
1457
1450
1379
1398
1372
1201
989
775
465
107
-137
-271
-424
-623
-842
-1062
-1201
-1255
-1300
-1364
-1372
-1325
-1350
-1436
-1541
-1553
-1500
-1442
-1414
-1551
-1720
-1812
-1783
-1771
-1819
-1856
-1886
-1823
-1778
-1851
-2000
-2065
-2020
-1937
-1868
-1883
-1988
-2097
-2162
-2256
-2397
-2481
-2454
-2405
-2344
-2308
-2316
-2321
-2195
-1955
-1791
-1726
-1681
-1551
-1415
-1317
-1260
-1233
-1155
-999
-773
-583
-451
-369
-284
-234
-203
-141
-134
-71
89
207
201
167
201
257
254
254
328
404
464
511
566
605
619
681
806
875
867
872
996
1217
1367
1410
1384
1425
1544
1680
1738
1693
1654
1740
1936
2102
2263
2371
2435
2442
2436
2423
2308
2152
2011
1909
1801
1712
1769
1935
2087
2181
2228
2230
2183
2090
2034
1992
1947
1946
1985
2087
2113
1986
1750
1563
1500
1402
1244
1174
1232
1240
1173
1106
1046
915
771
690
529
266
76
78
73
-94
-272
-378
-465
-561
-677
-838
-1074
-1292
-1423
-1490
-1552
-1610
-1683
-1802
-1866
-1931
-2092
-2289
-2357
-2367
-2454
-2571
-2590
-2427
-2226
-2054
-1967
-2002
-2095
-2121
-2014
-1888
-1838
-1823
-1772
-1694
-1621
-1525
-1440
-1392
-1346
-1385
-1469
-1533
-1518
-1454
-1455
-1435
-1374
-1317
-1306
-1373
-1492
-1619
-1751
-1872
-1956
-2080
-2152
-2074
-1903
-1709
-1576
-1502
-1427
-1334
-1218
-1117
-1067
-1037
-998
-881
-685
-504
-335
-163
49
306
536
740
904
1032
1153
1268
1335
1405
1550
1687
1783
1869
1971
2033
2023
2063
2147
2228
2302
2323
2289
2189
2078
2010
1922
1860
1828
1755
1726
1742
1751
1710
1588
1482
1448
1509
1611
1685
1706
1714
1753
1748
1697
1659
1646
1658
1717
1820
1893
1915
1979
2068
2080
2014
1898
1798
1696
1645
1618
1516
1367
1197
1052
852
630
430
240
20
-147
-209
-328
-419
-464
-535
-686
-873
-976
-1074
-1240
-1414
-1555
-1662
-1715
-1700
-1658
-1635
-1601
-1557
-1524
-1519
-1500
-1482
-1468
-1400
-1318
-1249
-1171
-1075
-1035
-1071
-1180
-1301
-1398
-1458
-1457
-1501
-1594
-1657
-1651
-1651
-1702
-1778
-1916
-2061
-2166
-2288
-2447
-2581
-2651
-2636
-2561
-2445
-2318
-2223
-2107
-1943
-1773
-1673
-1602
-1440
-1229
-1049
-864
-690
-588
-513
-431
-358
-276
-121
98
329
546
766
965
1092
1155
1175
1220
1271
1325
1399
1416
1413
1394
1340
1304
1288
1229
1101
974
890
839
783
766
783
821
842
827
854
915
997
1022
961
886
938
1047
1128
1220
1281
1299
1308
1352
1390
1471
1562
1640
1720
1779
1822
1827
1852
1895
1914
1870
1818
1855
1958
2035
2052
1986
1860
1794
1764
1691
1579
1468
1352
1200
1086
1050
999
911
832
770
685
560
490
486
440
318
180
47
-76
-161
-233
-346
-519
-673
-773
-836
-875
-912
-982
-1064
-1122
-1203
-1366
-1593
-1821
-2045
-2253
-2382
-2445
-2474
-2456
-2372
-2280
-2235
-2256
-2329
-2420
-2509
-2564
-2601
-2597
-2544
-2455
-2356
-2259
-2107
-1965
-1875
-1788
-1692
-1624
-1556
-1407
-1216
-1049
-867
-675
-492
-297
-132
-17
47
74
67
45
52
73
100
106
85
76
28
-44
-98
-181
-272
-349
-384
-378
-375
-356
-286
-196
-135
-125
-118
-37
66
134
167
221
293
401
494
559
631
697
812
912
981
1045
1102
1141
1144
1166
1179
1174
1189
1241
1279
1304
1386
1485
1527
1505
1469
1416
1313
1191
1056
927
853
846
924
1054
1230
1442
1635
1733
1768
1791
1737
1688
1695
1699
1670
1708
1841
1916
1922
1927
1918
1852
1757
1676
1574
1430
1260
1085
887
657
463
313
125
-88
-303
-536
-719
-843
-949
-1079
-1218
-1333
-1481
-1619
-1733
-1855
-1983
-2085
-2164
-2217
-2230
-2191
-2110
-2054
-2007
-1983
-1948
-1872
-1768
-1661
-1545
-1366
-1162
-966
-783
-628
-526
-473
-441
-446
-485
-514
-529
-533
-511
-511
-519
-508
-507
-519
-580
-690
-811
-915
-978
-990
-959
-919
-886
-868
-864
-897
-941
-968
-1005
-1071
-1131
-1138
-1051
-886
-729
-625
-547
-459
-415
-397
-383
-346
-282
-226
-167
-97
-21
64
203
316
404
498
558
590
542
459
387
332
319
347
406
473
582
719
864
995
1107
1197
1265
1316
1303
1235
1151
1118
1173
1271
1394
1531
1650
1723
1749
1740
1698
1626
1549
1469
1411
1377
1353
1365
1417
1463
1459
1408
1307
1185
1069
982
922
847
777
727
689
646
590
525
447
361
273
186
124
72
25
-1
-16
-28
-74
-114
-141
-172
-210
-247
-273
-327
-360
-386
-410
-429
-442
-452
-504
-580
-653
-660
-613
-566
-563
-592
-628
-657
-675
-708
-737
-767
-801
-822
-814
-766
-713
-688
-678
-682
-705
-727
-734
-726
-758
-800
-785
-754
-730
-645
-550
-532
-548
-580
-622
-652
-655
-624
-605
-606
-586
-548
-536
-535
-563
-609
-645
-662
-665
-706
-732
-709
-665
-647
-641
-606
-567
-516
-486
-488
-517
-556
-560
-520
-451
-366
-302
-244
-170
-73
25
95
146
177
216
247
271
308
348
391
461
575
687
783
869
934
955
965
951
933
958
1001
1044
1063
1071
1070
1081
1099
1114
1123
1116
1120
1139
1114
1062
1038
1028
1059
1107
1150
1166
1164
1179
1204
1229
1215
1176
1115
1047
969
894
845
796
758
717
661
608
581
566
560
525
413
254
88
-26
-82
-136
-231
-337
-414
-472
-543
-582
-611
-705
-802
-864
-882
-858
-816
-779
-751
-727
-678
-605
-561
-545
-508
-479
-507
-542
-548
-517
-447
-361
-316
-341
-371
-397
-411
-438
-515
-578
-609
-626
-650
-685
-722
-751
-749
-762
-833
-929
-1030
-1079
-1075
-1063
-1049
-1056
-1076
-1071
-1042
-1031
-1052
-1059
-1034
-1006
-986
-964
-975
-976
-902
-821
-810
-855
-859
-818
-765
-703
-667
-651
-619
-549
-475
-432
-415
-407
-416
-413
-370
-302
-202
-88
18
70
69
67
76
107
175
220
227
241
282
383
514
618
667
681
723
809
903
981
1039
1092
1165
1280
1409
1499
1544
1555
1578
1620
1668
1713
1773
1855
1913
1909
1864
1802
1721
1641
1533
1405
1248
1074
969
909
833
706
548
407
280
163
54
-64
-189
-304
-392
-419
-405
-400
-379
-342
-319
-323
-368
-422
-433
-435
-445
-448
-445
-415
-360
-299
-248
-192
-132
-51
40
114
154
180
213
248
273
276
246
208
196
168
132
98
67
38
-2
-34
-95
-138
-173
-216
-272
-359
-453
-552
-681
-829
-957
-1092
-1213
-1277
-1305
-1329
-1347
-1377
-1422
-1480
-1533
-1552
-1552
-1535
-1550
-1580
-1591
-1530
-1418
-1320
-1226
-1148
-1090
-1040
-977
-919
-851
-763
-664
-570
-487
-412
-324
-185
-38
63
104
145
230
345
462
538
559
537
528
584
639
655
675
708
753
821
891
945
990
1069
1149
1178
1163
1120
1078
1053
1048
1023
981
949
939
956
942
901
856
809
786
757
699
657
628
582
539
501
442
352
309
305
289
240
165
140
157
176
170
110
45
-4
-24
-6
35
93
143
207
284
361
428
478
540
602
645
678
696
726
778
809
796
783
784
800
834
843
816
791
768
720
649
569
478
365
237
108
-32
-160
-272
-380
-492
-602
-701
-802
-916
-1061
-1205
-1327
-1420
-1497
-1601
-1669
-1707
-1737
-1757
-1789
-1802
-1790
-1769
-1743
-1737
-1752
-1746
-1686
-1601
-1537
-1496
-1473
-1414
-1324
-1246
-1172
-1107
-1029
-943
-848
-754
-691
-652
-615
-561
-486
-419
-373
-333
-285
-253
-207
-131
-48
48
107
134
151
168
171
162
161
157
168
170
191
252
325
391
447
493
529
563
601
637
648
643
645
664
685
695
708
675
626
582
538
504
456
418
386
353
329
302
272
281
327
367
387
413
465
530
606
673
712
728
745
792
859
925
991
1054
1130
1222
1290
1355
1423
1491
1527
1537
1554
1561
1567
1572
1574
1536
1479
1415
1332
1258
1189
1079
927
772
646
536
442
340
244
148
52
-36
-131
-205
-248
-282
-320
-349
-393
-432
-465
-513
-569
-635
-695
-738
-756
-787
-821
-836
-828
-808
-801
-821
-848
-854
-835
-818
-841
-877
-916
-932
-930
-924
-893
-869
-854
-846
-851
-847
-823
-773
-720
-673
-651
-647
-633
-612
-583
-570
-560
-548
-540
-510
-479
-452
-430
-417
-380
-345
-312
-287
-258
-225
-206
-174
-150
-126
-98
-74
-43
-57
-102
-137
-169
-202
-220
-230
-264
-291
-307
-315
-282
-237
-200
-163
-119
-70
-14
37
94
155
205
256
323
404
482
554
626
694
752
821
904
993
1099
1193
1248
1284
1336
1383
1404
1419
1415
1415
1421
1415
1396
1364
1311
1246
1169
1061
937
805
663
537
421
325
235
167
138
90
29
-48
-106
-137
-149
-153
-187
-193
-196
-196
-195
-187
-196
-209
-191
-179
-168
-172
-182
-192
-200
-198
-201
-223
-246
-275
-289
-307
-328
-340
-372
-398
-424
-446
-486
-534
-598
-655
-731
-822
-880
-918
-935
-950
-970
-1013
-1047
-1069
-1081
-1083
-1083
-1082
-1085
-1081
-1082
-1064
-1003
-906
-813
-742
-688
-629
-575
-551
-541
-566
-618
-669
-727
-774
-803
-821
-821
-809
-814
-832
-846
-848
-849
-847
-853
-867
-863
-855
-857
-844
-815
-782
-743
-729
-696
-653
-614
-554
-489
-421
-350
-272
-210
-150
-86
-2
101
188
268
333
409
509
617
718
782
816
845
879
926
954
947
937
931
931
912
860
816
789
780
780
761
735
724
734
748
765
779
780
786
808
818
813
813
817
817
823
861
882
886
889
889
888
864
856
864
876
883
885
880
862
868
880
896
894
865
824
757
684
603
515
426
361
313
271
238
198
161
107
66
35
9
-15
-72
-133
-184
-233
-269
-276
-252
-192
-135
-105
-92
-99
-95
-108
-158
-245
-349
-440
-525
-576
-637
-683
-713
-747
-758
-773
-786
-807
-843
-896
-941
-993
-1052
-1100
-1135
-1143
-1143
-1134
-1127
-1110
-1083
-1034
-992
-938
-881
-820
-768
-752
-755
-761
-730
-683
-630
-575
-515
-447
-366
-266
-167
-85
-38
-11
-2
-27
-61
-99
-128
-137
-149
-148
-137
-121
-106
-88
-47
-26
-19
-12
1
28
57
80
119
160
218
294
348
408
479
543
614
703
788
863
922
981
1034
1063
1096
1147
1196
1234
1268
1295
1319
1344
1373
1397
1404
1385
1358
1324
1294
1265
1208
1149
1101
1062
1023
980
920
853
790
735
669
605
576
559
545
542
548
551
562
577
576
553
529
518
498
468
435
401
364
336
314
268
211
152
98
54
0
-52
-113
-187
-263
-343
-421
-513
-610
-712
-814
-916
-1019
-1106
-1175
-1234
-1300
-1366
-1402
-1416
-1423
-1433
-1449
-1465
-1479
-1473
-1444
-1421
-1422
-1415
-1394
-1379
-1363
-1329
-1273
-1193
-1085
-998
-929
-866
-824
-803
-797
-801
-826
-844
-868
-888
-903
-910
-880
-855
-835
-823
-812
-795
-777
-753
-743
-741
-738
-714
-666
-599
-529
-469
-419
-373
-296
-225
-159
-77
-29
-3
38
79
112
150
214
291
368
458
529
609
713
810
902
961
1000
1034
1064
1099
1122
1126
1128
1138
1164
1197
1218
1244
1263
1295
1345
1387
1414
1435
1463
1482
1478
1443
1393
1336
1283
1232
1162
1106
1066
1025
984
964
934
900
887
886
887
872
842
816
788
746
718
696
664
622
587
544
509
484
441
416
397
370
340
285
228
168
99
30
-39
-105
-180
-226
-273
-337
-370
-404
-450
-488
-528
-584
-641
-664
-679
-708
-755
-803
-835
-855
-864
-872
-902
-947
-991
-1032
-1074
-1116
-1146
-1169
-1190
-1205
-1222
-1246
-1270
-1301
-1330
-1356
-1388
-1415
-1439
-1445
-1418
-1383
-1356
-1338
-1318
-1289
-1249
-1207
-1176
-1129
-1060
-971
-880
-794
-711
-658
-583
-503
-441
-390
-345
-295
-252
-204
-163
-112
-60
-2
46
49
41
30
27
39
30
19
22
29
74
151
196
227
285
343
398
435
482
535
597
661
702
741
773
825
881
928
971
1003
1037
1070
1107
1139
1154
1157
1134
1126
1128
1113
1114
1083
1043
1010
971
943
916
885
855
846
842
833
816
810
804
802
782
756
727
694
688
683
686
674
657
628
609
608
564
525
507
498
482
469
436
391
362
316
262
191
113
25
-61
-123
-189
-240
-284
-331
-369
-419
-488
-579
-655
-730
-820
-904
-992
-1068
-1137
-1189
-1225
-1273
-1328
-1378
-1430
-1477
-1508
-1548
-1587
-1606
-1587
-1559
-1533
-1506
-1473
-1424
-1373
-1314
-1279
-1259
-1222
-1171
-1122
-1078
-1027
-999
-965
-910
-859
-818
-771
-696
-620
-560
-499
-460
-417
-371
-323
-266
-231
-189
-151
-115
-83
-46
24
105
195
279
360
418
463
498
512
526
529
515
514
541
571
596
627
659
688
733
779
798
797
807
806
802
795
784
771
748
756
749
744
753
754
774
808
845
876
904
915
944
967
985
1014
1045
1061
1073
1084
1079
1097
1116
1125
1131
1130
1130
1139
1149
1155
1145
1143
1146
1128
1122
1116
1108
1105
1089
1061
1021
973
933
878
826
769
686
616
536
471
418
346
286
217
139
64
-16
-106
-183
-252
-342
-441
-534
-623
-715
-788
-858
-934
-993
-1047
-1098
-1134
-1165
-1187
-1200
-1218
-1230
-1245
-1270
-1281
-1290
-1292
-1274
-1240
-1198
-1156
-1116
-1069
-1006
-937
-881
-843
-814
-794
-774
-753
-731
-718
-723
-712
-690
-662
-638
-627
-621
-616
-610
-596
-595
-602
-612
-626
-637
-643
-644
-664
-663
-644
-617
-577
-557
-536
-506
-471
-437
-405
-365
-307
-238
-183
-135
-88
-47
9
71
115
155
181
214
257
317
378
418
462
506
560
593
611
622
628
640
638
648
657
671
707
732
760
771
757
762
763
774
789
795
806
823
849
868
880
891
886
869
851
829
809
805
806
812
797
762
725
702
695
673
641
620
594
577
557
544
531
502
481
455
430
387
332
275
209
146
88
37
-4
-48
-73
-107
-153
-200
-264
-321
-374
-431
-476
-512
-546
-574
-605
-638
-670
-698
-728
-758
-775
-803
-819
-835
-867
-881
-910
-925
-921
-936
-938
-955
-964
-966
-962
-939
-936
-929
-920
-911
-910
-915
-910
-923
-949
-960
-961
-956
-940
-904
-856
-802
-739
-681
-625
-576
-528
-481
-457
-435
-407
-380
-344
-308
-272
-231
-189
-149
-112
-84
-59
-29
-4
26
48
53
70
80
103
130
145
164
173
164
145
148
155
169
199
236
284
343
413
469
515
548
560
561
571
586
606
644
686
732
785
838
880
928
966
999
1025
1027
1045
1070
1100
1145
1186
1226
1248
1270
1288
1281
1264
1250
1228
1215
1201
1186
1186
1171
1161
1157
1128
1095
1063
1016
966
898
824
749
687
653
617
578
538
502
470
438
388
342
305
249
190
113
19
-74
-157
-221
-277
-328
-378
-432
-481
-536
-588
-632
-674
-738
-804
-854
-909
-946
-974
-992
-1001
-1002
-982
-968
-962
-953
-958
-974
-982
-979
-982
-973
-972
-967
-939
-918
-877
-826
-790
-774
-770
-773
-773
-764
-773
-775
-766
-754
-720
-686
-655
-614
-580
-573
-582
-594
-611
-619
-620
-617
-609
-583
-553
-517
-462
-414
-381
-348
-319
-290
-254
-226
-187
-155
-115
-72
-9
78
161
250
313
359
401
442
485
533
568
577
592
604
605
612
625
631
637
629
615
592
584
599
603
617
623
634
636
631
646
641
648
657
672
699
718
741
736
732
727
717
697
673
653
623
619
610
602
620
630
635
645
657
668
685
691
686
674
660
639
605
576
539
489
447
392
317
234
157
79
-1
-80
-155
-220
-286
-349
-396
-453
-514
-563
-601
-628
-656
-668
-677
-667
-651
-654
-651
-666
-674
-681
-684
-693
-731
-748
-756
-762
-771
-783
-790
-811
-834
-853
-865
-858
-850
-840
-833
-827
-792
-751
-715
-691
-678
-665
-668
-677
-685
-683
-661
-644
-635
-637
-645
-656
-664
-671
-690
-709
-714
-706
-702
-675
-634
-569
-491
-409
-319
-237
-138
-61
25
112
168
211
244
281
294
305
318
315
324
343
345
334
331
324
314
306
303
308
330
354
401
482
565
650
745
838
907
977
1043
1091
1142
1177
1204
1235
1259
1270
1281
1295
1293
1272
1242
1213
1173
1113
1055
1003
953
910
879
860
842
833
831
838
840
841
831
773
715
648
581
506
409
346
287
237
216
212
187
165
151
117
78
9
-49
-99
-160
-203
-215
-203
-184
-150
-107
-91
-102
-123
-152
-217
-307
-404
-515
-618
-707
-771
-831
-884
-909
-940
-982
-1028
-1072
-1107
-1142
-1177
-1197
-1201
-1187
-1146
-1067
-977
-885
-774
-673
-599
-542
-504
-490
-484
-482
-484
-489
-479
-447
-413
-392
-380
-370
-364
-368
-372
-373
-369
-369
-350
-315
-288
-246
-192
-127
-62
-29
3
18
15
23
24
17
-4
1
9
19
44
55
71
68
66
66
62
58
58
75
100
134
196
279
365
459
534
596
645
666
677
678
653
605
566
523
464
438
437
423
413
400
371
342
316
281
250
218
176
169
182
216
262
325
404
468
530
590
619
619
607
581
546
493
445
430
411
396
368
341
312
265
217
151
65
-6
-54
-106
-137
-144
-146
-126
-109
-92
-78
-81
-79
-90
-117
-155
-200
-250
-304
-348
-393
-436
-469
-488
-509
-540
-570
-602
-632
-655
-667
-664
-647
-604
-540
-488
-422
-369
-331
-291
-284
-293
-299
-310
-342
-378
-407
-432
-446
-455
-466
-489
-512
-523
-543
-561
-559
-562
-557
-541
-512
-463
-414
-345
-257
-186
-119
-57
-3
30
53
60
43
34
2
-15
-25
-34
-20
-22
-7
20
33
52
72
87
111
130
165
209
253
319
406
490
561
639
678
700
716
708
695
666
637
598
551
522
481
442
407
358
337
314
292
296
286
279
289
310
350
402
458
504
543
582
615
645
653
647
646
626
608
603
589
565
548
517
483
432
377
327
260
203
157
123
101
94
94
106
130
166
207
226
247
253
246
240
217
190
173
126
98
64
7
-36
-88
-140
-195
-245
-300
-348
-369
-387
-401
-393
-373
-357
-340
-329
-333
-342
-355
-372
-396
-433
-463
-483
-507
-511
-501
-512
-515
-504
-507
-524
-538
-539
-559
-569
-562
-553
-516
-454
-392
-314
-221
-138
-39
42
92
141
178
196
198
200
192
179
172
161
148
124
106
75
30
-16
-70
-120
-151
-186
-199
-189
-187
-162
-126
-90
-65
-47
-46
-60
-75
-105
-134
-159
-170
-182
-184
-175
-171
-170
-166
-154
-150
-154
-152
-153
-155
-131
-106
-72
-26
34
107
177
255
323
383
414
422
427
424
426
422
403
379
340
303
271
239
204
148
88
46
0
-61
-98
-97
-91
-64
-9
40
101
145
165
173
157
131
100
50
-3
-44
-80
-109
-121
-117
-115
-118
-124
-135
-151
-162
-175
-184
-190
-192
-171
-155
-131
-101
-73
-28
24
51
60
57
48
45
19
3
-3
-27
-44
-42
-36
-38
-34
-21
-16
-44
-56
-61
-71
-70
-59
-21
3
37
77
99
112
105
95
70
33
-14
-69
-121
-171
-213
-243
-264
-288
-297
-303
-312
-325
-332
-330
-343
-351
-351
-339
-314
-273
-218
-164
-103
-25
39
96
133
153
169
175
177
178
191
200
208
216
229
239
257
278
286
289
276
262
243
239
250
272
310
351
395
426
441
442
429
398
347
282
207
133
65
5
-35
-61
-63
-64
-54
-33
-34
-47
-69
-90
-115
-136
-146
-138
-155
-159
-141
-127
-103
-76
-54
-51
-53
-54
-72
-97
-125
-155
-171
-176
-155
-133
-102
-55
-3
40
71
114
139
150
158
173
190
218
271
304
333
362
377
371
337
297
242
168
110
57
7
-28
-48
-49
-39
-15
19
40
46
49
52
44
40
43
38
41
53
57
54
48
37
13
-11
-34
-61
-93
-123
-136
-155
-181
-194
-221
-243
-247
-247
-236
-226
-210
-195
-183
-162
-146
-125
-85
-60
-41
-30
-45
-62
-91
-124
-161
-189
-204
-215
-214
-206
-186
-161
-128
-85
-45
-11
16
25
22
7
-1
6
26
48
69
77
73
73
52
28
17
-10
-49
-87
-122
-161
-190
-208
-224
-220
-211
-198
-178
-159
-141
-118
-91
-64
-39
-24
-2
18
40
73
98
112
126
131
117
85
35
-21
-72
-115
-142
-153
-170
-172
-176
-185
-179
-169
-142
-123
-115
-86
-58
-29
8
43
67
80
78
65
60
45
33
21
6
-20
-50
-61
-80
-84
-85
-81
-93
-99
-96
-111
-116
-131
-125
-116
-90
-56
-28
12
49
91
123
143
