17
13
8
6
-2
-11
-28
-33
-40
-36
-15
-1
14
27
49
59
67
75
83
79
54
51
40
41
39
27
27
8
6
18
13
31
34
41
48
56
71
70
82
79
79
69
54
47
38
27
5
-11
-9
-4
0
2
8
15
3
2
7
7
13
22
32
25
25
28
27
9
-4
-5
-19
-34
-30
-26
-33
-6
4
5
32
33
40
50
53
53
49
44
35
16
-4
-21
-37
-47
-49
-40
-42
-40
-34
-27
-15
-11
-4
-6
-9
-13
-28
-39
-57
-73
-87
-109
-127
-128
-126
-127
-118
-109
-99
-99
-89
-72
-66
-58
-51
-58
-64
-61
-69
-60
-55
-47
-46
-56
-51
-51
-40
-24
-9
-4
8
20
27
39
37
31
19
9
-1
-4
-9
-16
-16
-20
-23
-27
-32
-41
-32
-17
-13
-7
-4
-6
-11
-9
-7
-1
0
2
9
16
22
33
51
67
85
96
113
130
152
163
176
196
203
203
186
179
177
178
188
194
205
210
205
201
189
183
183
177
179
171
169
157
151
143
118
102
87
75
54
35
28
22
22
26
12
8
-8
-21
-31
-52
-62
-78
-92
-109
-120
-142
-154
-162
-174
-168
-161
-156
-152
-152
-164
-180
-187
-193
-202
-217
-231
-239
-264
-286
-298
-326
-338
-351
-362
-360
-358
-354
-347
-329
-329
-303
-281
-280
-269
-283
-299
-303
-290
-285
-266
-245
-240
-214
-205
-186
-147
-115
-79
-27
16
51
87
123
146
158
171
172
167
178
191
206
210
217
228
237
262
289
315
337
361
375
383
384
381
384
364
352
335
313
299
294
285
285
285
279
293
288
296
295
289
288
276
272
261
246
235
220
198
182
167
158
151
134
130
127
122
115
115
119
118
127
135
143
147
140
131
116
101
76
60
47
13
-23
-67
-122
-162
-190
-224
-261
-300
-343
-383
-426
-480
-539
-585
-631
-680
-717
-751
-788
-816
-844
-862
-866
-863
-850
-820
-788
-750
-698
-639
-572
-502
-426
-361
-291
-203
-113
-34
48
125
205
280
349
416
474
533
571
604
627
637
649
654
663
650
641
623
592
557
516
467
408
355
291
223
144
68
0
-63
-117
-157
-188
-211
-236
-277
-302
-316
-326
-342
-343
-343
-352
-341
-339
-328
-301
-282
-251
-214
-172
-119
-69
-9
52
99
144
196
237
285
318
347
382
405
430
437
473
494
516
532
517
533
538
538
536
524
503
471
433
386
332
278
233
186
129
55
-17
-102
-179
-257
-328
-382
-444
-485
-536
-601
-660
-703
-743
-788
-809
-826
-849
-856
-846
-830
-802
-764
-706
-645
-579
-505
-432
-343
-240
-152
-63
22
111
203
288
381
466
547
614
691
748
795
839
861
891
906
915
905
876
841
795
725
636
549
450
341
231
114
-2
-117
-207
-299
-402
-492
-570
-645
-716
-793
-861
-912
-971
-1005
-1024
-1047
-1047
-1036
-1014
-980
-925
-858
-780
-694
-602
-510
-420
-325
-232
-146
-77
-11
50
106
177
231
281
351
400
447
494
522
546
566
586
608
622
635
647
640
630
620
610
613
618
628
629
633
644
667
694
716
758
789
798
825
854
878
903
898
872
832
792
743
674
611
525
424
307
185
84
-40
-163
-257
-368
-484
-578
-660
-722
-779
-853
-932
-1005
-1078
-1129
-1161
-1180
-1181
-1157
-1108
-1037
-959
-862
-756
-641
-514
-382
-245
-110
21
151
286
399
496
584
654
696
718
733
734
725
698
667
614
539
466
388
298
204
106
-1
-112
-246
-386
-525
-665
-791
-913
-1010
-1099
-1181
-1232
-1278
-1318
-1349
-1365
-1372
-1354
-1319
-1274
-1198
-1113
-1016
-902
-806
-708
-602
-512
-423
-345
-262
-176
-98
-24
50
121
183
257
311
355
401
433
479
528
555
574
594
611
630
647
664
685
699
714
759
796
833
886
932
985
1036
1088
1156
1224
1279
1336
1373
1374
1353
1309
1241
1157
1068
986
895
774
644
507
363
224
99
-31
-175
-313
-447
-572
-716
-829
-918
-1022
-1103
-1183
-1246
-1283
-1292
-1272
-1237
-1187
-1131
-1063
-962
-829
-674
-507
-332
-148
40
219
379
539
706
867
1006
1118
1203
1283
1351
1384
1410
1414
1393
1350
1295
1213
1119
1021
909
787
629
468
308
133
-52
-235
-419
-596
-755
-912
-1052
-1183
-1296
-1393
-1492
-1567
-1623
-1663
-1679
-1666
-1643
-1604
-1551
-1508
-1449
-1377
-1293
-1188
-1070
-938
-814
-685
-561
-456
-351
-254
-159
-81
-11
54
115
170
228
286
335
386
416
435
461
483
492
503
495
477
471
475
490
484
490
513
542
570
606
653
706
769
832
908
971
1053
1133
1202
1239
1231
1204
1170
1159
1118
1042
940
806
666
545
428
303
182
66
-61
-203
-340
-472
-565
-639
-725
-832
-935
-1017
-1075
-1113
-1147
-1162
-1161
-1122
-1042
-950
-830
-658
-475
-265
-30
196
426
665
912
1138
1321
1479
1608
1715
1781
1809
1798
1764
1716
1626
1498
1335
1152
962
779
589
369
148
-72
-290
-521
-753
-953
-1174
-1391
-1563
-1744
-1925
-2069
-2169
-2243
-2295
-2322
-2328
-2281
-2190
-2075
-1945
-1807
-1645
-1459
-1267
-1065
-856
-667
-488
-318
-159
-18
112
238
328
380
421
448
465
482
491
487
469
458
459
457
463
473
465
455
443
429
404
375
355
340
328
323
324
342
394
461
544
627
712
816
916
1018
1113
1195
1277
1352
1382
1349
1296
1237
1165
1092
971
789
598
417
257
103
-43
-192
-355
-510
-664
-809
-925
-996
-1032
-1092
-1171
-1260
-1348
-1378
-1340
-1286
-1246
-1195
-1118
-1018
-880
-706
-505
-293
-59
176
390
610
861
1133
1399
1629
1792
1915
2029
2119
2192
2222
2202
2123
1994
1831
1637
1434
1214
1000
756
475
204
-41
-274
-510
-723
-952
-1206
-1456
-1674
-1871
-2055
-2223
-2400
-2543
-2659
-2751
-2769
-2733
-2650
-2522
-2382
-2216
-2022
-1796
-1541
-1278
-1024
-811
-602
-417
-261
-84
98
272
424
538
630
709
796
892
978
1020
1029
1034
1021
1000
969
940
903
843
793
731
648
589
567
552
541
502
470
467
480
529
587
648
727
826
948
1079
1216
1363
1522
1673
1782
1803
1762
1727
1694
1620
1439
1183
873
548
252
-34
-327
-655
-944
-1187
-1439
-1666
-1831
-1903
-1944
-1989
-2050
-2134
-2165
-2095
-1931
-1767
-1646
-1513
-1359
-1161
-892
-596
-302
0
313
611
872
1153
1460
1793
2090
2319
2485
2580
2688
2798
2873
2865
2743
2549
2316
2067
1782
1473
1149
795
408
-8
-446
-844
-1183
-1490
-1809
-2135
-2441
-2733
-2971
-3136
-3253
-3386
-3511
-3584
-3636
-3628
-3524
-3342
-3106
-2834
-2526
-2233
-1929
-1555
-1150
-740
-352
3
315
576
827
1060
1257
1408
1499
1561
1567
1572
1576
1559
1516
1411
1310
1197
1097
990
872
788
697
633
571
479
376
297
258
233
211
196
186
203
267
347
440
564
716
891
1085
1283
1482
1719
1988
2234
2346
2258
2084
1941
1833
1633
1283
826
292
-223
-663
-1038
-1421
-1825
-2144
-2427
-2701
-2891
-2942
-2885
-2815
-2711
-2642
-2593
-2440
-2135
-1730
-1397
-1131
-876
-612
-253
172
590
962
1320
1665
1959
2250
2556
2854
3120
3338
3444
3442
3405
3373
3340
3229
2985
2621
2185
1743
1322
872
382
-135
-656
-1145
-1615
-2045
-2367
-2599
-2811
-2987
-3139
-3262
-3337
-3337
-3274
-3200
-3148
-3091
-2971
-2830
-2638
-2395
-2145
-1883
-1596
-1312
-1060
-787
-473
-146
144
349
521
701
881
1080
1241
1331
1380
1407
1452
1484
1467
1407
1331
1199
1041
902
763
639
499
373
292
222
212
238
224
219
249
303
364
415
449
460
488
535
628
732
845
1035
1231
1396
1579
1778
2020
2306
2546
2569
2285
1916
1689
1536
1161
532
-206
-1011
-1689
-2170
-2548
-2977
-3421
-3691
-3834
-3878
-3792
-3518
-3119
-2758
-2397
-2101
-1830
-1401
-800
-191
190
395
574
821
1206
1635
1952
2059
2127
2262
2426
2622
2808
2987
3109
3123
3082
3028
2998
3002
2932
2682
2208
1673
1205
768
319
-200
-780
-1383
-1895
-2251
-2511
-2720
-2870
-2916
-2919
-2904
-2820
-2700
-2580
-2481
-2386
-2347
-2359
-2317
-2224
-2122
-2065
-1984
-1853
-1653
-1347
-1008
-708
-458
-184
150
478
756
1009
1231
1418
1524
1564
1582
1597
1594
1543
1441
1234
1000
831
664
453
238
72
-100
-329
-488
-531
-544
-507
-396
-306
-269
-184
-14
205
404
567
648
652
701
825
1003
1184
1385
1670
1934
2144
2325
2545
2884
3275
3545
3323
2646
2017
1745
1550
884
-118
-1231
-2308
-3078
-3541
-3827
-4213
-4499
-4469
-4394
-4200
-3741
-2982
-2221
-1605
-1016
-713
-499
5
766
1327
1368
1253
1121
1127
1441
1732
1765
1505
1346
1416
1462
1591
1767
1921
1933
1835
1785
1704
1745
1838
1789
1504
957
499
220
8
-271
-725
-1190
-1648
-1916
-1935
-1918
-1872
-1856
-1776
-1671
-1574
-1340
-1124
-1003
-1067
-1275
-1493
-1684
-1736
-1812
-1953
-2129
-2281
-2213
-1992
-1640
-1232
-825
-374
19
429
857
1242
1554
1734
1790
1627
1397
1228
1056
874
605
251
-216
-567
-633
-669
-781
-912
-913
-810
-662
-354
-3
279
569
905
1203
1419
1641
1877
2042
2075
1994
1869
1697
1570
1499
1458
1425
1360
1451
1652
1899
2065
2181
2474
2842
3301
3242
2443
1546
1050
951
327
-892
-2249
-3547
-4361
-4715
-4645
-4658
-4761
-4325
-3793
-3173
-2301
-1185
-94
538
1117
1383
1316
1498
1920
2268
1956
1360
885
481
605
948
1019
695
379
584
890
1220
1569
1751
1808
1696
1696
1739
1760
1904
1884
1592
1031
523
415
421
282
-189
-831
-1348
-1625
-1563
-1510
-1622
-1796
-1940
-2031
-2163
-2121
-2012
-2072
-2277
-2600
-2941
-3217
-3180
-2907
-2768
-2762
-2745
-2470
-1882
-1074
-299
214
586
918
1275
1554
1688
1667
1419
994
440
-39
-363
-639
-890
-1150
-1433
-1673
-1649
-1304
-988
-810
-632
-419
-197
100
561
918
1077
1210
1292
1267
1276
1404
1540
1511
1381
1237
1054
1063
1301
1607
1740
1715
1939
2314
2760
3138
3325
3567
3859
4432
4540
3364
1803
991
1025
355
-1323
-2997
-4400
-5174
-5245
-4725
-4411
-4430
-3688
-2741
-2032
-1069
254
1333
1519
1652
1660
1148
955
1242
1341
644
-94
-360
-570
-247
574
1039
802
544
983
1524
1907
2223
2153
1829
1505
1426
1481
1471
1621
1724
1520
1101
775
883
1137
1086
497
-469
-1306
-1808
-1982
-2265
-2873
-3380
-3665
-3752
-3699
-3430
-2959
-2582
-2237
-2019
-1884
-1557
-1065
-636
-592
-739
-890
-967
-715
-340
-100
-122
-162
-5
212
520
670
561
321
-12
-333
-680
-925
-1146
-1428
-1601
-1711
-1681
-1435
-968
-503
-251
32
399
768
1145
1436
1506
1391
1287
1255
1222
1193
1236
1259
1289
1336
1339
1422
1581
1832
2102
2300
2524
2676
2874
3254
3564
3828
4144
4842
5102
3615
1355
93
322
43
-1881
-4161
-6041
-6866
-6538
-5390
-4356
-3980
-3072
-1832
-786
427
1926
3118
2874
2072
1301
332
-127
-150
-284
-1175
-1897
-1684
-1309
-544
646
1656
1753
1262
1339
1810
2213
2210
1660
937
397
559
1170
1728
2144
2422
2699
2817
2766
2732
2656
2163
976
-634
-2104
-2978
-3426
-3932
-4551
-4984
-4825
-4152
-3113
-1988
-1089
-329
199
561
549
432
228
-362
-998
-1759
-2341
-2718
-2633
-2135
-1792
-1338
-861
-302
212
561
793
553
81
-450
-1007
-1578
-2119
-2353
-2470
-2360
-1853
-1153
-458
245
1072
1728
2021
2074
1993
1747
1299
770
215
-268
-496
-439
-112
286
667
1108
1672
2343
2898
3207
3354
3392
3482
3586
3461
3396
3286
3506
3969
4871
5239
2876
-216
-1514
-421
-497
-3237
-5664
-7345
-7703
-7100
-5568
-4181
-3733
-2181
-929
-537
212
1540
2496
1333
58
-1024
-2390
-2349
-1658
-1291
-2064
-2190
-998
-326
486
1488
2181
1856
905
534
446
665
901
653
330
524
1679
3278
4408
5066
5417
5540
5246
4346
3293
2076
642
-964
-2821
-4262
-4788
-4396
-3889
-3632
-2986
-1953
-707
359
1235
1690
1465
1053
378
-337
-1336
-2305
-2781
-3102
-3212
-3298
-2765
-1950
-1276
-575
-165
104
209
303
115
-623
-1106
-1234
-1446
-1584
-1304
-590
-179
254
910
1424
1958
2343
2452
1891
1236
901
588
184
-322
-690
-943
-884
-644
-308
234
910
1526
1745
1844
1937
2224
2492
2634
2773
2940
3374
3601
4175
4625
5216
6002
7224
7596
3976
-977
-3666
-2415
-2216
-5426
-8648
-10435
-9690
-7686
-4384
-1969
-1042
524
1721
1760
1450
1716
1497
-603
-2865
-4387
-5579
-4880
-3187
-1777
-1450
-711
1176
2142
2636
2703
2466
1280
-577
-1887
-2433
-1991
-1194
-312
538
2030
4376
7053
8683
8588
7748
6393
4924
2573
-124
-2454
-4252
-5074
-5861
-5817
-4753
-2717
-501
1062
2262
2886
3024
2663
1946
707
-839
-2415
-3323
-3726
-3654
-3286
-3033
-2327
-1470
-321
332
542
457
-336
-1250
-2080
-2493
-2882
-3097
-2732
-2203
-1544
-660
465
1603
2386
2798
2509
1851
1353
854
417
-137
-663
-1248
-1517
-1194
-778
-455
-329
-192
-98
-227
-423
-519
-387
-93
85
474
921
1482
2300
3234
4136
4764
5358
5688
5931
6112
6492
6865
7288
5764
897
-4268
-5698
-3445
-3603
-6369
-8783
-8866
-7058
-4498
-1116
329
814
1066
805
-259
-1156
-1178
-2056
-3587
-4923
-5559
-5364
-3388
-1044
19
114
583
1333
980
376
-294
-812
-1480
-2017
-2014
-1173
961
3381
5436
6366
7121
8079
8831
8387
6134
3557
1157
-432
-1970
-3321
-3952
-3570
-2236
-1231
-275
607
1725
2387
2517
1953
789
-380
-1327
-1521
-1758
-1654
-1621
-1071
-266
298
534
-112
-771
-1932
-2888
-3755
-4167
-4163
-4198
-3769
-3085
-1661
-298
872
1547
1774
1570
710
-157
-925
-1206
-1527
-1830
-1914
-1479
-464
698
1663
1842
1545
1120
801
69
-906
-1829
-2297
-2235
-2073
-1672
-1055
411
1848
2687
3105
3421
3642
3387
3191
2989
2852
3179
3807
4323
4784
5712
7048
8011
8723
6765
1188
-4591
-5978
-3801
-4466
-7286
-9261
-8451
-6115
-2939
1191
2978
3354
2974
2162
351
-1471
-1936
-2642
-3713
-4657
-4794
-4277
-2056
556
1648
1262
779
776
-519
-1845
-2391
-2073
-1563
-846
661
2487
4710
7108
9032
9274
8414
7012
5647
3574
1109
-742
-2108
-2637
-3222
-2938
-2325
-1159
301
977
1139
361
9
-347
-430
-318
-577
-806
-900
30
1055
1281
720
133
-598
-1784
-3269
-4521
-5252
-5841
-5476
-4763
-3763
-2501
-979
421
659
625
329
-230
-1034
-1791
-2545
-3344
-3253
-2123
-919
-469
-18
479
808
762
548
0
-1166
-1941
-2078
-1771
-1548
-1181
-441
382
1070
1499
1842
2084
1980
1581
1149
969
1194
1674
2257
2635
3402
4435
5223
5278
5081
5015
4768
4910
5847
6319
2745
-3756
-8276
-6624
-2636
-2445
-4837
-6475
-5100
-3152
-417
2446
2936
2051
1020
9
-2328
-3811
-2950
-1803
-2029
-2669
-3100
-3055
-1370
543
755
-848
-1665
-1685
-2330
-2552
-1717
33
1535
3045
4355
5040
5629
6482
7256
6679
5223
3758
2793
1499
69
-587
-531
-708
-1498
-1817
-1989
-1964
-1750
-955
-478
-828
-812
-58
1227
1938
2118
1737
1027
525
138
-855
-2406
-3210
-3215
-3506
-4483
-4968
-4490
-3805
-3254
-2875
-2902
-2976
-2521
-1617
-1212
-1482
-1489
-1081
-449
-232
-392
-631
-727
-409
-442
-952
-1722
-2025
-1523
-826
-311
-235
-39
466
1100
1337
883
379
280
531
554
338
337
865
1567
2129
2502
2687
2788
2569
2443
2426
2664
2965
3041
2919
2941
3556
4346
5516
6814
8231
6622
807
-5887
-8095
-4421
-2134
-3400
-5842
-5173
-2680
-744
2035
3637
3526
2041
952
-1274
-4581
-5965
-4187
-1828
-1358
-1750
-2706
-2158
-402
1407
1358
-154
-1376
-2411
-2748
-1952
321
2590
4588
5763
6257
6107
5847
6383
6209
5242
3322
1640
662
54
249
516
615
-286
-1341
-1974
-1962
-1498
-1225
-643
-512
-66
632
1633
2209
1689
953
78
-453
-1431
-2683
-3896
-4189
-3493
-2899
-2748
-3081
-2972
-2645
-2549
-2981
-3672
-3878
-3604
-2924
-2203
-1666
-1095
-266
724
1107
678
-171
-682
-818
-1188
-1945
-2519
-2063
-1308
-676
-273
129
627
988
1054
544
-142
-166
505
1048
1219
1118
1573
2184
2654
2636
2241
1984
1569
1458
1544
2129
2864
3624
4018
3681
3232
3001
3054
3300
3939
5260
5380
2168
-3379
-7290
-5179
-1245
-624
-2728
-3510
-1932
-1927
-2033
-890
67
-409
-949
-1336
-3374
-5252
-4101
-657
953
416
-1000
-1974
-1796
-1207
-667
-701
-711
-981
-1413
-987
641
2499
4132
5479
5520
4361
3200
3140
3225
3009
3097
2921
1924
896
886
1263
1054
366
-266
-1027
-1625
-1605
-1173
-732
-331
215
815
932
358
-438
-958
-996
-1198
-1425
-1946
-2658
-2811
-2159
-1322
-1796
-3030
-3877
-4179
-4412
-4430
-4051
-3659
-3351
-2539
-1164
-362
-130
443
1310
1370
515
-262
-360
-355
-408
-424
-765
-1199
-1511
-1313
-943
-594
23
607
1040
1005
969
1482
2100
2320
1713
740
141
182
790
1261
1530
1865
2247
2538
2614
2818
2997
2946
2246
1186
391
470
1289
2594
4046
5715
6890
4918
388
-4939
-5427
-2968
-2549
-3720
-4991
-3055
-2754
-2838
-1333
-45
529
-142
-434
-2230
-4608
-4881
-2480
-732
-605
-1230
-1801
-1412
-1263
-780
-131
570
778
360
496
1576
2336
3019
3931
3813
3007
2130
2371
2458
2119
3070
4493
5100
4610
4309
3894
2690
1146
208
-431
-1363
-1654
-1429
-875
-349
428
1660
2264
1578
96
-1505
-2230
-2571
-2852
-2755
-2887
-2721
-2515
-1805
-1454
-2330
-3280
-3520
-3451
-3771
-4065
-3720
-2964
-2139
-769
197
632
763
1014
1005
328
-550
-1332
-1347
-1156
-981
-1290
-1279
-850
-426
332
1061
1559
1383
1128
1208
1130
899
1035
1205
1058
398
161
867
1536
2023
2164
2283
2079
1361
954
1300
1961
2317
2192
1938
1958
2209
2742
3644
4454
5075
5889
5016
1906
-3662
-7105
-5159
-3335
-3203
-4268
-3039
-1290
-2541
-2235
-464
396
-447
-1761
-2417
-3932
-5189
-3679
-1503
-995
-1246
-1224
-714
-462
-706
-469
-194
-698
-1184
-1475
-571
536
731
1452
2251
2781
2881
2954
3282
2958
2733
3481
4189
3938
3655
3595
3186
2231
1113
689
147
-346
-430
-819
-885
-658
-294
-23
-383
-718
-982
-1210
-1301
-1682
-2093
-2282
-2502
-2756
-2825
-2876
-3176
-3876
-4006
-3395
-2636
-2132
-2099
-1961
-1615
-873
-593
-781
-1021
-1036
-772
-869
-982
-1445
-1502
-915
-167
154
-308
-416
-222
155
348
384
568
611
692
551
306
240
456
584
192
-402
-647
-402
-113
202
645
1086
1167
1129
1728
2871
3827
4151
3993
3582
3136
2911
2889
3100
3595
4507
4994
3471
-48
-3273
-3149
-1386
-1367
-2643
-2963
-2093
-2545
-3155
-1773
-100
91
-698
-1184
-1828
-2879
-2820
-1869
-1552
-1844
-1985
-1443
-768
-448
-275
-100
-34
-576
-1347
-1407
-500
249
768
1682
2560
3213
3523
4014
4118
3554
3340
3400
3367
3033
2960
3152
3069
2742
2122
1331
639
333
19
-511
-913
-1190
-1370
-1342
-902
-509
-581
-900
-1271
-1700
-2095
-2418
-2622
-2503
-2181
-1945
-2208
-2021
-1435
-929
-704
-1041
-1226
-1732
-1838
-1646
-1656
-1531
-1116
-51
645
741
431
162
125
74
-121
-610
-875
-804
-434
216
970
1637
1957
1938
1346
97
-948
-1304
-1379
-1758
-2336
-2284
-1557
-536
494
1446
2097
2072
1742
1615
2180
2733
3006
3172
2989
2824
2367
2412
2881
3295
3829
3856
2939
558
-1370
-994
271
350
-486
-718
-801
-1562
-1917
-963
-233
-553
-922
-771
-782
-1049
-673
22
-73
-1054
-1670
-1768
-1638
-1546
-1312
-678
-605
-989
-1291
-771
278
931
1030
918
781
761
1234
1643
1795
1555
1622
2160
2418
2394
2186
2252
2428
2253
1513
502
-197
-293
-38
160
203
-40
-258
-296
-365
-825
-1488
-2057
-2518
-2704
-2802
-2617
-2517
-2213
-1637
-1471
-1713
-2305
-2383
-2318
-2354
-2607
-2947
-3042
-3018
-2374
-1766
-1372
-1228
-949
-483
-428
-604
-913
-1077
-1176
-1281
-1324
-1130
-775
-313
129
524
936
923
833
428
-369
-1029
-1372
-1356
-1717
-2209
-2144
-1390
-453
265
918
1563
2077
2040
1961
2190
2667
2886
2687
2552
2517
2446
2427
2866
3390
3985
4234
3837
2669
1222
1039
1487
1296
455
-204
-408
-456
-214
784
1421
1071
812
556
150
-637
-1156
-1153
-1707
-2699
-3337
-3408
-3076
-2608
-2075
-1308
-1047
-1350
-1599
-1433
-663
-55
25
12
-227
-255
145
573
918
802
959
1509
1990
2135
2051
1951
1812
1718
1328
853
353
497
1182
1632
1771
1714
1777
1738
1359
634
-239
-1095
-1550
-1729
-1786
-1570
-1180
-693
-430
-442
-683
-1164
-1602
-1918
-2199
-2544
-2861
-2904
-2532
-1840
-1294
-993
-877
-731
-595
-613
-722
-869
-951
-880
-705
-543
-186
149
516
739
712
611
356
57
-461
-1122
-1496
-1367
-1061
-979
-1147
-1022
-446
94
373
505
687
753
590
683
1286
2003
2444
2584
2706
2861
2808
2624
2690
2947
3259
3181
2530
1381
282
146
619
912
573
260
283
508
856
1429
2027
1871
1213
291
-486
-1212
-1760
-1853
-2108
-2635
-3100
-2973
-2285
-1614
-1132
-741
-663
-1044
-1724
-2056
-1734
-1161
-840
-736
-493
-71
511
938
1301
1329
1118
1090
1127
1117
835
724
906
1174
1329
1401
1506
1790
2313
2667
2688
2440
2263
1979
1375
584
-210
-821
-1231
-1420
-1458
-1388
-1201
-912
-697
-648
-891
-1461
-2110
-2506
-2623
-2716
-2861
-2928
-2831
-2555
-2134
-1756
-1502
-1311
-1062
-857
-781
-679
-526
-418
-368
-394
-496
-576
-504
-297
-234
-379
-520
-612
-685
-752
-843
-835
-821
-709
-835
-1260
-1324
-1138
-848
-662
-461
-190
-112
220
849
1474
1913
2278
2644
2729
2480
1962
1652
1813
2286
2612
2564
2341
1866
1243
1002
1567
2221
2281
1954
1669
1245
720
712
1319
1544
738
-150
-581
-526
-485
-586
-854
-1498
-2099
-2360
-2349
-2208
-1841
-1379
-929
-926
-1135
-1073
-590
66
248
2
-317
-377
-235
63
235
292
506
875
1264
1459
1592
1693
1566
1403
1422
1443
1372
1415
1948
2565
2838
2741
2492
2162
1615
1001
194
-519
-1068
-1339
-1212
-988
-843
-917
-871
-783
-1195
-2035
-2612
-2739
-2781
-2768
-2737
-2665
-2488
-2124
-1596
-1382
-1410
-1503
-1546
-1409
-1304
-1312
-1392
-1256
-1037
-935
-1020
-875
-456
-300
-273
-417
-552
-661
-766
-659
-615
-583
-385
-326
-439
-511
-425
-251
-122
50
288
457
683
1058
1242
1429
1693
1928
1952
1667
1413
1392
1767
2405
2855
2822
2837
2843
2682
2467
2153
1700
876
669
1409
1972
1808
1670
1956
1950
1279
697
637
154
-522
-740
-767
-1112
-1771
-1924
-1646
-1671
-1829
-1708
-1481
-1304
-1250
-1082
-792
-736
-836
-981
-1107
-1029
-886
-790
-609
-392
46
562
967
1196
1207
1248
1270
1229
1201
1303
1440
1651
2119
2664
3024
3064
3051
2908
2257
1340
447
-200
-667
-1010
-983
-776
-634
-623
-606
-581
-817
-1253
-1746
-2174
-2527
-2656
-2608
-2724
-2811
-2769
-2435
-2135
-2105
-2161
-2347
-2249
-2118
-2075
-2081
-1927
-1561
-1394
-1414
-1369
-1089
-907
-807
-735
-668
-715
-716
-567
-481
-551
-646
-621
-862
-1227
-1434
-1293
-1126
-1049
-793
-386
32
310
460
530
605
679
783
855
977
1126
1519
1984
2352
2559
2618
2691
2370
2077
1939
1949
1963
2161
2684
2892
2657
2279
2611
3279
3449
3018
2357
1825
1283
980
999
897
343
-113
-163
-261
-658
-1042
-996
-870
-1014
-1196
-1328
-1358
-1292
-1226
-1067
-922
-858
-835
-880
-860
-628
-358
-63
82
82
136
89
196
591
1155
1666
2035
2351
2652
2694
2549
2360
1980
1510
973
493
152
62
147
261
292
254
156
104
267
172
-320
-903
-1239
-1435
-1662
-1661
-1609
-1877
-2143
-2110
-2057
-2145
-2346
-2428
-2584
-2805
-2730
-2676
-2543
-2323
-2197
-2076
-1970
-1713
-1502
-1468
-1467
-1434
-1530
-1609
-1568
-1566
-1532
-1551
-1411
-1324
-1330
-1244
-1237
-1273
-1302
-1127
-754
-306
92
318
383
556
977
1434
1776
1909
1944
2084
2363
2662
2727
2588
2527
2439
2279
2168
2141
2374
2765
3184
3455
3406
3380
3518
3718
3897
3720
3279
2815
2434
2414
2540
2463
2088
1508
989
418
-318
-677
-603
-709
-997
-1173
-1109
-1056
-1175
-1070
-1004
-1278
-1493
-1713
-1924
-1980
-1853
-1519
-1354
-1290
-1186
-1146
-986
-659
-392
-172
143
516
787
876
1044
1290
1301
1090
814
621
496
351
348
506
588
546
426
428
525
457
307
3
-384
-672
-785
-782
-953
-1269
-1630
-1919
-2182
-2371
-2437
-2489
-2432
-2270
-2047
-1864
-1752
-1627
-1655
-2019
-2433
-2643
-2670
-2670
-2713
-2680
-2528
-2235
-1878
-1640
-1606
-1623
-1628
-1666
-1779
-2001
-2135
-2204
-2225
-2019
-1668
-1159
-613
-159
94
-59
-306
-323
-132
47
64
-57
-53
270
863
1474
1823
2060
2198
2100
1819
1554
1422
1482
1547
1623
1802
1972
2303
2638
2903
3100
3164
3185
3208
3199
3138
3023
2826
2595
2145
1464
752
357
600
1170
1453
1440
1386
1376
1229
826
565
266
-289
-771
-959
-1004
-1174
-1259
-888
-491
-533
-708
-826
-895
-991
-908
-616
-384
-399
-318
-39
187
374
308
219
83
55
96
75
124
231
415
463
487
479
627
720
604
298
-76
-271
-379
-370
-454
-601
-813
-821
-704
-606
-460
-470
-604
-923
-1090
-1053
-1130
-1414
-1663
-1832
-1984
-1986
-1828
-1583
-1551
-1574
-1520
-1548
-1695
-1844
-1955
-2009
-2023
-2085
-2045
-1955
-1787
-1566
-1267
-813
-484
-398
-435
-559
-891
-1320
-1580
-1533
-1329
-1009
-587
-162
375
953
1321
1418
1345
1161
792
366
250
433
785
1303
1933
2515
2931
3152
3227
3212
3085
2889
2616
2439
2387
2409
2441
2461
2540
2573
2532
2360
2160
2126
2273
2433
2493
2492
2536
2435
2063
1597
1024
687
788
952
841
452
212
182
58
60
109
-252
-831
-1085
-905
-841
-1030
-938
-633
-623
-713
-611
-466
-471
-569
-490
-435
-615
-752
-780
-711
-633
-664
-689
-607
-457
-429
-587
-812
-875
-844
-744
-507
-406
-449
-648
-749
-676
-684
-676
-662
-612
-548
-523
-577
-692
-827
-977
-1034
-1076
-1198
-1416
-1514
-1328
-1185
-1252
-1275
-1174
-1186
-1347
-1463
-1447
-1443
-1466
-1435
-1467
-1489
-1375
-1169
-980
-990
-1200
-1545
-1951
-2218
-2281
-2265
-2125
-1953
-1835
-1584
-1276
-1021
-912
-893
-828
-889
-1050
-1027
-794
-483
-31
489
936
1244
1476
1715
1759
1641
1582
1431
1218
1152
1204
1336
1430
1540
1686
1631
1469
1369
1302
1298
1268
1177
1140
1198
1337
1388
1240
1063
941
891
987
1057
1054
1095
1173
1240
1097
819
581
319
196
359
562
584
539
601
752
730
713
868
891
723
520
437
316
15
-316
-527
-747
-919
-895
-844
-710
-563
-431
-413
-513
-478
-339
-250
-284
-360
-452
-477
-425
-370
-383
-430
-377
-177
-27
38
114
84
-24
-230
-326
-394
-503
-451
-288
-208
-361
-476
-434
-392
-479
-539
-555
-636
-686
-611
-486
-477
-482
-494
-606
-819
-943
-1029
-1278
-1575
-1725
-1676
-1579
-1427
-1187
-934
-686
-481
-407
-482
-543
-583
-618
-557
-407
-173
133
505
831
952
984
1016
969
835
647
542
545
601
636
627
693
867
1091
1247
1367
1397
1330
1288
1197
1103
1010
1044
1190
1153
966
818
881
1113
1292
1445
1589
1636
1648
1594
1468
1260
1052
988
1009
1113
1260
1444
1668
1922
2096
2112
2115
2114
2046
1865
1648
1389
1161
1197
1310
1186
927
848
892
790
712
793
667
272
-5
-7
-20
-219
-279
-222
-337
-501
-523
-502
-561
-672
-729
-844
-1068
-1253
-1399
-1443
-1407
-1468
-1602
-1644
-1610
-1621
-1678
-1729
-1805
-1934
-1980
-1860
-1744
-1670
-1533
-1362
-1144
-914
-747
-680
-671
-716
-968
-1279
-1393
-1474
-1673
-1801
-1728
-1549
-1392
-1148
-837
-795
-937
-997
-1029
-1108
-1244
-1380
-1485
-1499
-1253
-911
-690
-530
-443
-429
-451
-451
-425
-453
-508
-544
-564
-572
-559
-561
-490
-365
-280
-228
-216
-127
-85
-142
-196
-297
-361
-273
-77
67
69
-28
24
196
319
404
386
368
380
348
254
155
130
168
270
459
707
916
1182
1399
1402
1246
1045
997
1093
1335
1586
1663
1643
1732
1884
1868
1802
1733
1671
1578
1458
1452
1475
1511
1604
1688
1758
1739
1514
1380
1412
1340
1042
691
580
520
456
698
1032
1019
871
763
559
113
-310
-404
-580
-832
-925
-979
-1080
-1088
-953
-850
-896
-1001
-1092
-1280
-1321
-1242
-1275
-1378
-1452
-1461
-1493
-1526
-1479
-1413
-1461
-1505
-1575
-1628
-1519
-1319
-1095
-947
-836
-757
-726
-647
-564
-654
-829
-898
-864
-792
-700
-576
-453
-366
-236
-103
-94
-78
0
88
191
259
220
55
-113
-123
-23
14
54
95
96
111
136
146
89
17
15
4
-125
-271
-334
-234
-92
-33
-20
-52
4
117
140
-5
-196
-296
-244
-57
141
307
386
448
446
402
403
455
624
848
1022
1094
1122
1236
1405
1479
1432
1371
1361
1400
1502
1633
1775
1895
1967
2058
2183
2301
2272
2099
1949
1810
1674
1586
1540
1546
1583
1722
1933
2057
2014
1688
1230
921
720
494
342
333
278
126
150
370
423
294
315
310
-100
-582
-755
-777
-944
-1150
-1145
-1191
-1359
-1453
-1538
-1739
-1989
-2088
-2052
-2030
-1992
-1871
-1751
-1663
-1612
-1578
-1568
-1624
-1689
-1700
-1749
-1824
-1800
-1708
-1502
-1300
-1105
-856
-622
-412
-286
-208
-199
-216
-190
-109
-23
0
10
70
172
209
137
12
-120
-207
-257
-310
-409
-555
-640
-646
-633
-674
-784
-839
-883
-952
-1050
-1171
-1224
-1220
-1219
-1272
-1367
-1434
-1389
-1247
-1091
-1002
-1009
-1053
-1040
-975
-960
-955
-937
-813
-598
-400
-217
-137
-123
-96
-62
-68
-96
-108
-40
55
147
267
320
416
600
765
874
900
962
1104
1240
1334
1352
1378
1523
1682
1823
1909
1893
1813
1652
1525
1420
1280
1226
1317
1433
1557
1758
1970
2115
2128
2117
2057
1869
1686
1532
1382
1297
1310
1385
1380
1322
1330
1247
1064
954
914
808
679
636
609
514
409
374
251
5
-163
-309
-565
-790
-902
-948
-1028
-1051
-934
-925
-975
-965
-967
-1046
-1116
-1052
-972
-975
-928
-729
-577
-535
-492
-459
-465
-468
-448
-472
-528
-483
-319
-165
-76
11
158
313
364
288
74
-194
-346
-388
-432
-526
-626
-640
-589
-573
-590
-641
-720
-743
-761
-846
-962
-1028
-1037
-1046
-1042
-966
-855
-721
-570
-469
-482
-567
-620
-688
-797
-945
-1078
-1151
-1110
-1027
-990
-933
-837
-657
-519
-465
-428
-379
-290
-168
-100
-78
-16
70
242
404
539
655
707
746
726
658
654
760
904
1074
1268
1475
1600
1637
1747
1843
1836
1708
1550
1434
1339
1343
1495
1649
1737
1800
1741
1632
1525
1435
1363
1298
1257
1233
1292
1460
1679
1747
1683
1576
1415
1255
1087
923
714
474
345
378
419
449
483
466
366
168
6
-79
-115
-146
-250
-386
-505
-683
-854
-960
-1012
-1034
-1129
-1219
-1252
-1215
-1095
-984
-968
-1013
-1044
-1009
-974
-1078
-1200
-1257
-1244
-1131
-1027
-948
-853
-758
-692
-738
-890
-1022
-1054
-1007
-953
-902
-852
-775
-666
-551
-490
-518
-548
-527
-521
-606
-782
-966
-1072
-1125
-1172
-1236
-1289
-1325
-1415
-1535
-1647
-1723
-1711
-1642
-1573
-1549
-1579
-1564
-1517
-1507
-1535
-1653
-1755
-1741
-1621
-1437
-1259
-1120
-1053
-1035
-1022
-968
-917
-841
-693
-507
-276
-39
219
446
628
816
926
969
958
886
819
799
890
1046
1162
1283
1409
1469
1461
1446
1415
1357
1358
1435
1543
1657
1739
1831
1902
1874
1776
1652
1588
1525
1414
1347
1349
1420
1494
1586
1688
1706
1660
1562
1460
1367
1283
1201
1129
1142
1202
1239
1194
1067
884
739
681
552
317
119
45
7
-44
-88
-133
-223
-322
-397
-529
-715
-820
-835
-835
-811
-801
-799
-798
-788
-744
-750
-792
-775
-712
-635
-519
-361
-190
-12
166
287
379
458
488
498
449
387
368
367
359
299
222
139
41
-59
-163
-282
-413
-483
-502
-577
-695
-802
-869
-951
-1052
-1124
-1216
-1298
-1334
-1339
-1386
-1485
-1561
-1614
-1646
-1673
-1705
-1738
-1730
-1633
-1480
-1309
-1172
-1058
-914
-796
-703
-647
-628
-618
-642
-604
-533
-457
-387
-328
-213
-115
-12
91
131
139
149
223
361
525
708
871
1026
1130
1171
1228
1259
1270
1259
1210
1187
1239
1326
1420
1472
1495
1577
1627
1610
1550
1477
1384
1291
1239
1194
1138
1039
984
975
940
933
964
976
953
928
887
804
725
692
699
694
684
696
710
724
724
695
621
565
524
466
418
347
284
250
214
222
233
247
306
329
333
357
349
326
306
255
204
147
109
104
95
53
-12
-38
-67
-93
-141
-207
-273
-378
-481
-544
-553
-601
-681
-734
-789
-858
-923
-991
-1104
-1246
-1395
-1531
-1672
-1849
-2013
-2159
-2278
-2376
-2464
-2500
-2469
-2407
-2298
-2166
-2100
-2087
-2086
-2067
-2048
-2014
-1955
-1905
-1849
-1734
-1544
-1409
-1362
-1287
-1174
-1080
-1015
-996
-998
-940
-811
-652
-499
-384
-275
-156
-38
59
123
160
216
314
395
467
579
777
1001
1174
1289
1350
1380
1393
1427
1454
1416
1348
1293
1332
1418
1457
1459
1482
1558
1608
1639
1624
1546
1426
1330
1296
1216
1108
993
921
918
920
922
913
869
799
708
624
588
563
529
468
401
401
465
544
661
788
855
853
850
911
956
987
1001
997
1011
1029
1008
987
973
929
874
787
712
640
556
496
458
423
388
351
303
265
200
110
52
4
-67
-149
-219
-319
-455
-605
-766
-937
-1162
-1355
-1465
-1514
-1509
-1476
-1405
-1332
-1237
-1144
-1101
-1101
-1184
-1301
-1420
-1567
-1672
-1729
-1756
-1716
-1628
-1565
-1544
-1512
-1483
-1469
-1434
-1396
-1403
-1416
-1392
-1331
-1214
-1073
-934
-847
-802
-725
-668
-625
-576
-513
-438
-379
-318
-242
-170
-126
-74
-37
-22
-21
-6
38
74
132
204
302
438
593
722
836
944
1016
1062
1096
1120
1110
1082
1073
1058
989
926
898
886
900
928
928
889
833
780
734
702
659
589
546
523
535
541
516
514
521
550
577
559
546
599
660
702
748
776
826
904
975
1018
1012
1005
1051
1109
1110
1087
1069
1113
1169
1192
1233
1217
1176
1119
1030
932
837
730
561
367
193
48
-129
-337
-549
-744
-894
-981
-995
-980
-974
-935
-868
-831
-830
-858
-899
-963
-1036
-1119
-1194
-1233
-1240
-1209
-1168
-1107
-1060
-1046
-1035
-1022
-1017
-1037
-1050
-1040
-1043
-1055
-1055
-1014
-918
-821
-768
-744
-731
-720
-707
-708
-703
-694
-658
-579
-495
-472
-500
-505
-508
-514
-519
-513
-515
-489
-402
-297
-207
-130
-61
-39
-20
29
62
32
12
35
52
57
64
71
67
80
52
-3
-50
-55
-30
7
67
108
148
218
284
278
256
268
311
330
346
386
419
469
498
520
528
576
650
704
736
723
742
807
863
891
902
904
936
972
957
922
883
873
897
941
976
990
1022
1044
1048
986
890
805
704
611
530
430
333
290
250
192
109
53
44
18
-2
-27
-47
-47
-39
-48
-96
-134
-152
-188
-270
-348
-398
-402
-382
-367
-381
-442
-512
-545
-538
-539
-510
-491
-493
-488
-484
-479
-471
-439
-391
-329
-299
-268
-230
-174
-103
-79
-75
-98
-108
-128
-186
-245
-297
-344
-374
-384
-410
-423
-396
-349
-308
-313
-355
-420
-470
-499
-532
-578
-627
-647
-634
-605
-578
-557
-539
-509
-490
-500
-510
-491
-407
-316
-244
-193
-166
-121
-47
20
26
23
31
59
94
110
147
201
271
328
339
313
288
291
309
315
311
303
304
343
411
446
437
435
436
452
471
492
523
536
553
566
579
582
589
577
555
523
461
393
321
310
301
251
204
130
60
16
6
12
-10
-37
-32
-17
1
21
34
51
66
76
44
-15
-70
-98
-96
-92
-89
-102
-98
-55
18
88
140
185
219
238
236
226
186
132
86
43
28
54
87
83
57
8
-28
-22
-10
-33
-109
-201
-261
-273
-279
-291
-312
-339
-346
-333
-316
-331
-358
-397
-423
-405
-372
-365
-409
-431
-432
-441
-475
-518
-544
-557
-545
-543
-549
-559
-543
-465
-375
-353
-381
-412
-427
-437
-461
-486
-487
-464
-422
-373
-360
-343
-298
-242
-200
-180
-155
-93
-6
47
98
145
200
262
296
316
314
320
341
339
315
307
301
319
350
385
394
368
353
317
284
249
208
156
99
63
0
-46
-83
-139
-172
-213
-241
-237
-220
-180
-123
-40
24
46
39
15
-3
-15
-34
-59
-78
-53
22
112
203
268
337
436
517
562
591
618
651
693
698
677
667
662
667
672
674
669
674
700
695
650
578
528
511
506
486
430
367
320
289
261
245
227
226
232
243
234
173
122
105
82
15
-64
-118
-138
-155
-192
-267
-328
-377
-415
-430
-436
-438
-440
-436
-423
-441
-509
-557
-587
-667
-796
-892
-934
-928
-876
-809
-709
-633
-601
-556
-514
-494
-461
-409
-328
-258
-239
-197
-97
11
114
165
154
192
257
319
411
463
459
482
506
513
535
531
512
468
391
305
226
177
153
85
-23
-104
-156
-181
-218
-285
-339
-376
-389
-362
-337
-335
-333
-322
-297
-271
-258
-260
-271
-271
-263
-276
-262
-210
-158
-123
-111
-74
-30
9
29
27
30
36
48
73
107
141
166
212
270
283
271
273
307
335
358
401
430
475
528
557
570
577
585
587
582
589
607
610
610
612
579
539
493
439
364
247
129
46
-11
-48
-69
-111
-179
-255
-326
-379
-406
-444
-501
-544
-601
-640
-652
-662
-668
-678
-676
-656
-628
-627
-634
-627
-621
-610
-586
-538
-484
-436
-395
-361
-330
-288
-234
-189
-158
-132
-90
-22
32
65
110
145
178
209
224
238
256
300
351
396
418
391
375
396
421
407
363
310
237
154
87
29
-24
-84
-125
-142
-166
-187
-213
-215
-216
-233
-271
-330
-370
-406
-435
-428
-418
-425
-424
-412
-371
-307
-249
-176
-112
-76
-55
-20
18
48
78
90
86
112
155
187
216
239
256
266
282
286
277
250
238
256
283
320
349
368
378
389
398
396
387
392
412
415
406
410
414
435
479
523
558
574
609
643
643
631
595
543
516
487
443
394
365
338
296
248
195
154
111
87
61
13
-33
-80
-110
-143
-202
-274
-321
-356
-385
-386
-385
-394
-390
-363
-343
-309
-271
-239
-180
-128
-69
-18
6
37
69
104
143
173
189
206
208
218
248
260
289
328
340
321
305
289
264
219
145
73
8
-26
-34
-60
-98
-127
-163
-201
-229
-235
-252
-272
-293
-321
-344
-355
-334
-312
-302
-316
-327
-316
-289
-263
-267
-247
-226
-195
-166
-151
-141
-138
-128
-130
-111
-90
-92
-99
-108
-135
-172
-211
-237
-235
-232
-222
-189
-178
-192
-199
-226
-228
-196
-190
-181
-172
-170
-162
-173
-187
-199
-213
-219
-205
-169
-131
-101
-78
-62
-56
-57
-42
-18
-3
3
12
45
76
101
138
169
211
244
261
250
223
209
190
183
188
169
141
129
106
87
67
45
49
58
52
51
47
55
64
74
106
137
167
185
176
180
188
194
228
252
262
283
318
363
398
407
409
428
431
434
419
395
375
356
311
253
216
171
146
129
99
63
54
30
-29
-91
-160
-203
-239
-267
-293
-338
-379
-416
-433
-439
-456
-459
-473
-472
-462
-464
-452
-448
-446
-446
-417
-395
-395
-400
-399
-403
-421
-405
-399
-396
-395
-414
-428
-426
-412
-397
-387
-393
-390
-377
-368
-349
-322
-296
-277
-248
-217
-218
-222
-204
-190
-179
-161
-156
-155
-126
-74
-25
10
40
48
35
26
20
20
20
35
62
67
77
96
133
176
190
209
227
229
251
273
267
242
215
197
185
191
172
110
62
46
69
101
137
168
180
203
232
268
285
274
257
254
278
311
349
391
431
449
463
496
531
558
564
534
510
496
482
488
465
445
414
366
350
317
268
221
184
165
152
133
92
43
-11
-41
-41
-32
-19
-10
-8
-8
2
-4
-13
-19
-30
-28
-20
-12
10
36
46
79
112
139
157
145
132
128
118
92
47
9
-22
-35
-44
-62
-62
-85
-114
-134
-168
-193
-206
-219
-238
-240
-257
-271
-282
-319
-358
-386
-406
-422
-414
-405
-420
-422
-391
-362
-340
-314
-314
-313
-304
-305
-298
-273
-243
-220
-192
-175
-174
-171
-161
-171
-178
-150
-114
-78
-52
-21
-7
-2
12
8
-11
-36
-62
-77
-92
-98
-88
-84
-69
-50
-37
-32
-32
-40
-53
-62
-50
-23
1
28
51
84
122
156
163
154
159
161
170
182
211
248
275
314
339
359
381
372
352
329
305
293
280
249
222
208
197
194
186
175
150
144
161
173
180
172
156
141
149
147
143
154
165
187
223
262
315
357
375
377
358
358
368
374
371
354
335
316
325
330
324
305
282
260
223
189
170
153
111
59
18
-28
-56
-70
-88
-109
-152
-195
-227
-257
-291
-309
-330
-334
-343
-366
-364
-358
-337
-325
-328
-320
-305
-295
-276
-256
-251
-258
-285
-288
-269
-261
-263
-266
-263
-259
-252
-263
-285
-297
-325
-340
-355
-371
-380
-391
-393
-419
-442
-456
-468
-464
-478
-472
-459
-461
-451
-430
-400
-386
-367
-353
-345
-337
-340
-325
-312
-289
-265
-259
-245
-227
-203
-183
-178
-173
-163
-152
-135
-130
-118
-102
-80
-41
-28
-12
-7
-1
4
1
19
27
44
63
88
115
152
197
233
257
275
315
354
383
414
458
484
499
528
574
631
645
641
642
658
682
716
747
760
762
773
804
807
809
812
787
751
722
715
716
705
695
685
674
665
639
602
541
482
444
413
399
371
333
285
222
196
171
144
116
65
26
-9
-53
-83
-108
-125
-145
-177
-188
-201
-216
-223
-232
-242
-261
-277
-298
-324
-352
-366
-388
-407
-414
-425
-422
-408
-392
-371
-365
-376
-400
-438
-469
-488
-500
-509
-521
-519
-499
-474
-458
-447
-434
-421
-427
-427
-417
-416
-408
-399
-364
-324
-286
-238
-201
-185
-174
-178
-170
-144
-141
-143
-150
-137
-104
-88
-66
-50
-53
-49
-29
0
31
48
63
92
111
129
167
195
215
239
249
271
294
316
335
347
376
422
470
507
539
552
556
568
592
612
631
639
627
642
659
674
685
705
720
715
704
697
697
684
696
705
687
667
641
627
613
595
578
566
563
542
521
499
469
449
413
379
345
318
305
291
272
246
225
184
149
112
70
39
-5
-35
-66
-109
-156
-198
-228
-274
-320
-354
-396
-447
-494
-533
-565
-601
-626
-645
-687
-735
-770
-808
-839
-864
-889
-898
-910
-923
-913
-899
-907
-902
-894
-884
-866
-846
-823
-792
-771
-741
-715
-703
-677
-654
-628
-601
-564
-548
-531
-507
-490
-454
-427
-401
-385
-364
-346
-325
-297
-270
-231
-200
-170
-162
-138
-122
-111
-90
-78
-68
-51
-14
21
53
76
92
94
85
85
87
84
96
119
133
152
191
250
303
333
353
361
375
376
375
376
369
372
387
415
435
467
496
505
511
517
546
575
588
599
610
614
628
640
646
649
626
624
639
630
624
612
584
567
557
525
499
479
455
439
407
394
375
344
321
299
271
232
208
181
144
103
62
31
-3
-43
-88
-129
-167
-197
-217
-252
-287
-317
-353
-384
-405
-433
-451
-455
-465
-479
-488
-484
-477
-485
-486
-496
-496
-482
-469
-445
-430
-407
-378
-359
-355
-352
-345
-333
-337
-350
-344
-337
-318
-303
-295
-299
-303
-313
-319
-326
-333
-328
-320
-307
-311
-290
-280
-291
-299
-302
-286
-278
-274
-258
-230
-216
-192
-177
-157
-130
-117
-83
-57
-46
-27
1
42
83
106
142
181
205
234
251
256
286
303
326
367
393
421
430
445
437
428
421
402
413
427
454
478
493
509
526
533
535
547
545
531
517
502
508
527
526
544
576
583
583
563
538
518
500
499
500
508
509
494
475
447
410
373
337
309
281
237
212
184
172
171
166
159
130
101
65
52
46
43
60
67
57
60
58
66
77
53
43
24
15
28
32
50
63
53
54
49
36
30
13
1
-21
-51
-71
-95
-133
-168
-204
-230
-248
-275
-295
-323
-346
-350
-356
-369
-386
-405
-427
-456
-485
-519
-547
-581
-613
-627
-644
-650
-666
-674
-678
-688
-699
-718
-718
-736
-752
-754
-766
-772
-783
-775
-757
-751
-730
-717
-691
-660
-643
-616
-601
-580
-550
-517
-480
-450
-415
-368
-343
-305
-253
-220
-181
-159
-147
-137
-118
-97
-65
-24
14
34
47
84
105
131
156
190
233
257
283
307
321
331
326
326
330
329
350
359
375
409
439
483
517
542
572
585
581
588
602
625
635
637
638
628
617
614
609
621
623
615
624
622
636
639
612
593
550
512
485
471
473
485
504
505
508
484
459
443
425
417
376
356
344
329
341
361
374
370
365
348
324
285
250
199
137
88
33
-15
-55
-79
-107
-136
-167
-209
-255
-317
-374
-420
-466
-506
-543
-593
-634
-660
-696
-717
-730
-753
-772
-791
-819
-843
-853
-866
-877
-882
-893
-891
-890
-896
-888
-886
-881
-882
-883
-865
-853
-847
-840
-822
-791
-761
-749
-750
-750
-739
-720
-705
-672
-637
-614
-580
-539
-504
-459
-420
-378
-326
-290
-226
-160
-117
-53
9
70
136
162
197
242
271
316
357
411
460
505
558
605
640
679
707
714
723
738
766
788
812
824
823
829
835
836
841
840
832
819
807
809
817
831
828
817
814
810
804
800
807
807
802
815
813
792
794
798
804
802
773
745
704
661
631
599
580
542
498
457
418
387
324
256
196
150
93
38
-8
-67
-107
-166
-219
-250
-286
-337
-393
-438
-476
-497
-502
-507
-525
-532
-537
-538
-550
-555
-564
-581
-578
-576
-565
-561
-547
-541
-552
-553
-556
-568
-576
-587
-600
-595
-597
-586
-578
-566
-559
-563
-557
-540
-520
-531
-541
-540
-538
-541
-539
-532
-526
-512
-502
-487
-475
-465
-447
-423
-401
-380
-357
-335
-318
-292
-266
-237
-211
-198
-183
-158
-120
-88
-55
-20
11
28
35
51
65
88
120
154
181
203
231
273
305
314
324
339
358
382
403
414
434
470
500
523
551
573
585
591
599
622
639
669
701
734
767
784
810
821
821
822
817
816
815
810
804
778
752
731
691
658
634
616
591
559
539
506
469
441
410
393
361
320
291
257
231
201
168
146
126
100
66
43
30
10
-15
-20
-15
-37
-40
-31
-35
-35
-43
-51
-60
-69
-76
-89
-93
-96
-103
-122
-147
-174
-210
-233
-255
-277
-299
-309
-315
-312
-319
-325
-332
-362
-374
-390
-417
-443
-465
-484
-503
-517
-523
-534
-545
-564
-582
-590
-609
-619
-630
-634
-637
-636
-628
-632
-628
-630
-632
-623
-623
-627
-612
-607
-593
-576
-557
-522
-501
-477
-465
-445
-434
-426
-404
-397
-369
-349
-317
-279
-265
-230
-208
-185
-172
-163
-143
-123
-90
-74
-50
-20
0
28
37
45
56
66
72
86
101
110
139
170
193
209
217
218
215
226
227
224
233
247
264
288
297
294
302
303
310
319
326
335
337
349
356
360
362
380
377
371
375
358
356
333
313
296
261
243
226
212
202
191
183
166
149
147
139
128
119
107
79
45
36
15
-7
-7
-24
-24
-21
-32
-38
-66
-73
-102
-124
-124
-152
-181
-218
-234
-247
-272
-287
-296
-316
-337
-341
-340
-347
-352
-349
-357
-354
-351
-355
-349
-336
-327
-325
-323
-316
-291
-271
-249
-215
-192
-181
-168
-139
-111
-96
-82
-71
-52
-54
-62
-56
-55
-48
-42
-20
-3
-10
-3
2
-8
-20
-14
-10
-7
2
18
41
59
73
88
97
109
130
144
181
192
206
227
216
246
267
283
309
314
325
341
356
367
364
353
365
376
381
393
392
378
383
404
424
448
461
487
507
517
526
529
540
543
526
505
503
495
488
483
466
446
425
423
420
403
386
367
332
304
297
265
250
235
206
179
145
108
79
79
56
22
0
-13
-35
-45
-17
-34
-72
-81
-78
-99
-139
-168
-150
-127
-142
-165
-156
-173
-214
-220
-245
-248
-283
-337
-336
-359
-426
-479
-484
-483
-499
-550
-573
-577
-616
-629
-637
-682
-719
-729
-716
-680
-680
-688
-672
-661
-656
-635
-610
-607
-591
-567
-551
-553
-528
-483
-456
-406
-385
-374
-320
-272
-249
-228
-195
-176
-156
-144
-121
-117
-124
-72
-42
-34
0
10
11
34
53
73
99
137
153
153
177
200
220
247
264
260
249
250
261
291
304
279
271
270
259
267
279
271
264
267
254
244
248
244
237
234
246
241
240
251
252
265
265
263
269
263
262
260
256
257
254
230
226
243
244
244
257
258
248
242
238
234
217
206
195
176
162
145
134
112
90
61
20
-13
-51
-95
-116
-136
-161
-171
-196
-220
-236
-250
-264
-282
-296
-323
-359
-383
-391
-395
-394
-396
-402
-392
-390
-395
-390
-377
-361
-339
-326
-317
-299
-295
-278
-259
-253
-253
