72
30
166
50
118
162
86
130
100
79
139
51
93
130
84
158
110
148
132
93
80
125
116
113
89
118
115
56
142
43
122
83
21
122
13
70
131
19
89
41
2
75
31
48
29
62
59
46
75
68
98
45
39
97
-2
107
93
-11
117
38
2
43
7
9
46
-10
9
-20
-55
12
26
-30
-28
-16
-52
-25
-16
-24
-24
19
-129
-31
-57
-99
27
-58
-17
-36
-29
-37
3
-9
-15
-6
3
-49
-36
-26
-96
-50
-62
-99
-104
-40
-150
-73
-117
-135
-78
-179
-81
-132
-122
-113
-131
-122
-121
-66
-96
-26
-39
-77
-31
-102
-9
-33
-34
6
-19
-71
-16
-31
-111
28
-146
-47
-64
-150
-58
-64
-148
-63
-79
-191
-83
-175
-102
-218
-104
-218
-194
-119
-233
-89
-209
-101
-94
-108
-126
-31
-153
-117
-75
-130
-63
-116
-15
-106
-24
-94
-92
-68
-104
-75
-81
-100
-68
-22
-82
-24
-66
-66
-96
-10
-74
-79
4
-83
-55
-1
-63
-47
20
-97
-11
-32
-42
35
-40
-30
19
-39
17
46
-45
19
14
3
-12
-3
-24
-15
-10
-22
-7
-105
-28
-38
-119
31
-95
-153
28
-175
-127
9
-178
-60
-44
-158
10
-22
-115
30
9
-32
20
-51
-36
8
-33
-5
46
-25
32
56
44
110
-9
78
94
93
57
66
100
51
104
69
178
122
80
131
150
102
145
92
109
195
59
140
124
84
99
121
101
147
101
95
158
82
104
168
90
58
120
-9
109
106
75
158
100
120
110
60
86
152
38
120
67
8
145
30
90
108
50
114
34
17
80
6
-2
89
-18
17
52
-28
92
42
2
69
23
-36
75
59
63
119
18
105
74
35
80
128
58
135
112
98
206
57
172
76
109
120
95
126
154
159
89
240
52
195
82
90
178
61
84
69
165
-1
171
58
46
114
-23
104
128
-50
55
75
-43
97
39
89
30
104
-22
7
49
-71
62
-36
-91
-70
-90
-111
-22
-151
-124
-109
-148
-206
-165
-9
-184
-21
-43
-168
40
-148
-114
-6
-155
5
-99
-117
-34
-147
-73
-62
-34
-48
-121
-40
-32
-132
-41
16
-143
-42
-85
-208
25
-113
-140
48
-200
-103
-10
-202
-28
-77
-152
-15
-92
-152
-25
-63
-88
-79
-105
-51
-76
-87
-90
0
-124
29
-100
-72
45
-149
92
-134
12
-51
-145
0
-128
-73
-86
-105
-68
-29
-105
-8
-17
-92
-45
30
-85
-14
18
-52
42
-75
12
35
-72
16
-46
-50
0
-129
-25
-55
-145
-76
-137
-42
-67
-152
12
-141
-81
-58
-128
26
-139
-15
-72
2
-22
-77
48
-81
38
-61
50
-31
-46
76
-57
67
-27
-7
-8
-69
5
-14
-24
-14
18
-64
-16
1
-35
-4
-93
53
-14
-103
5
-66
-81
70
4
-34
96
-89
18
23
-49
88
80
21
174
4
15
212
-4
183
34
54
54
70
34
-1
120
-25
27
-1
89
-66
-23
29
-40
6
-23
-30
145
-56
-130
82
-113
-51
-7
-25
-26
77
-136
84
72
-149
132
-52
-42
66
-112
92
183
-127
200
-97
-27
103
-70
195
45
88
-2
90
31
78
196
-1
77
143
-71
191
125
-41
309
72
121
153
119
147
250
61
86
323
-5
110
300
215
54
286
106
125
156
32
222
-59
124
123
73
44
64
146
8
32
63
96
73
38
80
98
55
174
-6
188
229
-56
141
140
71
268
78
134
279
-99
226
169
111
207
46
118
76
7
53
107
72
129
45
160
40
108
201
-11
-21
78
18
-4
122
18
156
-95
49
232
-62
90
116
91
97
104
65
139
89
-55
48
-76
-72
85
-106
-82
32
-74
-155
-99
-58
-27
-54
-129
0
-111
-152
-62
-12
-103
-47
-59
-245
-1
-101
-79
27
-75
-21
5
-201
-68
26
-202
128
-166
-198
57
-278
5
-40
-231
-1
-136
-226
-92
-156
-230
-58
-288
-157
-19
-292
-28
-163
-130
-126
-202
-96
-34
-54
-221
23
-72
-113
-101
-68
30
-12
-135
-139
95
-97
-76
103
-177
-126
-1
-287
0
-39
-110
89
-205
-26
-25
-138
46
-32
-4
-46
-54
-141
-77
150
-103
-32
-111
-69
-68
-66
-60
-163
111
-258
-112
42
-153
2
-23
-58
-53
-196
2
93
-227
23
14
-144
-15
-1
92
8
-76
53
-8
-105
-10
120
-39
-70
-2
-16
-73
-83
217
-65
-113
-2
-49
127
-102
64
175
-144
116
-7
-116
214
-144
75
45
-239
101
-107
-22
-3
-177
118
-163
-159
-20
-235
39
-354
-87
89
-181
51
-130
52
-133
-113
29
26
-74
14
137
-111
49
121
72
-143
208
-14
-87
119
-130
182
41
30
1
93
-4
-43
19
-130
125
-143
-76
30
-238
9
31
-203
14
-109
-80
156
-211
-51
-35
-103
71
-176
84
-12
-72
122
53
143
42
117
-45
205
42
-30
183
88
75
-73
67
17
145
-7
139
66
53
121
29
88
38
169
-111
84
-3
47
208
-81
75
-38
101
15
-433
266
256
-264
68
30
44
289
-272
160
289
-256
331
-132
75
193
7
83
91
143
11
218
21
162
60
3
-73
155
30
25
96
-137
162
-153
22
147
28
-24
9
70
-44
175
-40
164
217
-280
238
37
12
132
-12
144
-142
114
153
80
-97
52
-46
83
38
-109
168
-108
48
-117
103
36
46
-71
-95
125
-124
32
-17
213
-77
-58
256
61
68
12
71
212
-125
13
335
-144
62
63
-159
225
-110
-52
195
-196
81
55
-139
1
-36
-68
48
-101
-171
77
-199
15
14
-7
51
-133
75
-130
6
-5
31
69
-148
61
19
-152
21
162
5
164
-101
-4
93
-238
47
128
8
-53
85
-168
19
59
-134
85
17
-79
-188
45
-41
139
96
-5
182
-197
43
22
-37
118
0
154
33
64
-57
-44
70
-109
154
87
-98
53
-9
-165
16
-4
15
44
-109
53
19
-96
37
145
-47
10
28
-131
234
-1
-160
247
-47
-106
209
78
-47
260
-26
-120
55
48
223
-98
99
68
13
0
8
167
-5
87
-211
-101
-10
-58
-190
-144
65
-72
-129
-174
35
-192
-87
-6
-6
-70
-257
-75
-91
-159
-149
139
-152
-25
67
-97
17
-10
110
-93
-21
-26
29
12
-42
172
-147
-26
184
-139
173
50
-79
178
-101
-51
73
-137
-117
48
-170
21
-14
58
98
-161
-17
-76
16
15
-46
-67
104
-39
-124
3
76
67
-69
16
-13
-112
-73
-7
-45
186
-139
-214
-4
-137
80
-114
-91
136
-166
-100
-35
-6
84
-98
-120
60
133
-73
124
46
65
7
-131
79
-35
200
47
-114
240
-42
-40
204
-130
127
111
-41
-62
-128
-13
2
-24
4
272
-26
-159
30
-32
-65
42
-61
2
-16
-56
43
114
86
-76
129
-35
86
22
16
177
-127
10
43
-75
-39
-15
-52
-87
45
25
-147
-145
-25
99
-142
-177
28
55
-275
-170
57
-173
-83
-194
-11
0
-177
-33
-16
-130
-133
-5
-5
-17
1
51
-151
-90
-50
-165
-191
-103
46
-129
-190
-214
-104
-189
-240
-10
-92
-87
-152
-255
-254
-196
-35
-89
-39
-99
-183
-135
-220
-153
-92
-86
4
69
-63
-17
18
52
56
80
188
146
250
142
203
175
182
224
56
-31
-75
65
-178
-127
-41
-71
35
-3
148
107
182
288
182
246
244
261
270
190
281
267
365
423
368
492
431
425
537
477
469
495
411
287
249
428
365
340
314
292
399
290
444
411
293
288
208
155
177
195
64
13
-131
-131
-110
-145
-35
-75
-116
-182
-225
-136
-102
15
27
-66
-99
-182
-103
-104
-179
-137
-286
-407
-405
-390
-349
-390
-408
-581
-611
-653
-729
-601
-683
-676
-842
-915
-813
-708
-577
-654
-599
-627
-631
-554
-409
-285
-227
-184
-223
-121
-109
-39
81
63
12
55
121
246
322
345
441
318
449
448
328
438
500
706
659
639
815
967
1114
1209
1283
1285
1274
1170
1073
1049
1024
906
678
595
475
497
633
581
604
605
601
614
755
883
1047
1176
1330
1560
1671
1953
2085
2160
2024
1749
1581
1191
89
-1587
-2749
-3308
-3863
-4641
-4968
-4917
-4949
-4696
-4094
-3080
-1995
-893
-412
-803
-863
-472
-133
-282
-320
-303
-505
-400
-46
237
595
847
515
-47
-672
-881
-994
-1154
-1377
-1812
-1936
-1474
-696
-76
720
1522
2106
2482
2617
2794
2838
2808
2321
1215
426
-83
-336
-573
-886
-1325
-2187
-2850
-3014
-2914
-2791
-2469
-2112
-2004
-1898
-1277
-331
627
1487
1777
1600
1424
1413
1310
1071
880
522
-96
-562
-521
-171
237
577
613
310
201
515
697
941
1233
1349
1270
1482
2035
2474
3050
3338
3297
2848
2567
2626
2479
2234
1869
1423
1096
1182
1426
1686
2100
2500
2681
2899
3368
4306
4686
3082
-103
-2837
-4022
-4868
-6005
-6868
-7278
-7510
-7376
-6469
-4547
-1991
310
1111
387
-361
-223
344
318
-341
-1214
-1994
-2171
-1608
-912
-197
451
479
-283
-1252
-1713
-1488
-1280
-1767
-2737
-3218
-2430
-895
736
2163
3426
4379
4903
5199
5443
5486
5114
3949
1840
-131
-1287
-1685
-1680
-1892
-2246
-2343
-1994
-1085
-228
338
804
999
601
-87
-228
108
601
476
-427
-1301
-1486
-1189
-1278
-1595
-1766
-1784
-1972
-2295
-2333
-1853
-1140
-843
-932
-1298
-1270
-734
-372
-296
-315
-168
119
659
1195
1607
2137
2631
2533
2103
1835
1772
1778
1314
598
15
-189
-85
114
241
440
795
1085
1301
1495
1794
2062
2032
1604
1296
1299
1497
1674
1884
2135
2384
2964
3806
4799
5364
4172
975
-2266
-3764
-4332
-5548
-6620
-7057
-7338
-7178
-5842
-3567
-1056
1324
2365
1752
677
812
1300
1082
326
-693
-1546
-1728
-774
184
865
1213
1177
269
-815
-1228
-1497
-1720
-2487
-3507
-4008
-2952
-921
973
2555
3982
5087
5768
6462
6872
6797
5849
4080
1807
-145
-1088
-1474
-1721
-1937
-2338
-2767
-2676
-1923
-1117
-881
-916
-1008
-1137
-1246
-893
-84
571
880
716
412
505
866
619
-347
-1611
-3672
-5890
-6702
-6231
-5372
-4340
-3305
-2536
-1529
95
1670
2753
3160
2606
1268
-153
-754
-766
-1009
-1282
-1211
-1059
-585
566
1620
2031
1923
1208
181
-393
-607
-759
-716
-569
-537
-256
669
1883
2845
3159
3050
2696
2304
2359
2492
2385
2203
1664
1031
915
1244
1552
1790
2274
2735
3038
3582
4378
4483
2988
-150
-3452
-5464
-6317
-6992
-7996
-8682
-8594
-7569
-5690
-2931
206
2631
3713
3326
2437
2056
2065
1655
523
-802
-1749
-1773
-695
586
1369
1628
1179
341
-416
-1003
-1338
-1458
-1682
-1961
-1579
-71
2244
4392
5695
6111
6061
5891
5657
5218
4236
2729
920
-821
-2101
-2565
-2283
-1755
-1580
-1840
-1997
-1584
-639
211
510
470
518
808
1099
1280
1616
1862
1572
793
36
-353
-484
-833
-1637
-2601
-3255
-3660
-4463
-5229
-5101
-4244
-3358
-2567
-1888
-1317
-516
265
453
131
-149
-434
-1036
-1713
-2070
-1975
-1532
-1128
-993
-985
-718
-245
-231
-653
-1073
-1296
-1284
-1046
-567
-39
647
1524
2002
2253
2778
3074
2869
2391
1740
983
487
357
101
-87
-8
62
20
78
398
779
1064
1444
2086
2793
3933
5314
5819
5441
4582
2187
-1321
-3507
-4355
-5281
-5947
-5796
-5555
-4567
-2193
316
2088
3370
4029
3233
1836
1015
604
33
-495
-686
-778
-250
1161
2336
2479
2209
1533
420
-345
-645
-894
-959
-459
261
1174
2586
4172
5292
5581
5293
4566
3620
2823
1983
809
-424
-1369
-2349
-2944
-2846
-2790
-2815
-2668
-2586
-2632
-2156
-1208
-478
-176
2
114
169
430
468
38
-654
-1289
-1923
-2570
-2786
-2522
-2355
-2452
-2338
-2069
-1693
-1128
-1173
-2917
-4626
-4502
-3763
-3125
-2252
-1688
-1466
-473
735
1492
2195
2647
2052
428
-1221
-1994
-2053
-2238
-2436
-2827
-2974
-2073
-576
492
1067
1551
1511
1266
1250
1244
1214
1324
1167
682
564
1104
1826
2216
2208
1817
1486
1518
1674
1629
1581
1469
1055
645
543
793
1337
1997
2259
2263
2685
3761
4969
5808
5902
5198
3592
106
-4179
-6339
-6140
-5996
-6305
-5949
-4906
-2971
-38
2636
4024
4716
4830
3492
1407
522
911
882
96
-489
-797
-380
1052
1904
992
-660
-1994
-3200
-3835
-3626
-3037
-2247
-972
287
1211
2658
4382
5286
4704
3090
1402
401
-8
-320
-702
-926
-906
-1055
-1179
-1038
-810
-974
-1579
-2483
-3298
-3164
-2222
-1234
-610
-235
232
887
1452
1558
1161
566
-40
-892
-1827
-2105
-1675
-1342
-1544
-1947
-2083
-1907
-1594
-1902
-3463
-4997
-5061
-3996
-2681
-1194
72
658
1033
1379
1486
1520
1663
1225
-56
-1217
-1283
-507
298
707
404
-234
-315
45
1
-220
-279
-319
15
879
1717
2605
3599
3741
2964
2091
1360
812
453
-30
-535
-585
-140
475
1067
1327
1258
1057
545
-3
-103
201
660
1228
1851
2468
3180
3769
4220
4688
4756
4491
4263
3657
1120
-2991
-5413
-4958
-3627
-2944
-2230
-1577
-1120
-46
1188
1699
1817
2164
1563
-147
-948
51
1079
886
315
-321
-630
-106
411
-323
-1393
-1591
-1808
-2206
-1899
-1042
-461
-71
82
-121
202
1064
1443
961
276
-118
-55
443
783
901
846
653
391
2
-404
-602
-348
-207
-427
-691
-587
-190
145
231
-127
-389
-301
-255
-493
-607
-337
-73
-231
-765
-1218
-1534
-1748
-2082
-2570
-2916
-2875
-2345
-1826
-1683
-2260
-2937
-2864
-2396
-1889
-1313
-662
-559
-654
-539
-377
-83
170
152
-515
-1184
-1222
-971
-830
-725
-616
-575
-156
343
501
702
870
663
377
438
665
1000
1347
1277
1131
1342
1702
1853
1857
1789
1663
1773
1807
1631
1608
1879
2066
1974
1761
1482
1399
1275
1075
852
616
566
680
1068
1918
3352
4511
5024
5065
4500
2930
-423
-3980
-5184
-4298
-3583
-3121
-1796
-550
322
1249
1875
1673
1233
1098
186
-989
-637
831
1477
1261
1329
1158
710
468
-131
-1480
-2468
-2352
-2220
-2077
-1543
-1048
-968
-986
-839
-810
-552
18
578
887
1453
2637
3639
3882
3631
3159
2261
1169
89
-1180
-2232
-2468
-2140
-1914
-1832
-1570
-1429
-1663
-2087
-2552
-3048
-3241
-2891
-2532
-2095
-1095
230
1099
1431
1599
1469
1236
894
131
-896
-1706
-2270
-3105
-3851
-4265
-4727
-5176
-5360
-4496
-2758
-961
255
506
103
-393
-389
-304
47
601
754
657
539
576
566
265
-898
-2436
-3554
-3735
-2903
-2007
-1305
-340
830
1579
2121
2266
1802
1334
981
590
576
1384
2420
2973
3010
2925
2915
2890
2619
2065
1432
1049
1008
1013
942
991
1351
1734
1951
1992
2116
2644
3459
4231
4835
5304
5579
5888
4542
393
-2927
-2610
-1112
-1059
-1131
-631
-786
-1650
-2271
-2009
-1549
-788
326
557
459
2049
4090
3780
2209
820
-636
-1482
-1359
-1140
-1123
-779
-373
-485
-772
-706
-677
-1564
-2461
-2258
-1622
-692
451
1109
1006
998
1191
921
754
1004
1263
902
330
-32
-629
-1325
-1844
-2370
-3167
-3446
-3130
-2872
-2284
-1395
-889
-875
-764
-626
-535
-317
-129
-100
-344
-380
56
437
547
529
142
-389
-753
-1043
-1279
-1558
-2474
-3406
-3580
-4317
-4450
-3120
-1941
-1752
-1961
-1827
-1547
-806
-212
447
769
599
759
376
-171
-48
15
-1062
-1726
-1899
-1977
-1198
-711
-575
-91
504
648
873
854
1035
1940
2430
2630
2909
3150
3096
2892
2179
1553
1352
1011
857
845
1038
1494
1860
1553
1224
1210
1440
2039
2142
1998
2323
3078
3723
4500
5562
6123
6303
6372
6035
3402
-844
-2675
-1595
-576
-1078
-942
-269
-954
-2571
-3153
-2259
-1920
-1784
-1588
-1620
-1371
-269
448
-537
-1122
-350
1012
1609
1866
2184
1770
838
-361
-1706
-3237
-3677
-3541
-3366
-2298
-706
186
-259
-796
-1176
-1014
-455
123
658
1084
2160
3104
3200
2531
1864
992
6
-105
100
153
-88
-611
-1577
-2270
-2356
-2374
-2297
-2084
-1672
-1483
-1424
-1315
-1159
-1216
-1449
-1368
-1187
-1044
-1042
-1062
-1132
-1277
-1684
-2358
-2797
-3399
-3719
-2772
-1427
-904
-764
-702
-1293
-2338
-2957
-2822
-2565
-2389
-2054
-1751
-1726
-1583
-1485
-2159
-2548
-1970
-1276
-543
517
1304
1532
1724
2063
2479
2711
2604
2158
1516
1160
1188
993
634
769
1154
1409
1606
1762
1859
1975
1772
1314
1223
1653
2294
2684
2921
3327
3952
4368
4362
4143
4042
4128
4064
3920
3592
3206
2971
2658
748
-2665
-3930
-1800
490
195
-449
46
-466
-2176
-2443
-534
858
1218
1252
771
-10
-607
-1514
-3389
-4297
-3327
-1791
-983
-457
389
363
-427
-962
-829
-542
-340
-389
-687
-258
635
1069
698
668
1418
2044
2109
1637
1108
254
-656
-1098
-994
-578
-296
-234
-234
311
1156
1507
1053
651
775
788
502
12
-524
-1141
-1692
-2273
-2568
-2211
-1642
-1653
-2357
-2589
-2279
-2236
-2619
-2870
-2664
-2162
-1653
-1535
-1252
-1407
-2868
-3326
-1580
293
598
-475
-1692
-2737
-3535
-3264
-2151
-1407
-1208
-1457
-2550
-3474
-3319
-2893
-2673
-1794
-317
731
1171
1271
1480
1545
1532
2257
3147
3309
2966
2188
1107
674
812
938
1332
2109
2802
2817
2121
1491
1334
1362
1836
2681
3156
3188
2946
2345
1902
2087
2339
2306
2217
2273
2223
2280
2857
3298
3022
2800
2548
898
-242
1089
2793
1997
-365
-1483
-2103
-2994
-3009
-1465
-81
-188
-1049
-2418
-3078
-2290
-1304
-1444
-1286
-78
190
-714
-1465
-1185
-613
108
946
1347
1597
1666
1175
123
317
1643
2158
1945
1850
1912
1319
609
250
81
312
941
1424
1217
982
547
-409
-1195
-941
-16
484
486
179
-85
-117
179
203
-154
-378
-672
-1317
-2034
-2312
-2564
-2859
-3133
-3169
-2843
-2675
-2884
-3108
-2922
-2604
-2131
-1715
-2007
-2315
-2021
-2788
-3677
-2751
-1645
-1824
-3292
-4074
-3751
-3652
-3161
-1860
-1115
-1415
-1750
-2197
-2371
-1822
-973
-577
-311
439
555
-9
-246
278
745
771
1073
1621
1739
1305
890
503
659
1578
2342
2645
2947
3233
3026
2524
2335
2690
3065
2923
2505
2248
2138
2217
2320
2424
2816
3172
3145
2668
2401
2405
2576
3352
3935
3723
3290
2442
899
723
2669
3918
2182
-385
-997
-1154
-1668
-1031
607
834
-1030
-2832
-3669
-3555
-2621
-1804
-1830
-1957
-1687
-2118
-3018
-3025
-2095
-1241
-571
430
1236
1291
841
574
779
1366
2059
2333
2097
1626
1203
769
795
1469
1964
1767
1179
894
527
72
-3
140
411
736
1016
817
348
96
-99
-291
-264
-332
-979
-1676
-1890
-1757
-1597
-1489
-1722
-2536
-3225
-3333
-2986
-2500
-2068
-1380
-896
-1039
-1658
-2588
-3039
-2716
-2232
-2293
-2460
-2465
-2938
-3602
-3606
-2728
-2079
-2043
-2192
-2366
-2456
-2477
-2517
-2705
-2570
-2203
-1893
-1600
-946
187
870
1134
1418
1430
984
518
330
312
506
912
1218
1459
2091
2937
3572
4015
4266
3928
3052
2258
1784
1520
1670
1886
1509
1224
1559
1949
1902
1775
1737
1711
1830
1953
2224
2286
2524
2739
2229
1966
1315
459
1369
3841
4506
1946
-288
-588
-813
-1243
324
2561
1597
-1676
-3789
-3527
-2574
-1916
-1588
-1780
-2029
-2302
-2560
-2514
-1498
-285
-381
-972
-756
-24
-160
-678
-253
1008
2152
2522
2693
2942
3393
3653
3474
3486
3658
3442
2245
1266
1544
2024
1818
1266
1123
997
730
480
167
-194
-624
-1165
-1977
-2439
-2526
-2780
-3165
-3290
-3075
-2958
-2900
-2949
-3324
-3870
-3942
-3370
-2641
-2079
-1847
-1845
-2011
-2529
-3033
-2714
-2238
-2076
-1533
-867
-704
-1439
-2273
-2172
-1814
-1559
-1130
-952
-1330
-1707
-1759
-1389
-675
-389
-681
-1153
-1338
-1267
-1299
-1238
-976
-716
-610
-528
-256
403
1177
1683
2092
2616
3071
3292
3507
3827
4124
4057
3621
3122
2607
2281
2192
2234
2429
2414
1905
1317
1119
1061
839
650
643
810
1012
1239
1801
2630
3011
2581
1505
277
546
2695
4273
3421
1146
-95
-287
-553
15
1509
1712
-743
-3500
-3964
-2292
-244
728
605
-151
-1050
-2146
-2781
-2386
-1726
-1898
-2683
-2876
-2704
-2364
-1925
-1448
-944
-586
-423
-471
-164
664
1635
2201
2887
3678
3558
3189
3415
4143
4707
4761
4342
3582
2833
2255
1866
1508
1022
219
-876
-1492
-1292
-1100
-1216
-1446
-1758
-2272
-2868
-3220
-3437
-3676
-4050
-4251
-4258
-4131
-3864
-3673
-3556
-3512
-3315
-3089
-3306
-3540
-2696
-1494
-1129
-1376
-1767
-2012
-2349
-2100
-918
103
73
-634
-902
-797
-406
-17
96
-194
-1085
-1951
-2486
-2340
-1891
-1848
-2146
-2195
-1713
-1258
-760
-44
874
1446
1510
1619
1894
2401
2869
3209
3451
3673
3483
3002
2990
3316
3596
3334
2880
2547
2233
1996
1996
2181
2053
1734
1349
1175
1553
2100
2275
2248
2165
1474
-75
-1073
672
3562
3792
1194
-1046
-1581
-1794
-1362
856
2985
1930
-1238
-2867
-1792
510
2028
2241
1384
-121
-1580
-2193
-1437
-85
307
-1027
-2491
-2575
-1938
-1495
-1331
-1093
-1170
-1973
-2886
-2841
-1723
-626
118
827
1567
1876
1589
1595
2282
3250
3659
3470
3132
2845
2764
2779
3175
3486
3185
2308
1416
1168
1231
1158
737
270
-381
-1320
-2072
-2397
-2465
-2990
-3847
-4406
-4474
-4494
-4715
-4634
-4129
-3835
-4509
-5355
-5345
-4699
-3846
-3097
-2487
-2217
-2359
-2572
-2394
-1559
-503
-77
-582
-1174
-1280
-947
-334
275
454
-88
-703
-811
-450
-152
-151
-298
-595
-697
-700
-535
122
1011
1486
1224
892
923
1131
1299
1657
2264
2547
2420
2171
2224
2804
3510
3870
3821
3576
3191
2783
2673
2934
3075
2704
2150
1860
1919
2112
2202
2159
1999
1761
1482
1118
173
-958
-345
1926
3038
1431
-681
-999
-459
100
1665
3611
3168
201
-2472
-2785
-865
1449
2371
1359
-431
-1792
-2539
-2202
-568
560
-631
-2889
-3828
-3259
-2341
-1630
-1261
-1414
-2010
-2736
-3225
-2667
-1230
-422
-712
-1021
-660
-353
-264
410
1831
2748
2502
1894
1605
2086
2890
3414
3518
3336
2911
2063
1497
1796
2350
2182
1366
579
-115
-775
-1210
-1364
-1705
-2519
-3351
-3814
-3850
-3569
-3270
-3323
-3745
-4272
-5085
-5876
-5689
-4565
-3829
-4052
-4293
-4042
-3612
-3341
-2687
-1624
-1163
-1508
-2108
-2115
-1252
-149
307
388
713
818
557
505
1008
1473
1464
1149
831
694
790
1085
1247
1311
1164
668
254
450
1185
1801
2042
1881
1675
1550
1599
2140
2877
3334
3060
2487
2227
2396
2725
3023
3403
3339
2901
2367
2074
1988
1676
1328
991
864
974
1412
2022
2665
2716
1053
-404
784
3270
3716
1909
458
-285
-1315
-1409
869
3134
2444
-179
-2253
-2418
-855
1040
1634
478
-1250
-2799
-3537
-2541
-107
1250
-123
-2354
-3443
-3197
-2289
-1068
-322
-863
-2422
-4006
-4313
-3115
-1324
-571
-954
-1186
-1039
-934
-531
887
2326
2645
2256
2080
2324
2439
2505
2735
2982
3099
2933
2554
2195
2068
1855
1424
1040
524
-349
-1403
-1968
-1952
-1914
-2147
-2593
-3100
-3834
-4523
-4724
-4634
-4767
-5356
-5754
-5581
-5107
-4759
-4598
-4432
-4440
-4470
-4284
-3868
-3370
-3059
-2933
-2636
-1863
-1023
-367
116
474
702
807
1079
1489
1889
1929
1675
1510
1600
1890
1966
1820
1545
1306
1213
1305
1531
1690
1773
1766
1894
2269
2730
3139
3240
3036
2773
2678
2846
3173
3428
3229
2573
1954
1799
1923
1974
1965
1880
1589
1149
1006
1310
1663
1680
1380
1224
1246
1363
1689
2107
2497
2054
687
198
1575
3112
2849
1563
676
-87
-849
-141
2079
3280
2193
176
-1159
-1403
-571
785
1476
915
-643
-2535
-3654
-3094
-1533
-941
-1968
-3344
-4151
-4458
-4203
-3172
-2070
-1783
-2354
-3138
-3443
-3022
-2164
-1540
-1147
-551
75
203
235
940
1853
2345
2620
2974
3055
2745
2483
2394
2444
2565
2561
2171
1594
1193
764
341
270
362
11
-944
-1971
-2751
-3242
-3409
-3280
-3108
-3344
-3961
-4638
-4996
-4860
-4503
-4302
-4381
-4518
-4544
-4520
-4346
-3791
-3128
-2805
-2681
-2360
-1855
-1530
-1361
-1092
-875
-782
-537
-4
606
926
775
439
392
825
1408
1761
1908
1946
1867
1859
2256
3026
3747
4035
3853
3485
3189
3047
3082
3234
3265
2970
2404
1918
1793
2017
2235
2046
1635
1189
743
556
710
954
1041
899
597
478
597
801
1050
1217
1204
956
729
606
621
781
1085
1362
1352
1506
1648
1394
1366
2341
3704
4033
3395
2810
2465
1856
1574
2352
3317
3079
1689
312
-545
-914
-935
-828
-938
-1493
-2366
-3265
-3769
-3605
-3124
-3039
-3434
-3825
-3982
-3944
-3640
-3040
-2490
-2384
-2544
-2460
-1983
-1404
-1115
-1236
-1353
-991
-259
521
1237
1778
1847
1336
831
961
1534
1945
1959
1556
741
-141
-658
-730
-598
-508
-737
-1453
-2277
-2628
-2441
-2323
-2540
-2795
-2965
-3124
-3310
-3263
-2960
-2717
-2798
-3116
-3313
-3268
-3004
-2661
-2345
-2212
-2341
-2598
-2725
-2562
-2257
-1907
-1575
-1338
-1344
-1516
-1533
-1187
-440
423
1060
1255
1273
1359
1498
1863
2487
3014
3070
2886
2858
3030
3253
3492
3667
3567
3184
2780
2684
2920
3164
3086
2744
2405
2139
1971
1950
2012
2020
1645
905
417
328
292
232
137
-57
-403
-658
-480
-109
14
-127
-244
-207
79
552
973
1411
1844
2096
2132
2153
2435
2862
3070
3053
3037
3122
3140
2915
2679
2763
2986
2812
2287
2013
1996
1674
1173
1064
1170
872
77
-626
-1014
-1201
-1187
-1220
-1426
-1657
-1834
-2095
-2247
-2088
-2060
-2637
-3396
-3530
-3204
-2802
-2447
-2186
-2133
-2372
-2527
-2348
-1843
-1304
-1146
-1531
-2013
-2072
-1840
-1573
-1380
-1113
-993
-1252
-1521
-1407
-977
-758
-792
-805
-788
-934
-1173
-1239
-1203
-1158
-1268
-1309
-1112
-776
-404
-241
-171
-221
-452
-871
-1359
-1636
-1595
-1508
-1801
-2158
-2267
-2129
-1956
-1886
-1766
-1647
-1634
-1656
-1436
-976
-551
-475
-587
-515
-252
161
587
954
1186
1263
1283
1361
1683
2150
2494
2593
2595
2574
2616
2729
2766
2754
2609
2383
2174
1906
1744
1659
1385
1160
1149
1250
1243
924
587
303
-80
-367
-388
-171
110
101
-55
-17
127
496
938
1165
1225
1161
1143
1273
1426
1642
1892
1936
1952
2090
2300
2604
2824
2902
2859
2733
2688
2837
3033
3144
3032
2693
2410
2139
1840
1562
1372
1279
1061
814
816
919
735
162
-466
-869
-1205
-1482
-1598
-1730
-2051
-2497
-2802
-2822
-2589
-2230
-2015
-2225
-2727
-3068
-3245
-3312
-3144
-2942
-3037
-3430
-3692
-3551
-3204
-2886
-2619
-2409
-2381
-2437
-2395
-2117
-1709
-1336
-1124
-1150
-1122
-968
-601
-199
38
136
-24
-244
-343
-282
-204
-166
-224
-364
-480
-518
-454
-477
-616
-751
-818
-940
-1088
-1111
-1042
-910
-838
-854
-904
-994
-1038
-1020
-967
-873
-767
-765
-815
-669
-365
-81
95
200
266
287
304
358
440
470
545
701
802
860
901
974
1099
1144
1118
1089
1053
1015
953
908
810
574
520
761
996
1111
1057
930
877
875
884
874
972
1227
1417
1469
1576
1835
2023
2033
2050
2076
2097
2107
2089
2129
2229
2361
2451
2382
2267
2221
2112
1948
1852
1827
1819
1655
1385
1313
1393
1576
1845
1900
1719
1396
1026
738
539
495
521
427
236
75
107
280
388
369
238
78
-125
-392
-584
-690
-823
-999
-1217
-1403
-1582
-1785
-2010
-2279
-2460
-2491
-2381
-2362
-2472
-2506
-2476
-2403
-2323
-2226
-2202
-2317
-2379
-2230
-1947
-1681
-1520
-1521
-1613
-1589
-1396
-1108
-911
-928
-1060
-1255
-1339
-1171
-960
-890
-1005
-1140
-1092
-1029
-976
-789
-724
-891
-1115
-1252
-1187
-1072
-1037
-1035
-1112
-1196
-1104
-958
-824
-589
-429
-490
-716
-823
-671
-462
-318
-207
-127
-108
-54
128
448
726
805
775
669
570
548
589
626
547
420
304
238
210
210
373
600
639
486
288
276
511
741
882
961
1068
1230
1175
1061
1313
1523
1312
1146
1271
1497
1663
1727
1857
1981
1975
2012
1971
1939
2148
2248
2167
2229
2408
2531
2544
2600
2826
2947
2873
2771
2574
2307
2037
1779
1716
1684
1577
1449
1332
1351
1293
1147
980
836
739
600
453
295
83
-206
-467
-715
-814
-751
-830
-1016
-1177
-1282
-1409
-1506
-1543
-1595
-1583
-1468
-1372
-1357
-1319
-1207
-1103
-982
-772
-560
-484
-569
-705
-724
-544
-309
-166
-232
-429
-593
-694
-686
-703
-800
-983
-1371
-1728
-1775
-1625
-1471
-1477
-1575
-1656
-1745
-1732
-1664
-1662
-1781
-1996
-2188
-2308
-2347
-2245
-2134
-2149
-2166
-2208
-2294
-2340
-2226
-2006
-1878
-1758
-1592
-1536
-1495
-1308
-1097
-829
-556
-474
-520
-440
-124
142
95
-59
-163
-333
-364
-175
-72
-74
-101
-203
-259
-156
80
318
427
435
381
383
539
708
742
733
716
693
770
811
790
851
956
962
834
750
777
815
874
969
1056
1236
1402
1518
1715
2031
2276
2235
2129
2050
2078
2237
2307
2241
2186
2091
1957
1956
2100
2312
2239
1935
1831
1777
1836
2182
2294
2133
2009
1866
1721
1581
1533
1646
1499
1039
666
507
434
196
-54
-161
-260
-519
-822
-948
-869
-818
-943
-1060
-1138
-1127
-1198
-1148
-883
-718
-646
-675
-704
-654
-528
-374
-243
-181
-41
28
44
183
218
228
264
269
371
556
705
769
697
630
532
342
170
32
-95
-324
-663
-971
-1179
-1404
-1701
-2145
-2498
-2685
-2856
-2960
-2952
-2857
-2866
-3000
-3085
-3045
-3026
-2930
-2809
-2674
-2513
-2410
-2276
-2231
-2158
-2064
-2114
-2144
-1910
-1715
-1664
-1565
-1423
-1256
-1194
-1048
-766
-468
-257
-182
-26
173
293
398
417
423
519
529
536
706
878
902
852
790
847
920
890
927
942
897
922
922
853
961
1168
1265
1300
1318
1216
1013
954
983
961
850
721
573
385
400
639
823
921
1000
994
1074
1300
1485
1615
1811
1968
2046
2139
2265
2457
2544
2517
2405
2285
2449
2661
2651
2665
2612
2489
2445
2286
2279
2276
2021
1841
1624
1455
1412
1201
1101
1069
889
798
652
404
251
98
-105
-315
-376
-411
-625
-772
-817
-814
-821
-872
-910
-961
-878
-743
-690
-541
-404
-504
-624
-547
-439
-377
-296
-331
-420
-567
-669
-581
-647
-789
-962
-1205
-1170
-1034
-1069
-1101
-1205
-1396
-1504
-1598
-1608
-1584
-1612
-1662
-1752
-1798
-1839
-1927
-2036
-2159
-2247
-2247
-2192
-2068
-1931
-1869
-1806
-1868
-2003
-2012
-1965
-1844
-1792
-1850
-1835
-1793
-1714
-1603
-1521
-1411
-1391
-1383
-1240
-1134
-974
-745
-708
-697
-615
-579
-517
-504
-504
-398
-372
-313
-135
3
189
268
250
315
281
242
257
219
188
176
168
139
71
139
294
406
444
398
503
598
650
687
714
800
745
744
914
1121
1266
1416
1525
1592
1727
1851
1993
2198
2318
2279
2297
2316
2312
2337
2388
2457
2506
2542
2563
2627
2646
2688
2747
2591
2355
2336
2366
2311
2267
2198
2093
1861
1584
1507
1486
1306
1149
994
766
617
564
453
355
292
44
-268
-461
-491
-460
-487
-568
-597
-735
-854
-766
-729
-749
-834
-935
-1006
-1018
-995
-910
-901
-953
-895
-950
-1003
-870
-702
-621
-637
-745
-742
-859
-1077
-1156
-1306
-1361
-1371
-1398
-1440
-1469
-1403
-1527
-1700
-1797
-1903
-1928
-1915
-1857
-1835
-1948
-2057
-2091
-2149
-2101
-1998
-2040
-2092
-2091
-1971
-1749
-1499
-1227
-1082
-1170
-1245
-1210
-1102
-936
-918
-830
-833
-931
-822
-751
-632
-418
-333
-396
-457
-422
-356
-367
-314
-271
-344
-342
-359
-304
-148
-26
70
11
-59
52
137
196
376
508
542
520
404
450
597
730
910
948
937
1021
1164
1260
1333
1435
1433
1343
1356
1468
1559
1704
1860
1948
1936
1946
2029
2162
2333
2411
2494
2560
2620
2603
2568
2606
2637
2704
2693
2710
2701
2633
2574
2483
2384
2332
2203
1914
1650
1362
1210
1118
891
752
753
660
508
361
172
145
76
-125
-274
-417
-614
-843
-992
-929
-842
-887
-915
-880
-905
-895
-686
-492
-411
-442
-516
-641
-739
-728
-729
-695
-701
-744
-768
-868
-962
-1033
-1217
-1289
-1382
-1488
-1458
-1591
-1609
-1583
-1684
-1630
-1645
-1769
-1809
-1938
-2014
-1962
-1917
-1804
-1708
-1684
-1639
-1670
-1782
-1704
-1635
-1667
-1611
-1595
-1515
-1356
-1264
-1204
-1070
-915
-874
-876
-803
-678
-623
-591
-589
-573
-561
-636
-601
-505
-477
-457
-423
-382
-309
-258
-202
-94
-41
17
193
329
387
504
525
565
620
603
710
691
659
736
710
820
926
897
985
940
811
936
981
920
976
914
901
1002
985
1067
1250
1254
1272
1253
1141
1308
1291
1177
1276
1177
1191
1381
1351
1417
1643
1625
1599
1598
1534
1623
1572
1319
1296
1296
1264
1351
1231
1230
1216
967
918
909
838
755
555
383
349
353
276
231
179
-36
-181
-267
-207
-80
-184
-219
-187
-299
-309
-263
-229
-69
-153
-265
-297
-369
-380
-438
-513
-655
-770
-863
-911
-1031
-1100
-1059
-1183
-1360
-1407
-1411
-1470
-1502
-1611
-1556
-1521
-1636
-1574
-1535
-1572
-1579
-1657
-1649
-1535
-1613
-1580
-1510
-1543
-1453
-1429
-1490
-1428
-1423
-1470
-1330
-1218
-1094
-936
-1025
-1036
-900
-911
-770
-677
-660
-577
-648
-640
-443
-376
-279
-169
-293
-195
-174
-156
-21
-17
106
278
434
523
676
782
892
984
1010
1078
1090
1084
1117
1145
1162
1256
1200
1134
1118
1087
1159
1211
1192
1199
1179
1085
1149
1280
1331
1393
1282
1139
1240
1128
1027
1137
1111
1149
1184
1191
1321
1301
1153
1152
1092
992
899
805
759
787
751
673
751
743
709
658
583
526
490
392
280
267
196
234
269
231
233
212
125
178
233
195
244
116
124
256
195
260
422
371
336
345
215
179
119
-42
-81
-137
-222
-246
-432
-489
-451
-683
-872
-985
-1190
-1259
-1283
-1370
-1312
-1369
-1482
-1494
-1522
-1490
-1450
-1520
-1528
-1616
-1753
-1611
-1554
-1441
-1285
-1350
-1335
-1298
-1377
-1219
-1134
-1167
-1098
-1166
-1093
-1091
-1066
-965
-960
-963
-981
-991
-883
-735
-661
-552
-570
-514
-611
-599
-330
-272
-218
-89
-143
-78
88
46
254
373
342
342
365
518
673
686
851
920
784
974
979
1012
1085
933
928
956
843
965
975
892
968
820
839
974
963
891
1040
958
971
1102
1010
1196
1284
1286
1400
1377
1219
1278
1109
1055
1207
1151
1114
1013
925
904
869
733
791
655
440
410
225
209
281
78
-24
-195
-303
-238
-455
-378
-307
-497
-548
-499
-496
-393
-381
-344
-367
-402
-346
-502
-255
-279
-260
-119
-218
-14
119
103
257
252
34
211
99
0
-49
-241
-292
-412
-579
-668
-612
-811
-857
-912
-1098
-1082
-1206
-1340
-1339
-1474
-1479
-1435
-1490
-1467
-1514
-1487
-1384
-1350
-1290
-1154
-1297
-1382
-1287
-1269
-1181
-1069
-1040
-1022
-987
-979
-779
-717
-607
-484
-587
-457
-316
-261
-176
-139
-65
13
3
105
237
277
295
291
424
510
510
537
544
584
678
717
775
793
696
776
755
778
822
787
880
828
773
723
703
649
559
581
592
606
546
526
617
582
613
779
698
653
728
681
834
868
832
911
857
992
1115
1247
1353
1322
1226
1163
1274
1276
1217
1254
1161
1082
1130
893
1023
990
747
874
572
437
458
396
340
228
203
117
-48
-229
-235
-208
-347
-440
-446
-654
-681
-618
-685
-506
-550
-633
-616
-711
-660
-699
-690
-562
-579
-623
-620
-705
-705
-700
-711
-688
-730
-685
-766
-830
-780
-719
-741
-812
-817
-867
-933
-850
-749
-770
-717
-808
-878
-803
-841
-899
-940
-1023
-1040
-1058
-1133
-1093
-1103
-1240
-1238
-1129
-1076
-1020
-926
-953
-982
-914
-901
-757
-741
-583
-479
-550
-454
-355
-248
-173
48
49
164
260
321
442
514
691
757
786
690
827
881
931
1032
1082
1109
1029
1026
1059
1038
984
1093
983
980
1007
841
832
774
744
823
725
811
785
611
771
769
884
941
862
893
899
829
858
1015
1041
1032
961
932
905
954
933
901
951
916
929
862
844
971
958
923
997
955
909
913
838
762
716
590
505
399
312
323
262
182
53
-103
-245
-322
-409
-458
-577
-595
-604
-740
-659
-724
-748
-839
-1044
-1047
-1070
-1152
-1192
-1235
-1314
-1313
-1363
-1387
-1412
-1374
-1444
-1470
-1367
-1508
-1367
-1354
-1446
-1327
-1369
-1301
-1223
-1293
-1188
-1016
-1095
-992
-947
-942
-814
-863
-734
-642
-682
-606
-544
-624
-549
-523
-535
-524
-537
-362
-363
-294
-193
-262
-332
-335
-312
-157
-78
-47
71
-12
-17
20
-38
41
259
143
128
201
78
149
187
384
543
511
603
664
616
695
797
740
796
800
668
687
717
754
897
903
856
886
687
663
714
753
950
807
858
827
648
736
709
721
865
762
664
686
570
689
710
710
806
729
699
737
664
701
895
697
739
864
607
710
636
587
807
690
656
760
646
454
464
381
540
543
369
496
306
137
164
153
166
263
74
82
-4
-209
-86
-103
21
-113
-164
-291
-505
-447
-569
-515
-600
-688
-748
-911
-970
-969
-966
-988
-916
-1112
-1164
-1203
-1344
-1401
-1357
-1367
-1409
-1275
-1507
-1382
-1396
-1494
-1279
-1301
-1250
-1260
-1269
-1226
-1066
-934
-910
-745
-720
-803
-709
-873
-720
-499
-683
-594
-523
-517
-399
-406
-255
-62
-167
-94
-31
45
-76
-17
101
13
112
159
365
271
299
446
418
416
514
568
612
590
512
644
518
722
771
689
744
680
765
716
838
906
950
956
937
982
954
975
960
992
860
892
808
681
789
691
811
686
670
712
657
725
572
671
644
628
676
674
634
598
547
577
573
410
574
498
505
537
427
568
510
364
427
449
450
444
400
471
424
344
256
248
187
140
147
81
127
60
70
15
-126
-51
-77
-123
-162
-258
-290
-390
-490
-481
-586
-732
-704
-899
-931
-864
-997
-982
-1029
-1159
-1225
-1216
-1265
-1154
-1207
-1253
-1236
-1393
-1411
-1412
-1383
-1381
-1337
-1402
-1393
-1318
-1366
-1329
-1265
-1279
-1189
-1136
-1157
-917
-813
-810
-620
-521
-461
-312
-395
-337
-152
-231
-220
-133
-67
-95
-148
-69
87
74
95
251
198
194
244
330
452
464
479
543
565
476
630
660
558
657
567
588
588
489
664
634
606
796
761
680
751
858
777
840
849
746
864
822
823
930
845
868
983
749
778
935
763
784
808
779
816
722
701
804
705
617
781
612
600
757
435
569
694
596
667
628
598
552
434
406
500
392
355
363
259
114
111
125
108
59
24
62
-101
-70
-97
-137
-9
-180
-268
-131
-265
-339
-251
-303
-331
-433
-556
-478
-499
-568
-548
-573
-485
-619
-658
-554
-653
-649
-694
-820
-747
-889
-954
-741
-856
-767
-803
-905
-756
-832
-862
-824
-851
-849
-868
-887
-799
-705
-796
-876
-676
-701
-753
-555
-530
-486
-444
-485
-348
-284
-246
-152
-152
-188
-203
-208
-237
-216
-180
-156
-268
-186
-147
-222
-105
-14
74
105
57
164
230
151
373
466
456
498
512
431
419
554
550
589
564
555
536
546
612
702
683
740
727
682
779
680
699
645
637
745
611
561
709
546
572
716
622
632
610
633
565
576
611
669
651
528
521
520
510
518
620
620
559
427
429
393
308
395
309
315
286
148
146
116
90
141
99
-3
-63
-213
-201
-171
-192
-137
-201
-311
-312
-408
-530
-385
-404
-502
-551
-614
-664
-656
-620
-680
-639
-652
-729
-777
-813
-779
-806
-884
-742
-826
-876
-776
-854
-745
-786
-785
-698
-687
-700
-692
-707
-670
-592
-730
-578
-478
-622
-522
-481
-494
-364
-396
-286
-199
-311
-214
-145
-123
-73
-131
-130
-109
-198
-115
-132
-166
-218
-261
-191
-193
-221
-198
-73
-233
-170
-96
-46
64
15
102
35
-24
83
146
92
234
204
150
205
124
195
254
257
322
300
225
399
356
450
589
397
605
644
462
717
772
747
887
776
797
974
895
821
982
894
761
794
794
816
907
880
878
972
920
877
960
1026
856
878
831
713
751
664
580
629
577
419
480
386
327
305
222
227
278
113
101
280
90
143
190
30
-1
77
-42
-37
25
-161
-100
-86
-124
-154
-112
-230
-364
-322
-386
-355
-342
-399
-407
-463
-574
-441
-544
-542
-449
-681
-646
-622
-756
-692
-557
-763
-694
-691
-855
-723
-725
-773
-754
-665
-680
-688
-735
-623
-622
-641
-426
-531
-522
-386
-426
-475
-442
-454
-438
-422
-442
-343
-325
-362
-236
-194
-238
-178
-178
-155
-137
-297
-180
-90
-327
-42
-173
-320
30
-127
-128
-35
29
-61
13
168
147
148
11
162
162
46
174
198
40
189
158
29
175
150
316
289
236
317
330
306
352
491
401
349
512
469
290
517
535
516
546
496
537
509
643
625
609
636
642
522
509
660
619
550
540
624
468
384
471
408
443
399
217
241
92
88
203
165
206
49
97
145
104
61
102
132
65
3
-37
153
22
-26
158
30
-105
-15
-79
-20
47
-160
-77
-81
-207
-157
-123
-165
-172
-195
-267
-269
-346
-421
-370
-470
-523
-502
-514
-528
-535
-535
-584
-578
-683
-628
-647
-763
-628
-673
-748
-546
-580
-616
-531
-638
-552
-572
-579
-467
-432
-460
-384
-408
-383
-210
-361
-287
-266
-411
-350
-238
-305
-240
-223
-271
-133
-283
-223
-90
-189
-171
-201
-270
-95
-149
-225
-43
-127
-145
-72
-163
-8
11
-130
5
-67
-9
67
13
185
228
122
207
291
291
370
353
361
423
390
376
528
499
474
501
588
580
509
581
582
669
541
637
682
665
766
646
685
735
650
598
652
556
579
537
505
585
461
427
458
410
340
314
312
333
260
258
274
142
112
240
190
151
172
144
165
128
72
144
129
-42
84
98
51
-14
25
43
-2
41
17
84
43
60
14
90
-70
-1
21
-87
54
-138
-113
-161
-195
-246
-134
-131
-247
-183
-210
-222
-270
-248
-320
-262
-319
-349
-316
-320
-310
-380
-317
-353
-334
-344
-310
-290
-372
-351
-329
-205
-256
-300
-313
-197
-158
-395
-175
-155
-276
-258
-241
-233
-176
-165
-224
-73
-326
-295
-162
-243
-180
-212
-271
-303
-233
-262
-254
-215
-266
-217
-146
-274
-128
-190
-255
3
-169
-129
-43
-156
-6
29
-78
-77
-73
-32
9
50
-24
68
86
-25
119
74
126
271
229
172
233
257
263
277
362
291
309
379
217
483
304
223
522
230
291
423
317
360
326
307
306
353
243
281
358
212
361
339
243
280
187
188
194
71
195
125
-17
67
16
64
-3
-26
-81
-92
-112
-142
-55
-168
-56
-81
-211
-98
-105
-149
-117
-174
-158
-97
-191
-108
-97
-99
-123
-166
12
-94
-72
-42
-79
-29
-72
-75
-35
-53
-121
4
-83
7
26
-72
36
-63
-1
-26
-124
-19
-12
-104
-21
-148
-121
-12
-218
-38
-37
-153
-32
-110
-58
40
-72
-59
24
-119
-94
-44
-97
8
-114
-63
-4
-89
-10
9
-39
-30
3
-90
-33
-90
-70
32
-130
-128
-174
-201
-115
-194
-215
-72
-143
-222
-91
-229
-121
-12
-199
-9
-85
-285
-122
-133
-184
-38
-239
-224
-58
-254
-72
-8
-123
-81
-44
-17
47
11
44
132
54
78
-58
128
174
-9
168
32
82
201
-54
96
245
24
174
196
43
209
98
56
276
114
120
195
38
161
160
144
249
235
185
153
202
229
230
249
182
169
163
92
184
227
237
167
124
207
149
133
168
180
289
237
145
127
134
235
151
214
155
103
196
61
149
207
136
206
176
172
183
100
178
194
208
166
263
235
180
293
99
264
179
82
196
78
114
29
29
88
32
-5
85
26
-21
32
-60
6
19
-61
-81
-15
-85
-130
-104
-176
-95
-265
-195
-37
-289
-207
-159
-300
-193
-258
-320
-191
-311
-286
-233
-271
-319
-291
-261
-400
-358
-407
-367
-342
-453
-306
-302
-425
-367
-375
-397
-428
-396
-274
-317
-345
-358
-307
-306
-340
-259
-275
-318
-310
-264
-191
-235
-154
-99
-181
-124
-88
-105
-122
1
-62
-146
-40
-22
-105
-60
5
-38
-83
-133
48
-72
-137
51
31
10
-45
70
133
-45
64
119
87
106
21
113
79
170
126
155
188
163
318
118
294
348
171
265
313
317
263
294
354
375
305
319
338
235
352
336
267
279
218
224
191
264
290
213
172
235
235
176
186
258
259
222
194
192
240
173
250
226
256
225
189
212
190
269
170
173
233
267
123
121
236
98
59
86
96
98
-38
-3
35
-118
-97
-65
-88
-180
-196
-209
-202
-233
-282
-254
-255
-238
-320
-336
-297
-297
-314
-318
-298
-292
-375
-341
-282
-326
-450
-373
-229
-427
-377
-377
-484
-367
-367
-382
-335
-407
-390
-225
-297
-393
-268
-335
-380
-274
-340
-315
-303
-337
-255
-298
-348
-236
-253
-231
-134
-198
-189
-142
-110
-106
-106
-156
-85
-61
-138
55
37
34
50
55
159
65
167
212
176
212
226
236
224
266
311
324
287
363
379
389
459
473
551
491
431
544
619
568
598
608
476
590
518
524
656
494
604
675
568
608
639
546
625
638
541
531
453
476
503
482
386
390
366
285
368
303
297
341
269
270
271
271
149
222
318
143
134
179
148
129
137
104
119
129
39
81
187
16
90
130
-59
40
-67
-135
-31
-124
-169
-28
-149
-196
-149
-237
-210
-267
-324
-322
-302
-393
-394
-405
-409
-442
-558
-462
-516
-568
-539
-607
-507
-554
-740
-528
-530
-650
-511
-601
-573
-518
-586
-559
-538
-491
-493
-534
-490
-409
-474
-495
-391
-363
-512
-510
-366
-446
-407
-313
-331
-315
-307
-314
-252
-162
-229
-218
-57
-209
-227
-57
-149
-61
-98
-154
-35
-147
-42
40
-70
-8
12
14
3
32
48
14
54
63
-6
6
94
17
39
89
81
112
72
78
123
105
159
185
153
199
197
303
233
197
369
304
253
318
341
316
345
382
430
334
325
384
322
350
307
385
327
239
372
298
198
268
209
209
232
48
158
142
-20
109
111
-53
51
53
-80
0
-84
-81
-59
-34
22
-82
-104
-80
-124
-185
-148
-197
-238
-223
-210
-188
-285
-184
-177
-288
-208
-187
-219
-251
-248
-243
-234
-373
-322
-244
-289
-307
-400
-294
-358
-416
-342
-337
-327
-358
-398
-399
-339
-392
-438
-366
-349
-466
-534
-418
-301
-382
-406
-309
-327
-409
-329
-262
-333
-332
-309
-252
-259
-208
-159
-138
-112
-132
-49
-84
-9
76
36
75
102
134
130
149
174
251
271
217
252
295
333
326
335
381
360
317
351
436
394
274
357
387
267
308
348
350
430
365
349
473
319
350
461
314
384
424
408
513
471
418
514
465
509
567
502
608
558
517
667
652
622
702
634
698
662
602
777
657
542
685
668
540
566
476
534
528
391
519
474
368
364
346
347
344
210
193
221
123
103
87
71
49
-33
-43
24
-88
-151
-102
-167
-182
-204
-236
-142
-234
-326
-220
-327
-346
-194
-394
-423
-287
-472
-364
-367
-443
-340
-481
-422
-364
-514
-428
-377
-516
-384
-382
-448
-419
-442
-323
-361
-399
-350
-402
-384
-340
-387
-342
-326
-386
-360
-296
-339
-328
-299
-371
-310
-334
-371
-272
-243
-294
-240
-294
-243
-176
-286
-165
-206
-281
-175
-183
-177
-99
-176
-101
-91
-162
25
-31
-49
97
49
51
157
139
150
239
241
215
260
249
240
293
299
343
350
322
386
395
369
396
357
429
396
387
450
375
372
375
388
383
355
338
359
285
308
315
270
320
301
315
221
229
317
258
246
237
165
191
198
192
228
142
131
106
67
112
31
28
82
-14
-16
8
-27
27
-35
-59
-22
-120
-160
-165
-155
-184
-219
-272
-248
-260
-400
-309
-246
-348
-380
-366
-410
-354
-357
-389
-319
-404
-473
-417
-451
-457
-394
-517
-513
-434
-527
-471
-369
-430
-416
-406
-423
-330
-352
-390
-366
-384
-417
-412
-343
-306
-333
-313
-276
-263
-231
-200
-156
-177
-227
-171
-221
-224
-127
-251
-251
-182
-199
-201
-190
-128
-108
-134
-137
-46
-66
-101
-37
6
-41
-67
-22
-6
13
9
22
72
127
143
185
269
291
268
307
358
417
433
391
423
427
425
416
475
529
471
482
530
556
552
537
569
569
551
559
523
501
528
520
537
510
530
572
491
544
554
500
476
420
438
434
371
426
442
337
384
358
302
331
321
269
243
218
152
143
103
88
78
19
-48
-59
-22
-49
-90
-87
-94
-113
-76
-128
-206
-209
-252
-260
-271
-302
-311
-351
-323
-289
-308
-330
-300
-300
-341
-313
-357
-346
-319
-353
-340
-390
-386
-325
-364
-409
-395
-367
-332
-367
-358
-301
-347
-374
-372
-362
-349
-377
-404
-370
-365
-391
-358
-355
-300
-260
-253
-176
-158
-170
-142
-86
-77
-79
-98
-77
-82
-105
-61
-54
-57
-90
-61
-18
-17
-20
-1
11
21
15
-3
11
0
-15
24
25
21
51
10
87
129
85
120
132
97
104
115
124
143
112
129
105
85
82
90
99
101
114
123
149
155
213
234
204
229
250
239
254
273
264
241
255
271
271
261
283
281
237
230
225
245
209
187
192
132
123
163
115
105
117
84
87
91
88
70
78
41
31
58
6
-28
-39
-89
-98
-95
-136
-102
-136
-126
-96
-140
-94
-82
-109
-79
-43
-118
-113
-118
-182
-174
-222
-234
-240
-267
-272
-238
-260
-269
-229
-233
-233
-238
-265
-293
-268
-271
-292
-277
-272
-280
-269
-244
-223
-208
-219
-190
-135
-167
-162
-103
-112
-127
-127
-127
-139
-155
-158
-149
-144
-149
-119
-69
-60
-35
0
3
18
36
59
66
70
90
99
107
131
135
159
188
207
196
214
276
281
302
353
366
368
383
358
350
311
294
330
312
307
310
284
248
289
309
295
324
291
272
294
264
261
250
201
186
169
163
165
139
162
173
147
184
197
187
201
194
195
203
165
161
166
133
104
87
98
100
56
39
73
53
35
53
62
37
8
-9
-27
-37
-68
-89
-92
-101
-123
-140
-125
-119
-133
-105
-124
-119
-107
-137
-121
-131
-156
-166
-181
-211
-215
-231
-263
-258
-259
-265
-235
-212
-202
-192
-179
-199
-228
-228
-263
-309
-298
-281
-320
-298
-285
-254
-230
-231
-189
-164
-151
-136
-98
-140
-138
-141
-159
-145
-175
-177
-166
-150
-177
-163
-139
-122
-106
-82
-45
-50
-33
-31
-52
-82
-87
-93
-84
-60
-66
-44
-16
-1
31
69
108
119
128
157
141
147
171
185
190
168
160
183
193
191
199
183
200
182
171
190
164
158
152
164
152
143
161
138
135
131
123
144
125
129
158
150
129
125
118
98
74
43
64
71
79
87
112
119
88
89
89
92
77
60
52
67
46
18
19
12
5
8
28
6
-9
-30
-28
-5
-18
-42
-41
-49
-79
-81
-99
-102
-110
-135
-136
-147
-160
-146
-118
-129
-137
-149
-159
-164
-197
-205
-215
-226
-221
-218
-206
-173
-171
-170
-159
-155
-153
-167
-174
-169
-156
-158
-148
-124
-129
-134
-111
-122
-139
-114
-128
-129
-90
-81
-60
-58
-42
-23
-22
-9
-25
-22
-4
31
38
37
69
99
98
121
133
115
117
110
110
123
119
96
105
100
110
121
129
122
125
131
115
115
92
101
103
129
127
103
129
132
107
122
130
127
177
188
200
215
211
224
237
239
222
208
194
201
203
198
212
204
194
192
182
187
190
200
185
178
200
197
194
194
196
177
164
157
137
128
96
107
104
90
97
86
92
89
88
74
51
29
21
-5
-29
-46
-55
-33
-49
-52
-60
-79
-113
-142
-130
-135
-158
-191
-226
-256
-258
-278
-275
-260
-280
-293
-309
-308
-290
-279
-275
-255
-277
-286
-265
-300
-308
-329
-346
-338
-345
-353
-350
-337
-327
-297
-289
-272
-248
-249
-233
-216
-207
-200
-207
-209
-208
-211
-206
-197
-184
-191
-194
-195
-171
-147
-133
-99
-75
-70
-72
-62
-43
-20
-32
-38
-29
-34
-16
-8
9
8
14
34
22
53
91
107
137
168
184
196
221
228
248
267
240
234
238
237
247
248
260
256
250
252
272
311
321
332
341
341
330
313
317
326
315
307
311
317
313
298
322
337
333
344
347
334
323
309
310
319
301
282
271
264
251
247
233
216
188
154
135
117
103
70
50
29
-2
-32
-53
-70
-87
-95
-114
-139
-159
-170
-173
-162
-158
-165
-186
-213
-231
-224
-228
-255
-264
-264
-263
-262
-274
-271
-278
-311
-313
-322
-323
-322
-331
-335
-347
-350
-346
-350
-336
-306
-333
-311
-298
-322
-295
-293
-291
-269
-262
-257
-241
-241
-237
-243
-234
-216
-216
-192
-178
-163
-159
-156
-130
-104
-105
-100
-60
-55
-49
-35
-19
-3
3
13
11
43
59
64
86
82
97
110
125
140
145
155
144
150
147
142
163
163
159
182
198
201
247
265
277
288
287
283
274
277
268
277
290
303
315
332
332
326
326
312
314
324
317
299
296
304
301
297
299
293
268
257
256
262
272
262
268
243
219
225
200
174
159
140
116
105
96
100
95
78
65
45
38
26
3
-11
-8
-6
-36
-62
-56
-53
-52
-54
-81
-100
-120
-132
-138
-139
-146
-167
-185
-210
-232
-230
-237
-262
-248
-254
-275
-262
-261
-264
-260
-260
-268
-279
-293
-316
-336
-337
-355
-348
-344
-363
-352
-356
-342
-324
-317
-291
-290
-299
-296
-305
-306
-304
-311
-308
-301
-298
-293
-280
-257
-262
-259
-251
-237
-214
-201
-180
-175
-160
-151
-154
-150
-135
-121
-100
-69
-56
-35
2
41
61
86
106
119
125
145
167
173
182
194
218
222
229
231
240
248
249
259
266
265
247
255
266
271
281
290
299
304
296
292
293
289
278
258
257
261
257
263
266
251
227
193
183
185
179
179
170
155
154
155
150
153
146
129
129
128
131
136
130
120
97
66
43
32
22
11
5
-9
-11
-13
-12
-11
-38
-56
-67
-76
-75
-81
-86
-86
-87
-95
-105
-103
-102
-111
-122
-118
-117
-121
-104
-106
-87
-89
-105
-98
-100
-78
-61
-53
-61
-82
-71
-70
-70
-47
-57
-64
-56
-52
-54
-43
-39
-51
-57
-40
-33
-49
-43
-62
-67
-54
-52
-51
-41
-31
-28
-22
-20
-9
-23
-26
-25
-23
-17
-19
-24
-42
-51
-51
-49
-46
-30
-24
-15
-14
-16
-19
-40
-56
-65
-43
-36
-34
-19
-16
-26
-25
-10
1
7
21
42
44
46
46
46
44
26
14
7
-1
-19
-24
-14
-19
-14
-12
-9
9
19
22
34
32
34
40
29
4
-4
-4
-10
-4
-1
3
7
7
8
24
25
24
42
33
26
14
14
8
7
1
-13
-17
-23
-15
-19
-12
-10
-13
-18
-22
-5
-8
-11
-8
-2
-17
-31
-20
-21
-10
-9
-11
-8
-23
-34
-32
-31
-23
-15
-31
-45
-55
-63
-83
-99
-111
-115
-119
-112
-104
-108
-101
-112
-128
-125
-123
-132
-123
-121
-121
-107
-95
-80
-64
-59
-54
-31
-25
-7
6
20
16
1
15
8
26
35
19
23
12
-13
-21
-23
-31
-9
-11
-16
-5
2
9
8
17
16
23
33
54
64
87
100
103
121
131
150
154
177
175
177
174
152
157
155
146
140
139
138
145
134
128
134
141
139
131
102
69
50
40
31
10
17
1
-1
-8
-20
-5
0
-17
-16
-12
-41
-32
-41
-41
-30
-39
-49
-61
-61
-76
-71
-70
-73
-76
-87
-82
-71
-70
-63
-38
-41
-46
-45
-48
-44
-44
-55
-72
-83
-91
-86
-72
-50
-38
-37
-22
-14
1
13
5
9
17
26
29
46
59
58
72
57
43
47
55
55
51
55
55
57
62
47
50
60
49
54
64
71
74
77
65
51
49
57
67
59
55
48
26
25
27
43
52
45
61
66
70
60
40
34
23
8
-1
-10
-26
-19
-31
-24
-15
-22
-18
-15
-5
0
1
-4
-3
-11
-18
-6
9
15
12
23
45
57
63
69
74
74
73
75
73
76
69
74
72
63
63
50
33
21
13
-1
-13
-25
-20
-8
-2
4
-2
-18
-22
-27
-38
-27
-28
-37
-41
-55
-51
-45
-35
-26
-29
-23
-27
-25
-29
-31
-36
-52
-53
-65
-68
-63
-69
-74
-72
-65
-58
-50
-63
-75
-80
-92
-96
-98
-109
-113
-111
-119
-113
-125
-139
-130
-130
-141
-147
-140
-135
-124
-99
-72
-75
-76
-67
-61
-56
-57
-59
-59
-44
-41
-46
-39
-27
-29
-31
-36
-39
-24
-25
-22
-9
2
7
23
15
17
29
27
53
59
67
67
65
65
65
71
74
78
79
98
95
89
103
99
108
110
106
110
105
108
110
114
122
123
114
96
92
95
92
96
87
79
90
90
95
89
75
56
44
36
20
12
-5
-21
-27
-31
-33
-40
-40
-49
-50
-38
-56
-57
-52
-55
-63
-80
-101
-116
-120
-125
-112
-115
-109
-103
-105
-96
-94
-81
-58
-39
-34
-29
-34
-40
-56
-65
-69
-78
-74
-62
-51
-56
-51
-58
-56
-44
-43
-40
-38
-42
-41
-35
-37
-42
-44
-50
-55
-52
-43
-40
-52
-56
-58
-54
-53
-48
-45
-47
-41
-37
-44
-53
-41
-34
-19
-10
-20
-21
-19
-23
-16
-5
-6
4
0
-9
-9
-15
-6
14
4
8
25
21
21
23
18
17
26
25
28
34
35
43
28
18
24
10
2
13
14
1
13
31
39
49
60
74
88
99
106
110
119
130
131
135
131
139
139
136
147
141
147
153
144
152
160
154
146
138
131
126
114
99
87
79
79
78
74
62
64
67
56
49
39
24
12
8
5
-4
2
1
-20
-27
-18
-25
-41
-49
-44
-39
-40
-28
-37
-48
-50
-58
-67
-72
-69
-80
-90
-100
-97
-87
-77
-67
-71
-78
-89
-90
-87
-82
-79
-65
-66
-69
-67
-66
-51
-46
-23
-13
-18
-22
-38
-50
-61
-65
-80
-88
-84
-90
-80
-66
-62
-57
-49
-49
-50
-40
-35
-35
-45
-54
-61
-63
-64
-60
-56
-51
-34
-31
-24
-14
-13
-12
-10
-1
-3
5
18
30
39
29
25
23
26
41
41
38
35
41
49
54
65
74
75
78
83
81
74
64
73
74
76
94
110
108
93
97
99
97
97
99
99
99
100
92
87
90
85
77
74
69
71
75
87
90
78
81
81
87
81
66
64
58
54
45
28
18
7
13
25
32
29
12
10
4
8
0
-13
-5
-20
-25
-32
-41
-45
-52
-54
-71
-82
-78
-68
-55
-46
-49
-52
-59
-59
-57
-65
-65
-70
-77
-81
-81
-85
-86
-75
-82
-88
-91
-104
-106
-93
-78
-74
-81
-93
-91
-89
-93
-89
-94
-92
-89
-94
-105
-107
-102
-110
-111
-111
-121
-129
-141
-140
-128
-140
-146
-132
-121
-97
-80
-78
-70
-54
-34
-24
-22
-13
-8
-16
-14
-3
1
15
35
35
17
7
23
35
50
60
60
68
65
58
54
50
53
48
45
39
26
36
47
54
75
82
81
75
53
57
57
47
55
71
77
88
106
112
116
111
107
103
95
82
80
80
85
88
82
86
93
100
96
107
104
95
96
88
90
88
75
85
83
66
71
58
61
70
70
67
55
44
34
21
23
22
8
12
9
-4
-22
-14
-10
-12
-1
-15
-28
-29
-28
-24
-17
-23
-30
-31
-44
-39
-44
-62
-64
-76
-83
-81
-75
-72
-83
-92
-96
-105
-118
-115
-113
-108
-104
-111
-119
-113
-124
-131
-118
-127
-121
-116
-118
-99
-101
-120
-120
-123
-130
-109
-87
-87
-70
-62
-65
-50
-53
-53
-59
-68
-65
-61
-56
-43
-24
-12
0
11
18
33
40
48
56
55
45
41
33
32
47
60
68
66
68
70
80
87
86
97
93
79
65
57
58
68
72
76
82
87
84
88
87
74
81
75
65
59
56
43
39
55
53
49
41
40
50
55
58
66
63
56
51
40
27
18
3
-15
-23
-28
-32
-32
-25
-21
-17
-14
-21
-40
-46
-44
-58
-49
-41
-27
-19
-16
-19
-14
-10
-26
-26
-35
-30
-25
-19
-19
-18
-17
-28
-27
-34
-38
-44
-53
-46
-40
-42
-45
-45
-38
-35
-34
-20
-6
6
10
17
32
36
29
30
31
20
18
6
-27
-44
-40
-31
-19
-12
-9
1
7
13
33
28
19
18
8
3
4
-7
-16
-7
-29
-32
-23
-23
-5
10
30
42
46
42
28
12
16
14
10
8
6
7
4
14
31
58
70
86
112
119
121
118
119
129
127
111
112
117
115
99
85
69
65
64
46
33
26
25
21
20
20
20
12
-1
-10
-14
-8
-16
-26
-41
-42
-33
-29
-9
3
15
35
39
45
53
51
50
36
38
44
42
42
37
34
40
29
22
27
20
16
13
-4
-19
-27
-27
-36
-33
-32
-43
-44
-51
-44
-33
-30
-34
-50
-62
-71
-81
-95
-105
-98
-88
-85
-77
-70
-58
-51
-43
-25
-25
-38
-46
-47
-44
-53
-40
-33
-32
-20
-21
-16
-15
-15
-13
-12
-17
-26
-35
-42
-52
-67
-62
-46
-35
-19
-10
-13
-22
-15
-7
-7
0
4
3
-3
11
15
9
9
16
37
40
53
58
64
73
80
81
81
75
58
62
54
44
39
36
38
44
41
35
33
24
19
7
3
-3
-3
3
1
0
-6
-12
-17
-17
-18
-26
-40
-52
-63
-77
-87
-94
-92
-88
-89
-82
-79
-71
-59
-50
-42
-33
-45
-62
-63
-78
-75
-76
-86
-80
-74
-74
-67
-50
-36
-20
-9
-6
0
1
3
12
24
21
22
20
9
18
17
30
54
68
85
88
82
81
79
69
69
79
99
97
102
105
94
78
61
46
36
39
37
33
25
11
-3
-15
-28
-43
-39
-29
-26
-21
-26
-40
-45
-62
-87
-98
-105
-110
-101
-101
-104
-104
-103
-96
-84
-71
-69
-60
-65
-65
-64
-68
-53
-44
-37
-31
-36
-42
-53
-63
-58
-47
-33
-15
-1
0
-9
-10
-1
18
44
68
86
92
97
93
89
86
88
98
112
125
137
155
155
161
164
159
169
180
