-52
-51
-43
-38
-39
-36
-23
-9
1
26
31
27
28
16
8
11
20
7
6
15
13
8
0
8
13
25
17
15
15
9
10
1
16
16
19
17
8
7
1
-8
-4
0
-6
-1
-3
9
18
22
27
30
36
32
30
20
31
15
20
31
26
22
10
16
-1
-15
-29
-36
-46
-49
-48
-40
-23
-13
0
0
5
12
17
21
23
27
39
46
63
75
86
99
107
116
113
124
123
119
117
107
103
89
77
74
66
60
56
52
56
59
61
71
76
82
71
64
62
56
61
56
44
40
45
41
35
30
25
22
16
25
38
45
45
42
42
30
18
7
-2
-5
-11
-19
-11
-6
-1
6
8
11
7
-1
-3
-3
0
5
14
13
11
7
-4
-10
-17
-26
-44
-56
-56
-56
-60
-49
-42
-29
-23
-22
-21
-28
-24
-23
-17
-23
-23
-39
-56
-51
-61
-50
-41
-41
-31
-32
-24
-7
-8
4
0
-15
-6
-8
-16
-6
-5
-10
0
3
8
8
1
4
0
-6
-10
-18
-28
-30
-38
-44
-39
-44
-36
-33
-30
-19
-14
-7
-17
-24
-29
-40
-44
-41
-40
-35
-28
-31
-23
-15
-15
-36
-56
-66
-87
-95
-97
-103
-112
-111
-107
-106
-86
-77
-63
-49
-43
-42
-45
-39
-45
-46
-44
-30
-22
-20
-25
-27
-27
-23
-19
-18
-4
-10
-11
-17
-13
-18
-17
-6
-1
6
12
24
17
19
14
18
9
1
0
-14
-6
-1
2
5
15
20
26
41
57
76
85
85
81
82
85
102
109
113
126
127
137
144
139
137
122
109
99
89
79
77
78
78
85
81
81
80
80
89
99
96
92
99
89
90
85
76
75
74
74
76
74
68
70
50
47
25
11
18
3
15
20
24
15
0
0
-5
10
19
15
19
1
-12
-31
-47
-38
-45
-43
-29
-41
-36
-26
-36
-30
-15
-8
-4
2
-8
-22
-17
-12
-6
2
16
18
17
17
19
12
0
-18
-32
-32
-34
-23
-21
-14
-7
1
11
16
17
7
9
9
8
-3
-8
-16
-31
-33
-34
-37
-39
-40
-39
-38
-35
-26
-26
-33
-47
-58
-65
-64
-62
-70
-74
-61
-68
-78
-85
-89
-72
-59
-28
-20
0
12
3
-2
-13
-3
-9
-17
-23
-40
-58
-60
-69
-54
-41
-48
-35
-38
-38
-33
-20
-17
-20
-27
-33
-36
-39
-38
-47
-36
-40
-39
-39
-29
-18
-15
-5
-19
-25
-28
-14
-14
-7
-7
-13
-7
-17
-21
-23
-30
-36
-44
-66
-71
-78
-71
-58
-52
-34
-27
-17
-21
-21
-37
-36
-28
-26
-29
-37
-39
-45
-44
-44
-23
-9
11
20
28
33
25
16
-6
-15
-25
-34
-35
-37
-48
-50
-43
-37
-41
-51
-53
-49
-30
-24
-18
-21
-17
-14
-9
6
25
34
41
57
59
64
56
52
51
40
35
47
55
73
88
83
90
62
61
59
47
55
46
51
49
57
62
80
82
90
124
126
143
136
125
121
106
81
64
49
33
62
63
66
64
40
64
64
61
65
48
53
47
45
51
34
40
46
35
48
44
45
71
77
85
92
87
74
59
51
47
60
82
98
118
134
152
164
156
143
130
120
126
118
111
107
92
90
84
71
71
76
68
69
66
48
54
33
18
13
4
-8
-7
0
6
19
21
40
51
60
74
77
82
87
64
46
25
26
37
27
37
16
18
13
-1
6
-7
-12
-16
-19
-15
-10
-6
-11
-23
-29
-33
-35
-32
-28
-32
-39
-55
-74
-87
-101
-104
-93
-91
-82
-72
-81
-89
-100
-100
-101
-111
-109
-106
-100
-94
-97
-116
-120
-132
-147
-145
-146
-119
-111
-110
-111
-131
-148
-158
-157
-158
-147
-138
-131
-130
-126
-107
-116
-118
-109
-103
-93
-78
-57
-47
-48
-44
-44
-54
-77
-107
-128
-149
-160
-144
-129
-109
-93
-81
-59
-61
-61
-74
-86
-98
-111
-106
-107
-96
-96
-96
-97
-103
-89
-69
-42
-45
-61
-72
-107
-124
-141
-152
-132
-137
-126
-113
-129
-122
-106
-91
-70
-58
-62
-58
-62
-63
-49
-40
-39
-39
-42
-32
-6
4
21
32
39
36
37
14
-6
3
-3
10
10
16
32
38
47
52
48
44
31
-1
-21
-28
-23
-13
-6
-9
8
8
6
15
6
21
34
34
13
5
12
6
40
61
60
65
69
64
31
32
44
47
59
79
76
43
30
20
13
21
37
49
72
85
68
64
49
43
65
58
68
81
77
96
87
80
82
61
62
42
34
51
36
35
41
56
44
38
55
40
65
62
70
107
96
104
111
100
105
103
112
151
158
188
204
174
178
163
147
164
161
163
176
174
167
159
139
135
127
111
113
104
116
113
94
96
101
92
101
108
82
90
85
85
84
52
69
69
53
75
52
35
49
53
66
84
87
68
61
47
60
62
72
116
105
81
72
47
39
35
41
65
58
40
39
40
29
46
54
51
71
54
44
48
46
51
35
41
54
41
30
39
16
8
32
12
14
-4
-45
-46
-94
-102
-70
-92
-74
-68
-86
-81
-85
-71
-67
-96
-90
-66
-103
-91
-75
-111
-104
-114
-127
-137
-140
-117
-136
-137
-130
-151
-161
-138
-123
-130
-98
-96
-97
-105
-93
-77
-116
-79
-59
-94
-84
-90
-86
-59
-95
-88
-99
-156
-133
-160
-187
-154
-159
-148
-141
-175
-129
-120
-152
-117
-133
-138
-111
-148
-132
-93
-114
-101
-82
-82
-72
-68
-55
-1
-16
-40
0
-51
-83
-71
-59
-44
-60
-66
-33
-55
-92
-29
-12
-32
-28
7
2
-7
-20
-64
-30
-28
-23
-10
-39
-26
-12
-28
37
39
-13
54
42
-12
16
46
44
78
57
66
91
8
37
62
4
25
39
23
65
41
35
67
-1
5
26
-25
5
5
-58
-2
3
-55
-11
10
-17
1
30
31
41
26
41
79
44
19
41
34
8
24
19
16
54
24
35
58
-1
34
18
-10
44
9
1
31
21
14
11
22
56
24
28
25
17
40
6
56
45
27
25
0
21
5
-13
21
11
-42
2
-28
22
54
-2
38
26
-23
8
36
24
52
6
36
69
-10
-14
44
-33
-17
40
-32
46
-17
-68
39
-23
-25
64
-16
-1
6
-76
22
6
-10
76
52
17
65
38
63
102
38
94
76
77
84
89
119
58
71
94
66
54
74
29
81
93
64
139
85
57
94
55
46
97
37
82
92
24
82
69
83
114
78
60
124
74
48
121
84
73
80
20
33
76
12
58
75
43
47
26
60
91
41
18
75
35
23
13
10
10
-41
-45
-27
-17
-65
-21
-23
-56
-4
-10
-23
-4
-10
-79
-31
-37
-64
-35
-89
-59
-68
-117
-67
-35
-85
-34
-27
-78
-11
-43
-29
0
-49
-57
-50
-100
-68
-31
-87
-17
-52
-101
-58
-68
-88
-100
-122
-110
-91
-119
-93
-104
-102
-116
-114
-126
-122
-75
-117
-105
-123
-165
-115
-111
-95
-60
-144
-52
-64
-141
22
-66
-80
-10
-120
-40
-34
-131
-30
-26
-121
-29
-31
-76
35
-65
-99
20
-82
-94
-20
-120
-64
-37
-126
-25
-61
-110
-23
-47
-83
-33
21
3
1
23
-21
71
16
-64
89
24
9
79
52
68
82
39
114
99
60
84
48
81
18
48
26
71
93
24
127
116
50
43
97
80
69
76
105
102
55
34
93
141
54
74
96
120
105
129
140
134
235
140
89
216
134
116
144
31
185
120
44
197
119
61
159
96
40
143
34
80
105
-9
90
107
-18
49
-3
-99
50
-90
-135
-22
-122
-169
-102
-89
-34
-2
-2
97
35
-43
18
8
-45
-55
-64
-45
-74
-106
-121
-55
-67
-60
-5
-42
-30
-57
-27
-32
-49
-130
-100
-108
-120
-109
-163
-71
-105
-111
-120
-75
-70
-65
-54
-58
-103
-33
-22
-179
-26
-61
-112
-40
-46
-95
-38
-73
-78
-2
-102
-12
-20
-61
-52
-41
-84
-6
0
-53
-2
-59
18
-62
-136
-59
37
-47
-57
-14
-77
18
-5
-49
-27
-9
-60
-28
-79
-41
12
-155
-24
71
-70
36
102
-44
78
6
-38
87
-95
-50
5
-127
-18
-16
-76
5
15
16
58
70
35
78
48
10
43
33
-29
114
-17
-100
174
-16
18
160
34
30
163
27
53
103
-26
115
-9
-17
65
-13
-75
61
35
31
86
3
111
3
12
81
0
74
28
-148
79
43
-70
112
23
66
25
-113
-1
5
-146
-8
5
-34
-31
-72
39
-40
-10
20
-9
32
-13
-87
10
37
-105
-29
5
40
29
10
111
92
61
38
74
86
-26
-8
91
3
-27
138
74
-16
79
38
58
116
-5
34
84
-94
-7
18
-107
46
-26
-62
51
-2
61
62
43
116
20
21
109
18
52
71
-3
116
80
-3
140
103
58
134
39
104
109
-59
104
120
-4
111
139
124
69
16
85
25
-29
12
-5
0
-46
-60
-26
-29
12
2
83
28
-71
36
-10
-20
19
-33
57
60
-74
68
41
-32
106
-10
24
66
-39
44
35
-83
38
9
-63
69
-53
-38
47
-19
-35
-24
-27
57
-11
-64
74
-36
-30
-36
15
34
-61
30
58
10
17
32
69
86
-115
41
53
-124
19
-39
13
45
-51
43
8
-46
76
3
97
35
-70
158
-50
-66
107
-24
-21
-23
-170
13
-6
-149
36
-55
-85
-75
-128
-122
-39
-137
-89
20
-175
-75
-139
-104
-82
-161
-44
-99
-166
-110
-136
-196
-103
-144
-46
-67
-92
-27
-99
-91
-75
-76
-131
-81
-156
-235
-179
-148
-178
-95
-116
-69
-44
-219
-20
-37
-194
-96
-49
-198
-103
-95
-214
1
-51
-86
-29
-56
-89
-70
-84
-43
22
-60
81
98
-27
-35
-15
38
34
49
85
20
14
-3
-58
56
45
-67
58
-14
-113
78
-41
76
143
-48
84
60
-29
10
114
55
43
15
13
89
7
36
105
88
-55
89
40
-55
94
25
39
75
135
79
78
171
116
26
125
133
89
68
45
206
35
11
156
85
37
228
54
107
225
-29
278
88
59
222
64
82
230
-15
142
287
-122
359
58
-78
298
83
-27
240
106
-72
229
-85
22
103
-5
79
28
33
121
-4
0
187
-7
16
39
-42
-36
-2
24
68
-10
12
23
53
73
22
110
25
84
26
-16
24
42
-11
-28
17
-59
60
-41
-1
133
-40
-46
103
-21
-116
128
-29
-26
94
-75
57
113
-48
23
121
-106
22
33
-52
95
-76
-26
64
-46
7
69
-13
7
22
-38
-30
5
19
-15
6
-18
-75
31
-52
7
119
-87
44
39
-97
20
61
-43
60
2
-52
86
-103
12
-1
-67
5
-32
-56
-15
0
-110
-32
-38
-42
-41
38
-116
-47
-42
-177
39
-152
-132
-33
-231
-142
16
-338
2
-40
-342
96
-78
-221
48
-30
-218
139
-188
-69
129
-246
-28
-64
-253
-11
-69
-247
110
-168
-118
64
-200
-35
-37
-147
91
-104
-166
-4
-76
-83
-198
-42
-181
-166
-118
-120
-154
-55
-99
-230
10
-169
-131
-123
-31
-192
-168
-149
-111
-62
-369
64
-95
-167
-120
-127
-38
-83
-145
-98
-80
-205
28
-304
3
-56
-293
104
-96
-383
105
101
-344
173
-172
-203
61
-298
-208
47
-367
22
-28
-483
253
-198
-156
190
-232
-54
212
-306
8
-14
-267
124
-298
-13
8
-150
-11
119
-170
-64
142
-119
4
-67
15
-144
-71
-81
-30
-87
-28
-54
-140
91
-57
-48
-65
202
-61
-53
276
-165
-73
287
-292
8
265
-249
295
18
27
351
-165
163
165
-181
328
34
-33
445
-212
170
282
-231
286
48
89
283
-3
200
237
-14
292
51
-84
314
54
68
15
259
206
-46
24
182
198
56
179
174
166
-124
234
261
121
371
-18
261
285
-203
280
353
-29
395
51
-34
423
-86
184
371
158
163
92
210
204
8
78
358
174
26
287
213
92
387
-126
106
353
-26
312
26
15
362
38
39
311
161
257
26
1
174
56
229
77
172
147
-3
344
-24
122
298
-93
228
92
-47
173
132
156
292
-57
334
474
-236
83
397
-104
158
345
-258
291
157
-124
150
256
-10
63
317
-91
252
-19
-91
221
4
36
355
-24
-28
323
-264
56
160
82
157
69
-6
29
161
-148
128
74
-17
63
-51
168
-26
-25
141
-104
228
43
-130
201
-361
53
115
-471
160
8
-338
139
-254
-145
120
-197
84
-256
-356
20
-133
-222
-61
-222
-10
117
-150
-248
-134
28
-216
-181
-124
-135
-31
-71
-267
320
-123
-470
323
-110
-270
-170
-203
-31
-8
-502
61
62
-277
132
-281
-19
-126
-255
99
-182
-331
-78
-263
112
-85
-411
361
-213
-445
-88
-331
-115
-426
-290
200
-531
-147
39
-564
107
151
-478
48
-101
-338
120
-250
-301
175
7
-181
60
-20
77
85
-48
-33
-127
-92
57
-105
133
-196
-247
327
-348
-143
148
-76
72
-229
-291
70
-346
-304
21
-143
-57
-400
22
-38
-560
207
-22
-347
20
-156
-180
-127
-220
-8
-137
-242
79
-27
-71
102
-9
99
56
-297
223
-16
9
343
-182
110
216
99
95
-64
13
238
-313
132
133
-267
280
-365
71
110
-243
241
46
-92
104
-293
-240
200
-225
135
11
-95
152
-129
7
124
-30
164
233
-162
96
-28
36
319
-202
169
292
-222
335
37
-145
282
-211
141
85
-297
276
-98
-333
108
-168
-35
10
-218
167
-209
-426
59
-169
-195
18
-316
-306
52
-226
-159
155
-95
-121
51
12
-151
-100
42
108
-30
-124
-32
153
154
-83
-75
106
-4
-85
15
-118
-26
-123
-204
-101
-156
-137
-75
-59
-376
-188
-246
-318
59
-160
-139
-199
-286
-146
-252
-155
172
-66
-97
81
-47
16
-121
-2
72
-61
30
64
201
271
-41
10
158
105
109
149
124
55
-36
-114
29
-101
-7
51
33
-160
-137
76
-162
-22
48
-222
-72
-18
-389
70
58
-202
130
20
46
185
5
120
262
94
137
137
131
135
176
199
180
242
284
120
213
285
58
85
190
269
96
155
234
211
241
63
91
231
128
56
121
73
93
60
54
121
124
253
196
144
166
109
155
98
223
291
207
108
41
194
108
187
356
252
245
311
144
120
384
220
174
269
122
172
375
200
36
440
183
110
268
106
246
-53
-82
19
-3
-7
108
153
-42
120
105
65
68
10
-92
-32
-14
-253
-49
86
28
112
127
141
121
65
57
26
-58
23
-47
-74
33
-121
-78
125
133
178
309
297
283
245
235
211
298
79
95
167
-34
235
26
149
270
54
121
124
167
103
96
25
-50
-209
-441
-559
-751
-950
-1016
-1086
-1182
-1237
-1223
-1170
-1043
-1015
-820
-583
-603
-424
-451
-426
-518
-432
-240
-297
-135
-114
61
63
59
50
-43
-47
-132
-152
-75
51
32
140
244
316
467
609
771
818
800
844
774
845
950
1001
1066
962
878
795
764
758
765
679
667
648
583
693
693
718
800
727
728
821
781
752
783
845
938
1100
1217
1415
1642
1640
1760
1897
1974
2117
1800
672
-567
-1341
-1899
-2414
-2736
-2844
-3036
-3283
-3171
-2900
-2594
-1837
-1075
-884
-1124
-1309
-1279
-978
-680
-565
-423
-414
-326
-21
161
201
468
464
-71
-524
-1008
-1418
-1289
-1232
-1260
-1212
-1052
-550
-76
452
872
1290
1510
1503
1442
1281
1098
844
604
215
-146
-417
-430
-415
-330
-305
-548
-533
-569
-707
-719
-853
-942
-833
-840
-839
-769
-688
-628
-591
-697
-635
-332
-343
-154
21
-72
-154
-58
-35
-185
-78
-94
-256
-397
-430
-600
-504
-288
-289
-173
-95
37
179
448
570
605
855
941
817
1020
1082
1169
1476
1428
1488
1559
1442
1464
1538
1365
1269
1063
1031
901
763
959
971
1249
1436
1578
1809
2041
2293
2611
2981
3290
3724
4008
3293
1299
-1196
-2840
-3398
-3886
-4303
-4564
-4735
-5062
-5010
-4080
-2788
-1119
309
518
-156
-839
-886
-218
375
529
531
443
430
677
1119
1566
1516
1102
157
-1128
-2013
-2242
-2080
-1840
-1441
-1318
-823
177
1380
2448
3040
3478
3517
3292
2895
2487
2109
1563
871
50
-794
-1277
-1405
-1497
-1574
-1732
-1901
-1904
-1912
-1932
-1692
-1421
-1294
-1193
-958
-746
-474
-96
165
239
121
77
-104
-328
-624
-1001
-1281
-1725
-2062
-2206
-2110
-1870
-1728
-1505
-1428
-1362
-1151
-912
-589
-367
-222
-111
-7
87
353
606
645
728
627
390
289
207
147
121
0
-87
-89
43
368
658
920
1221
1400
1584
1742
1905
2156
2201
2255
2227
2065
2014
1931
2090
2224
2257
2556
2805
2936
3059
3222
3425
3724
3729
2989
813
-2330
-4497
-5262
-5289
-5205
-4839
-4396
-4277
-3859
-2568
-766
947
2234
2388
1228
-134
-449
71
675
946
748
284
48
94
294
442
235
-483
-1688
-2916
-3703
-3521
-2654
-1635
-924
-436
241
1287
2571
3558
4146
4214
3749
3018
2171
1333
737
170
-652
-1655
-2343
-2583
-2584
-2301
-2020
-2027
-2050
-1942
-1872
-1570
-1026
-476
-120
-68
-33
143
474
794
959
962
811
424
-29
-234
-428
-704
-956
-1261
-1751
-2144
-2261
-2320
-2708
-3166
-2938
-2437
-1791
-804
184
747
1184
1648
1706
1656
1756
1518
578
-372
-1218
-1864
-1870
-1595
-1451
-1361
-975
-594
-195
171
355
602
632
595
549
541
928
1468
1852
1997
1972
1898
1782
1682
1520
1251
1169
1285
1388
1480
1746
2230
2817
3334
3728
4213
4629
4483
3468
1219
-1863
-4198
-4801
-4557
-4443
-3923
-3000
-2544
-2033
-834
593
1999
2891
2831
1681
490
367
953
1644
1821
1785
1627
1526
1587
1468
1310
916
146
-969
-1943
-2197
-1561
-588
249
891
1357
2207
3198
3901
4294
4187
3489
2475
1458
430
-318
-844
-1363
-1927
-2545
-2781
-2581
-2240
-1835
-1643
-1700
-1715
-1612
-1256
-813
-426
-69
2
-101
-64
50
177
275
263
136
-198
-580
-903
-1337
-1655
-2109
-2731
-3150
-3551
-3696
-3531
-3281
-2978
-2587
-2317
-2288
-1998
-1143
-173
408
810
775
249
-171
-464
-884
-1147
-1153
-1502
-1861
-1886
-1654
-1027
-214
362
480
477
600
693
748
879
1153
1336
1426
1760
1822
1916
2355
2394
2008
1521
1109
737
601
657
681
715
1086
1767
2291
2683
3056
3509
3829
3990
4300
4262
3476
2268
115
-3059
-5071
-4895
-4062
-3626
-2799
-1619
-1165
-515
983
2422
3472
4170
3824
2438
1195
852
1148
1483
1653
1410
961
666
490
172
-286
-793
-1631
-2701
-3372
-3316
-2670
-1586
-319
720
1428
2167
2745
2986
2916
2479
1717
941
393
-228
-715
-1067
-1411
-1810
-2252
-2539
-2653
-2640
-2643
-2670
-2686
-2428
-2030
-1557
-861
-376
-19
377
510
445
414
426
161
-217
-581
-1058
-1423
-1660
-1984
-2363
-2622
-2951
-3106
-3024
-2872
-2586
-2332
-2140
-1876
-1603
-1782
-1854
-1084
-180
348
775
974
592
312
291
-200
-658
-697
-957
-1323
-1299
-1126
-758
-212
77
105
228
535
928
1304
1369
1269
1217
1187
1235
1447
1533
1586
1689
1541
1233
1027
992
1018
1302
1540
1614
1950
2481
2944
3260
3515
3613
3787
4206
4644
4845
4164
2983
1402
-1397
-4191
-4950
-4060
-3335
-2622
-1425
-662
-235
756
2016
2841
3261
3193
2338
1132
444
585
1180
1578
1379
813
377
49
-306
-716
-1182
-1828
-2592
-3023
-2917
-2248
-1258
-12
1036
1546
1945
2151
2092
1881
1450
731
0
-452
-704
-755
-716
-547
-453
-581
-768
-1031
-1100
-1000
-974
-1045
-831
-453
-178
194
600
948
1152
1358
1211
761
458
81
-350
-776
-1169
-1637
-2124
-2354
-2432
-2473
-2364
-2134
-2047
-2010
-1798
-1560
-1346
-1034
-718
-569
-630
-1069
-1389
-1060
-508
-21
301
181
-340
-722
-988
-1260
-1181
-998
-1194
-1473
-1550
-1637
-1326
-587
-190
-120
39
93
141
519
818
806
830
898
794
781
875
912
862
739
579
421
532
973
1478
1909
2292
2511
2603
2740
3005
3045
2815
2849
3139
3662
4040
3542
2549
1108
-1490
-3917
-4233
-3102
-2351
-1772
-879
-652
-617
388
1867
2906
3247
2972
2186
1100
494
794
1298
1163
582
5
-607
-899
-851
-1095
-1681
-2176
-2692
-3098
-2840
-2000
-1049
-68
642
658
568
681
794
816
866
1079
1230
1462
1852
2017
1864
1465
704
-545
-1782
-2527
-3005
-3252
-3071
-2600
-2084
-1342
-438
191
436
406
122
-478
-1122
-1541
-1738
-1798
-1667
-1334
-851
-328
-33
86
-73
-518
-991
-1481
-1952
-2263
-2491
-2926
-2954
-2044
-914
-64
563
420
-357
-629
-525
-748
-896
-758
-1040
-1243
-881
-497
-42
535
571
-155
-886
-1330
-1544
-1493
-1380
-1348
-1250
-912
-236
377
618
979
1242
1002
726
545
214
26
337
645
742
1216
1907
2427
2936
3231
3039
2913
2971
2826
2679
2669
2668
2695
2976
3654
4555
5035
4600
3245
772
-2503
-4433
-3939
-2854
-2369
-1762
-801
-103
552
1714
3086
3760
3240
1991
687
-304
-506
254
975
918
704
740
755
667
419
-253
-1295
-2345
-3126
-3424
-3239
-2407
-1210
-283
245
680
1321
1807
2091
2204
1977
1616
1553
1645
1485
1100
524
-128
-998
-1896
-2484
-2799
-3056
-3160
-2990
-2819
-2422
-1799
-1253
-852
-516
-131
268
815
1273
1518
1772
1802
1656
1493
1008
167
-622
-1400
-2190
-2657
-2793
-2723
-2545
-2150
-1873
-1948
-1788
-1214
-1064
-1862
-2518
-2579
-2509
-1987
-1014
-378
-112
341
358
-37
-11
-74
-565
-1060
-1721
-2445
-2439
-1864
-1409
-1070
-767
-639
-390
65
335
525
899
1225
1390
1581
1843
2111
2331
2561
2608
2376
2239
2291
2386
2409
2357
2192
2032
2034
2032
1957
1831
1878
2070
2390
3031
4038
4722
4217
3113
1230
-1592
-3264
-2245
-402
266
825
1692
1748
1188
1115
1440
1437
843
-220
-1251
-1626
-944
438
1494
1551
1088
495
-247
-874
-1405
-1980
-2465
-2707
-2853
-2653
-1901
-926
-225
1
-173
-538
-645
-617
-496
-213
72
400
892
1395
1642
1568
861
-357
-1666
-2796
-3458
-3646
-3538
-3155
-2445
-1637
-860
-69
427
607
693
653
562
666
888
1014
1282
1459
1197
854
518
-163
-976
-1458
-1815
-2112
-2121
-1939
-1762
-1601
-1777
-2251
-2339
-2151
-1954
-1517
-1303
-1719
-1647
-851
-347
193
978
996
328
-209
-823
-1225
-1041
-1062
-1551
-2000
-2279
-2237
-1832
-1608
-1492
-1192
-984
-638
92
666
1028
1584
1827
1658
1931
2359
2433
2522
2444
2074
1978
2000
1930
1959
1759
1340
1120
1225
1295
1477
1818
1798
1852
2422
3338
4619
5690
5356
4070
2196
-602
-2417
-1490
424
1194
1476
1494
603
-501
-1163
-1284
-881
-685
-1082
-1261
-753
341
1882
2842
2438
1511
670
-37
-224
-128
-219
-276
-416
-1051
-1585
-1635
-1723
-1978
-2532
-3262
-3257
-2278
-1104
22
1177
1816
2094
2337
2282
2026
1783
1228
305
-258
-304
-134
186
304
-69
-713
-1390
-2024
-2545
-2780
-2537
-1946
-1322
-569
395
1207
1718
1859
1434
647
-22
-503
-933
-1121
-1120
-1035
-829
-768
-997
-1395
-1876
-2488
-3342
-4114
-4166
-3680
-3666
-3786
-2852
-1601
-770
-70
293
97
-98
-224
-779
-917
-561
-446
-578
-943
-1679
-2152
-1966
-2093
-2357
-2257
-1893
-1340
-545
259
756
1304
1703
1867
1955
2154
2633
2933
2976
2921
2742
2472
2372
2184
1497
1031
892
732
818
1161
1592
1916
2075
2188
2594
3437
4543
5478
5263
4069
2784
703
-1649
-1793
98
1146
861
594
-167
-1623
-2840
-2987
-2326
-1574
-888
-439
-100
463
1735
2685
2206
1110
96
-590
-574
27
380
428
241
-710
-2040
-2908
-3199
-3270
-3398
-3608
-3441
-2562
-1399
-266
622
994
1164
1319
1427
1837
2499
2998
3192
3040
2494
1905
1327
329
-691
-1516
-2330
-2724
-2456
-2039
-1592
-781
-279
-157
133
340
411
699
1122
1275
1369
1519
1444
1223
1059
846
379
-357
-1121
-1872
-2705
-3352
-3689
-4097
-4674
-4647
-4179
-3790
-3400
-3032
-2399
-1447
-713
-500
-246
70
48
-74
-244
-474
-504
-510
-1130
-2079
-2641
-2876
-2821
-2499
-2038
-1482
-759
34
535
878
1263
1519
1281
978
1136
1505
2070
2633
2776
2574
2622
2743
2583
2472
2342
2182
2212
2311
2274
2331
2505
2546
2627
2879
3316
4169
4988
4705
3769
2598
349
-1770
-1385
739
1769
1394
877
-19
-1540
-2765
-2845
-2033
-1017
-237
-57
-304
-140
649
988
602
299
266
496
1120
1661
1673
1321
372
-1290
-2903
-3691
-3377
-2440
-1879
-1732
-1336
-914
-745
-552
-481
-616
-341
385
1271
2550
3956
4657
4373
3426
2021
546
-486
-1138
-1563
-1793
-1772
-1628
-1665
-1561
-1196
-957
-954
-960
-924
-749
-80
576
785
672
487
278
68
166
289
253
-70
-725
-1678
-2776
-3600
-4238
-4475
-4181
-3737
-3916
-4307
-3516
-2211
-1564
-1515
-1593
-1889
-2170
-1948
-1620
-1023
-121
332
-51
-738
-1232
-1510
-1357
-1191
-1105
-800
-463
-230
-164
-36
112
160
195
300
663
1225
2055
2630
2519
2158
1666
1256
1242
1577
1888
2228
2632
2806
3031
3286
3298
3034
2590
2378
2664
3206
3693
4308
4730
3992
2620
1040
-1051
-2039
-532
1649
1946
849
-349
-1714
-3245
-4133
-3379
-1643
-94
698
580
-232
-910
-895
-1028
-1238
-855
-23
909
1728
1967
1327
369
-842
-2077
-2746
-2661
-1936
-1165
-917
-1331
-1842
-2227
-2432
-2173
-1448
-380
906
2230
3165
3623
3493
2807
1978
1246
872
993
1357
1450
1215
729
-77
-956
-1530
-1801
-1738
-1070
-357
-47
47
45
-22
8
151
134
302
657
631
289
-148
-710
-1362
-1942
-2495
-2873
-2773
-2405
-2111
-2026
-2039
-2076
-2401
-3037
-3295
-2819
-2116
-1585
-1497
-1780
-1957
-1912
-1783
-1452
-731
-82
106
75
-180
-500
-400
-316
-588
-579
-160
229
502
854
1045
1034
1042
870
673
750
1071
1136
807
544
487
788
1454
2432
3281
3820
4216
4168
3888
3607
3306
2826
2609
2953
3308
3653
4155
4656
4054
2428
828
-949
-1937
-733
1733
2708
1567
125
-1156
-2513
-3385
-2588
-553
923
1071
-5
-1307
-2023
-1903
-1451
-856
288
1379
1970
1850
1096
165
-535
-892
-1137
-913
-220
482
729
38
-1098
-2056
-2508
-2425
-1877
-991
-156
481
593
439
393
452
650
853
1267
1754
2031
1815
1232
620
-55
-443
-595
-594
-277
343
889
809
356
-234
-823
-1056
-918
-659
-657
-835
-1096
-1586
-2049
-2275
-2177
-2016
-2007
-2132
-2315
-2476
-2674
-2666
-2517
-2252
-2076
-2296
-2626
-2588
-2129
-1841
-1876
-2062
-2186
-2104
-1893
-1594
-1279
-1019
-938
-1001
-1093
-1116
-773
-92
340
389
338
248
109
129
416
686
901
1082
1110
895
594
455
274
157
374
810
1419
2136
2843
3262
3454
3575
3576
3580
3458
3233
2969
2883
2919
2844
2893
3070
3188
2643
1560
172
-939
-107
2132
3442
2541
525
-996
-2096
-2875
-2632
-1000
597
548
-762
-2406
-3574
-3644
-2729
-1691
-934
-211
-30
-590
-1421
-1857
-1493
-598
504
1282
1714
1846
1449
620
-337
-884
-1055
-893
-528
-411
-528
-743
-904
-985
-803
-290
299
733
738
596
478
355
235
128
303
701
1044
985
693
344
73
160
170
4
-147
-305
-512
-652
-583
-529
-486
-518
-836
-1244
-1446
-1596
-1980
-2413
-2649
-2753
-2952
-3026
-2670
-2110
-1671
-1560
-1895
-2491
-2647
-2342
-1984
-1611
-1264
-1202
-1486
-1652
-1618
-1293
-783
-337
-116
-130
-86
-160
-138
-48
-101
-98
-56
40
152
497
788
824
846
778
680
560
636
776
937
1314
1855
2644
3488
4169
4357
4012
3435
2987
2868
2864
2968
3110
3131
3006
2779
2888
3165
2852
2127
1145
200
643
2471
3495
2452
588
-422
-842
-1288
-729
1132
2506
1701
-717
-2832
-3745
-3552
-2488
-1205
-398
-309
-845
-1785
-2693
-2565
-1245
278
1422
2259
2493
1801
878
291
155
395
799
985
749
338
-210
-703
-929
-762
-231
156
220
-7
-385
-574
-393
156
706
1000
1016
883
639
239
-136
-411
-457
-255
-8
26
-184
-462
-615
-542
-309
-7
128
-102
-679
-1386
-1888
-2064
-2034
-1777
-1467
-1253
-1343
-1979
-2684
-3108
-3220
-3178
-2977
-2605
-2437
-2440
-2446
-2394
-2243
-1850
-1268
-880
-730
-713
-819
-1053
-1142
-929
-554
-79
340
524
292
-111
-320
-431
-401
-67
465
790
855
875
808
735
803
1169
1716
2286
2836
3247
3650
4099
4542
4754
4546
4120
3806
3696
3611
3476
3279
3092
2914
2748
2667
2266
1715
1448
751
-129
352
1961
2402
941
-222
-76
-31
-195
543
1576
1179
-709
-2653
-3717
-3654
-2574
-1303
-865
-1273
-1916
-2576
-3072
-2895
-1695
-175
665
872
760
405
7
44
577
1091
1448
1507
1032
149
-612
-816
-624
-200
380
793
570
-91
-614
-772
-356
519
1371
1518
915
231
-294
-526
-539
-504
-501
-543
-618
-853
-988
-856
-477
-122
-58
-65
-118
-308
-763
-1225
-1374
-1423
-1457
-1416
-1329
-1482
-1885
-2323
-2753
-2903
-2626
-2127
-2102
-2711
-3358
-3760
-3659
-3110
-2363
-1755
-1521
-1678
-2266
-2743
-2724
-2194
-1432
-897
-635
-602
-574
-512
-456
-311
-147
-80
-182
-245
-173
49
380
627
912
1091
1055
983
1091
1516
1999
2526
3031
3516
3934
4072
3977
3696
3619
3795
3881
3766
3586
3358
2990
2790
2833
2662
2218
1919
1296
129
-25
1493
2656
1709
164
211
716
156
-146
731
1162
-117
-1806
-2513
-2272
-1536
-690
-362
-899
-1610
-2162
-2896
-3376
-2706
-1376
-666
-751
-967
-1061
-1164
-1120
-611
90
467
461
18
-685
-1106
-987
-663
-320
93
363
233
-196
-406
-174
400
1125
1697
1751
1158
357
-261
-619
-622
-403
-408
-726
-1041
-1215
-1266
-1117
-733
-337
-331
-678
-1043
-1338
-1475
-1342
-1073
-889
-689
-463
-553
-855
-974
-920
-990
-1303
-1560
-1665
-1853
-2196
-2572
-2691
-2522
-2226
-1904
-1664
-1505
-1546
-1892
-2405
-2676
-2370
-1701
-1056
-700
-597
-578
-451
-300
-286
-90
135
134
-16
-51
205
612
1096
1517
1808
1806
1611
1562
1636
1845
2174
2505
2680
2881
3232
3357
3333
3397
3613
3762
3670
3457
3066
2762
2640
2695
2556
2160
1840
1054
241
803
2514
3011
1420
-2
152
533
79
39
1031
1377
198
-1215
-1588
-1161
-561
-72
-211
-804
-1277
-1650
-2255
-2516
-1655
-521
-108
-380
-705
-911
-1019
-773
-250
310
514
174
-644
-1398
-1392
-862
-305
181
547
605
405
320
584
1181
1781
2054
2060
1903
1611
1247
985
996
1134
1072
662
18
-628
-998
-1034
-903
-790
-754
-868
-1209
-1533
-1662
-1583
-1433
-1263
-1062
-1034
-1163
-1250
-1212
-1150
-1002
-827
-938
-1385
-1926
-2278
-2393
-2228
-1925
-1685
-1531
-1420
-1325
-1356
-1369
-1358
-1516
-1819
-2053
-2015
-1734
-1331
-1001
-885
-938
-1025
-1226
-1440
-1316
-905
-476
-193
-35
132
407
844
1405
1901
2150
2131
2069
2054
2175
2521
3000
3429
3737
4025
4044
3908
3928
4030
4069
4019
3886
3502
3078
2944
2902
2578
2457
2551
1842
938
1436
2460
1599
-509
-1064
-192
-151
-672
-97
775
201
-1149
-1769
-1543
-915
-108
299
-207
-941
-1209
-1377
-1726
-1416
-353
256
-67
-665
-1155
-1707
-1886
-1476
-981
-838
-942
-1196
-1679
-1888
-1537
-970
-601
-379
-195
-238
-276
-59
342
730
1007
1180
1048
754
594
632
769
876
820
343
-285
-848
-1304
-1574
-1593
-1286
-1025
-925
-1074
-1480
-1772
-1821
-1824
-2028
-2077
-1959
-2004
-2076
-1922
-1563
-1314
-1254
-1695
-2312
-2287
-2016
-2332
-2973
-2777
-1905
-1453
-1557
-1683
-1573
-1456
-1426
-1558
-1723
-1659
-1575
-1659
-1747
-1430
-836
-520
-683
-976
-940
-833
-795
-747
-562
-215
-17
48
150
531
1021
1256
1235
1183
1448
1851
2110
2348
2745
3271
3587
3544
3368
3430
3774
3989
3920
3748
3751
3774
3624
3630
3852
3803
3236
2913
2869
2215
1337
1556
2527
2259
671
-254
-111
-246
-591
-192
300
-297
-1453
-1914
-1738
-1265
-330
504
251
-689
-1101
-958
-859
-582
54
262
-439
-1407
-1969
-1961
-1489
-842
-561
-829
-1231
-1660
-2242
-2639
-2211
-1199
-531
-390
-328
-172
-50
167
596
1142
1650
1942
1872
1499
1308
1557
1764
1560
1170
838
389
-162
-358
-110
343
679
711
381
-59
-356
-625
-917
-1159
-1287
-1511
-1903
-2248
-2359
-2348
-2442
-2628
-2885
-3185
-3432
-3558
-3584
-3476
-3159
-2695
-2324
-2181
-2124
-1900
-1508
-1159
-912
-780
-706
-653
-617
-496
-317
-65
179
201
-14
-280
-321
-217
-66
130
189
121
89
226
386
504
731
1032
1252
1378
1613
1973
2313
2682
2992
3057
2892
2883
3170
3443
3720
4029
4242
4235
4091
3889
3846
4181
4393
4054
3564
3475
3062
1953
1634
2735
3399
2001
138
-162
185
-295
-890
-557
-313
-1254
-2571
-2972
-2546
-1835
-979
-868
-1768
-2372
-2016
-1750
-1994
-1719
-1011
-1010
-1885
-2504
-2351
-1921
-1366
-945
-1045
-1442
-1719
-2061
-2503
-2246
-1104
-86
51
-206
-201
-53
94
373
849
1326
1579
1429
945
713
987
1420
1505
1287
1061
800
557
480
666
944
1087
960
574
157
-257
-642
-986
-1282
-1551
-1821
-2047
-2331
-2642
-2976
-3247
-3366
-3585
-3938
-4217
-4268
-4219
-4196
-4094
-3788
-3366
-3027
-2731
-2453
-2141
-1837
-1599
-1416
-1221
-972
-763
-578
-379
-119
147
286
214
64
83
211
290
301
332
352
263
174
192
354
602
833
1019
1210
1509
1792
1937
1968
2004
2080
2137
2291
2651
3215
3734
4004
4115
4118
4129
4195
4322
4570
4878
5013
4588
3944
3791
3743
3086
2505
3013
3528
2471
618
-112
45
-294
-750
-523
-349
-1106
-2103
-2476
-2396
-2050
-1421
-1141
-1733
-2401
-2380
-2170
-2270
-2135
-1488
-1117
-1408
-1725
-1630
-1380
-1188
-1075
-1181
-1400
-1397
-1273
-1296
-1145
-429
361
488
188
161
393
556
685
903
1145
1290
1353
1343
1361
1542
1765
1703
1371
1186
1269
1363
1254
1121
1095
1018
754
300
-182
-540
-712
-835
-1083
-1356
-1649
-2007
-2414
-2833
-3036
-3031
-3064
-3378
-3817
-3941
-3677
-3488
-3684
-3822
-3641
-3256
-2961
-2792
-2596
-2406
-2195
-2078
-1848
-1308
-644
-304
-438
-604
-524
-274
-85
116
389
598
728
807
902
1056
1212
1163
978
946
1037
1196
1397
1616
1783
1790
1746
1702
1719
1873
2193
2498
2653
2890
3241
3527
3575
3570
3724
3934
4144
4352
4559
4623
4546
4289
3776
3341
3477
3900
3587
2639
2256
2545
2239
998
149
268
252
-369
-651
-356
-581
-1600
-2347
-2370
-2122
-1729
-1231
-1270
-1974
-2487
-2390
-2206
-2105
-1683
-1298
-1626
-2229
-2305
-2053
-2043
-2084
-1899
-1789
-1837
-1789
-1646
-1592
-1391
-877
-519
-491
-454
-253
-132
-69
297
876
1252
1309
1216
1057
977
1131
1366
1457
1472
1467
1207
688
286
240
300
169
-99
-409
-774
-1123
-1415
-1708
-1932
-2120
-2364
-2667
-2902
-2925
-2976
-3335
-3728
-3800
-3753
-3900
-4117
-4219
-4389
-4472
-3975
-3140
-2683
-2688
-2652
-2468
-2246
-1761
-1057
-689
-865
-1118
-1035
-606
75
783
1106
945
645
514
556
769
1108
1318
1264
1175
1279
1543
1803
1914
1842
1720
1735
1870
1986
2054
2220
2553
2859
3049
3107
3057
3028
3061
3190
3399
3615
3731
3614
3331
3189
3389
3654
3629
3520
3561
3263
2281
1589
2020
2574
1966
836
546
601
54
-404
22
429
-274
-1373
-1871
-1861
-1530
-861
-531
-1234
-2146
-2197
-1820
-1742
-1568
-951
-712
-1322
-1981
-2035
-1771
-1540
-1354
-1383
-1594
-1584
-1341
-1342
-1493
-1119
-423
-220
-462
-433
-101
58
197
658
1214
1519
1619
1631
1594
1764
2217
2564
2432
1965
1591
1333
1124
1053
1041
903
542
43
-540
-1036
-1260
-1308
-1422
-1724
-2074
-2369
-2707
-3052
-3281
-3423
-3604
-3912
-4290
-4583
-4692
-4582
-4330
-4078
-3880
-3733
-3562
-3346
-3078
-2749
-2429
-2145
-1883
-1596
-1307
-1002
-603
-182
168
414
587
688
778
994
1282
1513
1594
1590
1571
1576
1639
1739
1895
2069
2206
2291
2405
2632
2834
2864
2869
3020
3193
3258
3283
3348
3481
3669
3828
3788
3594
3457
3400
3332
3322
3501
3593
3303
2759
2375
2278
2051
1549
1249
1541
1853
1352
321
-316
-450
-625
-689
-215
141
-453
-1498
-2020
-1982
-1763
-1298
-809
-1014
-1818
-2214
-1877
-1421
-1142
-891
-917
-1552
-2274
-2318
-1784
-1339
-1205
-1213
-1394
-1746
-1911
-1689
-1330
-1000
-650
-350
-258
-256
-104
181
522
989
1565
1984
2060
1969
1929
1873
1787
1856
2047
2055
1771
1425
1142
836
542
309
42
-291
-593
-836
-1073
-1263
-1371
-1640
-2226
-2857
-3235
-3389
-3545
-3808
-4146
-4478
-4708
-4832
-4905
-4944
-4891
-4836
-4916
-4919
-4489
-3710
-3112
-2994
-3033
-2899
-2563
-2020
-1290
-659
-423
-481
-536
-429
-104
449
918
974
723
561
645
839
1089
1358
1503
1448
1401
1533
1842
2181
2412
2521
2505
2498
2626
2835
2975
2993
3033
3163
3266
3205
3068
2973
2950
2990
3009
2996
2972
2934
2801
2585
2441
2419
2447
2438
2409
2115
1462
956
1077
1459
1354
907
600
320
-232
-564
-111
402
158
-512
-947
-1223
-1378
-995
-262
-19
-520
-1054
-1261
-1349
-1281
-876
-493
-680
-1179
-1438
-1474
-1533
-1531
-1393
-1367
-1480
-1430
-1112
-832
-732
-572
-270
85
465
863
1104
1061
934
927
1129
1456
1783
1926
1737
1417
1228
1226
1213
1096
901
599
235
-42
-61
53
34
-212
-728
-1431
-2062
-2309
-2255
-2338
-2688
-3119
-3570
-4091
-4483
-4594
-4516
-4388
-4262
-4250
-4361
-4255
-3764
-3238
-3022
-2961
-2763
-2482
-2224
-1860
-1322
-815
-570
-524
-517
-387
-20
454
818
909
859
837
885
1052
1334
1677
1964
2127
2182
2226
2331
2534
2737
2835
2889
2978
3117
3225
3230
3185
3110
3009
2905
2814
2768
2724
2625
2431
2226
2140
2089
1928
1743
1675
1693
1764
1835
1858
1707
1378
1030
802
796
908
900
713
651
866
975
725
451
383
232
-6
139
704
1018
702
193
-158
-448
-471
9
477
289
-367
-933
-1314
-1640
-1645
-1235
-1043
-1469
-2084
-2361
-2341
-2214
-1865
-1363
-1069
-1055
-1009
-795
-567
-402
-199
20
125
209
411
664
815
867
900
917
898
847
771
690
598
503
439
429
430
339
76
-326
-750
-1100
-1349
-1560
-1835
-2166
-2528
-2939
-3388
-3706
-3758
-3669
-3704
-3894
-4043
-4036
-3873
-3689
-3641
-3688
-3653
-3470
-3291
-3116
-2767
-2315
-2070
-2138
-2201
-2035
-1746
-1470
-1176
-888
-697
-548
-382
-192
44
443
928
1230
1291
1353
1603
1921
2181
2410
2662
2903
3038
3079
3090
3143
3198
3192
3150
3097
3024
2888
2753
2644
2514
2378
2264
2117
1883
1632
1480
1459
1466
1429
1305
1094
827
592
513
610
785
911
917
832
746
719
737
873
1091
1179
1115
1197
1546
1790
1694
1510
1437
1294
1084
1163
1496
1593
1233
690
208
-248
-558
-528
-372
-513
-955
-1408
-1798
-2119
-2135
-1758
-1409
-1421
-1613
-1686
-1675
-1684
-1570
-1277
-1037
-1014
-992
-785
-511
-303
-172
-86
-64
-22
136
332
435
477
555
623
633
675
769
775
547
199
-24
-131
-295
-510
-684
-931
-1362
-1814
-2038
-2088
-2204
-2393
-2538
-2689
-2901
-3020
-2994
-2928
-2864
-2728
-2552
-2482
-2448
-2334
-2209
-2189
-2200
-2088
-1903
-1742
-1609
-1484
-1391
-1313
-1231
-1112
-954
-790
-570
-353
-169
66
377
694
897
1045
1232
1467
1753
2053
2280
2405
2519
2688
2849
2952
3029
3072
2997
2811
2673
2625
2604
2544
2401
2187
1989
1890
1808
1633
1413
1262
1116
910
740
671
613
506
404
347
305
275
337
456
605
819
1040
1187
1292
1461
1682
1843
1926
2056
2155
2136
2113
2224
2424
2509
2452
2354
2203
1885
1504
1246
1057
797
472
153
-181
-542
-761
-738
-724
-935
-1259
-1520
-1718
-1902
-2009
-1961
-1877
-1962
-2122
-2103
-1906
-1763
-1781
-1876
-1937
-1889
-1698
-1389
-1128
-984
-924
-915
-957
-970
-866
-740
-716
-790
-865
-902
-953
-1046
-1138
-1247
-1393
-1541
-1662
-1757
-1819
-1875
-1968
-2097
-2261
-2376
-2412
-2348
-2217
-2125
-2098
-2058
-1980
-1931
-1883
-1785
-1647
-1525
-1423
-1342
-1277
-1243
-1198
-1100
-1018
-1018
-1024
-950
-855
-754
-653
-548
-465
-443
-404
-296
-99
165
444
656
842
1073
1291
1460
1575
1706
1828
1890
1953
2088
2221
2272
2244
2175
2136
2122
2128
2124
2068
1981
1849
1677
1568
1531
1416
1192
1001
885
782
719
713
695
631
594
624
692
771
883
971
1014
1119
1303
1490
1593
1660
1759
1881
2048
2251
2416
2521
2574
2556
2497
2428
2334
2202
2118
2146
2139
1951
1714
1544
1304
954
653
501
333
55
-189
-407
-723
-1049
-1212
-1288
-1479
-1738
-1851
-1850
-1902
-1997
-1989
-1933
-1990
-2127
-2219
-2215
-2154
-2048
-1926
-1910
-1979
-1960
-1842
-1772
-1790
-1799
-1728
-1657
-1669
-1677
-1615
-1526
-1487
-1520
-1539
-1487
-1383
-1290
-1236
-1203
-1178
-1131
-1033
-929
-849
-787
-720
-650
-647
-621
-540
-500
-539
-600
-617
-665
-740
-766
-723
-700
-733
-744
-769
-851
-912
-893
-840
-750
-640
-536
-417
-308
-218
-150
-38
153
300
393
548
750
863
876
888
929
983
1065
1186
1281
1295
1276
1295
1296
1261
1255
1236
1147
1044
959
879
820
765
729
682
561
405
307
329
416
497
538
527
499
530
669
865
1048
1210
1354
1410
1424
1540
1755
1964
2023
1991
2001
2028
2083
2203
2386
2533
2550
2487
2415
2381
2420
2476
2474
2370
2160
1955
1804
1719
1738
1725
1557
1260
885
507
204
-3
-178
-376
-602
-841
-1140
-1490
-1751
-1854
-1923
-2085
-2279
-2454
-2627
-2802
-2940
-3016
-3041
-3023
-3024
-3068
-3092
-3020
-2855
-2744
-2709
-2672
-2621
-2515
-2346
-2165
-2019
-1913
-1803
-1712
-1619
-1408
-1102
-865
-749
-632
-508
-416
-312
-182
-103
-128
-220
-299
-337
-365
-345
-305
-346
-462
-574
-648
-688
-693
-656
-630
-624
-576
-540
-531
-492
-435
-402
-422
-440
-406
-361
-323
-297
-289
-307
-330
-278
-181
-88
-41
-24
-19
1
71
164
281
369
372
328
339
418
509
611
679
679
644
646
715
767
813
893
946
906
850
875
923
932
940
1021
1113
1155
1216
1308
1403
1484
1551
1603
1638
1682
1799
1915
2003
2104
2159
2142
2099
2139
2236
2299
2302
2288
2265
2231
2262
2306
2286
2238
2188
2116
2002
1902
1897
1920
1865
1707
1520
1279
934
643
514
471
373
164
-80
-332
-599
-826
-978
-1113
-1300
-1515
-1737
-1959
-2167
-2281
-2297
-2338
-2446
-2549
-2556
-2519
-2486
-2421
-2323
-2220
-2158
-2119
-2066
-1976
-1805
-1578
-1361
-1256
-1245
-1192
-1074
-921
-804
-692
-545
-455
-429
-388
-260
-120
-54
-58
-96
-126
-151
-160
-112
-72
-84
-104
-106
-80
-86
-134
-157
-179
-249
-355
-436
-487
-525
-584
-670
-744
-844
-976
-1084
-1135
-1124
-1095
-1065
-1046
-1019
-960
-879
-803
-773
-750
-676
-581
-523
-450
-306
-161
-50
37
146
272
354
393
405
436
521
647
746
826
942
1069
1127
1099
1091
1174
1272
1307
1313
1339
1374
1356
1349
1393
1454
1525
1550
1576
1615
1627
1643
1629
1637
1731
1779
1751
1765
1827
1838
1798
1764
1735
1705
1684
1649
1596
1560
1535
1480
1360
1219
1148
1090
937
705
513
369
236
139
89
82
20
-122
-294
-486
-651
-741
-736
-724
-753
-825
-933
-1078
-1269
-1431
-1487
-1535
-1612
-1688
-1758
-1767
-1787
-1767
-1733
-1740
-1736
-1688
-1579
-1500
-1447
-1432
-1387
-1328
-1304
-1281
-1254
-1199
-1162
-1139
-1118
-1075
-1006
-972
-979
-951
-868
-757
-635
-505
-408
-392
-410
-422
-411
-398
-374
-368
-391
-452
-569
-697
-788
-821
-851
-922
-1027
-1110
-1117
-1070
-1067
-1113
-1160
-1181
-1197
-1223
-1201
-1132
-1022
-961
-968
-954
-910
-852
-848
-833
-718
-556
-431
-353
-279
-194
-97
22
174
294
417
549
632
658
651
697
779
870
954
1016
1063
1110
1141
1152
1255
1360
1380
1388
1403
1429
1461
1528
1582
1579
1504
1420
1449
1544
1582
1611
1649
1640
1646
1692
1783
1870
1896
1914
1916
1852
1840
1862
1820
1760
1688
1627
1577
1525
1484
1448
1352
1237
1136
1018
962
932
908
875
767
629
543
515
482
399
301
236
205
197
230
281
285
239
148
40
-24
0
72
26
-134
-259
-321
-358
-405
-489
-553
-634
-753
-837
-856
-836
-846
-898
-963
-978
-917
-846
-844
-892
-956
-1022
-1072
-1093
-1047
-1012
-1045
-1111
-1175
-1230
-1282
-1331
-1344
-1304
-1279
-1287
-1296
-1302
-1272
-1264
-1278
-1212
-1111
-1045
-1045
-1124
-1173
-1156
-1123
-1106
-1087
-1048
-1052
-1118
-1192
-1127
-986
-870
-794
-789
-765
-724
-643
-489
-350
-300
-264
-236
-235
-184
-77
44
83
92
147
248
382
483
506
487
456
451
489
492
500
540
570
556
507
477
464
453
441
454
467
479
456
406
387
440
523
525
506
482
449
400
418
469
536
630
678
730
733
704
683
715
751
829
932
979
1061
1119
1174
1233
1254
1241
1286
1305
1234
1174
1194
1277
1272
1251
1273
1319
1277
1163
1104
1119
1130
1103
1061
950
855
781
746
725
692
614
496
335
132
36
-3
-64
-170
-280
-382
-432
-470
-520
-590
-752
-909
-1059
-1143
-1176
-1241
-1315
-1364
-1440
-1536
-1596
-1657
-1681
-1696
-1683
-1685
-1716
-1731
-1720
-1704
-1717
-1672
-1643
-1657
-1721
-1804
-1810
-1791
-1747
-1705
-1635
-1584
-1548
-1505
-1473
-1428
-1389
-1290
-1199
-1165
-1113
-1027
-965
-938
-902
-793
-672
-638
-619
-585
-516
-419
-315
-247
-152
-86
-72
-9
45
135
224
247
230
239
250
283
335
351
386
411
398
357
349
345
394
467
454
453
475
498
485
457
437
466
500
458
423
438
468
491
483
492
535
548
648
759
831
940
995
1041
1077
1087
1181
1305
1317
1371
1439
1491
1603
1646
1732
1841
1864
1910
1993
2036
2045
2063
2158
2211
2147
2213
2227
2171
2180
2148
2124
2101
2026
1969
1898
1760
1704
1621
1479
1350
1167
1014
914
813
693
526
378
279
133
69
9
-117
-208
-340
-375
-421
-523
-496
-541
-686
-761
-826
-830
-812
-881
-888
-939
-1034
-996
-1016
-1084
-1075
-1141
-1217
-1257
-1361
-1339
-1327
-1400
-1410
-1466
-1516
-1534
-1643
-1725
-1730
-1786
-1809
-1841
-1907
-1926
-1920
-1867
-1842
-1858
-1783
-1642
-1595
-1581
-1534
-1423
-1359
-1362
-1325
-1275
-1188
-1163
-1077
-963
-886
-803
-768
-756
-816
-808
-693
-608
-579
-588
-586
-564
-556
-493
-424
-399
-380
-404
-422
-413
-385
-305
-240
-260
-256
-203
-146
-152
-166
-73
-61
-77
-20
71
142
160
182
229
322
362
456
596
643
717
839
918
969
1040
1056
1140
1284
1389
1522
1628
1688
1773
1835
1854
1944
1969
1992
2118
2162
2205
2340
2441
2501
2448
2381
2455
2455
2408
2412
2410
2328
2208
2126
2008
1840
1775
1675
1410
1216
1076
1022
889
672
657
593
313
94
-20
-173
-292
-446
-596
-716
-879
-949
-909
-1003
-1120
-1124
-1256
-1412
-1457
-1409
-1332
-1324
-1342
-1308
-1329
-1400
-1388
-1435
-1471
-1445
-1421
-1420
-1388
-1321
-1323
-1357
-1428
-1409
-1356
-1391
-1424
-1402
-1430
-1496
-1503
-1492
-1469
-1490
-1508
-1530
-1603
-1684
-1697
-1698
-1754
-1713
-1738
-1821
-1793
-1782
-1829
-1812
-1713
-1685
-1719
-1738
-1647
-1513
-1495
-1390
-1212
-1191
-1149
-1038
-964
-847
-759
-641
-511
-502
-425
-257
-126
-76
-40
42
139
159
197
328
387
433
480
482
477
499
600
672
722
786
893
1020
1038
1022
1129
1181
1182
1273
1367
1493
1579
1726
1878
1858
1825
1937
2019
2014
2143
2308
2418
2435
2430
2479
2489
2451
2450
2442
2439
2482
2478
2417
2357
2336
2271
2242
2170
2077
2047
1897
1844
1792
1635
1658
1645
1547
1555
1458
1354
1304
1085
961
878
733
699
561
438
392
223
81
-56
-195
-279
-399
-515
-558
-657
-711
-703
-790
-893
-1033
-1067
-1078
-1136
-1162
-1155
-1105
-1173
-1246
-1229
-1177
-1150
-1212
-1244
-1165
-1173
-1241
-1237
-1250
-1283
-1321
-1362
-1402
-1426
-1476
-1490
-1569
-1731
-1749
-1732
-1749
-1843
-1887
-1844
-1890
-2014
-1997
-1891
-1877
-1894
-1882
-1812
-1826
-1828
-1752
-1671
-1685
-1632
-1471
-1475
-1389
-1220
-1111
-1022
-1023
-966
-767
-732
-665
-533
-565
-510
-437
-426
-325
-184
-149
-98
-67
-13
131
189
240
394
472
434
513
584
696
876
909
1003
1132
1160
1287
1380
1422
1508
1546
1567
1627
1697
1715
1746
1838
1854
1788
1869
1885
1825
1759
1675
1700
1752
1709
1705
1758
1619
1586
1504
1484
1587
1593
1558
1601
1605
1483
1515
1432
1451
1359
1254
1230
1223
1167
1066
1126
1035
1065
951
904
867
775
707
639
604
442
368
291
254
105
88
-44
-138
-236
-427
-398
-466
-532
-549
-564
-680
-619
-795
-778
-751
-961
-944
-1090
-1134
-1187
-1232
-1331
-1304
-1381
-1475
-1575
-1671
-1571
-1704
-1733
-1735
-1738
-1855
-1904
-1949
-1971
-1954
-1985
-1950
-2050
-2053
-2096
-2126
-2189
-2124
-2044
-2026
-2004
-2023
-1984
-1993
-1902
-1856
-1763
-1721
-1587
-1535
-1640
-1534
-1396
-1300
-1248
-1133
-1084
-994
-983
-946
-741
-686
-539
-340
-384
-378
-165
-119
-10
178
216
365
441
441
580
624
666
849
904
933
1001
1016
1096
1158
1241
1339
1384
1499
1542
1462
1506
1517
1494
1548
1457
1499
1535
1491
1550
1589
1537
1545
1653
1573
1619
1612
1608
1700
1667
1630
1639
1624
1529
1509
1378
1414
1455
1356
1391
1404
1370
1338
1338
1296
1297
1220
1244
1280
1131
1067
1049
961
903
870
732
778
790
621
600
576
537
551
364
268
371
194
90
156
-13
-129
-106
-312
-367
-271
-470
-472
-446
-721
-728
-724
-954
-864
-957
-1214
-1140
-1346
-1590
-1490
-1561
-1714
-1696
-1795
-1772
-1722
-1899
-1886
-1898
-2018
-2031
-2049
-2106
-2076
-2049
-2076
-2029
-1982
-1856
-1846
-1872
-1783
-1771
-1748
-1629
-1497
-1471
-1376
-1307
-1315
-1292
-1269
-1188
-1035
-1030
-989
-793
-802
-738
-555
-511
-401
-240
-261
-156
-53
-28
85
83
141
192
245
318
392
425
560
711
764
867
883
1026
1011
953
994
1044
1154
1219
1249
1224
1288
1270
1365
1404
1441
1558
1574
1555
1485
1552
1571
1592
1517
1456
1521
1566
1543
1513
1473
1387
1363
1255
1278
1295
1244
1286
1263
1143
1217
1269
1272
1228
1027
1087
1000
904
902
915
825
779
734
535
548
486
502
413
375
330
354
316
154
229
98
63
90
96
47
66
41
0
10
-89
-48
-26
-92
-88
-36
-195
-197
-235
-394
-435
-514
-591
-615
-657
-795
-839
-937
-972
-1014
-1082
-1188
-1248
-1246
-1446
-1476
-1494
-1542
-1547
-1637
-1739
-1765
-1802
-1814
-1752
-1846
-1832
-1872
-1923
-1847
-1870
-1846
-1759
-1735
-1765
-1686
-1629
-1502
-1441
-1424
-1236
-1139
-1118
-964
-896
-939
-699
-635
-533
-304
-339
-211
-77
-89
28
110
62
393
442
349
647
660
689
804
758
824
945
826
1004
1034
877
1103
1115
994
1114
1203
1087
1225
1165
1161
1265
1152
1230
1268
1139
1176
1275
1092
1188
1135
1059
1131
1087
1111
1099
1150
1256
1244
1113
1251
1207
1177
1213
1289
1260
1151
1269
1234
1186
1120
1228
1194
1061
1011
1087
963
867
918
810
826
736
816
686
587
552
465
371
238
193
153
139
-109
-92
-212
-271
-181
-267
-316
-365
-454
-528
-586
-713
-668
-788
-848
-858
-819
-783
-788
-798
-858
-869
-1004
-1053
-1113
-1112
-1219
-1197
-1099
-1172
-1223
-1282
-1297
-1318
-1398
-1454
-1393
-1443
-1381
-1378
-1418
-1404
-1392
-1344
-1372
-1344
-1356
-1295
-1310
-1318
-1321
-1343
-1302
-1279
-1199
-1124
-995
-948
-901
-903
-917
-844
-808
-742
-719
-710
-650
-535
-508
-424
-268
-266
-255
-212
-122
-16
41
72
181
265
173
250
315
324
406
366
401
502
486
557
665
595
654
744
725
784
849
842
930
913
830
953
958
947
1066
1118
1018
1142
1229
1122
1212
1215
1232
1304
1277
1230
1339
1326
1285
1403
1318
1302
1342
1291
1293
1327
1184
1288
1355
1138
1149
1096
1025
942
935
915
900
841
712
676
602
540
459
543
448
345
304
188
151
-4
-69
10
-110
-326
-261
-428
-473
-397
-586
-591
-687
-808
-862
-921
-968
-959
-1023
-1141
-1123
-1162
-1207
-1202
-1235
-1375
-1412
-1438
-1467
-1400
-1432
-1437
-1336
-1350
-1413
-1259
-1195
-1271
-1263
-1236
-1269
-1205
-1037
-989
-866
-738
-783
-814
-802
-793
-720
-596
-568
-518
-425
-386
-356
-367
-373
-297
-268
-327
-190
-179
-214
-131
-171
-74
31
50
58
169
179
203
299
298
306
350
363
328
503
514
540
583
620
745
645
687
827
810
727
808
795
821
819
864
976
806
830
964
1034
923
1036
1044
848
954
932
935
1039
1066
1062
1085
944
947
941
860
962
942
972
1004
899
856
907
831
833
814
859
925
798
843
858
751
750
771
715
699
647
663
620
543
620
596
542
466
355
212
111
97
142
56
4
76
-90
-188
-269
-388
-430
-550
-677
-637
-700
-860
-840
-1008
-1062
-1056
-1193
-1194
-1216
-1326
-1336
-1412
-1517
-1408
-1517
-1580
-1494
-1540
-1525
-1488
-1515
-1431
-1389
-1380
-1323
-1395
-1290
-1165
-1252
-1208
-1151
-1184
-1022
-1093
-1117
-937
-958
-959
-913
-840
-765
-656
-720
-639
-534
-560
-438
-380
-340
-301
-299
-285
-248
-262
-156
-43
-46
-36
-17
55
39
31
186
188
142
293
234
123
293
342
301
362
352
366
408
375
539
654
532
618
655
601
664
718
756
831
833
794
836
850
960
953
945
998
900
901
1006
987
996
1053
872
924
981
827
882
867
817
864
768
764
811
678
722
711
579
568
549
597
611
541
612
498
320
523
418
363
511
362
398
417
314
430
450
290
344
270
233
224
135
286
187
57
9
7
9
-67
-120
-223
-352
-383
-401
-554
-581
-617
-644
-739
-846
-763
-763
-937
-996
-975
-987
-967
-1062
-1012
-1012
-1121
-1144
-1141
-1086
-1013
-1098
-1132
-990
-1057
-1016
-983
-904
-832
-859
-770
-664
-550
-529
-480
-584
-525
-465
-444
-363
-352
-209
-187
-213
-186
-2
-44
-76
9
-43
-70
-48
-29
-1
4
-104
-1
2
-6
8
41
103
96
93
114
171
148
152
77
172
170
158
214
180
273
384
384
441
592
558
710
682
658
876
883
836
942
1041
965
1017
1089
1168
1181
1181
1175
1227
1291
1283
1334
1312
1263
1231
1200
1069
1105
1100
1016
974
984
981
844
856
816
751
716
666
627
579
513
485
350
343
377
220
253
177
140
111
14
43
6
-102
-105
-147
-267
-282
-375
-410
-486
-583
-538
-578
-664
-647
-635
-669
-696
-749
-722
-724
-790
-748
-771
-854
-819
-850
-850
-794
-864
-871
-789
-828
-885
-811
-859
-868
-801
-775
-745
-772
-767
-765
-765
-759
-729
-762
-738
-720
-746
-749
-730
-634
-684
-698
-667
-694
-719
-673
-614
-636
-648
-591
-647
-687
-581
-682
-648
-609
-590
-505
-604
-591
-555
-585
-551
-472
-479
-462
-420
-386
-337
-323
-252
-155
-79
-47
37
123
171
248
300
398
457
498
612
642
686
754
769
783
786
801
823
851
856
877
896
916
935
889
908
899
856
860
802
774
817
797
774
812
769
764
799
750
778
767
706
722
754
720
686
706
641
605
621
555
438
499
480
356
447
383
391
412
174
164
220
74
88
-22
-186
-32
-145
-248
-148
-247
-250
-233
-422
-363
-333
-469
-389
-464
-541
-461
-512
-502
-420
-524
-508
-440
-455
-449
-426
-371
-399
-300
-299
-327
-260
-328
-334
-257
-289
-343
-314
-370
-281
-233
-219
-151
-228
-187
-193
-240
-164
-152
-241
-160
-157
-281
-178
-238
-315
-268
-347
-365
-332
-394
-381
-344
-418
-362
-339
-318
-258
-357
-433
-407
-354
-381
-331
-335
-349
-281
-305
-296
-258
-243
-297
-282
-240
-230
-141
-51
-59
-35
-37
-9
47
33
182
220
237
310
306
313
422
500
544
626
659
741
719
790
846
819
788
877
887
838
986
898
967
1020
909
957
1002
956
961
866
757
788
669
679
655
612
601
537
515
476
449
400
414
330
275
310
250
202
175
80
92
89
21
113
48
-13
29
-12
-20
-43
-18
29
5
-18
-86
-95
-105
-256
-194
-233
-370
-261
-414
-469
-411
-519
-492
-496
-552
-532
-614
-661
-587
-707
-697
-651
-671
-615
-622
-677
-656
-617
-698
-598
-552
-619
-621
-625
-622
-574
-585
-583
-523
-547
-495
-470
-479
-454
-410
-464
-472
-459
-474
-447
-460
-450
-472
-370
-393
-430
-378
-385
-389
-422
-423
-405
-328
-405
-363
-306
-339
-259
-296
-265
-255
-264
-144
-102
-132
-44
-47
-87
-43
-74
-48
-6
30
96
129
113
149
213
178
140
270
295
239
339
314
345
442
375
365
493
407
433
512
402
495
542
502
525
582
527
536
561
459
440
491
471
416
449
435
408
387
482
466
402
463
466
414
343
354
301
290
257
265
307
261
216
235
260
198
204
140
130
134
52
69
92
-9
59
83
-20
49
-10
-43
-52
-90
-118
-126
-177
-144
-103
-148
-123
-174
-108
-187
-260
-174
-183
-260
-199
-206
-303
-278
-401
-301
-278
-338
-299
-329
-269
-286
-352
-324
-334
-360
-296
-365
-296
-286
-319
-273
-412
-378
-226
-298
-309
-212
-307
-227
-280
-353
-179
-201
-249
-234
-292
-270
-214
-315
-247
-198
-260
-170
-100
-179
-157
-103
-218
-179
-169
-216
-156
-161
-201
-123
-139
-147
-16
-69
-108
-89
-61
1
-28
-38
29
57
31
68
104
69
86
183
140
87
217
239
203
223
212
306
348
247
339
430
289
303
385
347
402
356
341
499
411
345
494
478
452
461
378
377
384
375
318
311
391
373
348
318
305
351
355
281
315
315
300
285
203
271
215
168
179
123
123
131
77
146
134
61
192
16
-17
117
-24
19
127
-7
36
94
6
120
81
-23
46
94
-1
-44
-20
25
-32
-29
30
-109
-65
-148
-252
-132
-183
-281
-98
-172
-359
-246
-316
-305
-264
-322
-325
-261
-356
-353
-217
-376
-358
-253
-378
-374
-291
-368
-283
-335
-382
-228
-316
-306
-177
-254
-275
-221
-325
-226
-209
-321
-227
-215
-324
-271
-204
-305
-211
-224
-304
-172
-169
-250
-197
-280
-320
-176
-266
-261
-116
-183
-192
-105
-197
-157
-83
-131
-97
-45
-53
-33
85
44
59
81
83
185
185
181
209
202
172
204
171
180
240
219
215
233
262
285
281
237
271
351
384
279
259
321
299
345
291
305
351
277
302
406
363
355
412
376
381
345
378
416
409
373
396
438
389
419
390
313
285
258
188
221
211
183
206
64
15
14
-27
-17
-16
-91
-73
-75
-136
-122
-135
-170
-173
-119
-195
-104
-60
-171
-126
-147
-207
-178
-121
-169
-144
-139
-173
-148
-99
-47
-39
-53
-96
-142
-149
-128
-129
-90
-156
-162
-149
-221
-197
-168
-240
-248
-252
-278
-177
-261
-261
-216
-243
-243
-233
-186
-200
-240
-214
-164
-295
-238
-191
-256
-274
-234
-115
-181
-221
-148
-159
-176
-161
-291
-212
-223
-293
-219
-341
-315
-304
-424
-371
-334
-436
-358
-366
-420
-363
-404
-383
-381
-353
-333
-325
-208
-133
-155
-103
-53
-75
10
90
60
77
162
145
169
212
186
278
192
88
234
139
110
275
163
206
287
131
241
313
224
238
241
263
270
239
238
369
384
320
357
365
428
504
474
490
597
532
550
599
554
614
597
547
579
554
547
534
409
487
399
325
357
225
244
188
94
172
187
40
129
44
-31
87
13
94
119
1
-8
68
10
77
106
81
92
6
51
73
89
70
93
100
59
35
-5
-87
-93
-112
-162
-141
-240
-141
-217
-336
-221
-337
-392
-316
-440
-496
-424
-511
-445
-483
-541
-455
-467
-470
-507
-446
-438
-495
-463
-512
-539
-409
-405
-356
-360
-449
-289
-314
-427
-329
-264
-303
-290
-306
-303
-262
-289
-254
-214
-231
-214
-211
-284
-253
-253
-261
-194
-218
-176
-150
-154
-127
-117
-104
-101
-28
-34
-23
61
55
35
-31
-48
9
-5
-33
68
82
72
112
79
133
152
142
223
230
183
308
309
255
351
286
322
392
335
397
427
314
384
460
415
563
548
419
480
412
411
516
449
518
510
401
501
518
489
537
477
425
468
419
433
478
432
424
417
366
350
393
378
311
257
272
266
283
256
230
286
174
198
231
125
163
153
56
94
131
40
54
46
2
-32
-82
-53
-58
-116
-165
-201
-192
-191
-272
-279
-285
-298
-384
-452
-377
-470
-528
-448
-493
-526
-478
-491
-475
-522
-524
-538
-599
-488
-486
-514
-498
-514
-492
-480
-525
-508
-513
-507
-430
-499
-434
-378
-460
-432
-446
-492
-441
-468
-434
-420
-505
-411
-449
-500
-392
-395
-474
-415
-426
-452
-383
-428
-347
-359
-353
-314
-362
-257
-251
-280
-216
-216
-229
-166
-195
-148
-100
-144
-36
-78
-138
-31
-61
-67
61
50
27
125
64
52
96
49
130
190
168
238
316
278
348
394
334
406
481
459
487
543
500
546
592
528
590
676
614
635
657
623
685
633
610
701
645
603
667
673
653
615
590
565
599
583
524
560
451
454
481
405
396
379
330
272
309
261
248
300
263
217
291
251
176
230
113
117
120
50
66
90
18
10
33
-21
12
-29
-21
-42
-71
-149
-164
-164
-246
-225
-307
-296
-236
-308
-365
-370
-423
-387
-338
-361
-396
-406
-428
-509
-445
-458
-465
-432
-444
-455
-478
-462
-438
-446
-449
-438
-459
-421
-462
-451
-454
-451
-389
-392
-415
-401
-374
-410
-357
-389
-356
-379
-395
-341
-418
-398
-367
-364
-373
-394
-406
-401
-452
-377
-342
-356
-326
-313
-266
-304
-285
-229
-191
-214
-92
-60
-62
44
-2
55
131
111
146
219
157
200
236
189
306
309
288
377
368
345
409
357
410
490
427
419
439
442
467
532
490
527
587
548
534
563
557
542
574
561
580
595
608
568
563
568
550
592
562
564
571
512
498
506
442
425
464
405
387
379
322
334
297
246
231
178
175
152
100
43
34
40
-66
-57
6
-90
-120
-91
-146
-154
-181
-219
-185
-281
-342
-300
-369
-422
-414
-483
-456
-420
-499
-470
-486
-525
-506
-565
-563
-536
-611
-632
-653
-685
-686
-740
-733
-706
-756
-747
-706
-725
-741
-758
-731
-700
-683
-654
-619
-624
-600
-550
-548
-514
-494
-437
-406
-392
-361
-347
-324
-312
-354
-354
-251
-255
-230
-171
-153
-163
-151
-92
-73
-31
-49
-20
74
87
58
129
153
156
208
200
317
316
244
327
400
381
396
442
470
456
426
526
519
466
536
572
545
546
540
561
577
525
555
589
587
539
542
552
521
541
529
545
550
533
488
495
524
495
481
488
506
460
438
451
456
420
369
371
389
325
299
333
286
283
260
256
258
213
147
136
147
74
63
57
74
33
27
20
-15
37
-29
-72
-53
-116
-168
-140
-168
-159
-169
-237
-226
-256
-231
-205
-253
-272
-262
-338
-369
-303
-307
-283
-307
-325
-281
-293
-295
-289
-318
-309
-363
-393
-329
-332
-341
-327
-329
-363
-368
-345
-358
-396
-423
-446
-404
-431
-471
-359
-364
-415
-353
-377
-381
-287
-364
-298
-189
-306
-262
-213
-210
-165
-154
-151
-98
-92
-82
-13
-26
-25
2
-3
-22
-15
0
19
11
7
-2
10
51
53
69
60
57
46
70
97
126
161
198
221
211
256
263
272
361
381
359
448
467
462
495
442
470
526
469
427
484
462
399
411
377
306
336
340
298
376
349
307
360
263
265
307
175
206
250
144
182
218
152
174
138
112
176
154
147
168
172
159
150
154
161
161
108
91
61
-8
-13
-41
-76
-62
-156
-226
-209
-259
-284
-295
-326
-335
-380
-442
-420
-429
-441
-397
-383
-393
-394
-357
-363
-382
-387
-372
-348
-341
-338
-324
-291
-290
-314
-287
-241
-264
-278
-350
-361
-342
-446
-405
-320
-371
-355
-310
-332
-275
-274
-331
-308
-266
-275
-290
-273
-223
-186
-233
-165
-110
-130
-122
-96
-91
-96
-75
-60
-57
-44
34
1
-32
6
24
4
-20
-28
-18
-2
-49
-51
-34
-4
-5
2
30
38
16
22
54
58
103
130
171
222
233
199
258
313
303
303
314
375
398
381
379
447
455
458
463
474
476
456
460
398
380
367
364
333
299
328
346
295
266
309
291
273
242
240
225
193
228
229
186
180
189
203
198
186
239
174
157
190
119
98
113
84
35
3
-20
-37
-106
-100
-117
-195
-215
-260
-306
-323
-358
-397
-416
-438
-479
-511
-424
-433
-503
-486
-515
-538
-549
-523
-470
-495
-514
-416
-397
-446
-351
-314
-358
-308
-304
-308
-256
-241
-216
-135
-142
-168
-111
-124
-112
-104
-134
-105
-70
-118
-95
-42
-42
-18
-22
19
7
34
57
64
112
97
107
135
176
196
209
194
234
229
245
289
260
287
285
276
237
275
281
261
289
253
234
247
236
208
243
226
261
266
212
249
237
199
216
230
206
233
213
209
256
260
280
317
334
278
296
327
317
312
292
286
299
308
283
301
269
277
268
202
195
164
133
103
86
48
29
5
-5
-22
-77
-131
-131
-129
-182
-170
-182
-161
-148
-153
-168
-143
-151
-175
-155
-207
-188
-216
-201
-218
-232
-202
-203
-201
-208
-203
-231
-184
-197
-162
-182
-215
-169
-188
-213
-241
-225
-219
-190
-217
-204
-213
-262
-207
-240
-284
-223
-195
-221
-231
-225
-239
-278
-286
-258
-225
-207
-158
-145
-94
-79
-98
-71
-32
-45
-72
-50
-67
-8
-70
-57
-42
-105
-48
-53
-73
-60
-42
-44
-26
-62
-44
-31
-27
1
-26
-27
12
13
19
5
-21
53
54
52
63
98
100
126
141
124
141
162
192
141
194
195
215
222
207
202
197
199
214
274
212
270
297
293
310
319
319
315
325
314
327
280
295
305
332
331
352
380
383
386
362
388
354
333
325
289
240
261
240
219
189
154
141
77
48
14
-29
-98
-78
-97
-136
-111
-105
-120
-166
-187
-177
-172
-207
-209
-223
-202
-180
-158
-139
-162
-154
-158
-188
-211
-226
-257
-243
-277
-294
-269
-301
-311
-318
-345
-344
-351
-366
-370
-409
-379
-382
-386
-334
-286
-271
-274
-261
-249
-211
-218
-185
-155
-141
-118
-60
-73
-77
-37
-78
-72
-99
-69
-68
-92
-113
-91
-86
-104
-51
-57
-56
-89
-47
-48
-37
-32
-12
50
26
56
57
99
89
122
174
154
209
217
245
314
335
366
414
386
398
431
389
355
354
382
356
346
373
359
300
295
328
327
319
352
392
348
348
359
345
318
324
338
343
375
383
378
356
358
343
367
366
379
392
344
331
294
283
251
189
173
195
163
109
93
74
78
73
54
15
-32
-38
-41
-68
-94
-89
-70
-99
-141
-167
-160
-197
-198
-184
-220
-252
-260
-251
-271
-287
-295
-271
-315
-324
-309
-326
-319
-343
-332
-299
-290
-280
-256
-265
-233
-253
-288
-282
-289
-277
-242
-214
-202
-176
-214
-197
-165
-196
-198
-198
-203
-173
-178
-177
-151
-176
-188
-195
-218
-239
-245
-225
-196
-199
-173
-189
-177
-148
-153
-122
-121
-84
-83
-60
-26
-15
3
39
60
110
146
125
182
174
164
194
194
203
212
219
260
273
245
265
252
256
289
287
308
311
288
320
340
364
384
386
406
415
412
421
418
400
428
419
414
389
354
372
353
343
336
308
296
298
252
214
221
206
215
212
189
144
78
30
-2
7
-33
-59
-65
-99
-93
-108
-145
-192
-195
-215
-197
-179
-206
-219
-242
-239
-251
-249
-263
-240
-238
-253
-255
-233
-238
-275
-243
-234
-225
-239
-255
-273
-259
-241
-224
-242
-254
-227
-206
-179
-182
-139
-150
-158
-160
-163
-182
-191
-184
-199
-192
-203
-188
-189
-168
-150
-141
-194
-221
-183
-173
-160
-172
-182
-204
-174
-171
-199
-214
-250
-268
-293
-312
-297
-300
-316
-294
-257
-221
-198
-190
-180
-137
-101
-90
-57
-6
26
47
76
93
91
90
122
137
165
165
155
200
240
260
285
305
336
365
340
364
386
379
407
406
428
453
412
420
448
421
445
438
384
386
393
400
389
360
351
371
365
366
390
349
318
333
313
281
257
215
194
174
163
153
123
90
79
60
19
-5
-40
-46
-62
-51
-47
-85
-109
-106
-100
-109
-136
-164
-144
-157
-158
-140
-147
-167
-204
-246
-268
-270
-293
-281
-257
-216
-204
-232
-241
-255
-273
-284
-273
-274
-263
-251
-243
-204
-201
-226
-223
-235
-238
-226
-240
-275
-286
-310
-305
-288
-293
-269
-246
-206
-197
-216
-242
-271
-276
-258
-256
-254
-271
-288
-251
-250
-250
-240
-236
-234
-194
-171
-163
-137
-124
-74
-43
-24
-20
-17
-18
2
22
12
9
2
37
66
68
60
43
40
54
63
53
37
49
79
111
134
158
181
185
221
263
275
278
256
234
275
298
297
300
297
334
369
405
416
417
417
421
428
424
442
396
365
383
383
406
405
378
346
328
323
311
279
265
278
262
264
258
225
204
200
181
134
92
59
37
13
-5
-11
-23
-42
-52
-68
-96
-137
-177
-215
-250
-275
-316
-339
-304
-307
-332
-325
-367
-398
-378
-365
-368
-360
-377
-372
-358
-366
-343
-363
-393
-373
-348
-360
-344
-353
-350
-335
-328
-291
-272
-260
-240
-208
-178
-134
-121
-109
-82
-65
-51
-54
-60
-50
-15
18
48
66
78
82
109
109
99
108
118
134
156
182
179
175
136
115
88
50
54
49
41
54
77
79
67
46
40
28
18
24
48
63
74
100
98
105
105
91
83
89
87
73
108
122
131
154
140
132
123
117
114
122
116
133
152
152
166
174
199
182
143
123
129
146
162
169
169
192
190
186
160
122
107
87
93
124
138
122
130
130
127
130
143
133
107
113
107
124
123
122
105
81
56
31
34
15
27
37
44
55
65
45
29
8
-27
-31
-47
-46
-54
-73
-89
-76
-84
-117
-137
-156
-160
-177
-197
-198
-205
-213
-209
-223
-238
-248
-268
-260
-269
-299
-288
-295
-300
-299
-325
-356
-344
-320
-303
-261
-278
-286
-265
-260
-246
-218
-238
-227
-204
-220
-178
-192
-207
-194
-182
-169
-156
-152
-158
-131
-117
-92
-86
-80
-67
-52
-35
-29
-31
-41
-26
-15
-9
-15
-28
-15
16
24
16
2
-25
-8
-2
-2
11
21
21
27
70
77
76
91
83
98
111
114
115
94
85
97
106
72
60
64
67
81
75
77
85
86
80
108
112
134
160
143
145
134
110
119
134
131
137
134
143
132
111
111
106
96
84
86
89
90
88
84
84
88
76
47
39
41
27
41
29
29
34
30
50
40
48
45
33
22
40
68
61
78
93
106
103
93
97
92
90
89
83
74
64
71
54
55
69
49
46
36
25
18
14
4
13
7
-23
-19
-13
-8
-28
-34
-52
-76
-80
-85
-81
-81
-72
-70
-73
-56
-50
-62
-35
-32
-43
-31
-40
-34
-36
-27
-26
-58
-78
-76
-35
-8
-5
-14
-37
-11
-8
-8
3
2
25
19
44
74
48
68
81
78
81
45
47
36
51
66
53
88
76
68
67
67
79
77
96
111
111
66
50
62
45
54
46
31
28
24
39
36
17
9
22
21
22
20
42
20
-3
44
43
43
26
11
-20
-33
-17
-33
-21
-34
-92
-69
-24
-64
-45
-50
-67
-45
-45
-40
-83
-98
-117
-136
-131
-142
-147
-127
-101
-117
-119
-151
-175
-114
-87
-86
-85
-116
-93
-71
-73
-70
-74
-79
-159
-140
-145
-169
-152
-167
-117
-105
-95
-103
-147
-171
-133
-135
-161
-159
-143
-108
-105
-46
-27
-74
-82
-82
-57
-85
-96
-63
-80
-35
-4
2
-10
26
1
80
115
82
128
69
111
81
98
31
29
6
-69
-124
-87
-190
-100
-42
-137
-104
-225
-51
-315
339
132
-710
-167
123
325
276
595
225
-509
-92
-243
489
644
-1004
66
53
-679
537
484
-117
283
235
-458
144
25
-22
141
251
600
388
367
131
-118
-118
-76
-314
-289
-311
-430
-501
-136
-84
-378
-99
13
343
447
490
836
790
531
478
588
893
535
170
42
-423
-347
-325
-159
-51
-217
-647
-1026
-766
-480
-446
-417
-270
-355
-218
-45
114
287
146
66
137
264
325
338
102
-176
-65
164
273
275
249
255
146
54
42
47
116
130
121
113
17
9
53
40
33
19
-27
-121
-114
-29
95
97
-15
70
120
98
103
40
47
73
199
336
392
424
316
272
223
85
21
38
54
83
102
31
-30
-87
-132
-156
-249
-348
-364
-298
-237
-145
-50
-34
21
78
201
317
393
419
343
342
399
329
233
171
88
76
11
-29
-41
-43
1
67
56
-33
-16
40
96
105
113
36
13
36
-6
20
-59
-116
-156
-233
-198
-201
-239
-252
-277
-172
-116
-69
-18
-34
13
87
79
-8
-40
-57
152
174
111
209
164
198
157
177
235
156
113
78
52
13
-198
-265
-197
-208
-196
-213
-75
-83
-62
85
74
91
-29
-139
-46
52
34
-60
-121
-119
-76
16
-21
-146
-161
-208
-203
-285
-431
-352
-398
-463
-364
-375
-365
-270
-209
-78
2
-10
42
8
62
153
138
104
17
105
97
17
90
-10
-121
-98
-29
-61
-138
-79
-27
-61
18
83
1
46
33
124
226
191
174
120
151
197
113
-4
27
-71
-49
-109
-238
-103
-160
-126
-19
-29
-113
-164
-118
-111
-73
-88
-26
26
36
44
-68
-101
-198
-168
-95
-99
-45
-128
-145
-112
-29
11
28
23
-49
-28
-51
29
70
3
0
20
90
103
107
114
98
155
216
138
128
124
163
274
255
200
174
223
194
230
277
201
130
113
158
92
55
-20
-118
-67
-12
-51
-32
-28
-42
42
24
-16
-127
-157
-121
-166
-125
-136
-144
-155
-150
-97
-65
-82
-86
-27
-78
-56
-25
-60
-80
-130
-128
-164
-182
-222
-198
-100
-28
22
27
70
144
224
199
129
70
60
134
129
70
45
-6
-9
89
144
127
80
27
-42
1
32
40
151
85
97
136
41
0
-11
1
-30
-24
-57
-71
-43
-99
-39
1
-13
34
70
121
166
140
101
107
91
138
171
152
184
184
201
188
136
137
135
75
104
101
33
23
-10
3
-24
-72
-17
24
69
151
153
160
199
186
158
152
57
-5
-22
-89
-88
-97
-102
-70
0
43
98
142
135
121
101
97
42
62
3
-96
-66
-99
-59
-5
-44
-11
20
33
27
52
54
56
104
69
10
-34
-74
-128
-158
-180
-241
-279
-242
-198
-194
-149
-124
-133
-59
-42
-42
-44
-121
-148
-135
-122
-128
-112
-119
-112
-115
-97
-63
-78
-101
-81
-44
-90
-57
-14
24
1
15
77
59
4
43
110
6
15
-17
9
7
-56
14
11
14
22
95
93
56
61
57
24
7
7
-39
-20
-58
-35
-3
-53
5
16
6
15
14
-7
-72
-53
-31
-29
-72
-63
-93
-151
-69
-20
-18
-44
8
34
46
95
90
66
38
4
37
32
-32
-12
-44
14
28
32
49
25
96
64
50
62
0
-34
-38
-52
-58
-103
-119
-89
-79
-16
8
-14
22
-2
-24
12
-8
3
-40
-38
42
31
41
70
72
133
100
115
158
165
186
105
149
131
105
88
77
35
39
106
23
42
59
42
-36
-9
59
106
-38
-126
84
71
67
-60
-58
93
135
67
-86
-26
-128
-347
-359
-253
-97
26
-307
-348
-93
-194
-114
-75
21
127
105
8
-91
-117
-179
-136
-117
31
60
-31
-15
-17
87
111
38
12
-107
-168
-123
-178
-118
-25
-10
102
172
269
278
122
85
80
37
0
-18
-19
-61
-93
-45
8
89
174
165
87
-55
-54
-46
-56
-34
-170
-168
-165
-150
-26
-22
45
123
81
53
31
6
20
-3
43
142
135
83
82
99
105
129
132
129
70
26
-31
-88
-140
-192
-180
-184
-177
-183
-108
-3
33
85
104
35
2
-20
-72
-30
-21
-27
1
49
156
183
165
107
109
258
268
226
229
159
96
112
67
-5
-30
-62
-8
45
98
49
-33
-63
-94
-45
-24
-50
-7
66
40
34
22
-22
-57
-51
29
48
50
77
48
93
95
65
114
57
68
96
60
19
-36
-73
-111
-94
-53
-104
-80
-20
-48
21
5
-21
-12
-14
-15
-48
-33
-34
-4
35
63
64
35
41
67
46
-11
-63
-148
-153
-85
-64
-55
-84
-107
-123
-112
-63
-140
-195
-181
-186
-134
-107
-122
-100
-120
-72
53
7
-14
41
-37
-20
53
-4
39
73
46
131
117
60
19
24
136
155
165
136
73
84
23
2
-22
-91
-97
-124
-95
-61
-74
-65
-63
13
50
58
74
14
15
0
5
-23
-61
-52
-63
-45
-78
-101
-92
-30
-10
-30
-4
-42
-70
-11
20
-15
-44
-59
-76
-53
-22
-23
-15
-43
-35
27
40
20
-18
-79
-88
-78
-117
-108
-108
-88
-53
-73
-69
-109
-162
-131
-97
-75
-89
-106
-96
-77
5
20
-4
0
32
108
159
146
88
58
92
99
79
62
24
30
45
71
71
37
32
-4
24
29
-12
-19
-27
25
47
49
55
46
51
79
110
131
152
158
175
144
71
7
-22
0
45
81
76
52
30
31
73
98
96
73
39
24
46
53
4
-3
-8
23
63
48
48
6
-18
3
14
29
0
-31
19
15
-12
-47
-83
-56
14
41
35
31
34
107
123
129
83
82
90
102
150
72
62
23
13
32
23
43
25
-20
-9
-2
-4
19
-19
-20
-58
-23
-9
-76
-81
-89
-95
-119
-102
-122
-115
-104
-142
-149
-187
-211
-173
-147
-110
-81
-111
-80
-31
-12
11
-3
-31
-66
-51
-28
-48
-55
-65
-47
-31
-12
-15
-37
-35
-28
-38
-42
-42
-64
-45
-39
-12
-3
-4
15
2
26
31
-5
-40
-70
-56
-23
-32
-28
-7
3
33
39
30
12
4
22
57
55
36
33
-11
-24
-35
-106
-115
-84
-39
-1
21
44
1
-11
4
9
27
35
8
12
51
63
76
101
78
62
83
87
128
123
103
109
76
75
71
62
95
72
27
15
0
18
13
38
16
-62
-62
-66
-26
27
55
74
73
71
80
96
88
50
37
48
82
116
92
114
107
76
98
49
7
24
54
62
24
-4
-21
5
6
0
-17
-52
-45
-53
-34
-54
-42
-71
-100
-89
-90
-15
-15
-15
7
27
25
4
-9
-38
-68
-55
-27
-35
-28
-29
-28
-63
-70
-81
-81
-71
-93
-53
-59
-86
-112
-146
-153
-126
-112
-137
-126
-95
-109
-99
-74
-91
-83
-71
-82
-103
-105
-96
-77
-29
3
6
-9
-20
-15
2
15
2
-11
19
18
19
28
3
25
39
50
48
48
42
20
46
37
-5
-36
-53
-46
-25
-16
-28
-35
-51
-25
5
4
0
-30
-29
7
32
19
-15
-7
16
2
13
34
26
43
65
94
114
93
75
90
111
96
46
-7
-21
-9
12
37
21
27
37
37
18
24
47
45
80
81
79
40
0
12
0
49
93
79
72
98
137
136
110
79
72
66
99
126
91
78
67
52
25
-5
-17
5
12
20
26
-5
-43
-59
-49
-61
-63
-101
-122
-88
-49
-45
-47
-28
-42
-25
-24
-14
-9
-30
-44
-73
-74
-67
-61
-56
-37
-25
-32
-47
-42
-41
-55
-43
-48
-56
-54
-34
-5
16
-3
-6
12
0
19
4
-17
-16
-27
-24
-39
-58
-61
-70
-88
-66
-33
-21
-5
-6
-16
-14
0
9
24
47
58
57
60
96
131
126
88
71
85
83
91
104
76
45
35
43
76
71
50
37
0
-27
-46
-46
-49
-58
-68
-87
-108
-104
-72
-76
-63
-38
-51
-52
-16
6
1
18
30
5
15
49
47
48
39
24
15
26
16
-4
-16
-19
-6
-25
-24
-34
-37
-14
-6
-20
-47
-43
-46
-56
-58
-70
-77
-73
-64
-38
-11
14
4
-34
-29
-45
-55
-39
-50
-45
-26
-14
8
8
-10
13
33
9
-10
-12
2
1
-15
-39
-30
-15
-32
-6
-14
-18
-5
2
33
15
-4
-21
-64
-79
-41
-33
-38
-23
-6
4
-4
1
17
30
57
90
84
74
61
54
45
17
9
12
17
40
73
86
89
75
61
49
54
44
8
-29
-43
-39
-54
-74
-121
-135
-146
-112
-66
-45
-11
23
63
65
79
55
23
29
21
11
-29
-72
-93
-85
-47
-24
-18
1
30
74
121
135
109
54
20
-6
-18
-27
-52
-81
-97
-90
-92
-88
-80
-58
-37
-4
4
-10
-16
-9
-3
-30
-65
-102
-99
-62
-12
2
7
25
45
87
120
126
110
90
57
48
0
-39
-75
-93
-87
-102
-72
-86
-81
-27
9
38
37
45
56
38
28
9
-46
-88
-79
-44
-27
-8
18
44
83
117
130
128
136
166
180
177
164
100
47
30
14
-2
-5
-20
-7
40
80
77
52
39
30
64
74
39
-14
-63
-58
-57
-66
-86
-89
-58
-25
29
76
87
83
94
102
112
129
99
64
62
63
35
-16
-41
-48
-40
-17
-4
0
13
51
83
51
-15
-57
-80
-73
-43
-39
-70
-86
-97
-88
-58
-43
-63
-90
-76
-51
-31
-43
-69
-85
-80
-41
-29
-27
-11
4
20
35
41
31
19
32
42
37
32
15
12
20
27
21
-12
-40
-52
-43
-19
-12
-16
-29
-19
-1
-1
-33
-49
-23
-25
-26
-20
-31
-35
-22
-30
-28
-13
3
36
55
42
28
-6
-47
-38
-17
2
-12
-40
-51
-58
-51
-54
-61
-70
-71
-52
-35
-28
-47
-46
-36
