-80
-22
-53
-60
-59
-103
-51
-90
-48
-26
-27
-4
20
43
93
58
90
108
69
101
78
95
106
105
112
134
144
172
142
145
123
114
94
62
84
61
59
69
67
27
27
-9
0
38
3
35
77
24
65
30
0
10
-9
-44
-29
-54
-94
-43
-137
-57
-100
-55
-33
-77
-89
-153
-182
-212
-206
-276
-213
-236
-247
-264
-217
-236
-177
-191
-223
-148
-262
-199
-212
-234
-139
-156
-146
-106
-177
-111
-187
-193
-149
-251
-180
-227
-198
-179
-218
-132
-168
-160
-147
-163
-184
-166
-196
-164
-158
-215
-75
-208
-64
-104
-87
14
-74
38
-27
12
-4
61
-28
74
17
40
82
-15
121
17
89
64
72
39
36
38
22
15
3
-15
-19
-27
-51
2
-98
25
2
2
84
29
54
44
45
18
47
13
47
46
8
101
36
114
106
74
122
41
51
35
-13
-13
12
-41
44
17
44
81
62
96
32
55
-26
-2
-29
-20
23
35
77
124
123
134
176
124
173
109
113
107
79
85
69
105
120
181
109
142
152
90
129
33
57
78
35
27
56
35
13
55
-4
39
28
-60
29
-9
-49
66
-98
10
26
-13
32
-8
27
-48
67
-94
33
5
-16
87
-43
14
-23
-46
-32
11
-46
141
8
108
147
-26
173
37
41
81
12
4
74
-22
30
133
49
233
210
146
268
158
188
218
117
219
203
154
231
184
202
234
186
205
161
157
149
155
166
190
182
202
200
185
206
116
106
95
68
75
47
50
94
22
104
41
12
109
-29
26
-37
-34
13
-61
15
-23
14
-11
-63
-24
-77
-35
-99
8
-76
-22
42
-97
60
-105
-73
-20
-124
-83
-65
-195
-85
-118
-180
50
-120
16
38
-140
58
-86
-149
47
-136
-25
0
-109
53
-24
-26
114
4
-12
102
-76
104
-10
-25
162
-42
158
67
37
133
-36
54
-1
-71
-25
-70
-141
-157
-66
-197
-81
-94
-132
-89
-175
-176
-201
-152
-278
-59
-214
-193
-50
-234
-177
-167
-219
-243
-105
-318
-123
-195
-285
-46
-268
-179
-60
-196
-126
-90
-260
-130
-236
-238
-156
-239
-261
-203
-211
-294
-137
-279
-161
-196
-225
-86
-262
-85
-93
-142
-22
-114
-125
23
-159
-48
47
-119
76
62
-6
124
118
23
221
74
99
197
-7
92
44
-98
57
-43
-133
175
-166
84
67
-135
166
-35
14
94
-21
-60
169
-127
74
103
-67
208
30
58
185
89
-20
202
49
128
127
112
78
137
128
-52
224
-102
43
-18
-79
-50
-77
12
-72
52
-73
55
-52
19
-28
-42
47
-37
37
27
108
-13
183
37
56
234
8
279
244
136
273
221
148
246
202
47
268
46
47
172
-153
163
44
-72
185
-24
12
111
-168
-56
43
-201
45
-46
-6
68
-50
81
27
71
72
114
45
60
73
52
45
135
138
120
199
13
141
-18
-97
15
-83
-161
-25
-126
-232
-6
-222
-93
-91
-114
-122
-77
-145
-174
80
-191
113
-50
-70
144
-98
121
18
89
42
50
1
44
108
0
250
20
150
71
5
55
-54
44
-88
-12
-123
-25
-61
-36
12
-14
-9
-52
58
-101
79
-49
43
102
-9
167
127
83
100
214
37
141
88
41
135
83
78
111
81
134
178
-45
178
-61
2
-20
-87
134
-232
101
-1
-87
52
-106
11
-48
-154
-107
-23
-168
20
8
34
16
44
126
-114
195
-94
44
15
-203
64
-163
-54
9
29
-99
97
-54
-160
-39
-202
-35
-122
-87
-78
-25
-106
-121
-73
-152
-99
-13
-66
-57
59
-147
21
-33
-71
157
83
57
94
86
-78
66
26
-86
127
34
-26
103
-29
-76
63
-89
-42
-19
-59
6
-111
-46
-64
-9
-45
-128
-45
-39
-119
-137
-30
-187
-70
-58
-168
15
-45
-121
-58
-19
-100
-108
40
-15
-34
23
11
66
-39
-8
51
3
0
11
-11
17
-80
-31
29
-51
94
-90
67
-12
15
85
-167
172
-80
-79
101
-108
28
14
-37
87
-4
-35
139
-49
27
148
-22
194
24
43
230
57
70
238
94
42
293
-2
77
139
34
54
162
92
183
320
-17
301
97
0
280
35
86
207
-47
102
114
-120
164
-35
4
121
55
19
65
171
-89
232
52
45
237
-73
156
-2
44
100
114
88
100
105
-21
41
43
89
-89
120
-93
8
-21
-238
50
-198
-111
37
-98
-157
-60
-250
-126
-141
-249
50
-155
-112
-52
-232
9
-82
-90
79
-82
2
-55
-130
-44
-17
40
78
9
54
-75
22
10
-198
23
25
-100
20
-20
-153
159
-321
-133
-78
-392
28
-197
-79
-1
-21
-192
21
-51
-69
65
-151
76
-40
-13
49
103
-104
94
131
-71
122
-118
-145
-19
-190
-161
56
-62
-23
-165
-185
-131
-20
23
-79
77
-125
-185
-42
-95
-65
201
-68
94
3
-230
106
-202
-73
46
21
-23
-119
-82
-84
-68
-77
-20
3
13
-110
-137
-68
-128
-79
47
-63
-1
-43
-190
-46
-107
-117
111
41
-51
174
18
-70
181
-84
104
162
-195
151
-47
-65
116
-76
95
65
-67
97
115
-45
92
9
-22
74
-44
26
155
67
-55
87
-23
-23
105
-186
42
39
-137
147
-27
34
131
-55
71
111
-59
195
96
-24
126
-32
145
6
-8
3
-50
-21
-101
21
-62
-89
-152
-111
-34
-200
-22
-1
-163
54
-129
-66
31
-216
58
78
-90
62
-53
-65
41
-73
47
17
-10
32
-52
-93
63
-23
5
39
-204
103
-107
0
194
-122
200
-19
-153
216
-185
-56
278
-93
129
128
-122
106
187
-84
315
399
-252
369
141
-115
402
10
42
312
21
-127
333
0
-88
234
-30
-30
-11
-91
-24
211
-123
57
199
-201
65
-78
-70
92
-31
-103
8
65
-82
64
46
69
18
-20
51
170
44
-84
134
69
-50
53
49
5
172
-155
68
88
-144
18
-58
-60
43
50
-152
129
-145
-225
22
51
0
71
62
-54
-66
-134
128
73
94
51
193
-27
-39
61
-14
149
37
116
39
-9
-37
117
-91
68
91
-118
52
-179
86
-31
-46
25
-139
98
-158
-117
58
-50
-188
-137
6
-150
-14
5
-111
72
-50
-265
145
-2
-334
56
-31
-297
36
-105
-180
174
-231
-43
60
-148
2
-114
19
-45
-45
3
-152
37
-68
-99
124
-122
-50
12
-190
66
-30
-108
189
-82
2
23
-149
-52
83
41
-144
204
-170
-9
122
-110
114
-47
39
-22
188
-5
95
132
26
127
-75
196
3
140
117
-86
124
37
-77
224
72
-70
100
-141
32
-54
-38
51
32
-104
5
0
-123
196
-82
3
17
-124
36
102
29
59
57
-96
51
-21
52
82
63
49
-76
25
-61
113
27
-68
99
-74
-54
-11
19
-81
95
-102
-158
112
-152
-22
-88
-2
-153
-149
-12
-219
202
-103
-154
210
-210
-56
152
-146
186
108
-179
289
-27
-90
303
-109
-1
106
-126
122
153
-106
54
112
-198
177
19
-137
259
-179
27
57
-81
250
-69
7
61
-156
-5
35
-72
125
-15
-161
293
-144
-157
179
-66
186
83
-40
135
-81
-184
120
1
-69
50
-170
6
-87
-232
175
-102
-196
167
-203
-91
127
-120
109
24
-165
123
-25
-70
197
-8
103
2
-35
242
32
131
197
140
127
151
42
239
250
1
274
18
80
152
93
225
-14
69
149
-78
18
128
-48
84
-31
85
167
-104
186
204
2
83
70
49
113
36
239
151
5
243
97
28
189
41
-71
95
-96
128
24
-125
84
-173
-62
-142
-48
-148
-82
-193
-353
-84
-320
-201
-196
-66
-203
-147
-104
-161
78
-279
-159
-76
-171
-130
1
-55
-62
-88
-101
0
-181
44
-157
-94
-71
-262
33
-184
-179
-1
-193
-242
-68
-196
-74
-78
-255
-117
-245
-127
-89
-73
-32
-281
-72
-177
-328
173
-127
-2
123
-447
21
-160
-241
199
-72
64
-137
-107
-43
-266
125
-197
-46
86
-219
144
-127
-324
52
-207
-181
177
-303
129
126
-385
163
-73
-216
157
-89
-16
43
48
353
-237
68
97
-73
271
-323
409
265
-411
218
-32
-78
284
3
160
273
-82
127
80
120
158
147
121
71
255
-188
147
236
-119
161
-73
35
550
-265
-125
449
-421
167
94
-194
453
25
-255
202
53
-171
203
60
27
61
156
-130
127
157
-213
344
-84
69
287
-71
115
112
86
58
43
54
25
-93
-65
-68
74
-92
-51
-44
-120
176
-121
-43
110
41
-60
152
-129
55
121
-317
347
-65
21
307
4
208
80
-105
128
42
17
495
18
-135
398
-45
-85
386
-52
290
262
-429
221
95
-349
265
125
-43
304
-196
-102
225
-194
18
133
-25
181
153
-23
211
200
-136
166
121
-52
344
-53
134
403
-273
60
241
46
41
79
-25
65
-4
-42
154
-118
68
-9
233
-40
-156
29
43
-58
-48
232
-358
268
-211
-160
357
-162
137
100
80
27
146
-21
95
161
-94
-46
150
-78
44
217
-273
154
-25
-201
144
-19
109
242
-33
-74
254
-273
-97
334
-216
152
103
-224
73
69
-152
99
77
-11
268
-268
-17
118
-215
70
-102
17
165
-276
306
25
-373
367
-370
22
259
-319
210
-73
-376
158
-135
-299
300
-286
-118
257
-459
-205
97
-190
-123
-38
153
68
-372
-81
-124
-261
-216
-276
213
-109
-354
67
-93
-398
-229
-25
-215
-101
-143
-165
-214
-256
-112
-202
-159
-86
-110
-71
-58
-397
-49
-88
-507
110
-156
-115
168
-469
62
-158
-487
209
-197
-145
40
-275
114
-106
-411
215
-111
-285
254
47
-242
29
-235
-115
180
-297
239
-38
-122
335
-284
14
197
-305
285
-82
4
559
-495
259
64
-303
307
-117
24
198
-284
-126
185
-403
295
-75
-260
300
-346
77
-22
-189
69
-127
20
-4
-1
188
31
-93
-117
-15
115
-74
-181
509
-33
-450
441
-183
60
306
-225
318
296
-425
219
459
-554
404
157
-188
547
10
66
229
-61
-142
369
-120
71
379
-81
184
86
192
91
74
83
253
-14
-93
253
-84
227
223
-34
276
-25
30
144
-234
314
-120
99
311
-136
425
-18
214
117
67
285
-90
281
11
48
229
-86
251
290
-231
316
161
-458
209
-39
25
73
-201
276
20
-181
83
116
28
-175
-121
252
-247
10
192
-320
163
9
98
128
-162
157
15
-220
76
-6
-78
234
68
19
-30
-71
-24
83
-129
34
162
-333
208
-44
-149
206
-43
-65
7
86
-256
148
-221
-95
186
-435
211
-89
40
107
-143
180
-156
249
-47
-97
344
-313
43
201
-302
231
-31
-277
553
-228
-339
444
-217
-36
229
-261
189
183
-388
262
141
-299
167
11
-262
35
-98
-124
175
-98
-90
50
128
-177
25
39
-234
0
-160
-14
-131
26
-82
-209
78
-123
-132
60
18
-118
56
-265
16
187
-193
256
183
-4
-125
-8
98
-175
34
-10
-53
-24
-336
-32
86
-329
105
-120
-241
136
-461
-20
49
-410
192
-65
-188
231
-94
19
98
-157
4
-36
-50
114
25
95
-92
10
139
-330
187
91
-62
4
-89
115
3
171
-72
244
94
-288
211
3
-63
300
-188
-130
406
-220
-10
314
-290
115
96
-447
381
-69
-348
366
-314
-304
273
-14
-161
295
-230
-108
227
-339
139
298
-213
10
247
-455
180
202
-478
167
-45
-209
-150
130
-136
-34
-53
-361
323
-215
-196
382
28
-141
197
33
10
89
32
133
106
16
-60
230
-206
255
169
-480
173
-4
-227
93
-42
-30
162
-386
-10
293
-281
253
206
-248
361
-107
-154
333
-194
259
46
-379
317
-97
-268
475
90
-98
308
-405
10
183
-272
443
-181
115
16
-267
130
-31
204
136
177
65
323
-169
114
170
-215
248
78
7
252
192
-33
-31
-54
98
14
155
-60
176
-37
-128
166
-12
80
-3
156
92
247
-5
143
139
29
125
64
126
-59
223
-245
-71
465
-163
280
115
-371
333
-260
59
473
-164
228
30
-25
143
72
135
112
48
-154
-92
77
95
-144
116
-58
-369
-51
-288
-50
183
-320
-171
196
-539
-112
274
-539
382
193
-637
135
-178
-398
253
-175
-219
459
-152
-211
200
-337
-73
195
-110
-98
198
42
-210
26
-74
-60
75
-59
93
-36
-377
75
55
-105
210
-37
173
51
-168
-85
-228
-71
-159
215
86
20
107
-199
-187
-30
-29
-248
413
-63
-355
291
-424
-254
375
-300
-106
211
-377
270
203
-662
132
148
-493
156
157
-333
184
-146
-200
159
-257
177
209
-150
-263
251
-344
56
357
-441
369
-164
-95
78
-138
-257
479
-230
-142
424
-800
333
-349
-134
204
-104
207
-15
-37
67
-130
-201
402
-531
206
-19
-134
365
-29
18
43
-46
-358
540
-243
288
208
-190
81
-71
142
-178
569
-102
342
-223
-69
455
-280
255
-49
102
-108
332
-209
268
108
-398
500
-419
125
193
-7
263
49
-85
139
-370
80
93
-437
671
-220
89
261
-360
169
87
-399
250
270
-296
476
-360
-61
393
-160
157
86
68
42
-12
-48
117
-64
109
341
25
171
1
213
96
-9
28
-137
97
-180
83
-31
65
30
58
-211
-104
147
-498
238
-346
-66
168
-370
117
-37
-232
-12
88
-302
359
-9
-65
303
-244
142
197
-18
148
434
-140
311
87
-64
683
-111
433
207
75
466
20
172
417
-21
159
254
-85
395
-176
38
163
-58
-25
155
-347
77
253
-733
407
-194
99
46
-504
159
-261
-105
-135
92
-395
-37
90
-369
31
-512
41
-140
18
228
-102
84
-124
50
-243
325
38
229
105
-39
289
-422
399
56
-103
245
-1
-61
-115
-173
32
43
-318
91
-56
-295
52
-209
-141
-80
-396
133
-339
-231
-50
-204
80
-250
-121
-218
156
-275
-146
72
-331
342
-131
-245
340
-229
-381
148
-218
5
91
-294
112
-76
-272
123
-121
-68
141
-236
-188
-67
32
-11
-119
41
30
-256
18
-94
-8
33
-137
182
-187
-76
76
-73
-276
223
-135
-217
301
-268
164
-33
-302
111
102
-311
72
64
-301
261
-169
-266
132
-154
-68
166
-142
-41
156
1
-29
70
142
102
137
88
49
23
79
-119
23
102
-266
403
157
-61
67
-188
133
-72
-94
75
155
-190
167
-10
-49
54
-298
271
-173
-138
66
44
-53
63
103
-111
158
15
2
425
-77
-187
294
-288
161
195
-21
494
238
-54
126
79
-103
164
87
-34
188
-17
62
59
-152
87
147
102
-101
314
-91
-34
228
-117
250
-19
174
66
218
184
64
126
-235
227
160
-99
235
371
-148
38
124
-271
324
94
-174
291
-79
-109
222
1
97
264
-246
-172
-16
-77
-12
17
72
-118
-32
-90
213
5
60
82
-240
203
-64
-128
174
36
-28
105
-29
203
81
-202
118
14
-103
113
56
24
-115
-25
-14
-102
94
-124
109
74
-67
-70
-114
-182
37
35
-142
236
-29
14
73
-142
63
237
127
133
126
-91
126
-85
-109
310
121
27
10
-189
-240
-117
-168
100
-165
-112
-60
-225
91
-312
294
55
-277
-131
-290
-105
-141
-19
17
228
-213
15
-6
-243
93
-39
-19
-43
-3
-48
-90
-69
266
-66
-13
56
-95
16
-473
274
207
-259
248
247
-329
31
113
-184
295
-329
-7
256
-305
-152
285
-147
-195
98
-261
-41
-21
-163
-286
-9
-196
-30
37
-322
-157
53
-366
-344
132
-201
54
-446
-86
206
-248
-83
200
-123
-194
202
-424
366
-167
-289
408
-230
-93
130
-15
-40
105
-667
198
-34
-510
334
-99
54
-362
123
45
-211
109
32
264
-324
-114
-114
-165
-48
218
0
-60
15
-127
412
-334
-10
296
-185
-121
-85
22
-30
-102
-154
116
13
14
33
104
59
-282
154
17
-382
128
383
28
123
142
-98
264
118
337
554
78
-8
161
-8
-83
253
215
447
151
-256
338
288
-18
369
-1
6
226
-189
146
350
-232
100
209
-257
61
57
307
145
108
134
74
-96
-127
73
368
311
-13
352
-26
368
175
376
354
-64
449
42
-182
96
538
-31
18
266
23
456
218
-172
269
-23
-323
275
-187
-403
216
-141
-81
56
79
319
14
173
-135
-92
-196
-34
363
-193
34
-6
-89
51
151
0
-73
286
-181
-53
42
-185
448
-76
-65
502
93
121
-40
297
300
-305
197
17
84
460
-136
68
52
2
-82
-65
160
-19
30
-463
-30
14
-195
331
27
-230
38
193
-73
-130
-340
51
-198
-407
13
-25
81
-136
-30
-383
81
69
-304
-151
-399
-230
-996
-258
332
12
278
71
278
-127
-218
-97
-13
183
7
12
-29
110
207
-95
-49
309
-64
225
-65
-318
-38
-380
-162
-107
151
-6
-167
-147
62
-44
22
72
-275
24
-149
-104
-88
120
-325
-240
260
-138
49
-98
-231
-513
-430
-163
-84
93
-124
66
-194
-425
-126
-96
-86
-259
-390
-248
93
-14
-96
6
273
67
-370
-143
-304
-51
-58
-151
179
4
-242
-183
-223
-159
-33
-287
-73
110
-138
-336
-215
-117
-212
-416
-82
117
92
390
-34
-339
-276
-418
-337
-108
-126
101
-201
-406
-171
-226
-160
-264
-211
-192
46
-182
-179
-84
-516
256
130
-130
106
-206
80
138
-173
-18
413
-70
-134
-27
-235
-118
-310
-28
214
158
201
176
-92
156
5
-33
483
214
194
193
55
-1
173
356
650
496
379
887
581
785
1120
959
1000
848
946
939
778
516
397
116
-213
-232
-689
-696
-1046
-1318
-1510
-1768
-1422
-1339
-1170
-1338
-1374
-1432
-1512
-1532
-1491
-1388
-1452
-1362
-1314
-1286
-1159
-868
-769
-640
-684
-402
-185
-94
87
151
283
274
497
542
831
981
1163
1329
1509
1668
1641
1898
1611
1726
1628
1467
1488
1343
1471
1557
1714
1557
1864
1790
1591
1742
1355
1298
1296
1500
1366
1102
1333
1386
1465
1354
1571
1613
1585
1819
1808
1865
1676
1599
1659
1748
1834
2240
2725
3499
3928
2744
1281
-199
-1335
-2145
-3271
-3900
-4230
-5063
-5707
-5776
-5095
-3852
-2422
-1279
-1200
-1546
-1537
-1270
-1255
-1320
-1376
-1372
-1764
-1837
-1390
-883
27
773
996
465
31
-214
-539
-855
-1192
-1642
-2127
-2396
-2205
-1759
-1161
-3
1096
1797
2146
2442
2741
2868
2643
2210
1462
661
-80
-775
-1121
-1482
-1482
-1395
-1366
-1520
-1531
-1474
-1742
-1862
-2088
-1996
-1733
-1336
-879
-512
50
433
989
1440
1731
1938
1849
1600
1082
580
341
186
156
336
312
519
617
671
1027
1324
1527
1720
1795
1707
1833
1960
2272
2460
2677
2668
2832
2775
2611
2649
2357
2450
2160
2241
2144
1962
1973
2040
2352
2606
3384
4753
5651
3723
-228
-3780
-5272
-5877
-6623
-7453
-8314
-8886
-9705
-9345
-7709
-5043
-1643
460
452
-951
-1819
-1478
-661
-26
-404
-1340
-1969
-2053
-1745
-1027
348
1929
2148
939
-463
-1450
-1666
-1596
-1538
-2223
-2990
-2885
-2073
-511
1098
3039
4832
5771
6312
6192
5969
5673
4829
3509
1607
-82
-1229
-1670
-1710
-1621
-1272
-1101
-791
-686
-550
-506
-841
-1099
-1882
-2813
-3579
-3885
-3592
-3405
-3220
-2559
-1656
-553
534
1372
1707
1520
1301
586
-181
-902
-1405
-1698
-2193
-2511
-2522
-2213
-1389
-351
311
900
1396
1983
2193
2562
2912
3146
3454
3055
2808
2524
2534
2472
2288
2115
1594
1488
1447
1287
1342
1615
1958
2267
2545
2638
2753
2976
3149
3507
4504
6036
5586
1415
-3914
-6400
-6060
-5916
-6706
-6900
-6973
-7201
-6915
-5559
-2626
463
3080
3130
643
-1749
-2357
-1105
-279
-243
-809
-1487
-1024
-107
793
2297
3992
4514
2878
345
-1600
-2235
-2038
-1636
-1781
-2748
-2671
-1214
725
2656
4570
6190
6835
6495
5907
5284
4815
4311
3083
1080
-936
-1918
-2165
-1796
-1072
-617
-440
-530
-692
-899
-1218
-1164
-1178
-1724
-2384
-3159
-3489
-3027
-1631
-482
-228
-258
-638
-925
-1628
-1882
-1788
-2096
-2229
-2771
-3070
-3154
-2442
-1047
-228
133
192
447
523
878
1234
1403
1679
1538
1537
1384
1602
2103
2212
1941
1465
1065
834
931
1113
1371
1412
1715
1809
1919
2134
2381
2522
1956
1544
1090
973
1537
2361
3096
3618
3743
4009
4696
6556
7574
4445
-1677
-6712
-8360
-8796
-9645
-10236
-9725
-9491
-9194
-8297
-5726
-1740
1849
3302
1306
-1425
-2893
-2255
-1330
-938
-1179
-1571
-990
-30
829
1883
3710
4812
3763
986
-1563
-3008
-3519
-3552
-3484
-3598
-2983
-1096
1574
4372
6769
9045
10319
10356
9301
7915
6268
4443
2299
-427
-2374
-3489
-3684
-3321
-2760
-2064
-1599
-1255
-1154
-1081
-1129
-944
-568
-320
-62
-53
503
1263
1813
1973
1753
1509
867
232
-1078
-2651
-3686
-4061
-3862
-3488
-2521
-1393
-412
81
462
694
578
655
283
-506
-1422
-1723
-1397
-956
-387
70
653
1056
1284
1262
1012
813
498
-203
-918
-1320
-1476
-1205
-798
-155
375
896
1347
1665
2245
2530
2722
2596
2326
2147
1945
1832
1639
1731
1977
2555
3517
5263
6583
3725
-2846
-8205
-9623
-9190
-9810
-10340
-9492
-9090
-9065
-7681
-4232
322
3999
5331
3796
841
-475
371
1619
2013
1568
930
728
1638
2438
3326
4454
4613
2550
-1416
-4431
-5433
-5116
-4310
-3391
-2756
-1607
637
3444
6082
8423
10274
10562
9201
7025
5333
4434
3611
2350
504
-1125
-1762
-1582
-1098
-627
-98
-22
-369
-973
-1397
-1225
-750
-314
-208
-247
-113
644
1402
1852
1831
1324
42
-1965
-3518
-4492
-5232
-5661
-6114
-6324
-5738
-4859
-3224
-1586
-393
354
337
-12
-519
-585
-411
-459
-964
-1573
-2011
-1841
-935
-95
494
748
657
359
61
0
176
262
71
-242
-438
-248
145
900
1763
2244
2552
2660
2748
2944
3409
3458
2848
2129
1582
1711
1947
1936
2013
2027
2068
2646
4037
5656
4600
-731
-6808
-9732
-9619
-9103
-8768
-7470
-6364
-5922
-4564
-1682
2291
6042
7922
6849
3513
737
-30
455
845
461
-112
-539
-249
488
1263
2167
2370
903
-2093
-4827
-5872
-5244
-3434
-1223
602
2574
5139
8051
10492
11849
12226
11117
8680
5856
3402
1614
7
-1627
-3295
-4721
-4931
-4511
-3954
-3444
-3348
-3482
-3878
-4100
-3766
-2803
-1593
-359
678
1422
2057
2757
3223
3171
2682
1664
161
-1596
-3022
-4675
-6291
-6424
-5754
-5846
-6528
-6278
-4725
-3114
-1719
-429
107
131
256
369
24
-223
-1
96
-316
-758
-591
-85
625
1378
1490
967
336
-187
-811
-1228
-968
-747
-698
-616
-189
788
1988
3435
3987
3643
3553
3695
3580
3048
2902
3184
2847
1920
1345
1234
1741
2501
2890
3014
3427
4693
6186
7523
6461
1486
-4267
-7430
-7565
-7368
-7586
-6592
-5313
-4465
-3625
-1735
1706
4822
6283
4998
1697
-986
-1802
-1223
-472
-297
-295
230
1390
2416
2296
2208
1940
262
-2621
-5387
-6190
-5397
-3465
-1048
1082
3298
5853
8168
9271
8720
7499
5856
3656
1603
-213
-1063
-1549
-1582
-1731
-2423
-2338
-2024
-1973
-2747
-3697
-4453
-4748
-4395
-3714
-2467
-752
1305
3028
3903
4111
3819
2901
1732
273
-1313
-3067
-4437
-4882
-4989
-4866
-4896
-5202
-5315
-4596
-4174
-4158
-3605
-2494
-1253
-453
572
1555
2414
2792
2379
1628
904
992
1254
922
306
-38
-92
-148
-340
-882
-1649
-2153
-2466
-2922
-2918
-1885
-136
1179
2224
3360
4371
5424
5885
5430
4062
2510
1281
175
-729
-785
-155
566
1315
1862
2333
2926
3662
3684
2941
2201
2136
2838
3776
3470
174
-4906
-8047
-8155
-7176
-6088
-5183
-3910
-3358
-3275
-2344
-552
2154
4021
3872
1436
-837
-979
347
2200
3617
4246
4305
4359
4057
3180
1911
873
-649
-3114
-5276
-6074
-5067
-2802
-32
2255
3471
4016
4126
3678
3144
2613
2131
1256
426
117
-7
388
547
164
-1111
-2681
-3844
-4632
-4902
-4735
-4105
-3414
-2458
-1143
290
1290
2000
2147
1441
153
-1397
-2635
-3445
-3366
-2983
-2252
-1098
403
1775
2247
2149
1319
-92
-2631
-5425
-7205
-7983
-7031
-4789
-2252
14
1561
2569
3055
3171
3116
2406
1137
-668
-2357
-3141
-3042
-2078
-889
-19
473
941
1186
1075
1143
1332
1350
1309
1149
924
1127
1812
2362
2450
2369
2257
2228
2228
2378
2528
2650
2766
2669
2245
1512
1232
975
237
-433
-315
483
1819
3597
5340
7032
8103
7201
2248
-4258
-7771
-8245
-7797
-7595
-6534
-4763
-3220
-1151
1584
4261
6172
6465
4702
1249
-1616
-2156
-1246
81
899
1091
960
1230
1792
1625
821
-461
-2486
-4918
-6314
-5996
-4148
-1570
1014
2680
3250
3726
4292
4835
4891
4396
3320
2102
1647
1830
2052
1819
1118
-195
-1990
-3539
-4707
-5349
-5461
-5219
-5028
-4673
-3432
-1531
582
2080
2627
2386
1975
1741
1515
1472
1780
2296
2381
2022
1342
468
-593
-1745
-3106
-5008
-6602
-7298
-7215
-6696
-5494
-3457
-1635
-210
859
1438
1558
1337
1005
161
-670
-909
-628
-266
-40
124
-35
-364
-870
-1672
-2517
-2662
-2020
-1076
-334
285
959
1681
2485
2737
2331
1605
1216
878
451
540
1093
1912
2575
2972
3061
3041
3060
2992
2396
1191
272
275
1186
2297
3644
5227
6409
7193
7439
6860
3729
-2102
-6726
-8177
-7565
-6600
-5330
-3216
-1897
-1371
-357
838
1675
1861
1315
-76
-1381
-835
1418
3838
5285
5503
4804
3463
2062
460
-1590
-3228
-4382
-5180
-5143
-3714
-1349
835
2381
2632
1687
423
-408
-636
-663
-355
279
981
1988
3371
4706
4983
3673
1392
-1550
-4231
-5806
-6306
-5908
-5026
-3651
-2184
-784
724
1749
1980
1375
276
-732
-1474
-1605
-1042
-173
777
1556
2019
1914
1345
417
-1196
-3139
-4718
-5631
-6158
-6741
-8121
-8813
-7395
-5312
-3320
-1761
-558
188
594
1030
1473
2270
3306
3787
2970
1451
469
171
-293
-1011
-1760
-2143
-1763
-652
654
1397
2086
2547
2282
1921
1719
1452
1346
1753
2102
2013
2293
3000
3477
3566
3229
2791
2107
1297
698
156
-175
-138
292
797
1541
2690
3775
4937
5707
5672
5456
5083
3669
-651
-5850
-8171
-7548
-5643
-4198
-2476
-715
-79
80
656
1625
1981
1664
636
-1162
-2333
-1152
1168
2547
2567
2032
1834
1796
1887
1415
544
-320
-1253
-1977
-2462
-2016
-1005
-299
-240
-605
-556
266
1863
3393
4132
4451
4346
4070
3661
2832
1483
-540
-2339
-3652
-3918
-2902
-1413
-240
58
0
-589
-1369
-1866
-2365
-2944
-3591
-3815
-3175
-1524
720
2705
3768
3739
2747
1216
-699
-2519
-3659
-4542
-5478
-6341
-6228
-4850
-3177
-2061
-1990
-2292
-2246
-2069
-1890
-1675
-1224
-611
-62
598
1283
2078
2700
2643
1969
879
90
-381
-798
-1149
-1233
-672
22
592
955
1224
1378
1396
1305
788
396
337
414
338
82
267
883
1598
2132
2390
2667
2862
2792
2413
1941
1779
1879
2009
2058
2184
2587
3269
3956
4415
4331
4524
5113
4671
1821
-3579
-7535
-7584
-5546
-3900
-2781
-1066
-323
-949
-1492
-1172
-410
5
-1
-916
-1830
-532
2745
5310
5404
3967
2633
1597
822
204
-586
-1134
-1387
-1533
-1634
-1197
201
1181
713
-968
-2620
-2945
-2109
-687
296
741
1158
1537
1876
1886
1960
1694
628
-627
-1556
-1455
-612
187
264
-613
-1566
-2193
-2725
-3230
-3677
-3970
-4256
-4266
-3933
-3542
-2992
-2495
-2338
-2494
-2406
-1856
-1222
-639
79
626
613
699
1036
924
-115
-1684
-2849
-3246
-2929
-2436
-2285
-2472
-2560
-2428
-2170
-1485
-568
300
750
867
994
1247
1782
2294
2637
2580
2489
2561
2656
2661
2272
1682
690
-177
-662
-870
-550
50
756
1260
1797
2405
2726
2775
2628
2100
1330
727
416
748
1700
2931
3799
4300
4737
4863
4637
4264
3913
3188
2474
1934
724
-2573
-6755
-7646
-5158
-2369
-1203
-796
-464
-1423
-3290
-4328
-3852
-2603
-1092
90
739
1794
4290
7088
7844
6454
4029
1737
168
-491
-550
-616
-445
-475
-945
-1133
-592
232
60
-1170
-2595
-3447
-3305
-2355
-1040
93
825
1319
1729
2188
2915
3580
3479
2283
695
-285
-415
-154
-268
-925
-1786
-2533
-2977
-3124
-3122
-3163
-3612
-4389
-4830
-4467
-3420
-2122
-923
-170
271
874
1704
2441
2764
2356
1364
390
-98
-427
-1197
-2186
-3032
-3314
-3351
-3382
-3227
-2916
-2400
-2055
-1555
-635
638
1763
2159
1937
1343
782
158
-269
-308
167
910
1323
1572
1686
1791
1365
373
-646
-1456
-1584
-1316
-853
-200
703
1590
2038
2120
1995
1833
1349
602
-108
-469
-54
843
1875
2777
3687
4733
5322
5211
4720
4494
4654
4559
3367
228
-3885
-5562
-3770
-1133
-120
-531
-894
-2057
-4587
-6629
-6369
-4588
-2622
-692
772
1966
3247
4722
5200
4133
2852
1946
1201
603
1064
2184
2497
1749
450
-709
-1216
-1086
-1160
-2006
-3227
-3965
-4163
-3871
-2723
-1015
779
2156
3209
3929
4429
4649
3777
1842
-698
-2590
-3109
-2646
-1583
-544
258
553
317
-315
-1341
-2285
-3194
-4090
-4755
-4854
-3927
-2434
-1029
-73
179
80
149
497
924
947
553
-180
-1171
-2127
-2855
-2912
-2434
-1846
-1588
-1726
-1841
-1795
-1733
-1831
-1891
-1753
-1145
-250
537
986
966
481
-512
-1422
-1914
-1653
-828
211
1257
1834
2306
2541
2520
2029
1216
543
83
144
360
758
1161
1525
1638
1317
967
637
416
124
-75
0
446
1145
1900
2535
3014
3688
4350
4557
4598
4889
4792
2666
-1792
-5042
-4305
-1351
431
-121
-1252
-2519
-4988
-7499
-7947
-6324
-4122
-2369
-1224
-638
-77
1135
2609
3297
3380
4018
5066
5448
5173
5034
4643
3404
1481
-334
-1102
-844
-44
406
107
-596
-1092
-1271
-1261
-637
347
1611
2658
3061
3065
2753
2252
1036
-544
-1607
-1658
-730
286
920
935
355
-671
-1878
-2793
-3143
-2868
-2557
-2434
-2224
-2001
-1874
-1784
-1599
-1190
-660
-309
25
245
157
-180
-891
-1645
-2171
-2424
-2084
-1045
76
769
740
-183
-1569
-2970
-3645
-3117
-2018
-999
-62
642
1115
1486
1481
1149
647
269
98
51
108
151
217
163
193
433
672
1011
1244
966
408
73
-175
-329
43
869
1715
2198
2414
2523
2310
1546
538
-195
-478
-316
-207
-175
236
1038
1951
2854
3999
4899
3887
351
-2606
-2124
176
1051
-61
-1227
-2255
-4269
-6048
-5517
-3459
-2173
-2161
-2724
-3458
-3774
-3018
-1461
31
1474
3628
5661
6119
5457
4925
4567
3606
2288
1567
1567
2018
2531
2358
1551
677
-205
-846
-1191
-1005
-151
409
474
343
40
-139
-56
23
52
504
1172
1600
1232
163
-835
-1770
-2342
-2357
-1895
-1101
-434
-373
-1148
-2100
-2729
-3060
-3172
-2951
-2222
-1389
-749
-444
-609
-907
-1076
-1297
-1987
-2574
-1750
-136
521
-45
-1076
-1966
-2511
-2838
-2696
-2039
-1188
-276
165
53
152
840
1528
1766
1864
1872
1628
1287
860
272
-375
-738
-585
-138
569
1330
1694
1384
932
839
782
754
610
559
759
990
1051
997
1189
1276
1244
1033
817
714
416
77
-327
-543
-179
1173
2983
4569
4986
2334
-1305
-1660
1040
2796
1198
-1152
-2078
-3731
-6357
-6656
-3873
-1406
-1090
-2016
-3150
-3742
-3822
-3178
-2350
-1721
-287
1774
3017
2957
2912
3232
3471
3615
3746
4354
4925
4686
3674
2467
1584
1128
902
542
399
481
235
-421
-1346
-2136
-2438
-2373
-2333
-2014
-1145
-103
737
839
352
-390
-1166
-1693
-1694
-1087
-231
631
758
272
-102
-321
-582
-1116
-1514
-1445
-1171
-1269
-1722
-1920
-1659
-1076
-710
-796
-771
-485
-173
-2
-70
-328
-801
-1418
-1883
-1901
-1571
-832
117
670
747
568
448
344
234
411
811
1157
1082
855
894
1150
1682
2033
2095
2042
1869
1626
1159
719
513
495
279
-173
-469
-504
-249
-103
-68
30
332
874
1323
1762
2100
2188
1898
1203
423
-84
74
712
1462
2026
917
-1828
-2606
131
3230
2882
-209
-2207
-3026
-4601
-5476
-3574
-795
133
-977
-2902
-4125
-4180
-3467
-2743
-2493
-2094
-992
-375
-1059
-1561
-906
537
2300
3903
5151
6086
6195
5175
3854
3046
3012
3348
3264
2880
2784
2622
1919
1098
327
-329
-737
-1277
-1691
-1646
-1468
-1364
-1445
-1671
-1729
-1641
-1984
-2323
-2107
-1649
-956
-370
-83
166
719
1090
616
-237
-953
-1203
-1595
-2390
-2867
-2870
-2468
-1929
-1954
-2537
-2198
-703
155
-255
-1158
-1780
-2037
-2443
-2633
-2044
-1249
-776
-408
-431
-583
18
557
664
768
920
1168
1030
602
697
1557
2516
3343
3822
3616
3388
3005
2125
1176
612
560
517
251
-33
146
601
687
262
-519
-898
-564
-113
232
878
1841
2632
2863
2388
1621
1098
1063
1440
1984
2166
429
-2589
-3212
-241
2989
2656
-171
-1853
-2645
-4214
-4738
-2711
-429
-311
-2129
-3987
-4590
-4101
-2923
-1970
-1957
-1986
-1359
-1234
-2207
-2537
-1385
369
1862
2848
3883
4734
4571
3544
2712
2944
4220
5506
5655
5078
4480
3606
2515
1489
708
301
-31
-837
-2010
-2818
-2932
-2425
-1973
-1850
-1633
-1478
-1724
-2160
-2373
-2246
-1714
-1291
-1294
-1165
-652
-174
-235
-534
-622
-474
-510
-1043
-1623
-2013
-2199
-2565
-3502
-4149
-3370
-1587
-516
-540
-633
-426
-419
-796
-1000
-669
-275
-242
-416
-626
-556
28
655
813
910
1118
952
370
-333
-496
101
940
1682
2282
2891
3541
3752
3104
2283
2066
2119
1955
1536
1176
1152
1205
821
39
-492
-534
-348
-332
-292
323
1257
1838
1686
1315
1191
1286
1611
1861
2092
2291
945
-1965
-3095
-753
2531
2952
303
-1819
-2641
-3945
-4797
-3552
-1510
-876
-1939
-3404
-3816
-2992
-1530
-187
69
-396
-627
-1177
-2472
-3140
-2361
-927
393
1317
2046
2735
2777
2281
2150
2717
3742
4447
4334
3850
3793
3868
3582
3232
2875
2683
2425
1519
114
-1044
-1556
-1566
-1506
-1825
-2338
-2963
-3758
-4311
-4260
-3673
-2675
-1661
-1175
-914
-603
-461
-613
-866
-738
-319
-322
-778
-1185
-1475
-1867
-2346
-2749
-2917
-2845
-2826
-2714
-2522
-2169
-1530
-1398
-1747
-2048
-1920
-1069
-156
284
461
596
684
909
1068
973
917
537
-203
-843
-1033
-486
482
1249
1858
2813
3740
4116
3939
3337
2903
2744
2333
1816
1662
1958
2339
2165
1340
713
777
1006
962
763
570
488
338
-198
-323
353
1245
2153
2724
3066
3248
2001
-1123
-3252
-1848
1264
2497
717
-1200
-1541
-2258
-3127
-2280
-345
459
-566
-2197
-3231
-3148
-2557
-1996
-1784
-1833
-1333
-965
-1690
-2601
-2307
-998
263
1069
1392
1596
1563
1033
931
1810
3201
4269
4445
4062
4088
4624
4892
4788
4282
3503
2668
1535
160
-910
-1335
-1248
-931
-1002
-1556
-2242
-2970
-3482
-3545
-3218
-2792
-2529
-2704
-3046
-3067
-2909
-2594
-2051
-1263
-355
113
8
-228
-265
-393
-884
-1500
-2050
-2396
-2687
-2871
-3114
-3496
-3170
-2022
-992
-806
-1128
-1351
-1416
-1469
-1328
-748
-56
468
647
315
-94
-227
-248
-155
271
950
1354
1117
589
672
1554
2405
2917
3126
3036
2827
2548
2313
2403
2889
3308
3267
2685
2003
1920
2033
1641
991
543
171
-339
-1023
-1456
-962
235
1437
2191
2507
2616
2317
573
-2315
-3346
-1275
1409
1893
-22
-1696
-1944
-2330
-2691
-1611
13
308
-1037
-2921
-3943
-3760
-3078
-2195
-1334
-731
-223
-328
-1530
-2482
-1904
-527
661
1280
1338
1172
715
197
502
1750
3049
3749
3673
3217
3395
4017
4251
4243
4147
3932
3496
2537
1321
544
150
-143
-473
-1067
-1712
-2228
-2785
-3224
-3127
-2843
-2772
-2945
-3494
-3959
-3942
-3496
-2854
-2168
-1361
-683
-316
-238
-179
-107
-370
-707
-950
-1307
-1695
-1836
-1921
-2106
-2099
-1971
-1592
-1081
-1011
-1244
-1443
-1460
-1220
-874
-560
-76
356
324
287
253
125
303
638
847
757
303
-318
-456
-13
604
1419
1966
2126
2148
1957
1758
1759
1872
2048
2275
2060
1555
1414
1391
1407
1501
1452
1255
921
382
-126
-51
344
776
1127
1138
1292
1617
1686
1550
650
-1466
-2687
-1215
1169
1814
181
-1523
-1801
-1895
-1976
-971
264
62
-1305
-2637
-3273
-2980
-2109
-1097
-663
-1025
-1403
-1607
-2134
-2509
-1652
-141
940
1311
1150
944
879
1092
1780
2596
3006
3032
2931
2789
2958
3496
3816
3969
4286
4610
4509
3684
2444
1397
806
462
318
147
-305
-844
-1479
-2144
-2484
-2561
-2771
-3229
-3789
-4081
-3782
-3192
-2746
-2357
-1924
-1359
-684
-380
-516
-657
-676
-754
-975
-1202
-1291
-1310
-1560
-1988
-2064
-1544
-782
-482
-820
-1226
-1336
-1298
-1210
-901
-426
-74
71
82
220
667
1251
1538
1278
787
422
281
206
293
664
902
773
425
253
403
593
631
622
763
1045
1290
1317
1294
1491
1763
1743
1311
744
345
170
22
-159
-60
443
923
943
611
525
866
1065
777
82
-1063
-1992
-1136
1276
2852
2004
-175
-1238
-1040
-892
-597
91
226
-794
-2172
-2764
-2391
-1663
-1106
-788
-782
-895
-819
-863
-1072
-891
-168
688
1309
1595
1668
1588
1293
1016
1110
1534
1871
1878
1743
1873
2384
2849
3027
3038
2956
2828
2545
1936
1107
476
282
509
899
919
399
-478
-1370
-1882
-2050
-2143
-2261
-2523
-2979
-3293
-3122
-2615
-2008
-1464
-1055
-696
-459
-499
-809
-1103
-1078
-778
-633
-987
-1484
-1675
-1612
-1500
-1280
-877
-564
-773
-1327
-1559
-1273
-879
-621
-381
-166
157
514
608
651
824
1007
1034
740
406
298
229
91
6
51
233
538
673
653
600
548
663
911
1152
1249
1306
1379
1429
1320
989
743
723
713
534
338
285
383
559
575
520
543
549
588
537
408
456
591
315
-27
568
1907
2640
1621
-239
-1012
-770
-646
-630
-339
-194
-658
-1548
-2210
-2138
-1791
-1584
-1552
-1863
-2084
-1943
-1865
-1863
-1430
-501
525
1246
1369
1059
605
214
172
510
996
1493
1805
1782
1670
1763
1958
2163
2382
2459
2324
1864
1034
264
-62
117
559
631
-2
-970
-1650
-1947
-1958
-1779
-1702
-1697
-1904
-2242
-2313
-2117
-1879
-1839
-1862
-1724
-1356
-1040
-1083
-1062
-809
-537
-355
-421
-491
-455
-587
-1017
-1241
-937
-530
-296
-439
-710
-769
-797
-749
-515
-161
169
366
370
359
719
1207
1446
1341
913
540
347
160
-2
89
364
501
452
222
-22
-216
-328
-51
549
1040
1102
885
674
689
837
792
729
774
832
796
702
749
1003
1332
1370
1182
1018
978
1162
1323
1234
1043
932
612
291
787
1911
2538
1690
115
-599
-598
-556
-402
-235
-638
-1529
-2261
-2558
-2449
-2212
-1865
-1754
-2152
-2382
-2038
-1668
-1662
-1339
-586
8
278
173
5
49
410
1083
1669
1961
2124
2169
1905
1742
2057
2391
2461
2357
2199
2029
1829
1651
1520
1526
1601
1563
1022
26
-695
-926
-865
-827
-891
-1070
-1429
-1931
-2567
-2850
-2551
-2040
-1748
-1646
-1407
-1018
-779
-960
-1064
-729
-286
-7
-71
-302
-472
-623
-768
-647
-123
297
230
-358
-1056
-1222
-973
-684
-510
-415
-238
69
324
446
646
760
513
106
-175
-156
22
25
-134
-201
-177
-111
34
92
99
115
13
-122
-91
150
474
765
870
874
1024
1191
1265
1228
1063
972
1036
1099
1102
1166
1174
1086
1032
997
1230
1653
1821
1684
1472
1100
594
687
1673
2714
2549
1181
101
-151
-264
-388
-412
-653
-1353
-2166
-2727
-2945
-2806
-2489
-2302
-2518
-2702
-2299
-1832
-1828
-1922
-1678
-1198
-661
-187
37
143
382
830
1287
1630
2139
2641
2534
1931
1595
1704
1889
2015
2109
2125
1952
1614
1158
640
268
117
-37
-327
-616
-804
-1020
-1332
-1686
-2071
-2362
-2471
-2540
-2636
-2619
-2483
-2354
-2301
-2162
-1890
-1664
-1607
-1618
-1455
-1163
-836
-635
-560
-254
257
522
322
52
126
418
496
172
-306
-709
-874
-733
-428
-112
90
25
-436
-973
-1169
-1125
-1010
-899
-785
-694
-748
-800
-622
-312
-24
229
278
-12
-372
-482
-306
-11
219
447
700
873
958
980
941
852
725
531
414
493
642
698
669
698
816
1019
1263
1496
1645
1686
1756
1902
2009
1755
1314
1461
2320
2856
2033
479
-387
-402
-207
54
430
411
-342
-1413
-2256
-2543
-2203
-1591
-1471
-2013
-2430
-2206
-1828
-1700
-1384
-660
88
624
879
722
384
355
790
1395
1912
2420
2773
2613
2226
2202
2549
2884
3033
2787
1995
1142
635
474
499
645
902
923
524
-53
-476
-827
-1194
-1460
-1801
-2105
-2263
-2412
-2511
-2480
-2232
-1936
-1724
-1537
-1279
-1003
-1003
-1121
-1074
-778
-293
54
188
217
157
-69
-192
-11
196
234
-92
-579
-856
-851
-587
-288
-209
-298
-333
-428
-636
-623
-316
30
146
-31
-224
-268
-182
27
211
271
365
537
540
351
240
370
669
931
1101
1244
1271
1002
543
197
161
511
950
1134
1078
894
781
878
1145
1434
1655
1783
1853
2049
2258
2252
2183
2067
1674
1237
1445
2357
2873
2007
362
-600
-652
-417
-132
38
-187
-889
-1766
-2444
-2615
-2241
-1629
-1453
-1959
-2305
-2002
-1610
-1569
-1523
-1124
-602
-224
12
71
43
255
748
1240
1647
2168
2582
2419
1841
1506
1548
1660
1712
1633
1403
1129
949
822
647
493
379
155
-319
-841
-1205
-1555
-1892
-2096
-2178
-2180
-2106
-2060
-2213
-2427
-2469
-2317
-2093
-1839
-1507
-1211
-1119
-1096
-862
-434
73
511
743
763
609
372
143
-77
-277
-254
-28
126
18
-332
-712
-926
-974
-830
-548
-389
-481
-752
-981
-1085
-972
-637
-370
-399
-651
-880
-1011
-1074
-1036
-820
-570
-466
-362
-166
9
73
-50
-288
-379
-150
296
579
496
242
173
329
553
808
1007
1131
1089
926
855
1034
1384
1662
1879
2079
2238
2290
2006
1295
700
972
1970
2553
1930
730
-59
-412
-510
-190
331
372
-483
-1807
-2908
-3237
-2610
-1612
-1168
-1591
-2099
-2036
-1770
-1614
-1269
-628
-76
233
458
673
861
1076
1335
1539
1804
2281
2592
2141
1191
606
625
916
1237
1407
1255
750
97
-383
-484
-205
151
162
-364
-1000
-1311
-1426
-1516
-1576
-1535
-1412
-1424
-1664
-1889
-1869
-1688
-1480
-1245
-939
-564
-308
-265
-281
-154
189
584
794
829
852
777
509
296
312
477
568
481
220
-148
-458
-629
-646
-617
-511
-385
-471
-724
-909
-870
-730
-536
-375
-343
-351
-383
-425
-464
-411
-100
330
568
500
312
105
-35
45
223
464
702
837
802
564
326
234
342
532
752
989
1101
1048
866
783
943
1258
1538
1730
1952
2172
2303
2312
2126
1636
1177
1466
2482
3247
2863
1657
559
-242
-695
-507
219
665
160
-970
-2012
-2505
-2339
-1601
-928
-935
-1294
-1421
-1305
-1289
-1269
-934
-392
82
499
918
1117
982
679
423
413
825
1539
1970
1734
1131
529
119
8
257
705
856
514
-33
-441
-650
-650
-542
-574
-786
-1088
-1312
-1509
-1745
-1925
-1999
-2002
-1987
-1790
-1469
-1267
-1302
-1449
-1415
-1065
-496
-59
-21
-240
-410
-304
-31
251
420
315
33
-239
-324
-247
-101
21
-51
-278
-554
-767
-942
-1059
-1060
-1006
-900
-841
-873
-1000
-1118
-1030
-830
-697
-724
-802
-820
-750
-624
-582
-579
-593
-625
-599
-449
-190
21
30
-108
-132
33
225
383
454
462
500
584
718
893
1076
1140
1038
905
986
1356
1725
1931
2008
1960
1917
2026
2306
2572
2748
2756
2363
1825
1655
2006
2290
1957
1322
788
229
-421
-754
-603
-376
-440
-808
-1346
-1885
-2030
-1603
-1058
-874
-912
-778
-609
-637
-609
-360
-110
-58
5
302
604
626
393
59
-382
-771
-838
-645
-445
-377
-423
-526
-627
-634
-461
-271
-242
-253
-216
-119
-86
-131
-189
-257
-283
-247
-81
138
286
312
163
-88
-223
-97
176
456
664
799
818
639
467
492
619
731
684
525
377
270
122
-187
-564
-833
-908
-924
-1019
-1168
-1354
-1578
-1860
-2102
-2097
-1869
-1597
-1464
-1518
-1594
-1603
-1514
-1327
-1068
-807
-664
-622
-599
-489
-324
-274
-337
-361
-258
-115
-58
-110
-158
-67
121
293
384
426
527
703
861
1050
1351
1657
1828
1862
1899
2015
2161
2273
2358
2450
2572
2724
2801
2771
2683
2584
2500
2441
2420
2362
2173
1714
1076
704
815
1146
1293
1157
897
552
164
-73
17
298
496
554
395
105
-103
-89
62
109
58
-18
-96
-273
-528
-751
-1037
-1370
-1612
-1666
-1604
-1543
-1520
-1647
-1917
-2206
-2281
-2123
-1936
-1749
-1592
-1488
-1508
-1540
-1353
-1015
-669
-464
-375
-309
-193
70
387
655
789
814
868
968
1158
1436
1670
1693
1450
1076
807
738
753
704
494
154
-116
-275
-412
-569
-814
-1127
-1476
-1763
-1892
-1863
-1820
-1885
-1979
-2060
-2076
-2035
-2007
-2003
-1987
-1917
-1812
-1704
-1625
-1577
-1534
-1482
-1430
-1324
-1221
-1167
-1100
-1033
-949
-822
-701
-587
-450
-333
-291
-300
-268
-116
114
285
476
783
1086
1285
1347
1359
1394
1496
1667
1837
1946
1985
2072
2172
2172
2115
2025
1888
1763
1682
1592
1414
1178
986
865
777
759
848
965
1029
1041
1016
1001
1030
993
870
894
1257
1717
1908
1869
1864
1897
1783
1600
1494
1421
1306
1167
919
484
34
-231
-416
-714
-1023
-1215
-1429
-1832
-2210
-2347
-2383
-2501
-2688
-2831
-2923
-2939
-2772
-2419
-2087
-1889
-1744
-1608
-1477
-1219
-811
-415
-138
50
327
691
1032
1284
1457
1577
1634
1710
1869
2016
1991
1801
1556
1330
1117
941
803
624
399
176
-28
-272
-553
-752
-843
-953
-1181
-1420
-1645
-1893
-2064
-2110
-2031
-1876
-1752
-1744
-1826
-1905
-1882
-1805
-1824
-1902
-1903
-1828
-1783
-1776
-1751
-1674
-1539
-1373
-1237
-1189
-1212
-1248
-1230
-1092
-781
-345
11
175
268
412
668
937
1133
1341
1602
1877
2085
2132
2067
2061
2117
2191
2325
2480
2558
2458
2153
1843
1687
1611
1476
1292
1177
1075
934
756
590
513
502
545
596
693
891
1132
1293
1351
1481
1744
2002
2148
2281
2465
2655
2763
2689
2468
2246
2157
2139
2058
1918
1781
1526
990
382
-28
-253
-423
-626
-892
-1279
-1760
-2094
-2221
-2333
-2493
-2640
-2759
-2875
-2902
-2732
-2487
-2363
-2324
-2222
-1992
-1688
-1311
-919
-721
-707
-647
-419
-105
147
358
486
517
596
803
1052
1126
1028
859
738
731
774
818
721
458
178
-12
-140
-296
-513
-777
-1038
-1195
-1216
-1223
-1313
-1466
-1600
-1689
-1780
-1890
-1993
-2097
-2177
-2206
-2202
-2242
-2334
-2404
-2468
-2593
-2711
-2651
-2457
-2265
-2136
-2074
-2105
-2146
-2032
-1745
-1388
-1100
-877
-710
-581
-427
-175
144
421
640
812
970
1127
1288
1477
1620
1642
1612
1650
1729
1774
1821
1793
1669
1523
1437
1424
1354
1185
1011
958
1022
1127
1204
1211
1249
1330
1457
1636
1762
1838
1877
1947
2060
2156
2222
2206
2107
1980
1962
2068
2128
2086
2027
1955
1812
1667
1541
1388
1194
997
791
522
310
301
376
269
33
-120
-218
-405
-633
-713
-670
-685
-800
-946
-1111
-1203
-1113
-919
-831
-910
-1015
-1045
-1061
-1032
-864
-654
-566
-623
-653
-576
-455
-322
-242
-236
-242
-203
-132
-83
-104
-169
-194
-182
-160
-134
-135
-158
-188
-241
-299
-326
-322
-332
-430
-602
-749
-808
-847
-935
-1050
-1181
-1338
-1521
-1680
-1783
-1884
-1966
-1996
-2035
-2094
-2180
-2256
-2300
-2264
-2118
-1917
-1741
-1616
-1496
-1409
-1389
-1354
-1184
-934
-731
-627
-575
-512
-411
-284
-184
-57
109
313
480
550
580
586
608
649
706
769
854
963
1040
1169
1400
1645
1810
1851
1851
1916
2021
2139
2266
2411
2541
2618
2622
2622
2649
2622
2525
2372
2195
1974
1779
1625
1428
1235
1042
818
579
377
260
236
156
-17
-146
-192
-177
-151
-144
-71
72
217
402
557
669
837
1049
1210
1369
1537
1563
1464
1395
1477
1624
1661
1567
1427
1230
956
741
648
589
438
172
-113
-425
-732
-954
-1105
-1277
-1479
-1588
-1599
-1662
-1791
-1889
-1918
-1906
-1949
-1982
-1936
-1794
-1624
-1512
-1416
-1335
-1226
-1091
-982
-899
-890
-959
-1001
-1027
-1015
-1031
-1168
-1351
-1531
-1668
-1747
-1753
-1731
-1723
-1738
-1768
-1769
-1742
-1727
-1715
-1692
-1626
-1568
-1563
-1521
-1422
-1310
-1221
-1097
-954
-852
-816
-858
-898
-901
-840
-792
-782
-783
-807
-839
-882
-871
-799
-738
-694
-626
-547
-454
-326
-194
-45
175
460
770
1019
1186
1373
1594
1810
2042
2311
2545
2613
2584
2549
2508
2496
2553
2561
2436
2223
1982
1777
1582
1425
1278
1076
857
660
503
315
112
-7
-109
-188
-132
11
123
162
175
222
335
521
789
1066
1288
1435
1493
1546
1652
1828
2060
2274
2368
2373
2330
2256
2228
2262
2293
2232
2057
1796
1524
1290
1131
1035
930
756
535
346
139
-113
-328
-492
-631
-720
-720
-718
-779
-917
-1062
-1109
-1120
-1082
-1003
-936
-963
-1109
-1256
-1373
-1445
-1469
-1461
-1502
-1635
-1782
-1930
-2034
-2033
-1980
-1931
-1962
-2097
-2198
-2183
-2125
-2123
-2091
-1966
-1835
-1765
-1720
-1626
-1516
-1403
-1326
-1240
-1094
-907
-736
-691
-726
-754
-723
-675
-674
-659
-651
-722
-842
-923
-905
-859
-806
-746
-765
-803
-772
-684
-584
-496
-420
-301
-150
-15
203
455
611
677
736
862
1040
1185
1255
1279
1275
1273
1308
1351
1405
1446
1400
1247
1038
915
871
808
704
576
445
341
297
272
223
159
173
261
299
287
292
281
276
351
522
791
1002
1107
1170
1177
1219
1330
1433
1509
1572
1653
1728
1703
1632
1596
1598
1617
1603
1579
1566
1491
1353
1200
1065
1028
1045
1040
979
879
823
824
834
832
823
751
615
451
354
391
478
438
325
166
-21
-137
-180
-183
-281
-483
-746
-1015
-1246
-1351
-1338
-1365
-1482
-1631
-1760
-1910
-2034
-2083
-2096
-2143
-2161
-2076
-1964
-1923
-1956
-1935
-1863
-1801
-1687
-1502
-1314
-1176
-1095
-1039
-1031
-1018
-956
-891
-886
-924
-946
-962
-960
-964
-915
-806
-735
-702
-694
-682
-654
-666
-674
-644
-554
-352
-128
23
95
125
113
68
31
41
87
89
73
21
-75
-151
-184
-198
-217
-242
-270
-321
-413
-448
-417
-381
-386
-428
-414
-337
-216
-117
-65
-40
24
110
166
248
409
672
900
1055
1176
1246
1341
1429
1436
1449
1584
1771
1869
1842
1793
1801
1780
1710
1668
1643
1624
1577
1509
1445
1393
1373
1339
1250
1164
1155
1182
1251
1332
1354
1339
1247
1116
1109
1194
1317
1471
1475
1396
1364
1329
1342
1392
1391
1327
1247
1157
1102
1023
898
755
584
426
248
75
-85
-252
-378
-504
-643
-748
-826
-919
-1035
-1180
-1331
-1396
-1433
-1471
-1488
-1538
-1559
-1547
-1545
-1507
-1467
-1470
-1445
-1459
-1522
-1571
-1630
-1647
-1651
-1625
-1509
-1401
-1355
-1296
-1250
-1214
-1172
-1092
-963
-849
-754
-639
-507
-409
-302
-178
-32
77
70
27
-26
-76
-129
-174
-207
-307
-406
-490
-551
-572
-642
-733
-836
-980
-1112
-1157
-1238
-1322
-1390
-1486
-1507
-1550
-1607
-1581
-1576
-1589
-1502
-1417
-1264
-1092
-1007
-873
-751
-603
-449
-309
-138
28
209
393
498
581
670
759
947
1138
1250
1302
1253
1153
1157
1137
1179
1277
1230
1202
1185
1101
1098
1153
1123
1138
1080
1013
1000
897
949
1103
1188
1326
1397
1404
1498
1510
1550
1630
1660
1688
1693
1659
1687
1709
1694
1736
1697
1699
1587
1466
1449
1351
1252
1091
966
948
862
684
639
498
322
168
-51
-87
-112
-218
-289
-406
-620
-661
-768
-865
-844
-978
-1088
-1257
-1461
-1496
-1431
-1477
-1497
-1532
-1631
-1657
-1710
-1751
-1801
-1775
-1749
-1706
-1613
-1525
-1358
-1237
-1196
-1093
-873
-721
-557
-447
-467
-426
-468
-544
-422
-306
-282
-182
-208
-237
-185
-227
-274
-316
-451
-543
-530
-637
-721
-816
-927
-974
-1075
-1130
-1069
-1017
-1066
-1147
-1139
-1065
-1045
-1018
-969
-910
-826
-793
-737
-635
-588
-563
-578
-605
-492
-388
-332
-208
-141
-76
-12
20
127
277
340
395
471
487
644
783
836
883
926
1024
1095
1102
1128
1257
1308
1323
1390
1478
1593
1687
1688
1714
1740
1704
1683
1655
1571
1517
1631
1572
1544
1626
1566
1595
1591
1489
1625
1619
1414
1548
1451
1336
1513
1387
1303
1317
1095
1195
1366
1153
1164
1027
814
927
836
869
940
699
652
603
417
392
302
220
192
-14
-99
-100
-154
-170
-258
-318
-324
-424
-467
-487
-587
-509
-486
-487
-427
-479
-500
-507
-503
-467
-478
-533
-593
-649
-603
-587
-598
-637
-695
-705
-752
-826
-844
-842
-940
-994
-1041
-1075
-1098
-1137
-1091
-1096
-1171
-1172
-1161
-1181
-1181
-1218
-1206
-1172
-1220
-1203
-1189
-1260
-1237
-1238
-1306
-1366
-1389
-1405
-1314
-1211
-1223
-1199
-1227
-1206
-1255
-1257
-1135
-1042
-1056
-1105
-1086
-998
-820
-750
-764
-780
-687
-631
-505
-442
-386
-248
-248
-168
96
305
381
571
506
564
794
879
1103
1243
1189
1290
1321
1274
1574
1607
1488
1462
1434
1457
1560
1511
1420
1478
1270
1129
1133
1075
1037
1054
905
855
846
743
885
934
771
773
854
713
648
719
851
933
768
697
862
879
854
873
859
929
840
694
738
732
673
709
676
670
697
626
600
548
415
380
307
355
460
367
365
305
149
105
71
15
91
-57
-184
-181
-401
-507
-551
-683
-801
-885
-1101
-1147
-1279
-1476
-1455
-1516
-1541
-1576
-1543
-1573
-1621
-1638
-1662
-1666
-1622
-1519
-1485
-1425
-1419
-1397
-1440
-1417
-1288
-1216
-1127
-1116
-1131
-1132
-1097
-1058
-909
-852
-863
-823
-974
-932
-898
-958
-921
-1016
-1068
-1030
-1089
-1084
-1037
-1111
-1097
-1109
-1101
-924
-794
-748
-767
-690
-529
-435
-298
-106
51
128
217
287
375
534
744
874
804
962
1146
1184
1212
1304
1439
1421
1448
1542
1593
1528
1594
1619
1429
1350
1530
1522
1306
1307
1230
1190
1024
845
902
888
760
809
890
726
832
875
693
654
727
792
840
868
888
926
783
767
886
969
970
962
999
924
924
1008
1143
1222
1200
1303
1418
1393
1433
1420
1399
1486
1370
1347
1413
1259
1253
1178
877
844
823
720
700
508
406
377
148
13
-25
-118
-305
-541
-596
-666
-863
-1014
-1119
-1311
-1398
-1326
-1311
-1385
-1464
-1488
-1600
-1604
-1685
-1590
-1430
-1682
-1562
-1507
-1665
-1439
-1419
-1484
-1299
-1474
-1493
-1246
-1436
-1369
-1270
-1452
-1368
-1305
-1385
-1332
-1311
-1346
-1364
-1474
-1410
-1367
-1357
-1228
-1202
-1249
-1237
-1166
-1123
-1028
-986
-924
-884
-910
-891
-795
-693
-716
-648
-625
-497
-381
-333
-171
-149
-105
-59
55
222
282
294
372
456
503
546
506
610
659
603
673
795
714
661
805
794
751
725
774
728
719
649
548
725
634
604
715
650
582
744
651
560
695
563
659
678
646
742
851
846
811
847
838
1008
1065
1125
1180
1249
1264
1241
1330
1366
1460
1542
1588
1470
1468
1450
1416
1510
1483
1408
1304
1206
1073
1041
981
1021
911
705
752
639
543
491
464
389
224
40
32
-10
-197
-209
-311
-343
-502
-576
-505
-733
-823
-801
-916
-1039
-1101
-1305
-1322
-1264
-1401
-1456
-1436
-1438
-1465
-1526
-1634
-1495
-1418
-1515
-1554
-1453
-1415
-1455
-1354
-1381
-1270
-1094
-1054
-1021
-930
-905
-785
-670
-778
-649
-505
-501
-516
-536
-527
-485
-514
-560
-358
-344
-454
-361
-370
-394
-417
-422
-334
-320
-410
-411
-363
-448
-414
-348
-363
-420
-328
-370
-570
-461
-495
-455
-368
-498
-318
-113
-247
-162
-56
-17
211
155
220
397
404
456
469
510
666
673
685
917
897
969
1091
1097
1200
1282
1393
1454
1439
1468
1644
1557
1519
1702
1771
1640
1499
1604
1546
1480
1484
1427
1389
1423
1347
1365
1294
1106
1199
1048
926
959
970
865
782
801
789
713
624
612
572
613
499
600
611
411
485
523
369
265
310
208
244
81
-59
58
-80
-252
-269
-382
-551
-511
-696
-783
-800
-939
-1007
-1171
-1309
-1289
-1242
-1487
-1539
-1442
-1487
-1593
-1542
-1471
-1525
-1459
-1536
-1418
-1388
-1534
-1353
-1095
-1139
-1139
-1005
-986
-905
-937
-907
-862
-733
-708
-687
-634
-693
-546
-585
-646
-579
-581
-661
-607
-629
-606
-537
-535
-459
-655
-675
-569
-667
-700
-636
-699
-636
-640
-716
-533
-633
-702
-614
-665
-652
-551
-518
-405
-335
-421
-362
-378
-371
-171
-124
-131
-22
24
138
153
109
296
444
471
578
715
666
718
812
827
938
946
960
1095
1121
1073
1224
1296
1256
1324
1299
1350
1381
1362
1281
1210
1247
1140
1116
1194
1151
1046
1119
1021
1005
1106
997
1062
1085
1060
1054
1019
964
1049
1084
1031
1088
1045
1084
1035
950
995
938
839
883
800
665
697
526
506
501
342
323
244
111
64
-77
-244
-129
-259
-368
-370
-507
-495
-601
-640
-502
-585
-595
-438
-687
-647
-502
-712
-630
-619
-664
-554
-624
-751
-648
-686
-736
-698
-726
-700
-842
-873
-894
-940
-766
-765
-915
-807
-715
-788
-841
-910
-756
-699
-795
-811
-735
-709
-816
-830
-809
-760
-646
-567
-695
-646
-597
-769
-761
-628
-569
-636
-694
-617
-550
-601
-577
-495
-445
-521
-433
-148
-62
-177
-47
104
-71
135
329
321
399
414
508
700
634
644
976
792
750
889
805
930
934
881
972
950
846
916
779
730
846
811
724
671
765
708
701
690
697
769
750
676
720
766
756
889
799
767
813
769
820
898
837
894
897
716
781
766
742
692
617
609
436
287
390
324
70
88
-103
-172
-4
-258
-148
7
-303
-205
-240
-431
-167
-126
-295
-104
-123
-161
28
-150
-38
160
-6
-34
61
-59
-33
30
-139
-192
-335
-361
-476
-577
-590
-560
-659
-879
-817
-929
-1009
-1078
-1102
-1117
-1189
-1283
-1290
-1306
-1515
-1463
-1423
-1480
-1459
-1359
-1403
-1380
-1362
-1380
-1227
-1293
-1260
-1097
-1128
-1234
-1237
-1190
-1153
-1139
-1089
-1016
-1053
-1000
-962
-926
-786
-806
-696
-580
-703
-539
-333
-454
-334
-200
-210
-112
-104
-46
-9
112
201
274
380
370
456
469
433
458
496
533
631
571
547
744
677
697
781
751
791
808
819
830
901
860
903
928
887
949
1121
1127
1042
1128
1100
1177
1093
1080
1095
1078
1009
941
970
833
890
865
745
659
785
604
523
627
514
475
391
391
311
318
197
287
348
226
239
362
425
328
409
359
383
400
428
468
461
378
385
452
415
610
572
522
457
317
388
293
222
315
179
-6
-8
-130
-135
-187
-332
-219
-329
-455
-393
-596
-714
-668
-807
-805
-898
-976
-817
-956
-1115
-981
-961
-1057
-929
-975
-902
-804
-988
-927
-872
-915
-793
-671
-742
-612
-630
-684
-478
-489
-555
-516
-466
-530
-412
-375
-408
-287
-380
-441
-310
-358
-426
-165
-196
-404
-274
-264
-288
-209
-272
-247
-243
-286
-213
-172
-205
-20
91
-59
-43
56
192
165
258
397
436
374
407
607
589
671
678
763
669
689
846
878
858
771
949
909
871
813
949
994
828
829
809
789
827
788
637
850
778
657
747
720
746
827
766
646
804
703
651
777
771
711
772
634
570
816
620
660
744
628
648
558
415
552
561
271
396
310
211
214
133
153
211
116
-92
-4
-162
-199
-120
-296
-403
-388
-511
-563
-538
-625
-499
-563
-682
-677
-641
-676
-719
-721
-785
-849
-873
-907
-1055
-1043
-1055
-1178
-1200
-1201
-1297
-1249
-1254
-1311
-1259
-1309
-1226
-1218
-1261
-1201
-1171
-1259
-1274
-1162
-1104
-1055
-1003
-897
-918
-924
-915
-805
-664
-779
-644
-514
-613
-532
-497
-598
-479
-456
-483
-375
-524
-429
-295
-455
-358
-198
-246
-177
-216
-273
-19
-47
21
252
170
248
391
299
459
595
490
734
746
619
846
851
884
1054
920
955
1108
991
1008
997
957
1053
998
947
928
892
969
976
828
821
892
867
856
872
918
962
948
887
884
856
912
1027
921
829
894
1008
972
942
971
941
939
893
804
863
867
716
741
587
476
611
520
478
451
298
274
267
134
133
134
89
137
6
-87
-57
-13
-75
-136
-157
-251
-235
-275
-344
-340
-260
-374
-419
-435
-672
-597
-598
-720
-731
-740
-777
-872
-994
-1038
-1015
-1077
-1110
-1152
-1138
-1146
-1199
-1161
-1111
-1061
-981
-966
-1009
-963
-876
-802
-810
-777
-669
-638
-615
-615
-585
-562
-562
-506
-468
-507
-456
-394
-448
-444
-446
-399
-390
-413
-381
-363
-360
-322
-226
-263
-150
-69
-128
-42
0
44
118
152
194
333
332
315
475
531
517
619
698
568
618
684
619
714
755
722
769
714
609
680
660
650
749
737
752
723
667
634
717
847
786
812
831
734
758
864
866
899
916
817
855
815
794
920
888
802
770
712
699
731
702
686
658
584
576
490
461
496
324
309
406
297
222
190
130
144
34
-37
35
-29
-52
-22
-84
-154
-210
-174
-209
-300
-349
-395
-434
-507
-539
-552
-590
-609
-618
-736
-736
-746
-853
-842
-903
-893
-912
-1012
-1012
-995
-1065
-1070
-1075
-1073
-997
-1091
-1034
-1018
-1100
-1040
-981
-1007
-1041
-997
-1081
-1015
-952
-1007
-885
-934
-1030
-901
-954
-1000
-836
-921
-916
-804
-898
-853
-732
-784
-715
-579
-653
-564
-470
-479
-355
-306
-249
-133
-152
-138
-34
-63
26
132
99
181
137
85
193
179
188
255
231
246
299
330
380
495
525
543
587
524
598
668
644
766
791
781
910
879
964
1079
1056
1095
1106
1124
1186
1227
1205
1221
1208
1181
1174
1220
1150
1074
1111
967
918
976
966
951
960
794
718
784
704
715
720
677
701
582
477
588
560
542
530
453
435
403
362
347
328
309
337
155
150
166
118
44
-93
16
-39
-114
-175
-237
-226
-250
-318
-283
-266
-287
-290
-445
-347
-288
-407
-405
-377
-468
-428
-461
-622
-505
-522
-536
-550
-628
-550
-586
-747
-631
-594
-730
-698
-802
-841
-829
-910
-890
-869
-907
-864
-919
-948
-851
-879
-844
-779
-780
-768
-684
-654
-615
-522
-521
-482
-440
-427
-329
-342
-393
-188
-171
-277
-156
-170
-169
-98
-144
-133
-134
-151
-106
-109
-141
-19
68
16
70
121
115
233
288
333
417
445
522
493
524
672
666
650
766
780
853
881
812
915
913
917
968
912
960
990
820
895
940
868
874
788
824
825
769
752
725
609
671
684
602
658
587
600
598
547
563
551
508
527
441
412
426
325
361
282
225
224
148
104
91
61
22
-26
-72
-37
-127
-170
-176
-221
-240
-326
-383
-373
-352
-412
-476
-523
-523
-533
-592
-601
-593
-639
-729
-734
-716
-721
-730
-749
-728
-711
-724
-741
-830
-790
-725
-849
-867
-851
-870
-844
-886
-946
-788
-793
-897
-850
-893
-819
-793
-849
-815
-703
-673
-686
-714
-640
-527
-608
-544
-491
-496
-470
-462
-484
-432
-401
-447
-407
-396
-341
-341
-370
-329
-301
-348
-308
-259
-258
-237
-286
-268
-213
-153
-159
-138
-93
-29
-5
-21
51
131
124
130
208
156
246
283
234
340
340
271
360
391
321
429
446
460
454
411
485
569
548
557
604
583
620
636
706
732
715
785
826
768
784
836
814
783
778
829
769
748
786
769
720
744
739
650
642
621
618
559
511
507
487
446
415
396
321
337
326
325
312
246
259
252
170
133
146
114
73
12
11
-44
-63
-76
-201
-225
-223
-270
-288
-296
-343
-388
-514
-499
-538
-669
-614
-611
-627
-693
-697
-665
-693
-672
-650
-689
-670
-627
-674
-630
-594
-555
-524
-560
-501
-428
-470
-472
-420
-421
-380
-347
-334
-301
-305
-273
-238
-287
-250
-215
-253
-205
-193
-261
-242
-238
-273
-278
-300
-252
-215
-195
-213
-174
-119
-139
-86
-38
14
37
58
95
121
106
112
142
173
187
210
258
213
283
298
237
358
393
359
457
417
378
478
429
471
535
503
560
534
510
603
622
627
673
678
695
636
640
712
675
705
716
673
685
694
646
656
677
628
634
578
540
561
536
536
534
492
477
490
466
469
467
438
441
426
389
380
374
358
377
343
274
301
305
221
183
176
158
144
109
48
18
3
-30
-86
-112
-141
-190
-192
-261
-270
-254
-334
-299
-295
-377
-362
-363
-431
-440
-485
-486
-465
-489
-433
-468
-456
-439
-518
-489
-495
-490
-458
-463
-461
-487
-511
-523
-489
-512
-574
-559
-534
-576
-573
-554
-555
-510
-592
-601
-570
-633
-622
-658
-644
-567
-553
-479
-480
-498
-403
-378
-357
-323
-301
-242
-231
-218
-178
-193
-165
-176
-192
-108
-142
-142
-125
-151
-86
-45
-22
30
62
33
33
61
86
126
153
204
267
294
330
386
413
439
475
493
548
539
554
610
569
613
597
601
610
542
594
573
557
574
531
526
502
448
473
420
385
440
376
358
328
281
311
279
296
295
251
264
201
153
207
193
147
134
89
78
22
2
15
-66
-84
-105
-189
-247
-213
-193
-222
-210
-242
-266
-290
-350
-322
-328
-373
-357
-352
-359
-317
-292
-268
-214
-239
-257
-223
-187
-175
-148
-135
-122
-77
-100
-138
-118
-172
-208
-203
-259
-256
-284
-334
-336
-352
-378
-402
-400
-384
-395
-424
-407
-421
-420
-446
-453
-398
-440
-414
-463
-502
-429
-436
-455
-454
-364
-358
-346
-315
-334
-323
-355
-346
-307
-277
-317
-277
-273
-318
-219
-191
-170
-142
-155
-130
-76
-76
-71
-37
-53
-16
9
10
52
90
133
190
219
235
256
255
243
275
299
321
329
333
389
368
381
375
375
376
368
438
403
422
468
465
461
460
445
424
412
334
357
363
309
339
343
350
369
397
411
416
389
358
398
354
325
314
288
269
261
247
209
218
187
187
134
111
144
130
162
182
180
146
142
92
59
82
28
11
-5
-34
-10
0
4
1
-42
-60
-51
-85
-82
-95
-134
-126
-185
-199
-209
-273
-273
-292
-324
-313
-332
-346
-353
-391
-371
-354
-414
-409
-382
-421
-393
-420
-436
-437
-511
-480
-448
-466
-453
-428
-415
-394
-385
-354
-315
-292
-270
-270
-275
-239
-232
-252
-202
-225
-227
-212
-235
-212
-185
-177
-138
-113
-129
-47
-35
-21
32
37
29
52
84
55
83
95
77
78
88
118
130
98
115
149
123
128
122
128
144
129
124
109
69
70
21
25
85
56
77
110
136
163
182
209
274
284
277
337
305
321
333
288
315
330
311
331
345
333
390
412
424
471
460
457
504
485
479
517
474
482
508
482
497
505
465
475
513
531
569
558
545
543
519
506
500
495
484
425
397
370
322
309
246
204
171
125
95
86
55
18
2
-46
-70
-116
-152
-170
-176
-224
-252
-253
-254
-223
-240
-239
-226
-223
-220
-216
-207
-193
-198
-205
-180
-191
-224
-192
-222
-276
-266
-302
-322
-309
-314
-317
-267
-289
-305
-283
-351
-324
-303
-330
-309
-308
-334
-275
-226
-223
-138
-137
-128
-87
-91
-51
-12
-4
39
100
77
116
116
94
132
75
26
16
-4
-40
-81
-103
-84
-94
-88
-50
-67
-50
-79
-129
-137
-165
-160
-154
-167
-161
-156
-159
-127
-119
-123
-106
-112
-78
-55
-27
14
-5
24
73
45
66
115
89
82
73
78
112
82
114
165
168
210
209
190
197
200
214
200
196
228
234
284
343
331
342
347
292
283
299
278
264
230
242
241
196
212
196
146
126
109
58
26
-16
-39
-55
-102
-110
-147
-184
-207
-253
-276
-268
-286
-282
-271
-263
-230
-242
-231
-234
-252
-249
-268
-304
-319
-350
-383
-367
-377
-367
-369
-385
-363
-366
-399
-370
-355
-342
-316
-311
-282
-283
-283
-285
-277
-279
-278
-299
-306
-258
-255
-233
-209
-178
-168
-180
-176
-197
-206
-210
-249
-261
-259
-265
-247
-247
-252
-239
-247
-256
-252
-276
-286
-268
-284
-294
-299
-303
-280
-264
-267
-273
-271
-275
-275
-264
-233
-187
-162
-155
-114
-97
-94
-72
-94
-66
-29
-42
-52
-33
-15
0
6
11
29
24
33
56
100
101
107
122
126
164
192
220
223
239
246
257
298
361
395
397
452
477
494
511
495
494
477
455
440
431
433
439
432
440
460
448
429
424
399
361
327
312
296
274
287
285
266
262
256
224
214
238
249
237
224
221
208
213
208
197
196
202
183
168
172
166
176
179
179
172
176
172
168
138
102
110
100
103
96
100
113
109
137
173
200
220
218
187
166
139
115
121
110
104
110
87
76
70
43
42
61
51
16
-28
-60
-65
-87
-110
-118
-145
-172
-192
-207
-215
-251
-274
-262
-235
-187
-128
-93
-66
-28
7
36
25
35
57
37
26
35
40
42
34
38
56
41
24
22
25
14
16
31
51
60
68
129
142
129
140
124
121
130
126
145
154
140
161
182
201
218
234
254
263
236
220
217
212
228
231
223
183
156
123
92
64
62
68
38
39
62
94
95
104
78
40
45
41
31
25
35
32
16
1
17
10
-13
-25
-55
-68
-73
-62
-34
-35
-42
-48
-62
-71
-88
-139
-185
-200
-224
-232
-228
-228
-241
-257
-270
-286
-303
-307
-298
-316
-297
-282
-303
-304
-299
-298
-330
-364
-381
-394
-444
-500
-514
-518
-523
-548
-559
-555
-550
-564
-581
-577
-601
-613
-619
-639
-660
-688
-697
-702
-722
-745
-742
-731
-696
-663
-671
-645
-606
-581
-537
-504
-475
-436
-423
-420
-420
-419
-412
-426
-415
-399
-396
-363
-338
-304
-256
-241
-211
-164
-128
-111
-93
-81
-86
-81
-77
-73
-80
-55
-51
-38
2
-7
-8
0
-12
-5
6
-1
-7
-16
0
39
48
30
28
15
5
6
-2
-15
-44
-34
-14
-16
-14
-23
-33
-39
-32
-27
6
71
102
141
175
204
246
257
269
288
293
286
282
295
313
344
371
373
393
400
381
377
367
354
377
379
385
402
402
397
379
371
342
324
314
320
346
350
361
362
357
341
336
338
305
254
234
209
190
175
152
142
127
115
103
105
92
70
50
55
54
56
55
26
6
-35
-61
-74
-84
-102
-114
-114
-116
-115
-122
-103
-74
-60
-57
-52
-62
-46
-39
-29
-9
-21
5
26
30
36
33
48
55
50
53
61
56
65
89
100
123
128
112
136
157
145
170
191
200
231
225
226
241
244
243
241
247
235
225
220
209
205
188
176
178
163
138
128
122
116
126
133
132
125
103
94
103
111
138
168
173
220
262
267
283
288
290
289
274
254
246
250
276
294
308
320
319
301
291
317
329
342
359
355
363
363
356
368
384
390
392
392
379
368
357
353
346
336
322
287
275
276
275
272
273
273
260
252
236
229
213
191
163
133
77
13
-35
-99
-117
-140
-177
-185
-197
-216
-244
-260
-261
-270
-284
-277
-283
-290
-299
-314
-316
-333
-344
-350
-355
-380
-395
-407
-418
-401
-421
-418
-402
-404
-391
-365
-340
-327
-334
-355
-372
-381
-374
-376
-379
-379
-382
-386
-380
-368
-350
-338
-331
-306
-284
-262
-230
-197
-185
-177
-185
-204
-212
-216
-212
-215
-227
-244
-255
-236
-211
-204
-178
-166
-160
-151
-158
-156
-165
-158
-125
-93
-81
-64
-61
-73
-64
-50
-49
-54
-48
-39
-24
-9
18
48
62
80
84
83
99
108
133
152
153
188
213
235
270
296
309
310
309
328
350
368
404
438
461
467
485
494
483
481
474
467
460
471
472
477
492
498
489
463
443
413
391
386
380
351
324
303
282
257
221
186
156
140
121
101
84
87
81
45
19
3
-30
-52
-65
-96
-116
-150
-171
-183
-200
-202
-207
-202
-192
-211
-226
-228
-247
-262
-286
-302
-297
-307
-302
-291
-304
-313
-316
-331
-339
-338
-345
-353
-342
-339
-335
-346
-352
-351
-372
-370
-370
-386
-399
-402
-407
-401
-383
-380
-357
-336
-329
-313
-303
-299
-289
-273
-265
-264
-270
-245
-213
-220
-208
-187
-180
-169
-180
-177
-151
-134
-86
-60
-37
8
30
61
76
107
148
169
205
230
242
248
254
273
294
299
290
317
344
356
378
381
364
363
362
349
340
318
307
275
238
221
196
176
169
136
89
71
50
40
30
10
0
-16
-49
-77
-109
-142
-162
-188
-202
-187
-177
-169
-162
-160
-153
-162
-145
-134
-129
-123
-110
-88
-69
-47
-44
-35
-38
-20
-3
-8
1
17
46
69
91
103
117
134
136
138
144
159
166
167
160
146
130
102
83
75
65
52
33
16
0
-28
-65
-85
-108
-140
-169
-191
-213
-236
-250
-283
-321
-356
-397
-427
-447
-465
-466
-481
-497
-502
-522
-527
-528
-552
-564
-559
-565
-562
-563
-553
-529
-497
-475
-468
-461
-449
-433
-420
-403
-388
-353
-317
-276
-241
-200
-156
-112
-70
-53
-19
5
32
74
116
138
160
199
223
248
268
291
307
332
355
369
384
393
390
394
404
410
414
415
423
437
438
449
453
449
456
446
453
443
432
439
420
419
408
388
382
386
387
389
389
378
384
383
392
400
390
370
369
367
355
358
353
369
375
360
357
339
340
334
322
322
327
343
346
349
360
377
364
348
358
356
343
350
356
341
350
346
333
316
292
285
276
265
244
238
226
210
197
177
170
154
145
121
117
113
78
65
42
22
-1
-26
-35
-37
-61
-78
-89
-106
-98
-121
-153
-164
-174
-182
-180
-186
-194
-225
-257
-261
-284
-291
-289
-293
-293
-294
-305
-311
-330
-344
-357
-369
-350
-347
-344
-339
-348
-359
-355
-356
-355
-349
-353
-331
-318
-304
-288
-280
-273
-256
-254
-269
-269
-281
-286
-293
-317
-329
-327
-317
-292
-285
-286
-277
-276
-264
-243
-223
-204
-189
-175
-156
-129
-123
-119
-108
-97
-75
-67
-49
-36
-17
2
9
22
17
24
30
41
53
61
77
77
93
95
90
83
64
57
59
52
39
47
57
61
67
65
67
70
76
78
79
82
87
85
89
91
82
76
65
63
70
63
54
50
49
49
29
1
-8
-17
-25
-16
-15
-19
-17
-39
-69
-98
-126
-129
-128
-144
-146
-162
-185
-186
-204
-220
-246
-274
-285
-290
-293
-300
-307
-315
-316
-327
-352
-354
-345
-348
-355
-355
-354
-360
-362
-361
-367
-363
-356
-340
-325
-324
-316
-298
-272
-252
-251
-242
-222
-215
-205
-185
-149
-118
-110
-86
-64
-54
-44
-26
0
19
41
78
104
111
133
143
150
168
175
186
192
196
200
210
228
258
277
296
313
310
310
300
307
306
298
289
284
280
266
264
255
266
272
277
293
288
276
274
257
238
221
205
207
208
218
229
237
244
250
250
253
247
243
267
268
263
270
271
271
280
273
273
293
296
295
289
283
279
293
293
286
295
290
278
264
257
246
236
233
227
224
217
212
222
224
222
210
205
206
197
186
182
183
176
172
162
151
129
104
114
113
93
81
82
94
106
102
90
74
61
54
27
2
-4
-19
-35
-44
-40
-37
-41
-56
-74
-91
-103
-113
-122
-128
-142
-120
-111
-103
-90
-105
-109
-121
-153
-178
-195
-203
-191
-175
-156
-133
-129
-114
-101
-112
-116
-120
-140
-162
-182
-207
-216
-214
-210
-193
-191
-187
-174
-173
-165
-155
-142
-140
-132
-125
-130
-113
-105
-100
-109
-129
-127
-129
-103
-83
-88
-68
-45
-29
-13
-2
6
15
18
15
18
25
35
36
29
45
52
58
76
77
74
77
63
56
48
35
33
29
29
33
41
39
31
29
22
12
8
2
8
12
15
27
19
11
0
-21
-36
-42
-59
-64
-60
-80
-89
-90
-82
-73
-71
-66
-89
-117
-136
-159
-175
-175
-173
-177
-161
-151
-145
-135
-133
-145
-144
-135
-131
-114
-107
-85
-64
-66
-56
-42
-42
-39
-52
-62
-54
-60
-57
-57
-51
-18
-2
-4
-7
-14
-26
-40
-78
-101
-94
-77
-55
-44
-42
-40
-47
-70
-95
-123
-125
-129
-134
-105
-81
-40
-10
-10
-12
-11
-12
-6
11
23
59
88
112
139
156
167
157
136
119
115
103
82
65
75
92
105
106
112
140
147
145
123
114
135
143
143
153
177
218
251
261
262
259
256
262
260
259
295
318
323
331
323
333
327
298
272
250
246
239
226
228
227
213
191
153
124
105
91
83
71
63
59
60
70
69
73
83
69
55
50
41
15
-7
-27
-27
-6
2
15
26
29
27
2
-26
-43
-57
-70
-84
-97
-87
-83
-105
-129
-151
-167
-157
-161
-185
-201
-208
-194
-192
-213
-212
-200
-181
-179
-195
-186
-166
-158
-173
-184
-192
-192
-202
-218
-221
-225
-217
-214
-217
-225
-233
-246
-269
-286
-296
-294
-305
-305
-303
-307
-286
-289
-280
-265
-239
-227
-253
-253
-242
-231
-231
-223
-217
-203
-189
-183
-184
-194
-183
-193
-208
-222
-230
-214
-207
-207
-207
-203
-179
-176
-195
-201
-192
-172
-170
-183
-173
-137
-111
-99
-81
-55
-17
-8
-21
-33
-28
-14
7
14
27
51
60
60
41
49
52
48
44
30
42
44
33
14
-6
-13
-14
-24
-26
-5
21
34
32
25
28
22
-1
-14
-4
22
41
44
26
21
29
29
10
-9
-22
-33
-46
-83
-101
-102
-102
-102
-99
-104
-108
-108
-127
-144
-149
-146
-151
-156
-167
-161
-141
-141
-133
-120
-102
-78
-85
-90
-77
-67
-56
-42
-32
-16
5
17
19
24
41
45
33
29
29
49
77
88
115
141
153
164
150
145
153
170
179
181
192
199
221
235
232
240
248
258
266
274
280
301
301
273
266
267
273
267
248
248
264
287
303
307
311
311
322
324
307
300
298
314
326
339
356
356
360
370
375
380
376
366
357
354
369
374
388
410
429
446
440
421
412
412
402
386
381
401
429
453
471
474
491
507
515
510
501
511
522
518
514
534
540
541
528
493
471
445
420
394
377
361
362
365
349
328
319
315
296
267
241
232
205
165
135
127
124
127
128
106
93
70
36
0
-19
-18
-31
-46
-55
-49
-39
-42
-69
-103
-133
-152
-197
-247
-253
-254
-254
-264
-286
-296
-296
-309
-362
-418
-441
-458
-480
-506
-512
-491
-472
-474
-494
-519
-528
-542
-566
-595
-616
-618
-619
-604
-582
-562
-561
-567
-578
-590
-608
-631
-642
-637
-608
-588
-584
-573
-553
-542
-538
-560
-583
-569
-537
-525
-506
-484
-459
-423
-431
-449
-453
-432
-414
-415
-421
-418
-376
-354
-356
-355
-337
-316
-299
-283
-297
-278
-261
-268
-268
-269
-242
-211
-186
-180
-165
-157
-141
-113
-114
-102
-93
-82
-54
-22
-7
6
16
11
17
12
9
8
20
47
64
77
81
88
115
123
119
104
93
106
94
73
78
96
103
101
84
88
110
120
114
106
116
141
161
155
142
157
177
180
161
141
139
142
141
129
122
146
176
184
183
183
186
179
171
164
166
167
171
178
194
210
203
202
207
213
211
209
185
176
193
189
185
190
196
204
189
158
145
134
115
87
65
44
43
60
55
34
9
4
2
-3
-21
-26
-15
-4
1
6
10
16
19
0
-6
-16
-19
-16
-25
-19
-9
-6
-8
-6
-4
6
21
20
16
7
5
21
29
35
49
62
72
67
61
60
58
53
45
54
67
67
70
83
102
101
88
61
48
54
42
22
12
30
56
65
46
17
9
12
0
-35
-56
-50
-37
-28
-31
-26
-22
-13
-24
-60
-75
-87
-93
-101
-107
-100
-85
-74
-70
-64
-77
-79
-86
-105
-109
-92
-86
-108
-111
-112
-124
-139
-183
-220
-228
-244
-254
-256
-246
-227
-211
-199
-180
-167
-157
-149
-177
-189
-184
-174
-167
-164
-136
-108
-87
-79
-73
-69
-39
-27
-48
-61
-60
-31
-11
-21
-31
-15
9
11
-7
-32
-23
-2
-6
-15
-6
15
45
57
38
31
19
13
15
-1
1
22
29
22
29
27
20
18
21
44
62
63
61
55
40
45
19
-16
10
40
37
21
23
54
86
73
33
29
51
71
70
59
63
94
118
111
106
118
139
144
100
86
112
130
140
129
123
133
133
115
91
72
76
76
66
60
58
76
82
78
82
80
73
67
51
62
83
77
58
75
120
145
156
156
164
185
201
175
155
176
217
246
243
250
276
300
293
286
287
319
339
317
297
300
316
316
296
283
281
272
250
221
208
209
215
205
188
206
228
221
190
175
191
202
199
180
157
164
189
173
138
141
165
160
138
133
146
167
148
123
115
119
127
103
74
87
112
97
66
38
45
62
49
26
6
16
45
32
7
9
10
9
-9
-30
-35
-18
-16
-42
-52
-46
-31
-45
-69
-72
-56
-38
-37
-39
-27
8
6
-35
-57
-60
-75
-101
-122
-125
-94
-67
-74
-90
-76
-67
-72
-95
-108
-80
-74
-74
-94
-103
-67
-47
-75
-106
-94
-64
-47
-83
-99
-71
-44
-44
-70
-84
-73
-56
-74
-108
-124
-128
-113
-129
-153
-140
-117
-105
-110
-111
-89
-65
-66
-88
-93
-84
-76
-86
-110
-93
-65
-53
-58
-70
-63
-66
-83
-100
-100
-85
-63
-62
-75
-53
-26
-32
-45
-46
-43
-42
-69
-98
-93
-72
-58
-71
-110
-124
-115
-134
-170
-192
-178
-153
-145
-149
-149
-127
-111
-131
-165
-182
-187
-193
-209
-211
-202
-183
-169
-191
-205
-202
-195
-200
-227
-231
-223
-219
-225
-235
-227
-230
-237
-254
-276
-263
-257
-268
-271
-255
-229
-209
-215
-221
-204
-177
-159
-180
-179
-151
-121
-101
-130
-141
-120
-103
-89
-107
-114
-99
-76
-64
-66
-40
-10
-2
-8
-10
-3
9
21
21
29
41
51
48
33
44
77
93
85
70
89
100
86
75
75
91
107
103
80
85
99
105
103
103
113
108
92
63
58
70
65
65
64
69
109
125
107
100
106
104
99
76
66
93
111
118
105
104
132
140
137
143
162
177
172
152
136
148
155
142
126
124
145
159
146
135
138
134
120
89
81
90
103
92
84
109
120
116
112
105
101
106
96
92
91
114
140
134
134
145
168
175
170
150
132
131
117
104
101
102
124
112
91
94
85
94
87
64
69
61
31
6
-18
-22
-9
-20
-42
-60
-59
-76
-112
-141
-131
-115
-120
-128
-140
-137
-134
-133
-128
-108
-100
-95
-89
-98
-96
-94
-85
-80
-84
-66
-35
-31
-18
-9
25
65
56
48
36
27
21
10
-22
-17
12
20
26
3
-2
18
23
9
-11
-24
-15
-3
-13
-18
8
30
31
26
42
52
63
73
90
102
100
104
81
84
81
77
76
58
57
53
46
41
65
88
124
122
90
94
100
89
66
55
47
65
62
27
0
2
33
23
-7
-16
-8
-6
-13
-48
-73
-57
-41
-69
-101
-112
-116
-110
-122
-127
-116
-101
-97
-125
-140
-138
-130
-125
-133
-135
-138
-138
-156
-162
-159
-139
-121
-121
-106
-98
-88
-78
-66
-53
-36
-35
-35
-27
-30
-30
-44
-53
-44
-16
-23
-74
-109
-114
-97
-82
-89
-94
-76
-71
-87
-130
-151
-137
-122
-141
-174
-180
-169
-152
-150
-156
-146
-110
-81
-97
-123
-128
-117
-105
-115
-121
-105
-98
-109
-127
-130
-121
-101
-89
-71
-57
-39
-19
-21
-8
0
21
47
57
62
78
80
71
86
124
153
159
154
148
154
145
118
100
102
112
129
125
112
123
131
126
124
133
155
167
155
132
113
125
141
137
136
151
167
180
188
181
200
215
210
199
210
239
255
254
232
223
231
229
213
203
207
200
167
136
116
107
100
76
57
64
83
83
65
52
60
72
72
58
53
49
49
48
25
23
37
51
51
54
73
90
86
83
100
109
116
106
86
77
59
55
43
39
61
75
81
59
53
46
35
16
-9
-7
-12
-22
-45
-60
-66
-65
-66
-67
-61
-56
-56
-74
-91
-93
-88
-91
-106
-110
-98
-79
-75
-88
-92
-79
-63
-72
-79
-81
-72
-60
-72
-68
-47
-22
-5
0
5
19
17
13
10
5
9
0
-7
-13
-8
-6
-15
-33
-53
-50
-37
-32
-44
-51
-62
-72
-94
-122
-126
-140
-154
-168
-179
-158
-135
-131
-130
-144
-155
-152
-161
-161
-153
-129
-112
-98
-77
-67
-56
-53
-61
-65
-50
-42
-30
-16
-4
15
33
39
33
34
16
6
8
5
18
29
37
33
21
29
39
33
30
26
30
38
29
20
41
67
75
78
82
100
115
94
65
42
30
25
-9
-37
-34
-31
-26
-18
-16
-6
7
-8
-34
-44
-42
-23
-18
-24
-24
-45
-53
-69
-93
-86
-85
-92
-100
-112
-113
-107
-110
-118
-106
-82
-72
-68
-57
-46
-35
-14
-11
-13
-23
-30
-31
-50
-45
-34
-30
-25
-11
6
23
24
20
21
17
15
-2
-16
-13
-16
-26
-40
-57
-64
-59
-67
-74
-77
-74
-52
-43
-41
-25
-7
15
29
17
23
29
19
5
-17
-11
4
14
13
9
31
45
48
45
33
31
29
11
-21
-48
-50
-47
-46
-53
-58
-56
-53
-67
-76
-76
-73
-62
-63
-32
-1
26
51
64
68
74
69
52
63
84
111
119
117
129
146
157
143
128
132
131
123
109
94
86
75
64
40
16
7
8
9
10
9
12
14
-12
-29
-30
-19
-6
-15
-14
3
35
59
53
62
83
103
114
114
119
127
125
101
85
73
60
57
65
69
65
67
75
82
74
52
21
-3
-24
-40
-59
-80
-83
-65
-54
-58
-69
-83
-84
-89
-92
-87
-71
-54
-30
-26
-37
-38
-37
-33
-39
-47
-55
-44
-23
-8
7
10
25
35
15
-3
-17
-22
-14
-25
-32
-33
-38
-42
-52
-68
-87
-83
-75
-75
-74
-81
-82
-82
-81
-84
-85
-92
-101
-94
-83
-66
-45
-19
6
36
47
49
59
59
56
38
16
8
28
42
39
36
36
40
32
23
7
10
12
-9
-30
-46
-34
-11
-5
-8
-17
-24
-19
-31
-48
-53
-47
-28
-15
-13
-7
16
29
36
45
33
28
25
29
43
33
25
28
38
40
37
32
32
50
57
49
42
51
70
82
85
79
75
75
77
67
55
62
69
58
52
38
33
36
24
21
15
30
53
59
65
57
47
46
40
27
28
41
50
56
56
49
28
2
-5
-12
-15
-27
-46
-44
-45
-52
-55
-61
-60
-46
-40
-51
-62
-56
-56
-69
-81
-82
-59
-42
-23
-13
17
51
53
46
32
19
18
16
-15
-36
-30
-7
14
26
22
21
41
47
52
39
19
19
20
4
-15
-33
-48
-43
-45
-52
-54
-46
-35
-21
-18
-29
-29
-9
21
34
33
32
44
55
51
26
-11
-11
4
10
3
1
16
35
46
23
19
37
54
36
-12
-46
-44
-26
-40
-52
-64
-46
-24
-24
-42
-54
-31
-15
-24
-43
-40
-25
2
10
0
-6
2
18
21
36
38
29
20
20
15
10
8
11
22
26
20
5
11
12
14
1
-23
-35
-29
-27
-55
-84
-101
-94
-92
-109
-123
-116
-89
-65
-70
-87
-84
-68
-54
-72
-84
-87
-77
-66
-71
-84
-79
-65
-60
-62
-66
-48
-42
-41
-50
-58
-59
-70
-73
-80
-83
-93
-96
-75
-58
-43
-36
-25
-5
11
-8
-50
-49
-36
-30
-41
-72
-89
-67
-36
-35
-45
-43
-15
14
-5
-42
-45
-33
-13
-31
-63
-70
-46
-30
-41
-42
-30
1
23
23
15
16
35
44
38
28
27
31
34
34
21
12
26
41
59
70
65
66
74
89
89
81
83
106
128
108
76
58
51
59
53
34
32
44
58
65
64
60
64
66
54
31
16
30
33
29
24
36
72
104
106
84
82
100
103
82
68
83
106
114
106
95
95
111
124
123
105
87
82
66
56
54
32
12
9
1
0
-7
-23
-23
-20
-32
-43
-54
-52
-35
-42
-60
-71
-54
-27
-14
-18
-12
17
41
44
40
47
62
73
75
69
81
100
108
106
82
80
84
92
100
94
95
90
84
65
44
29
12
0
-14
-20
-25
-31
-32
-34
-28
-25
-24
-23
-23
-18
-13
-16
-22
-24
-15
-3
-11
-6
9
27
33
22
12
14
20
22
10
-1
7
12
15
4
1
-16
-23
-21
-44
-38
-40
-51
-59
-53
-50
-52
-48
-54
-53
-56
-63
-65
-62
-49
-30
-25
-19
-19
-17
-24
-44
-61
-78
-66
-56
-61
-50
-39
-33
-11
0
19
40
43
39
17
-2
-28
-52
-64
-70
-67
-61
-42
-14
-7
4
20
27
36
31
27
14
-10
-11
-9
-16
-28
-33
-22
-7
-9
-13
-8
-6
3
10
-3
-24
-39
-57
-81
-95
-104
-95
-84
-85
-77
-71
-62
-63
-77
-84
-84
-87
-87
-103
-124
-121
-115
-111
-98
-81
-51
-38
-45
-47
-51
-43
-43
-58
-51
-50
-64
-80
-83
-88
-94
-85
-76
-64
-49
-34
-33
-27
-15
-6
-6
-25
-37
-48
-54
-66
-77
-71
-51
-28
-8
8
32
45
45
39
11
-4
-15
-21
-27
-31
-12
-4
9
34
51
72
82
89
100
98
108
106
84
77
78
84
80
73
70
74
101
103
103
117
126
124
94
63
46
38
22
13
21
35
47
47
47
51
60
68
68
61
78
110
119
118
118
108
108
114
107
128
153
163
190
203
217
242
229
212
198
182
163
153
145
131
121
114
109
112
102
82
80
50
19
13
-4
-7
-4
3
-3
-12
-21
-35
-27
-14
4
18
28
41
48
50
60
61
59
57
41
20
6
7
11
17
33
40
30
2
-30
-53
-68
-75
-95
-114
-142
-154
-147
-154
-146
-154
-153
-160
-169
-171
-178
-173
-189
-181
-184
-195
-194
-213
-216
-197
-182
-175
-158
-149
-131
-124
-143
-131
-108
-97
-105
-135
-136
-125
-123
-114
-106
-91
-71
-60
-77
-95
-101
-96
-79
-75
-80
-80
-78
-73
-67
-53
-34
-20
-5
7
0
-8
13
43
56
56
54
42
32
36
21
4
10
15
12
12
8
12
34
44
35
10
-24
-46
-51
-59
-61
-75
-69
-55
-44
-33
-32
-10
4
21
25
11
-3
-20
-39
-45
-42
-41
-25
-24
-20
-7
13
29
35
42
37
42
49
57
53
38
26
25
31
28
23
25
45
59
79
94
92
108
127
122
107
81
63
66
54
52
54
57
75
94
89
73
73
67
78
82
73
80
81
81
88
70
55
70
74
74
65
52
52
52
49
46
27
14
19
14
22
8
-8
2
1
1
0
-9
-1
4
-1
4
5
10
20
1
-24
-32
-34
-3
36
48
69
88
98
98
95
103
122
152
146
134
131
126
134
119
118
119
120
122
103
90
83
99
103
98
81
50
34
38
51
37
21
13
26
43
28
9
6
19
20
18
5
0
24
42
41
25
16
26
35
25
13
8
12
30
33
27
34
35
34
22
-12
-32
-37
-29
-25
-49
-46
-34
-42
-39
-67
-82
-76
-82
-80
-86
-94
-103
-85
-71
-70
-70
-67
-46
-27
-38
-42
-34
-29
-7
-14
-33
-41
-30
-8
0
-5
-8
22
42
42
27
6
7
14
12
-7
-23
-26
-28
-37
-49
-58
-63
-67
-79
-98
-116
-114
-103
-111
-112
-108
-101
-89
-103
-112
-116
-135
-140
-141
-140
-136
-122
-105
-98
-84
-91
-95
-102
-119
-123
-126
-110
-77
-47
-47
-41
-40
-44
-25
-26
-43
-67
-89
-88
-86
-105
-108
-93
-76
-64
-76
-96
-82
-76
-96
-113
-117
-103
-78
-73
-81
-85
-91
-76
-78
-97
-97
-84
-71
-64
-65
-60
-45
-32
-24
-25
-19
-14
-21
-33
-44
-33
-6
-6
3
17
17
27
28
35
38
25
12
7
11
29
49
58
70
90
98
88
71
68
75
71
57
40
50
61
65
57
34
32
27
17
1
-3
12
45
64
64
73
74
68
63
54
45
56
65
67
77
81
99
108
100
92
81
75
71
84
92
94
87
80
73
58
