21
21
15
6
22
14
22
38
34
40
47
46
38
33
23
21
26
19
20
17
3
2
13
0
-5
-13
-28
-25
-16
-10
-4
-5
-16
-32
-49
-52
-52
-47
-41
-32
-32
-42
-33
-26
-19
-19
-24
-21
-36
-42
-39
-49
-44
-40
-52
-55
-73
-74
-73
-89
-79
-73
-80
-64
-40
-44
-41
-35
-51
-47
-48
-57
-32
-38
-45
-27
-28
-25
-19
-12
-3
-7
-12
-6
-13
-22
-16
-36
-44
-14
-16
-14
-8
-7
-1
2
5
22
20
5
28
22
9
7
-8
-19
-19
-27
-25
-26
-40
-17
-11
-2
12
9
6
-3
-18
-11
-7
-19
-21
-32
-30
-25
-21
-12
-3
-23
-18
-3
-34
-9
18
30
43
37
33
17
-5
0
5
-29
-23
-28
-41
-43
-51
-53
-72
-78
-69
-58
-69
-86
-78
-94
-102
-79
-96
-98
-98
-120
-122
-130
-116
-104
-106
-98
-93
-77
-50
-35
-23
-30
-48
-37
-36
-29
-23
-37
-45
-57
-46
-63
-70
-61
-68
-52
-61
-57
-43
-47
-48
-56
-69
-64
-59
-52
-37
-22
-17
-7
7
-16
-10
-8
-12
23
36
51
75
60
67
77
48
63
68
60
90
69
63
81
60
64
42
14
22
19
12
5
3
46
48
8
38
49
39
47
44
59
62
31
69
79
52
85
94
103
113
112
110
104
101
117
114
109
100
85
77
51
68
73
48
50
79
73
70
77
98
93
66
90
83
63
74
90
99
90
88
115
94
92
101
84
107
92
91
95
53
51
80
35
37
66
66
101
73
67
104
79
56
71
40
50
72
48
68
63
68
103
83
84
122
78
64
78
41
43
27
4
53
30
-19
20
-16
-55
-11
-55
-61
-30
-81
-63
-34
-74
-64
-94
-149
-96
-126
-152
-83
-123
-138
-105
-138
-133
-115
-137
-91
-83
-101
-59
-62
-65
-45
-68
-69
-46
-58
-40
-25
-17
12
0
-42
-41
-15
-36
-50
-48
-31
-43
-53
-16
-12
-28
-11
-14
-32
-29
-45
-21
-37
-72
-39
-51
-65
-42
-43
-42
-38
-56
-54
-58
-54
-44
-67
-46
-36
-36
-35
-52
-37
-56
-94
-83
-76
-74
-34
-33
-19
3
-39
-1
-9
-62
10
-23
-46
11
-48
-28
-13
-78
-36
-30
-60
-31
-19
-35
-18
7
-17
-34
-1
-15
-25
15
1
-2
-3
-12
27
-3
-47
9
1
-4
31
18
65
45
7
63
31
6
45
34
41
69
51
69
76
23
54
54
3
32
36
12
16
36
15
22
43
23
27
34
15
18
20
-6
28
41
35
38
18
24
33
-8
5
14
-27
5
-22
-30
21
0
-5
5
-59
-55
-21
-90
-72
-54
-88
-59
-67
-88
-37
-47
-47
-30
-46
-17
-29
-10
5
-23
29
38
-35
27
33
-19
53
-13
0
65
-11
5
-1
-32
24
-17
-49
16
-1
21
4
-31
42
42
15
4
23
57
39
44
66
84
111
71
122
136
33
137
129
52
115
87
112
165
75
125
202
98
97
81
59
85
52
8
43
93
48
22
58
70
21
9
-6
69
57
-14
56
51
27
52
51
41
67
35
40
56
43
71
49
44
86
56
32
63
35
21
17
13
-2
-26
-8
11
-3
-30
-17
9
-29
-45
6
-41
-94
-79
-73
-85
-91
-45
-22
-58
-43
0
-20
-35
-32
-21
-5
-27
-31
-7
-11
-36
-39
-58
-105
-62
-70
-118
-69
-71
-83
-49
-59
-37
-14
-86
-59
-62
-116
-99
-140
-128
-88
-148
-152
-102
-103
-109
-127
-100
-79
-67
-97
-73
-30
-108
-97
-60
-146
-145
-42
-106
-72
-17
-61
-14
3
-33
-2
18
-54
1
-3
-70
-15
-15
-93
-60
-6
-36
-15
-31
-5
28
-26
-34
-10
5
-7
-57
-43
-35
-41
-16
-24
-33
-3
18
-9
26
21
39
49
-8
2
12
0
13
0
0
63
-12
32
68
-1
64
20
-35
40
0
-40
47
-32
3
64
-3
27
25
9
35
11
-11
52
36
22
16
23
40
31
64
86
103
121
81
73
122
62
70
57
66
100
28
81
130
88
122
87
34
133
39
24
125
49
53
60
8
65
58
-51
70
67
15
76
3
35
59
-39
-13
28
7
-6
-33
70
72
51
85
46
96
71
-38
43
61
-20
15
-22
5
-5
-75
-26
45
13
-11
-6
16
40
-54
3
9
20
25
-19
53
74
33
35
74
32
39
26
43
19
13
43
9
13
-13
-60
26
33
-113
29
0
-110
41
-18
-102
42
-57
-96
30
-153
-34
76
-74
56
50
-50
45
-18
-48
1
-57
-18
0
3
18
-9
80
55
61
127
26
104
57
13
72
54
96
65
0
85
37
-37
134
7
51
111
-16
66
26
-20
42
-35
-91
-15
-113
-50
-60
-109
-40
-99
-96
-59
-122
-124
-86
-186
-140
-171
-182
-114
-179
-188
-86
-118
-131
-61
-178
-105
-60
-205
-152
-99
-175
-138
-125
-78
-48
-92
-44
-79
-107
-50
-80
-87
-13
-51
-24
-45
-52
20
50
22
22
67
17
32
-8
9
-6
0
13
33
42
-81
-30
-18
-65
-76
-23
-53
-40
-83
-157
-71
-57
-29
-50
-24
-40
-63
-43
-42
-46
-43
-66
-107
10
-32
-64
39
1
-9
11
-15
80
10
-89
78
-14
-5
51
-119
-14
-36
-176
-10
2
-92
44
-38
-77
0
-72
-6
26
-38
-39
31
35
95
155
87
56
121
105
93
164
116
127
125
86
102
132
98
96
116
51
120
142
55
120
93
30
114
64
93
147
32
92
176
86
148
197
169
91
35
159
105
63
86
86
129
100
71
214
135
34
129
-20
64
71
-63
56
1
-103
9
-86
-102
47
-109
-35
0
-80
-9
-1
24
64
22
17
136
54
21
95
96
88
91
99
127
106
55
161
143
101
105
96
101
7
-21
43
25
-67
14
33
-37
9
-61
-34
55
1
-9
27
13
25
56
1
92
63
-15
54
-30
-28
83
-16
-14
45
-96
31
-6
-91
79
-85
-115
44
-123
-58
30
-145
48
-76
-159
55
-95
-53
45
-85
-42
44
-94
7
-7
-57
68
-33
30
87
-45
-54
110
26
-3
103
50
36
-41
-27
-33
7
-84
-60
60
-141
-80
39
-39
-75
41
-25
-33
-68
-168
-21
-123
-214
-30
-36
-177
-16
-72
-69
28
-132
-41
-22
-134
-70
-66
-142
-72
-96
-165
-127
-119
-89
-102
-113
-62
-55
-101
-85
-36
-121
-63
-58
-124
-91
-68
-36
-43
-45
-92
11
-60
-23
76
-17
61
66
46
73
72
42
38
24
119
83
-50
-12
27
22
-22
-11
22
64
-11
-69
-4
-62
-64
-72
-96
-70
-67
-44
-23
-52
-51
-6
-85
-68
-80
-15
-82
-156
-55
-136
-90
-133
-185
-95
-97
-243
-83
-100
-246
-26
-120
-141
-4
-79
-32
61
-148
-41
68
-114
32
-16
-23
161
2
-18
119
-15
-18
69
-44
58
52
-42
56
-1
18
50
54
16
59
129
-37
-13
23
-19
-8
37
24
40
69
-25
57
50
11
8
9
-9
70
55
-22
149
68
61
45
32
75
61
-31
20
-7
-52
135
-53
30
88
-30
10
24
-70
94
111
-13
161
52
81
147
107
75
191
112
41
96
69
201
127
135
106
139
195
33
57
140
2
109
181
-9
176
115
-43
119
28
-24
97
37
13
102
-13
-9
116
4
87
114
-32
38
114
-4
7
78
-23
29
70
75
31
39
46
83
38
23
143
45
63
13
28
-56
-6
64
-79
72
73
-90
75
79
-63
192
-85
-27
250
-101
54
179
-91
149
145
-127
176
-1
-52
108
-152
-82
0
-101
-88
-110
-9
-90
-140
8
-187
-147
-226
-189
111
-196
-101
228
-141
-90
50
-63
29
-51
42
30
-112
-21
162
-7
-53
153
2
-106
-46
2
-110
-10
24
-9
-44
-47
69
-9
-60
-36
58
-149
-149
-134
-85
-88
-111
87
-89
104
3
-60
21
-143
63
158
-24
77
57
-108
96
-42
6
70
-19
38
18
-67
64
-53
-69
162
-154
19
-9
-38
43
-111
-48
12
-3
-11
14
-56
43
-158
-73
55
-82
-16
-23
29
139
-94
-78
211
-117
-37
-95
-143
234
-213
-165
345
-133
-185
167
-270
-47
-23
-320
138
-218
-162
125
-279
-63
-81
-81
74
-225
134
-37
-188
325
-307
45
364
-128
127
31
9
161
-85
11
251
33
91
-5
-76
-33
110
-12
-178
117
-26
-8
-84
-119
142
-91
-167
304
-324
-234
436
-258
-61
110
-60
82
-113
-124
5
-56
67
31
-45
-79
45
242
-606
118
655
-610
66
178
-369
518
-138
-400
725
-88
-151
93
-262
426
-108
-196
346
175
-6
-55
429
-120
-263
592
-62
-30
69
-296
534
-387
-339
864
-432
-178
750
-571
-207
657
-184
-26
-28
-216
543
-35
-606
541
214
-345
250
-55
26
256
-23
77
150
23
6
69
169
29
-117
12
206
-25
-177
1
239
219
-415
116
466
-340
-250
257
159
-161
-232
112
367
-156
-89
26
31
253
-228
-121
86
122
-88
-261
111
-55
-252
125
16
-225
38
-163
244
-204
-252
386
-462
41
213
-273
230
20
-177
409
-108
-322
207
-33
-38
15
-66
11
-32
-3
274
-75
-94
62
-98
76
-117
-148
148
77
-114
29
-40
105
81
-331
113
85
-259
153
0
-131
181
-169
-38
128
-193
-83
-161
-12
72
-207
-35
83
-162
-103
103
44
-137
-39
59
-68
-89
-108
53
-15
-50
-84
-37
47
-209
-188
-25
45
-34
-143
-117
115
-35
-44
14
-15
145
-90
-33
39
-45
93
-12
-185
32
43
-22
-116
-67
156
-47
-69
-78
63
73
-138
-28
-24
11
97
-51
-76
101
-29
-13
113
56
-53
69
195
-40
40
121
79
-10
-8
89
118
55
2
-10
27
165
-155
25
213
53
-7
-178
31
166
-82
-187
129
-21
-94
49
-131
-58
-11
-6
-3
-127
-16
95
-110
-18
6
-77
132
21
-107
115
68
-19
138
-44
46
135
-141
71
144
-75
151
178
-28
69
55
105
-18
-60
157
29
-25
67
71
-54
54
117
-16
144
72
66
182
-22
91
87
33
93
-2
70
-4
49
149
20
68
132
71
126
-42
40
69
-113
65
-118
-99
-6
-55
-122
-45
-6
-162
-54
-57
24
-24
-29
50
-93
-76
8
-79
-71
-64
-159
-67
5
-19
-27
-39
-32
11
-94
22
33
-97
31
29
-77
-107
61
-28
23
84
0
138
78
111
67
124
230
176
186
98
26
9
104
60
-45
14
88
71
72
184
67
103
199
144
134
39
97
-8
-4
70
-30
-44
48
182
-25
6
154
11
26
38
29
-24
-15
104
0
99
141
47
94
59
43
-77
-115
-121
-183
-281
-247
-260
-236
-159
-206
-175
-257
-254
-387
-351
-422
-559
-417
-508
-507
-489
-535
-507
-374
-408
-434
-375
-374
-312
-312
-295
-269
-220
-136
-51
-51
-120
-118
-77
-58
22
138
170
136
231
254
256
293
244
260
107
63
24
-53
34
71
132
206
278
284
396
422
405
531
500
503
479
374
433
424
296
337
373
386
367
422
575
646
648
644
697
685
835
1033
1080
1117
1192
1267
1344
1458
1504
1411
1166
513
-565
-1424
-1759
-1944
-2229
-2453
-2532
-2621
-2589
-2119
-1740
-1341
-869
-712
-910
-1252
-1221
-1058
-788
-482
-222
-238
-244
77
165
90
182
142
-327
-847
-1236
-1394
-1426
-1124
-693
-585
-301
114
470
864
1210
1483
1456
1281
1230
1034
805
742
745
516
316
310
175
-82
-232
-242
-471
-695
-676
-868
-1149
-1013
-1035
-1258
-1102
-816
-614
-362
-24
258
379
456
591
598
566
587
483
206
67
35
-146
-163
-17
-111
-174
-47
-30
-35
30
311
510
646
921
1101
1285
1484
1673
1761
1730
1662
1582
1535
1536
1479
1371
1309
1296
1219
1108
1135
1242
1346
1433
1743
1953
2120
2442
2637
3028
3318
3366
2957
1590
-522
-2404
-3132
-3433
-3834
-3997
-4078
-4242
-4257
-3610
-2507
-1710
-1002
-512
-950
-1842
-2183
-1766
-1220
-794
-187
265
278
447
702
682
588
394
-180
-1230
-2185
-2593
-2367
-1804
-1290
-830
-494
-12
675
1395
1897
2231
2383
2187
1957
1681
1534
1393
1202
859
412
144
-218
-372
-448
-690
-1019
-1353
-1587
-1914
-1939
-1676
-1443
-1229
-1096
-708
-411
-390
-72
171
187
147
31
-293
-694
-824
-1043
-1409
-1632
-1777
-2037
-2004
-1713
-1576
-1542
-1323
-951
-768
-379
31
296
516
587
576
402
331
344
187
60
-18
-93
-63
32
204
300
314
417
386
214
273
289
300
423
438
489
622
1026
1380
1762
2011
1971
2012
1901
1861
1818
1916
2076
2135
2347
2478
2674
2991
3357
3805
4004
3581
2296
-195
-2974
-4384
-4349
-4068
-4283
-4363
-4013
-3465
-2496
-1291
-137
870
1355
1046
119
-614
-508
235
715
718
727
599
659
753
399
46
-165
-778
-1871
-2676
-2850
-2259
-1184
-277
234
566
1197
1947
2550
2968
3079
2964
2534
1939
1429
981
648
238
-341
-1017
-1516
-1702
-1875
-2069
-2116
-2087
-2166
-2072
-1962
-1698
-1007
-448
-71
93
258
503
661
724
665
698
539
250
-86
-479
-632
-805
-1248
-1790
-2125
-2359
-2385
-2115
-1858
-1571
-1246
-911
-554
-134
268
574
693
648
498
317
315
196
33
-37
-269
-398
-427
-361
-235
-138
93
189
229
290
478
731
999
1432
1522
1541
1762
1873
1874
1926
1903
1665
1551
1477
1330
1279
1427
1656
1834
2087
2459
2952
3368
3867
3940
3271
2016
-658
-3605
-4713
-4096
-3656
-4016
-3955
-3253
-2270
-1187
6
1150
1885
2222
1685
547
-12
359
1149
1618
1678
1444
1226
1212
941
336
-226
-749
-1545
-2581
-3142
-2805
-1897
-470
773
1268
1689
2345
3018
3478
3622
3532
3085
2419
1827
1250
601
12
-523
-1374
-2108
-2516
-2815
-2938
-2898
-2547
-2129
-1657
-1153
-678
-201
313
714
530
127
-233
-491
-661
-802
-889
-1014
-1009
-1040
-1181
-1376
-1579
-1886
-2443
-2976
-3377
-3507
-3456
-3146
-2677
-2166
-1297
-641
-235
92
261
351
310
217
-114
-407
-584
-687
-770
-961
-976
-992
-1195
-1365
-1304
-1144
-808
-378
-96
194
519
859
1078
1232
1289
1225
1170
1103
1019
812
780
874
879
1115
1372
1547
1721
1838
1978
2026
2117
2343
2730
3263
3857
4321
4113
3500
2928
1331
-1938
-4500
-4363
-3379
-3599
-3997
-3301
-2032
-669
404
1291
2308
2952
3040
2428
1549
1261
1817
2651
2659
2164
1959
2108
1932
1045
221
-413
-1098
-1932
-2711
-2949
-2431
-1289
-303
83
357
1088
1998
2508
2584
2349
1950
1417
772
279
-70
-415
-844
-1513
-2274
-2676
-2623
-2469
-2369
-2191
-1772
-1323
-847
-449
-131
262
351
270
35
-205
-84
112
161
113
177
287
81
-445
-883
-1239
-1836
-2550
-3066
-3457
-3701
-3385
-2802
-2364
-1930
-1524
-1073
-702
-462
-331
-473
-603
-688
-752
-719
-714
-667
-539
-413
-416
-475
-499
-519
-437
-162
57
218
513
853
1225
1498
1729
1739
1605
1648
1552
1375
1272
1150
1045
1028
1055
1002
1106
1416
1552
1540
1573
1839
2224
2513
2828
3106
3568
4329
4972
4908
4001
3278
2379
-296
-3640
-4898
-4026
-3483
-3860
-3617
-2479
-1202
25
998
1716
2347
2681
2284
1246
553
713
1478
1911
1596
1279
1308
1382
843
-120
-807
-1393
-2185
-2954
-3169
-2777
-1772
-425
514
1086
1803
2583
2950
2817
2336
1735
1163
591
58
-317
-632
-985
-1411
-1850
-2054
-2069
-1916
-1801
-1798
-1621
-1274
-858
-520
-209
169
544
781
766
683
742
996
1105
775
306
-144
-558
-1053
-1592
-1964
-2278
-2653
-3022
-3276
-3473
-3234
-2411
-1740
-1498
-1185
-646
-292
-79
150
87
-35
-11
-173
-421
-531
-468
-461
-678
-965
-1181
-1294
-1374
-1336
-1206
-1158
-968
-709
-654
-431
64
387
432
492
343
129
126
74
43
105
288
348
304
328
471
622
693
757
820
1099
1591
2240
2810
3431
4069
4464
4641
4375
3574
2765
1816
-917
-4391
-5504
-4364
-3373
-3114
-2417
-1280
-243
724
1357
1712
2173
2416
1909
778
280
905
1889
2525
2495
2113
1636
1245
479
-658
-1359
-1851
-2552
-3120
-3078
-2361
-980
540
1284
1487
1861
2181
2137
1905
1600
1162
727
418
257
263
215
187
38
-323
-734
-1068
-1258
-1455
-1469
-1348
-1168
-813
-435
-106
236
593
902
904
647
389
233
-20
-487
-750
-950
-1075
-1225
-1582
-1783
-1717
-1693
-2037
-2401
-2728
-2823
-2321
-1701
-1400
-1083
-512
-134
82
420
604
590
699
575
1
-606
-906
-1022
-1172
-1131
-1006
-841
-623
-249
215
452
713
831
638
513
471
272
171
407
578
595
813
1095
1186
1221
1120
692
241
61
-50
-98
158
549
997
1600
2151
2475
2634
2933
3292
3397
3412
3182
2494
1929
1824
377
-2918
-4759
-3671
-2077
-1883
-2010
-1597
-1143
-567
-31
365
1090
2049
2586
2154
1546
1833
2583
3033
2646
1676
718
181
-131
-869
-1343
-1323
-1324
-1498
-1560
-1240
-777
4
586
475
253
430
807
1011
1274
1481
1362
1361
1551
1642
1442
995
473
-407
-1282
-1711
-1869
-1912
-1783
-1433
-1144
-683
-191
34
109
54
-53
-398
-812
-918
-766
-572
-478
-325
-108
76
203
6
-314
-514
-900
-1554
-2100
-2217
-2221
-2355
-2350
-2205
-1901
-1300
-643
-113
302
590
555
331
137
-255
-695
-1093
-1430
-1533
-1295
-895
-656
-489
-301
-182
-359
-633
-836
-1002
-965
-827
-760
-658
-189
396
698
835
813
631
467
246
-78
-288
-149
187
574
1130
1671
2131
2547
2739
2566
2272
2058
1855
1849
2206
2797
3153
2817
2388
2283
733
-2717
-5067
-4610
-3329
-3053
-2891
-2121
-1097
206
1425
2184
2872
3591
3695
2835
1643
1017
1262
1724
1600
913
291
117
-73
-559
-996
-1383
-1868
-2364
-2589
-2561
-2110
-954
71
426
515
798
1246
1612
1865
1798
1490
1299
1174
869
450
121
-305
-1115
-1949
-2367
-2432
-2396
-2351
-2445
-2614
-2455
-2136
-1939
-1805
-1423
-750
-294
-44
227
838
1567
1870
1784
1383
984
674
293
-175
-558
-909
-1595
-2283
-2493
-2204
-1822
-1614
-1429
-1129
-555
170
741
1057
1203
1211
950
469
-95
-478
-476
-350
-356
-496
-634
-575
-296
-241
-475
-630
-766
-1025
-1117
-791
-434
-156
250
631
772
849
934
833
701
577
376
146
184
590
1100
1709
2217
2447
2485
2521
2570
2330
2044
1864
1714
1786
2151
2718
3039
2891
2558
1982
-230
-3806
-5308
-3920
-2236
-1583
-979
66
996
1896
2511
2708
2787
2818
2461
1235
35
24
762
1001
622
188
-289
-617
-997
-1729
-2234
-2199
-2009
-2022
-1976
-1674
-1023
44
788
940
893
922
1059
1142
1124
931
813
837
766
569
302
160
-217
-1077
-1856
-2132
-2119
-2158
-2123
-2139
-1969
-1411
-959
-768
-612
-132
440
801
746
489
596
768
685
307
-55
-165
-220
-477
-884
-1043
-1308
-1884
-2399
-2608
-2421
-2192
-1953
-1524
-921
-242
434
1020
1158
956
707
287
-277
-820
-1183
-1181
-884
-532
-204
-19
-29
-131
-446
-1014
-1486
-1799
-2120
-2024
-1461
-960
-423
403
1063
1153
1058
898
624
566
643
532
477
845
1517
2125
2587
2910
2921
2653
2168
1525
856
601
876
1192
1594
2298
3051
3336
2803
2032
1362
-607
-3815
-5304
-3817
-1663
-436
468
1178
1512
1903
2114
1573
848
601
578
36
-515
-74
671
810
591
350
-112
-467
-722
-1340
-1871
-1742
-1246
-848
-729
-921
-968
-590
-188
-45
-85
-227
-89
367
747
998
1197
1189
826
324
-75
-298
-624
-1129
-1491
-1542
-1404
-1179
-1008
-1087
-1056
-675
-401
-520
-568
-258
179
439
462
437
523
708
674
487
569
902
970
492
-106
-447
-662
-865
-1538
-2590
-2897
-2416
-1976
-1656
-1110
-628
-292
25
-165
-749
-1084
-1169
-1232
-1288
-1157
-721
-245
-65
-89
-153
-453
-772
-1200
-1942
-2333
-2112
-1707
-1271
-832
-759
-682
-218
49
-47
-158
-141
67
604
1266
1783
2318
2855
3174
3189
2906
2458
1950
1477
904
416
453
801
1080
1425
1974
2415
2827
3035
2592
1790
1415
681
-1780
-3585
-2056
907
2104
1829
1696
1349
774
400
-169
-1005
-1229
-469
132
275
965
1904
1889
1166
672
300
122
171
-303
-1054
-1059
-212
469
265
-526
-1245
-1476
-1498
-1410
-1081
-783
-523
-311
-159
213
805
1307
1349
1068
770
668
612
242
-148
-399
-407
-334
-506
-815
-911
-650
-630
-942
-1240
-1324
-1190
-1168
-1301
-1191
-492
250
602
772
1103
1635
1706
1067
254
-178
-483
-1055
-1723
-2126
-1920
-1461
-1268
-1313
-1421
-1501
-1414
-1467
-1889
-2162
-2010
-1617
-1339
-1133
-833
-287
363
705
730
502
288
237
24
-534
-935
-1013
-1244
-1450
-1500
-1728
-1921
-1677
-1222
-946
-509
198
777
1259
1717
2082
2222
2263
2346
2211
1912
1703
1463
1130
985
981
915
1007
1242
1443
1741
2158
2648
2851
2336
1451
1096
500
-1361
-2262
-454
2092
2802
2041
1376
755
-20
-570
-854
-1001
-507
551
933
760
1152
1408
507
-708
-1205
-978
-256
534
742
566
604
801
670
73
-785
-1712
-2422
-2606
-2143
-1392
-789
-477
-412
-335
23
432
615
637
539
462
449
404
182
29
97
190
316
310
107
-239
-644
-1134
-1684
-2191
-2584
-2593
-2324
-1915
-1198
-279
499
955
1146
1225
1233
1016
561
333
413
302
-4
-99
-71
-275
-549
-948
-1613
-2130
-2196
-2115
-2284
-2495
-2535
-2399
-2081
-1603
-1134
-719
-134
465
731
825
858
601
242
-33
-374
-685
-736
-791
-910
-800
-736
-874
-841
-553
-361
-149
240
608
1002
1448
1917
2266
2434
2589
2594
2340
1981
1777
1604
1319
1129
938
835
1083
1543
1795
2022
2528
2658
1988
1266
953
-163
-1742
-1366
1015
2744
2425
1355
188
-1207
-1823
-1430
-1234
-1283
-590
255
101
-171
136
-124
-1246
-1869
-1286
-186
1073
2000
1894
1097
548
486
128
-475
-868
-1112
-1303
-1138
-536
-272
-541
-1107
-1605
-1680
-1320
-574
43
299
496
880
1178
1084
1033
1125
1271
1570
1847
1694
1010
243
-659
-1641
-2284
-2543
-2464
-2177
-1769
-1339
-917
-540
-345
-355
-419
-219
254
682
976
1297
1507
1207
645
350
81
-490
-1123
-1628
-2154
-2651
-2860
-2929
-3127
-3291
-3163
-2847
-2458
-1920
-1411
-1039
-699
-342
-59
118
188
102
133
322
296
63
-114
-317
-435
-353
-389
-506
-428
-224
-163
-44
259
534
1054
1751
2257
2455
2471
2490
2321
1970
1604
1391
1340
1467
1625
1561
1615
1891
2223
2394
2507
2780
3024
2811
2144
1999
1692
296
-310
1251
3213
3013
1247
-276
-1396
-2127
-1968
-1072
-501
-202
135
-140
-920
-994
-379
-497
-1104
-790
515
1658
2036
1799
1081
386
195
267
20
-336
-406
-565
-1056
-1339
-1268
-1532
-2264
-2893
-2947
-2469
-1566
-715
-457
-375
37
537
675
723
920
1223
1549
1792
1713
1112
440
-132
-636
-1072
-1280
-1214
-1155
-1220
-1447
-1533
-1316
-866
-550
-403
66
660
1040
1041
927
729
474
332
-60
-567
-1071
-1355
-1616
-2073
-2263
-2290
-2360
-2578
-2688
-2660
-2496
-2033
-1690
-1547
-1294
-804
-325
10
225
168
-23
-91
-125
-277
-316
-171
-153
-129
0
-70
-240
-234
-160
-155
12
309
466
702
1193
1575
1572
1418
1284
1154
1070
1084
1059
988
1064
1176
1055
1012
1478
2151
2581
2816
3203
3644
3573
3002
2841
2552
1141
258
1466
3229
3026
1202
-653
-2063
-2754
-2287
-1103
-504
-281
-184
-826
-1820
-1827
-959
-729
-814
-197
918
1620
1707
1339
644
365
683
1139
1168
904
507
-292
-1122
-1412
-1214
-1277
-1723
-1982
-1749
-1181
-601
-199
-231
-359
-224
-68
-77
-63
248
642
960
1213
1235
1054
719
263
-283
-737
-895
-931
-949
-1046
-1181
-1139
-814
-419
-259
-126
-2
100
191
84
-134
-204
-183
-733
-1403
-1272
-997
-1273
-1854
-2286
-2498
-2563
-2477
-2426
-2444
-2452
-2330
-2112
-1958
-1626
-1102
-788
-748
-663
-503
-513
-703
-918
-958
-804
-467
-99
-25
-10
169
223
-55
-236
-51
59
109
401
844
1245
1754
2231
2152
1881
1832
1719
1338
1093
1116
1156
1192
1165
1131
1302
1929
2723
3319
3764
4129
4253
3718
2898
2650
2330
1201
696
2047
3558
2996
978
-766
-1819
-2093
-1268
-150
166
-30
-527
-1591
-2544
-2235
-1246
-855
-722
-239
365
671
712
462
106
289
877
1170
951
496
-182
-1010
-1393
-1024
-326
-10
-216
-542
-598
-364
-56
77
-106
-299
-292
-326
-486
-558
-388
-100
220
525
580
335
-100
-564
-929
-1060
-814
-451
-221
-259
-418
-415
-271
-86
9
147
436
728
699
117
-505
-633
-533
-739
-1213
-1393
-1322
-1524
-1966
-2316
-2341
-2215
-2195
-2315
-2358
-2160
-1937
-1709
-1552
-1552
-1533
-1304
-1060
-1032
-744
-431
-583
-695
-449
-195
-102
44
-2
-236
-305
-252
-416
-730
-478
-10
97
160
416
624
711
948
1129
1176
1347
1538
1371
994
884
1021
1160
1304
1597
2070
2823
3686
4200
4290
4270
4115
3366
2437
2005
1334
414
825
2432
2957
1419
-515
-1481
-1782
-1389
-166
717
475
-193
-954
-1916
-2216
-1260
-269
-323
-483
80
535
385
122
-71
-91
403
1010
971
378
-309
-846
-1069
-656
338
1043
973
349
-267
-493
-390
-111
-3
-95
-158
-189
-381
-728
-910
-914
-804
-599
-354
-250
-502
-942
-1301
-1374
-1077
-595
-175
18
-12
-94
-26
213
435
566
645
675
551
78
-572
-878
-609
-344
-607
-930
-944
-1029
-1559
-2171
-2450
-2400
-2188
-2160
-2229
-2209
-2045
-1874
-1897
-1825
-1528
-1152
-961
-885
-767
-716
-731
-801
-669
-377
-98
24
-120
-313
-356
-266
-342
-506
-445
-239
-166
-167
61
395
634
872
1093
1149
1166
1223
1120
905
974
1192
1238
1398
1875
2458
2871
3341
3814
3940
3967
4058
3847
3018
2547
2453
1455
478
1255
2942
2811
624
-1365
-2098
-2002
-1130
296
780
84
-809
-1694
-2515
-2326
-921
-21
-288
-449
118
449
112
-162
-169
-55
404
897
702
4
-551
-774
-803
-302
757
1273
665
-283
-714
-563
-15
586
847
715
415
142
-191
-478
-515
-438
-483
-528
-406
-555
-1030
-1430
-1586
-1379
-920
-432
-206
-285
-502
-648
-529
-170
274
395
272
230
148
-165
-508
-466
-144
-29
-412
-840
-1094
-1539
-2099
-2470
-2439
-2194
-2056
-2082
-2187
-2224
-2103
-1882
-1804
-1797
-1696
-1645
-1708
-1710
-1499
-1201
-1005
-838
-549
-189
46
53
-88
-193
-100
48
106
158
354
613
672
680
813
1001
1141
1173
1141
997
846
792
786
874
1073
1276
1464
1818
2226
2598
2999
3489
3859
3859
3859
3940
3688
3195
2851
2144
1328
1694
2850
3011
1374
-461
-1383
-1879
-1640
-334
686
284
-672
-1494
-2182
-2231
-1275
-213
-148
-461
-267
-118
-539
-802
-512
-152
205
609
601
-15
-708
-1039
-1028
-635
251
858
464
-361
-818
-655
-126
574
1105
1167
859
322
-179
-468
-412
-242
-269
-366
-277
-227
-540
-897
-1093
-1064
-811
-514
-352
-390
-574
-784
-777
-429
144
464
329
0
-353
-749
-1013
-807
-291
17
-233
-719
-1091
-1478
-1903
-2177
-2148
-1895
-1610
-1470
-1525
-1627
-1535
-1317
-1243
-1255
-1216
-1306
-1554
-1731
-1773
-1624
-1331
-1094
-988
-939
-817
-665
-604
-612
-542
-385
-282
-296
-305
-96
174
314
414
516
583
659
791
799
804
985
1181
1193
1150
1308
1511
1682
1880
2121
2450
2861
3238
3399
3387
3507
3769
3637
3221
2618
1787
1736
2800
3618
2620
616
-616
-1063
-1055
-199
1138
1293
63
-1245
-1975
-1951
-1032
201
447
-269
-618
-404
-396
-446
-85
315
429
581
698
350
-276
-695
-706
-407
242
819
630
-232
-979
-992
-513
264
1035
1231
676
-186
-707
-800
-514
-73
205
121
-143
-183
-210
-480
-729
-699
-535
-448
-447
-482
-641
-809
-733
-449
-47
281
201
-423
-1044
-1289
-1379
-1319
-975
-551
-588
-1015
-1348
-1509
-1745
-1932
-1816
-1546
-1347
-1359
-1459
-1602
-1667
-1407
-984
-796
-931
-1168
-1536
-1884
-1880
-1516
-1109
-929
-880
-923
-1017
-1053
-962
-834
-756
-546
-359
-418
-476
-274
27
203
376
565
641
596
537
490
473
696
1016
1157
1147
1172
1223
1247
1459
1869
2318
2656
2931
3121
3117
3118
3429
3740
3659
3350
2616
1937
2312
3371
3565
2130
446
-515
-1166
-1148
83
1320
910
-584
-1670
-2103
-2012
-1089
-12
40
-545
-709
-598
-825
-769
-61
300
112
256
589
245
-496
-788
-629
-301
308
829
470
-454
-877
-709
-399
211
957
915
-36
-906
-1114
-958
-677
-244
-22
-228
-415
-426
-590
-817
-703
-361
-172
-21
175
158
-148
-359
-286
-111
187
388
52
-695
-1223
-1300
-1130
-938
-952
-1001
-883
-940
-1361
-1748
-1813
-1699
-1622
-1433
-1087
-927
-1043
-1317
-1487
-1287
-871
-698
-1050
-1588
-1874
-1873
-1677
-1401
-1113
-850
-755
-808
-894
-936
-801
-691
-655
-431
-129
62
103
33
-32
57
268
529
617
505
514
548
655
968
1298
1414
1386
1424
1428
1479
1757
2206
2611
2861
3138
3438
3610
3751
4050
4253
4252
3962
2978
2070
2283
3147
3076
1524
100
-529
-1059
-1091
-19
1056
583
-908
-2046
-2499
-2331
-1331
-212
-263
-1026
-1173
-892
-1034
-980
-300
84
-92
-52
370
316
-254
-456
-212
46
510
1105
862
-137
-737
-619
-270
105
527
439
-420
-1245
-1366
-1153
-996
-688
-430
-579
-784
-701
-568
-567
-446
-80
231
287
429
612
422
125
141
399
571
541
246
-304
-857
-1009
-688
-384
-286
-356
-583
-928
-1280
-1469
-1446
-1334
-1282
-1269
-1362
-1480
-1521
-1554
-1528
-1398
-1215
-1280
-1580
-1791
-1864
-1879
-1832
-1636
-1437
-1294
-1118
-961
-955
-871
-564
-415
-334
-57
216
222
186
275
237
197
291
374
292
220
393
585
791
1034
1165
1127
1058
1111
1169
1219
1354
1702
2152
2578
2964
3222
3394
3628
4100
4521
4517
3998
2883
1875
2033
3180
3728
2586
1048
271
-335
-762
-61
1358
1472
-102
-1716
-2354
-2306
-1673
-562
-174
-774
-1290
-1277
-1490
-1894
-1473
-640
-352
-412
-57
296
-123
-666
-544
-6
587
1208
1284
449
-555
-735
-271
162
603
905
585
-318
-961
-1061
-997
-789
-511
-438
-722
-917
-880
-949
-1091
-984
-613
-404
-240
-33
-54
-259
-308
-72
39
-65
-196
-365
-763
-1231
-1292
-917
-482
-328
-436
-744
-1170
-1500
-1535
-1357
-1179
-1123
-1319
-1668
-1939
-2014
-1944
-1876
-1973
-2223
-2393
-2341
-2154
-2020
-1882
-1610
-1296
-987
-770
-734
-780
-788
-664
-417
-57
407
719
744
754
919
1049
1080
1137
1165
1116
1047
1044
1107
1134
1086
964
758
692
879
1031
951
880
1125
1548
1986
2428
2802
2876
2759
2901
3398
3931
4041
3484
2232
1307
1895
3318
3801
2779
1514
658
-251
-654
358
1786
1793
360
-1213
-2160
-2338
-1576
-404
-128
-777
-1230
-1380
-1823
-2153
-1684
-930
-656
-561
-218
-139
-527
-744
-590
-340
161
1034
1373
715
-25
-146
189
542
943
1274
1012
296
-457
-936
-941
-409
238
308
-97
-462
-609
-732
-853
-666
-162
286
387
175
-95
-233
-300
-385
-403
-257
27
132
-179
-634
-759
-472
-210
-183
-362
-644
-1027
-1485
-1751
-1703
-1378
-1118
-1268
-1755
-2173
-2305
-2287
-2274
-2300
-2262
-2192
-2164
-2150
-2120
-2034
-1874
-1660
-1390
-1082
-845
-704
-638
-583
-364
85
509
685
737
803
815
762
834
1058
1245
1327
1338
1293
1185
1068
942
837
825
944
1148
1210
1142
1143
1301
1574
1911
2350
2741
2904
2935
3072
3359
3631
3695
3266
2219
1472
2017
3264
3701
2956
2068
1395
517
-59
567
1825
2166
1150
-357
-1498
-2039
-1781
-947
-488
-794
-1363
-1827
-2389
-2777
-2403
-1545
-1046
-1102
-1235
-1323
-1439
-1504
-1352
-992
-534
-18
314
257
-99
-353
-347
-262
-42
448
844
513
-361
-986
-982
-550
-64
183
-35
-579
-961
-1011
-900
-625
-173
150
73
-168
-205
-201
-390
-636
-726
-599
-301
41
151
-116
-417
-394
-336
-511
-635
-516
-507
-920
-1335
-1338
-1095
-1003
-1208
-1602
-2042
-2283
-2295
-2238
-2266
-2244
-2089
-1990
-1986
-1937
-1658
-1395
-1345
-1328
-1164
-893
-657
-464
-347
-301
-204
71
322
452
600
676
582
425
536
824
1023
1072
957
772
588
510
610
848
1111
1273
1276
1193
1176
1292
1575
1929
2191
2343
2392
2445
2610
2858
3091
3155
2872
2164
1525
1696
2585
3264
3067
2354
1618
772
145
421
1366
1868
1245
-30
-1245
-2044
-2066
-1230
-409
-485
-1160
-1693
-2017
-2287
-2146
-1467
-893
-880
-993
-827
-619
-468
-274
-184
-262
-99
549
1068
969
654
480
277
146
472
1011
1105
677
189
-142
-243
-23
294
292
-31
-231
-212
-162
-90
114
242
86
-177
-307
-241
-99
2
-37
-143
-118
92
289
230
-13
-245
-399
-610
-733
-619
-507
-697
-1177
-1574
-1785
-1948
-2162
-2366
-2555
-2693
-2641
-2581
-2619
-2714
-2707
-2555
-2469
-2453
-2345
-2098
-1900
-1753
-1588
-1399
-1162
-940
-678
-436
-157
152
335
363
351
493
664
802
978
1111
1057
940
956
1004
1037
1088
1202
1326
1414
1512
1540
1470
1446
1640
2013
2418
2725
2813
2730
2635
2652
2819
3171
3620
3812
3484
2745
2064
2075
2816
3604
3651
2932
2072
1188
330
55
655
1448
1464
577
-577
-1466
-1900
-1736
-1302
-1192
-1427
-1642
-1836
-2199
-2428
-2170
-1754
-1721
-1847
-1569
-1049
-807
-909
-1124
-1314
-1345
-996
-437
-98
-44
-91
-244
-606
-775
-375
213
410
291
159
-26
-238
-287
-82
130
218
302
287
120
32
174
336
287
97
11
93
245
408
461
353
99
-160
-268
-236
-170
-232
-493
-887
-1280
-1531
-1639
-1741
-1942
-2254
-2602
-2843
-2917
-2887
-2859
-2936
-3096
-3194
-3098
-2781
-2470
-2367
-2378
-2335
-2166
-1890
-1526
-1143
-876
-775
-730
-566
-290
36
303
403
435
550
826
1133
1326
1294
1127
1064
1212
1483
1647
1684
1666
1652
1606
1569
1653
1801
1962
2033
2078
2167
2265
2324
2326
2348
2457
2684
2882
2945
2875
2780
2795
2880
2883
2617
2296
2327
2650
2782
2478
2047
1624
1039
427
176
359
520
304
-247
-921
-1445
-1611
-1455
-1308
-1380
-1546
-1612
-1620
-1694
-1698
-1580
-1518
-1683
-1897
-1777
-1348
-926
-780
-913
-1171
-1352
-1276
-987
-584
-190
73
127
-30
-159
-105
27
122
206
339
550
834
1014
966
704
381
258
415
722
1023
1110
910
580
307
238
368
535
578
511
284
-38
-260
-394
-562
-888
-1253
-1525
-1723
-1893
-2077
-2331
-2635
-2848
-2966
-3031
-3064
-3052
-2994
-2942
-2904
-2838
-2712
-2587
-2490
-2382
-2187
-1905
-1662
-1483
-1337
-1170
-948
-671
-394
-222
-82
85
294
574
813
920
885
748
678
824
1161
1520
1711
1691
1543
1388
1354
1533
1793
1976
2106
2185
2165
2083
2073
2169
2260
2349
2493
2665
2734
2619
2383
2166
2166
2394
2693
2851
2826
2688
2475
2221
1925
1690
1621
1728
1801
1627
1310
943
470
-10
-268
-269
-181
-216
-406
-716
-1108
-1341
-1269
-1093
-1088
-1235
-1305
-1303
-1356
-1425
-1410
-1335
-1311
-1383
-1471
-1479
-1390
-1189
-1018
-1001
-1020
-981
-822
-612
-427
-258
-198
-274
-303
-99
253
529
605
477
249
168
366
712
960
976
853
697
605
661
820
930
858
593
244
6
-76
-202
-441
-752
-1119
-1472
-1735
-1895
-2122
-2458
-2750
-2921
-3103
-3367
-3501
-3484
-3457
-3439
-3366
-3239
-3179
-3154
-3076
-2964
-2807
-2540
-2163
-1851
-1626
-1362
-1155
-1080
-1048
-906
-601
-222
164
419
467
430
400
364
416
654
985
1230
1295
1259
1205
1175
1213
1367
1588
1818
1989
2018
1951
1879
1897
1961
2089
2286
2435
2478
2390
2240
2094
2048
2194
2416
2518
2476
2381
2231
2082
2007
1970
1917
1840
1756
1676
1617
1579
1482
1302
1074
934
1005
1144
1238
1236
1157
993
700
440
355
355
289
209
105
-78
-290
-412
-465
-686
-1001
-1155
-1146
-1120
-1016
-879
-951
-1245
-1530
-1621
-1606
-1448
-1132
-879
-846
-909
-869
-795
-699
-549
-363
-166
-6
151
299
437
560
698
832
936
1079
1190
1219
1124
904
660
456
273
81
-68
-275
-587
-1014
-1491
-1868
-2125
-2266
-2397
-2620
-2972
-3351
-3631
-3786
-3796
-3712
-3597
-3564
-3618
-3601
-3424
-3146
-2902
-2680
-2467
-2276
-2046
-1815
-1581
-1346
-1141
-948
-754
-602
-464
-239
27
225
291
306
395
552
750
937
1034
998
951
1040
1245
1544
1847
2018
1985
1884
1915
2076
2259
2409
2579
2679
2623
2510
2447
2474
2519
2513
2486
2445
2422
2399
2253
1944
1604
1387
1262
1172
1100
1060
946
695
484
385
381
485
604
639
654
688
763
872
966
1064
1108
1084
1049
1069
1153
1220
1234
1177
1069
921
734
549
373
233
127
10
-188
-422
-600
-774
-980
-1196
-1310
-1245
-1106
-1009
-984
-1041
-1113
-1145
-1127
-1023
-830
-585
-397
-308
-255
-155
-13
144
313
464
595
697
762
723
558
384
276
184
36
-167
-391
-670
-983
-1247
-1455
-1610
-1726
-1862
-2046
-2253
-2411
-2482
-2535
-2537
-2531
-2568
-2605
-2609
-2554
-2477
-2374
-2294
-2230
-2138
-2014
-1905
-1824
-1732
-1628
-1518
-1459
-1406
-1343
-1248
-1112
-1010
-965
-969
-946
-899
-864
-792
-691
-586
-434
-245
-24
207
414
591
739
922
1194
1506
1758
1944
2077
2181
2264
2351
2455
2569
2650
2652
2675
2686
2599
2474
2311
2087
1835
1638
1585
1516
1277
962
662
445
371
409
439
341
238
246
267
338
440
527
626
690
800
1010
1276
1502
1593
1564
1618
1774
1924
2074
2179
2218
2117
1950
1799
1680
1622
1564
1430
1171
886
645
473
354
285
186
-52
-391
-700
-869
-910
-854
-819
-865
-979
-1136
-1216
-1171
-1028
-900
-836
-784
-723
-676
-637
-608
-607
-641
-685
-703
-743
-797
-903
-1078
-1264
-1378
-1445
-1512
-1563
-1668
-1808
-1964
-2101
-2192
-2212
-2154
-2099
-2120
-2208
-2245
-2188
-2044
-1852
-1694
-1620
-1596
-1572
-1498
-1353
-1162
-1000
-967
-996
-963
-901
-823
-776
-800
-865
-935
-939
-879
-790
-728
-669
-659
-687
-595
-427
-310
-310
-302
-171
10
191
365
511
633
769
912
1056
1235
1427
1555
1581
1596
1706
1867
1962
1926
1799
1639
1528
1454
1403
1359
1249
1052
828
653
570
540
482
408
288
168
130
128
124
111
128
205
316
467
641
755
839
910
1057
1263
1363
1475
1711
1900
1945
1955
1964
2009
2061
2106
2195
2194
2128
2084
2023
1985
2003
1957
1845
1672
1429
1277
1181
1095
1018
879
707
559
404
277
204
104
-42
-230
-393
-495
-558
-624
-709
-859
-1096
-1297
-1390
-1413
-1425
-1441
-1516
-1696
-1906
-2040
-2096
-2107
-2087
-2087
-2157
-2285
-2363
-2355
-2346
-2310
-2234
-2151
-2086
-2031
-1993
-1927
-1857
-1832
-1763
-1707
-1658
-1537
-1418
-1360
-1315
-1261
-1152
-1023
-1002
-975
-946
-967
-937
-928
-942
-918
-865
-783
-718
-701
-668
-605
-563
-490
-389
-280
-182
-118
-69
-9
103
256
391
492
561
627
732
836
954
1068
1132
1183
1189
1181
1224
1335
1435
1433
1341
1273
1245
1170
1098
1028
980
931
884
853
788
709
596
540
494
494
556
611
636
633
634
629
660
720
814
889
954
1022
1130
1185
1166
1206
1254
1362
1481
1625
1768
1856
1877
1858
1852
1897
1996
2029
2019
1983
1981
1973
1903
1805
1732
1662
1587
1522
1443
1359
1235
1098
884
651
494
380
283
117
-109
-336
-575
-850
-1063
-1198
-1254
-1318
-1507
-1784
-2025
-2132
-2150
-2125
-2137
-2188
-2230
-2303
-2415
-2421
-2324
-2241
-2200
-2185
-2178
-2145
-2021
-1920
-1825
-1774
-1728
-1567
-1418
-1266
-1095
-1026
-1031
-1020
-969
-827
-720
-684
-666
-665
-655
-631
-579
-508
-466
-472
-506
-565
-632
-649
-584
-595
-610
-599
-650
-654
-626
-580
-495
-490
-547
-529
-517
-463
-379
-365
-371
-347
-297
-271
-234
-141
-44
6
51
78
160
245
327
440
483
521
599
680
660
647
699
757
803
851
947
991
990
1003
1027
996
1054
1177
1229
1196
1112
1177
1203
1162
1218
1287
1288
1207
1143
1214
1255
1222
1311
1316
1247
1268
1333
1473
1495
1424
1526
1567
1492
1542
1635
1734
1751
1692
1756
1785
1737
1781
1807
1728
1636
1560
1495
1352
1148
1005
817
572
440
363
219
5
-270
-488
-638
-837
-973
-1063
-1234
-1377
-1597
-1809
-1932
-2058
-2070
-2076
-2186
-2240
-2288
-2415
-2375
-2355
-2313
-2180
-2224
-2239
-2165
-2098
-2037
-1921
-1853
-1696
-1604
-1543
-1331
-1284
-1164
-1076
-1038
-889
-756
-629
-446
-439
-426
-315
-469
-407
-277
-292
-163
-124
-176
-142
-219
-269
-245
-292
-148
-131
-213
-224
-416
-445
-375
-467
-364
-316
-441
-362
-502
-624
-525
-654
-596
-456
-515
-418
-418
-495
-377
-432
-451
-297
-237
-54
22
39
183
80
181
479
393
634
961
840
986
1047
1017
1266
1302
1370
1616
1557
1632
1787
1643
1690
1723
1621
1566
1517
1630
1741
1504
1484
1550
1403
1421
1372
1434
1496
1428
1420
1491
1422
1480
1713
1619
1484
1547
1637
1522
1492
1509
1514
1451
1239
1133
1174
1081
865
934
958
810
694
583
315
171
83
-7
45
-126
-284
-370
-601
-866
-871
-842
-927
-1065
-1191
-1233
-1341
-1421
-1403
-1355
-1449
-1466
-1451
-1491
-1469
-1515
-1499
-1404
-1394
-1264
-1086
-1128
-1106
-1033
-950
-893
-991
-906
-706
-805
-820
-736
-707
-633
-596
-408
-389
-495
-468
-431
-499
-507
-385
-330
-365
-493
-417
-380
-525
-559
-444
-565
-747
-670
-775
-817
-818
-891
-891
-973
-1044
-932
-953
-1093
-1008
-997
-1054
-1085
-1029
-902
-925
-917
-692
-533
-573
-496
-420
-394
-271
-101
166
322
365
460
479
547
748
957
1158
1053
968
1213
1130
1114
1363
1451
1452
1295
1247
1361
1149
1089
1317
1159
1139
1217
1225
1233
1068
1098
1225
1156
1076
1367
1408
1174
1100
1058
1043
1018
1099
1224
1070
799
930
835
635
744
763
802
566
456
685
415
232
345
222
248
16
-81
120
-187
-258
-163
-286
-265
-332
-398
-420
-649
-685
-637
-711
-722
-702
-711
-791
-749
-728
-709
-697
-730
-712
-735
-707
-564
-569
-578
-557
-653
-558
-623
-584
-372
-491
-425
-325
-482
-387
-333
-360
-269
-318
-195
-173
-293
-294
-361
-477
-535
-451
-429
-541
-524
-572
-816
-794
-811
-943
-974
-1048
-951
-1039
-1252
-1070
-1070
-1321
-1213
-1222
-1182
-1155
-1284
-1042
-1066
-1288
-1035
-805
-1066
-831
-591
-735
-523
-458
-412
-208
-213
-142
204
127
253
438
427
576
629
838
774
858
1104
895
827
1086
985
1142
1231
968
1134
1113
1109
1306
1254
1233
1345
1215
1182
1175
1191
1185
1035
1042
1097
957
925
969
737
815
800
703
739
747
644
694
658
517
677
586
633
661
592
579
573
568
605
532
713
757
473
729
643
517
597
543
462
639
499
470
655
283
370
389
308
412
380
187
360
272
52
306
217
201
95
22
51
82
-143
-142
-5
-194
-180
-148
-125
-280
-349
-427
-323
-460
-635
-357
-452
-636
-706
-594
-720
-928
-688
-737
-910
-799
-976
-922
-856
-1237
-921
-817
-1273
-971
-884
-1259
-1073
-1017
-1177
-1111
-1256
-1201
-1058
-1353
-1229
-1114
-1282
-1138
-1165
-1078
-1064
-1088
-946
-1110
-988
-840
-929
-760
-740
-670
-514
-657
-383
-317
-446
-146
-376
-444
-83
-262
-221
75
-60
-4
198
165
154
440
471
461
691
476
626
895
614
743
1071
755
795
1006
711
843
829
713
771
621
630
617
575
639
551
381
398
219
253
320
193
514
136
10
343
132
168
164
257
351
77
171
428
289
520
487
450
676
416
629
756
609
825
833
671
822
903
944
945
935
914
785
907
917
886
920
872
759
801
731
683
757
659
497
396
399
169
317
276
-56
142
-8
-166
-75
-322
-375
-356
-593
-529
-451
-641
-614
-713
-811
-771
-922
-787
-810
-916
-905
-1062
-1059
-957
-1054
-1067
-1012
-1144
-1056
-1128
-1093
-991
-1078
-1075
-1095
-1054
-1064
-1027
-1030
-1011
-953
-999
-1002
-848
-868
-883
-830
-990
-810
-793
-970
-692
-456
-733
-782
-515
-788
-569
-438
-673
-270
-254
-383
21
-104
-314
93
102
127
234
334
324
389
467
303
621
656
369
666
625
455
872
675
615
715
537
622
605
496
670
765
545
443
553
612
503
590
528
593
632
410
682
756
544
752
692
622
805
686
707
1054
820
700
988
789
743
893
846
840
974
768
998
1117
841
939
1002
738
875
927
645
931
832
760
735
696
664
696
574
731
550
436
714
232
448
274
216
389
119
169
233
-77
-36
72
-243
-106
-298
-365
-456
-639
-607
-557
-555
-773
-657
-873
-902
-784
-1005
-814
-757
-945
-814
-814
-922
-645
-891
-833
-635
-841
-585
-542
-615
-424
-423
-656
-264
-331
-401
-206
-329
-293
-395
-500
-480
-386
-621
-328
-481
-697
-533
-667
-676
-694
-599
-631
-615
-845
-707
-742
-858
-641
-654
-713
-637
-577
-764
-642
-605
-510
-449
-418
-449
-429
-422
-428
-161
-337
-262
-169
-168
-187
-185
-44
-109
5
-112
-93
-26
64
-23
-32
226
-16
164
101
119
263
-13
267
429
94
329
586
411
652
513
690
921
630
856
944
901
1117
1041
1084
1279
985
1226
1396
1201
1361
1277
1202
1262
1137
1200
1336
1165
1171
1063
922
885
803
863
848
764
632
582
382
438
458
347
351
187
318
144
16
98
22
-21
-145
-63
-219
-391
-171
-311
-527
-419
-362
-537
-458
-430
-725
-625
-581
-683
-749
-660
-768
-776
-709
-812
-613
-876
-863
-751
-922
-860
-717
-769
-740
-652
-924
-803
-692
-680
-722
-578
-543
-804
-591
-604
-710
-629
-612
-552
-344
-588
-497
-243
-744
-602
-393
-679
-502
-392
-779
-385
-592
-949
-313
-621
-678
-329
-624
-674
-485
-625
-301
-410
-674
-332
-580
-568
-328
-402
-420
-236
-340
-409
-198
-236
-178
-145
31
151
191
217
151
297
234
229
334
470
506
657
525
443
817
676
865
1020
780
962
1071
910
1162
1125
1060
1150
1168
1275
1126
1271
1216
1307
1245
1109
1393
1327
1279
1355
1268
1192
1184
1249
1304
1152
1151
1017
964
1015
995
1008
881
846
793
694
754
802
463
671
557
202
544
172
189
469
110
83
164
-131
154
46
-357
-11
-330
-282
-150
-252
-386
-517
-498
-689
-699
-608
-508
-732
-573
-819
-809
-510
-732
-693
-634
-720
-867
-708
-959
-685
-661
-863
-558
-875
-889
-516
-625
-772
-526
-653
-566
-627
-688
-614
-554
-611
-788
-582
-800
-735
-756
-989
-804
-577
-1076
-787
-697
-1183
-722
-1171
-1195
-816
-1251
-1385
-826
-1495
-1385
-889
-1491
-1005
-1009
-999
-767
-929
-907
-717
-979
-563
-448
-703
-279
-421
-164
-335
-335
65
73
109
295
334
315
457
394
652
656
695
758
677
781
860
967
976
1049
1108
1169
1092
1138
1200
1282
1096
1042
1343
1101
1086
1097
1043
1090
1220
1063
981
1295
1016
926
1109
873
1009
1217
729
961
945
433
878
820
627
877
733
688
696
600
673
628
646
692
568
632
629
456
446
391
383
356
334
350
344
223
31
105
109
80
138
122
-49
-204
-104
-158
-285
-68
-167
-387
-415
-491
-472
-443
-548
-647
-711
-771
-670
-857
-847
-794
-754
-914
-1061
-855
-1053
-986
-1083
-1098
-962
-1075
-1165
-1099
-1153
-1180
-1059
-1297
-1149
-1196
-1202
-1167
-1309
-1299
-1182
-1149
-1378
-1148
-1141
-1205
-1106
-1075
-1155
-964
-967
-1148
-813
-886
-807
-668
-803
-565
-367
-659
-457
-205
-368
-214
-143
-21
99
119
159
315
265
392
583
459
613
593
707
709
703
859
768
874
944
885
867
1029
1026
1024
1028
1008
1188
1154
1041
1151
1306
1172
1147
1194
1193
1170
1111
1104
1132
1148
1104
1142
1012
1168
1220
982
1045
1115
957
929
893
699
829
763
710
635
629
601
543
536
363
597
507
360
447
371
377
454
372
268
228
188
267
149
103
268
113
29
172
-152
-91
11
-361
-267
-156
-395
-360
-381
-688
-373
-586
-800
-510
-723
-804
-814
-864
-881
-819
-1037
-1098
-1024
-1018
-1045
-1167
-1118
-1130
-1096
-1227
-1188
-1107
-1067
-1071
-1208
-1082
-1106
-1200
-1147
-1209
-1124
-1035
-1277
-1223
-1049
-1142
-1140
-933
-1030
-1035
-932
-974
-825
-960
-934
-834
-793
-772
-737
-642
-661
-627
-678
-582
-493
-408
-420
-342
-268
-368
-162
-107
-56
-30
-56
146
146
231
335
379
369
420
491
480
628
555
655
741
643
759
869
822
888
901
751
871
1030
958
914
1053
938
948
1062
967
1134
1124
944
1148
1083
979
1263
1073
987
1126
1055
1054
1096
1127
1060
1083
974
959
1053
1000
1007
1053
1008
890
1035
853
930
1075
754
887
888
701
799
845
541
632
629
503
540
424
429
343
363
298
128
38
145
-19
-167
-183
-232
-312
-451
-397
-534
-539
-612
-575
-471
-669
-790
-641
-746
-874
-628
-953
-1016
-790
-1157
-1052
-1018
-1200
-939
-1138
-1289
-1108
-1199
-1204
-1045
-1250
-1311
-1287
-1319
-1183
-1303
-1286
-1150
-1184
-1261
-1003
-1111
-1176
-875
-1078
-1128
-827
-799
-869
-666
-811
-713
-526
-828
-608
-300
-622
-596
-357
-527
-365
-368
-355
-115
-325
-299
-122
-174
-141
-37
-49
-75
141
201
109
309
421
329
431
452
499
588
458
595
685
602
882
905
694
935
802
785
975
704
942
1032
710
903
848
738
977
655
682
900
665
758
823
682
825
747
685
955
834
990
1022
922
1082
956
962
1106
944
958
1014
934
1018
915
1069
993
871
946
896
754
631
748
703
579
447
475
368
345
274
264
246
94
199
18
-66
14
-26
-138
-84
-176
-150
-179
-542
-370
-375
-708
-561
-600
-808
-677
-904
-908
-941
-1215
-1101
-1140
-1336
-1357
-1380
-1459
-1404
-1514
-1478
-1453
-1458
-1481
-1535
-1395
-1446
-1358
-1320
-1362
-1244
-1217
-1189
-1024
-1015
-978
-843
-943
-927
-792
-839
-806
-637
-719
-625
-585
-597
-430
-553
-474
-365
-460
-425
-371
-278
-174
-252
-166
-71
-49
9
28
22
36
189
193
307
252
357
541
377
437
616
659
505
555
659
601
437
654
797
621
633
606
799
736
573
683
838
691
588
758
665
577
720
785
626
815
788
723
816
728
825
900
795
875
998
800
1015
933
858
1009
888
901
854
744
816
898
730
784
684
697
667
587
663
590
576
467
522
487
369
437
408
295
329
212
223
209
125
252
97
18
123
103
16
-11
-56
-47
-71
-212
-193
-116
-363
-416
-301
-475
-535
-600
-593
-607
-744
-751
-713
-841
-840
-809
-1004
-944
-905
-967
-897
-838
-1012
-981
-899
-1042
-912
-977
-1043
-970
-1104
-1107
-873
-982
-1099
-901
-955
-957
-852
-892
-824
-695
-847
-730
-648
-729
-580
-585
-557
-515
-477
-394
-354
-380
-274
-260
-273
-204
-95
-27
-75
53
30
-11
3
69
78
119
120
88
104
124
210
107
256
254
286
373
276
400
538
445
434
627
612
744
800
800
858
940
982
937
1077
1073
1094
1223
1112
1155
1315
1144
1206
1217
1072
1197
1119
1067
1062
935
973
895
880
830
724
837
648
645
726
517
528
564
471
470
426
385
607
459
331
452
355
249
306
348
110
169
124
53
35
-61
-12
-79
-185
-303
-279
-427
-420
-478
-584
-615
-714
-706
-697
-738
-808
-678
-864
-672
-657
-857
-684
-718
-694
-768
-702
-750
-718
-838
-762
-809
-1018
-771
-960
-1059
-1021
-1016
-1076
-1027
-1230
-1117
-1173
-1297
-1009
-1312
-1213
-1166
-1197
-1231
-1057
-1117
-1122
-951
-1045
-888
-877
-791
-846
-427
-469
-563
-271
-296
-153
-60
-122
-91
57
-173
-10
39
-87
-21
73
-66
-11
112
-92
263
170
67
134
148
266
253
269
365
430
390
534
530
648
680
717
766
825
874
821
998
1035
1101
1036
1094
1133
1057
1059
1101
1169
1112
1167
1074
1116
1123
1059
1092
1070
1038
996
1053
993
1011
967
994
888
926
1084
834
938
890
729
800
775
677
785
658
580
613
267
408
313
160
218
58
-17
-19
-81
-130
-68
-184
-188
-126
-216
-247
-264
-259
-342
-423
-259
-477
-450
-260
-445
-353
-440
-520
-301
-473
-594
-342
-490
-551
-549
-627
-629
-782
-811
-744
-812
-908
-909
-949
-1002
-932
-938
-948
-887
-936
-809
-921
-907
-758
-774
-804
-802
-669
-738
-712
-651
-620
-548
-512
-624
-395
-381
-676
-350
-391
-613
-405
-450
-513
-469
-531
-552
-456
-384
-511
-362
-360
-353
-213
-339
-71
18
-144
94
204
151
244
242
342
457
401
507
637
611
603
690
582
626
761
546
697
746
593
664
664
622
573
591
537
654
698
541
619
739
610
654
811
766
893
901
892
992
913
971
949
1048
1129
980
1068
1002
1088
1104
1026
1053
966
845
852
804
562
670
524
436
367
192
198
132
103
5
28
-126
-166
-114
-259
-212
-127
-163
-72
-113
-214
-116
-271
-268
-121
-212
-197
-178
-341
-349
-388
-468
-405
-455
-611
-621
-573
-746
-754
-794
-948
-853
-872
-1108
-1026
-1048
-1093
-978
-1103
-994
-943
-875
-924
-925
-810
-834
-694
-679
-732
-737
-616
-642
-686
-693
-627
-553
-739
-675
-642
-674
-596
-658
-672
-678
-734
-707
-630
-766
-699
-503
-625
-499
-449
-345
-404
-423
-196
-311
-109
-81
-100
38
47
114
174
297
331
316
499
420
402
592
394
523
478
398
610
517
491
462
368
478
489
373
505
527
572
508
570
753
597
633
693
755
780
730
861
824
706
836
819
720
876
786
773
851
622
812
761
497
888
690
379
647
381
472
472
265
581
297
192
449
420
386
470
394
419
422
317
468
447
420
501
488
246
347
351
150
279
174
141
182
-62
-8
12
-266
-195
-185
-176
-388
-487
-236
-424
-510
-341
-414
-499
-495
-527
-418
-529
-452
-447
-540
-509
-534
-380
-568
-485
-331
-486
-577
-578
-504
-498
-641
-625
-512
-753
-686
-719
-772
-681
-857
-793
-687
-759
-715
-629
-716
-595
-589
-618
-497
-505
-332
-344
-370
-239
-278
-103
-211
-327
29
-83
-257
-56
-108
-230
-93
-193
-151
-41
-220
-102
-171
-280
-17
-176
-274
-31
-97
-106
-30
122
154
125
138
255
367
241
481
651
538
562
605
629
718
572
729
864
553
661
612
567
718
669
637
591
516
575
530
475
608
497
463
449
364
541
629
544
602
666
656
622
515
596
665
638
489
417
615
526
386
517
449
396
346
150
290
229
66
135
-20
-48
51
-61
-49
-6
-139
-286
-230
-164
-219
-245
-154
-100
-281
-183
-165
-253
-180
-140
-282
-328
-199
-274
-276
-379
-235
-261
-434
-408
-417
-409
-626
-556
-519
-654
-677
-606
-623
-704
-727
-777
-677
-769
-756
-656
-764
-674
-568
-719
-698
-470
-512
-494
-460
-494
-389
-440
-479
-417
-376
-413
-509
-446
-428
-435
-357
-507
-400
-264
-487
-419
-410
-517
-450
-349
-337
-208
-110
-150
-103
-82
-44
-64
151
187
146
209
192
303
390
439
425
505
471
409
338
337
380
398
448
395
369
380
357
346
348
347
423
348
318
416
455
308
485
580
435
586
528
573
625
589
554
608
540
583
662
553
699
623
534
623
620
452
495
476
414
352
281
328
187
211
219
125
12
100
-17
-117
-35
-147
-9
-48
-165
-72
-62
-89
0
29
0
-102
-90
26
0
-79
6
65
-41
-77
-171
-76
-103
-218
-155
-144
-438
-364
-173
-438
-285
-313
-448
-358
-380
-419
-218
-303
-288
-190
-341
-175
-225
-168
-151
-76
-59
-64
-102
-165
-4
-68
-156
-139
-8
-170
-161
-192
-153
-25
-197
-141
-38
-173
-255
-66
-255
-137
92
-121
-100
51
-43
78
197
41
272
188
159
303
228
286
362
261
204
241
192
240
168
150
95
150
205
60
73
41
59
31
-124
-68
94
-22
-25
114
-18
-52
127
142
107
179
227
355
317
214
531
427
166
569
525
310
534
478
414
445
310
420
339
205
317
205
56
98
123
-3
108
83
4
61
-4
29
159
64
-35
156
102
50
103
153
77
90
114
164
278
-23
80
138
-20
22
58
-72
-48
32
-186
-65
-137
-181
-115
-208
-305
-239
-175
-403
-307
-115
-90
-256
-172
-154
-163
-189
-424
-160
-202
-430
-351
-253
-181
-363
-370
-171
-283
-391
-425
-447
-344
-494
-504
-315
-545
-430
-355
-551
-403
-563
-547
-424
-500
-380
-321
-396
-298
-250
-287
-145
-158
-129
-116
-78
-23
-123
-149
-18
-42
-133
64
46
26
-80
-111
15
-138
-144
-83
-159
-145
-96
-204
-64
-73
-101
67
89
33
74
168
87
247
174
244
439
382
477
467
331
374
382
227
414
318
292
344
216
352
190
43
140
56
18
94
-45
59
43
-173
110
137
-21
96
177
84
56
176
231
262
234
313
293
238
328
165
69
259
212
102
172
253
265
115
90
69
60
31
14
72
-33
-51
11
-150
-224
14
-29
-145
-102
-73
-83
-199
-106
1
-70
-17
-45
-94
31
-110
-106
67
-4
-14
-5
58
58
-41
28
3
-56
67
7
49
75
-45
39
-69
-140
-120
-120
-109
-101
-44
-55
-187
-225
-118
-190
-171
-130
-149
-161
-178
-148
-90
-117
-152
-136
-196
-170
-139
-173
-141
-62
-131
-63
-39
-2
91
-22
-37
32
60
-38
80
86
67
148
134
128
118
112
92
234
135
231
159
13
240
38
19
205
40
138
221
-49
138
204
13
138
159
81
190
140
76
157
183
193
131
222
157
119
196
140
149
166
159
190
171
103
89
71
68
-37
17
58
-40
68
92
-13
52
65
-61
-25
17
34
-5
-66
-39
-27
-45
-4
-55
-44
12
-152
-74
-74
-203
-88
-1
-33
18
0
-35
59
-34
-10
32
31
-12
-37
45
63
106
90
96
67
106
119
73
-5
-23
11
-38
25
18
14
60
-14
-80
27
-49
-127
81
-92
-150
94
-38
19
64
-77
51
-111
-157
8
-138
-113
-84
-191
-137
-195
-111
1
-177
-94
-121
-274
-162
-147
-99
-13
-141
-202
-82
-107
-131
-30
-94
-97
-105
-248
-176
-163
-188
-136
-160
-155
-175
-182
-22
-33
-267
-187
-200
-320
-208
-139
-52
-43
-121
-58
4
-70
-13
13
-103
-78
18
11
34
141
9
-8
83
16
116
55
-31
144
71
12
176
119
83
226
122
2
9
-41
57
30
-78
50
140
1
-39
-46
6
49
-137
-31
75
44
43
23
66
115
103
103
188
147
130
114
91
159
204
129
92
145
101
129
89
57
164
2
-97
-34
-99
-13
22
15
33
-25
64
115
76
146
141
58
99
123
130
143
135
197
268
191
194
216
140
151
90
134
175
95
146
96
43
123
3
71
47
-37
164
34
-22
49
-8
1
-8
-97
-33
-29
5
75
-55
9
26
49
77
21
48
73
-14
-7
-3
-61
175
31
-97
96
3
-15
7
-61
-10
-13
-71
-49
-129
-124
-96
-187
-122
-100
-176
-139
-85
-87
-145
-185
-149
-89
-137
-82
-97
-160
-58
-93
-70
-49
39
68
-15
-74
-12
17
-35
-8
-32
42
-11
-9
-122
-137
-3
-37
-70
-131
-106
7
-52
-192
-21
-135
-180
-76
-68
-57
-27
-87
-44
91
-106
29
37
-26
0
0
17
82
41
2
194
80
92
144
68
2
141
98
17
56
-30
101
44
-39
68
94
-33
1
62
17
5
18
16
18
34
-18
15
-37
19
47
-80
-23
38
30
-54
5
124
46
-34
-27
-12
24
-37
-82
63
-40
-77
-30
-51
16
-11
-12
-37
-33
-85
-55
-59
-53
26
1
0
18
80
-26
-25
-23
-14
-50
-49
88
22
22
-52
-3
25
8
14
58
57
-68
18
26
-13
-4
103
46
6
-21
-29
-51
-135
4
-30
-75
-99
-128
-101
-103
-169
2
-77
-186
-23
-154
-118
-88
-209
-234
-159
-213
-53
-89
-212
-100
-180
-127
-139
-128
-90
-34
-124
-131
-47
-22
54
12
43
0
77
99
44
77
50
77
89
58
119
110
19
105
53
37
76
73
180
170
30
104
121
47
132
-10
84
199
81
132
175
171
251
195
143
262
170
184
306
294
241
274
219
193
259
164
332
335
142
325
259
152
256
126
172
243
120
181
231
120
102
86
78
178
193
164
136
125
93
82
140
190
183
127
104
70
31
8
17
67
61
-48
-40
15
-55
-36
-76
-82
3
-54
-25
0
-59
52
-50
-105
95
42
20
-66
-67
25
-71
-85
45
154
35
-72
-86
0
-19
-67
-30
-44
-122
-131
-106
-216
-100
-124
-191
-136
-200
-192
-202
-215
-224
-282
-351
-236
-218
-287
-290
-338
-332
-391
-452
-331
-256
-308
-220
-275
-273
-203
-286
-226
-143
-223
-242
-174
-245
-191
-158
-191
-124
-94
-89
-112
-131
-126
-159
-179
-152
-184
-178
-127
-147
-150
-140
-204
-119
-50
-59
13
-20
-61
43
-19
-86
19
-29
62
70
18
153
70
-13
51
44
75
133
74
74
81
28
73
129
159
213
192
110
134
151
74
102
114
154
163
125
164
114
118
165
125
92
122
64
77
27
-5
98
-8
37
86
14
103
50
-81
32
-17
-124
-26
-71
-104
-30
-76
-97
-31
-107
20
18
-149
-47
-10
-34
-23
2
-15
11
9
16
33
7
3
5
4
-16
0
-79
-50
22
-64
-63
-7
-62
-79
-57
-133
-45
17
-72
-36
-125
-121
-1
-70
-42
-9
31
-23
-106
-84
-95
-16
-51
-67
-55
-65
-36
-73
-61
-44
-36
32
-9
-6
96
-40
5
119
-3
22
99
96
155
140
90
143
100
68
109
126
104
103
101
173
171
153
238
156
190
264
190
186
173
97
203
156
67
233
198
145
184
192
125
76
172
199
122
75
87
140
127
126
164
161
189
157
152
208
216
222
280
298
266
253
212
193
245
212
131
187
202
198
232
140
186
179
-1
126
178
92
111
92
14
3
99
50
57
78
48
66
43
-47
44
96
-51
34
58
78
71
-9
53
29
-102
-68
-51
-107
-17
-106
-114
-60
-77
-33
-37
-54
-55
-108
-165
-116
-141
-170
-155
-146
-190
-215
-210
-219
-210
-179
-247
-321
-213
-282
-321
-315
-377
-291
-291
-346
-258
-249
-256
-244
-301
-253
-269
-263
-222
-206
-136
-185
-244
-145
-112
-129
-82
-117
-109
-100
-153
-83
-64
-142
-71
-66
-79
-21
-41
-56
-74
-60
-68
-63
-48
-39
-29
-49
-54
-39
-50
-74
-43
-34
-89
-64
1
-10
9
20
53
80
52
44
88
71
52
117
122
99
88
74
75
122
106
118
104
66
60
82
108
45
104
84
19
20
10
19
-8
-15
76
38
-19
49
12
14
38
17
2
12
-32
-52
-27
-51
-40
-36
-69
-37
-41
-102
-58
-60
-96
-85
-61
-75
-118
-133
-157
-165
-164
-143
-150
-169
-185
-191
-181
-176
-133
-118
-158
-164
-154
-179
-136
-98
-128
-139
-124
-104
-64
-51
-32
-16
-92
-96
-43
-53
-106
-85
-77
-77
-84
-85
-29
-45
-30
-45
-62
-89
-105
-53
-28
-20
-9
33
21
21
31
51
84
55
46
105
119
107
128
107
98
104
80
49
78
85
92
95
67
101
108
133
199
211
188
183
219
253
241
262
330
323
301
321
324
343
345
351
367
349
335
349
368
337
314
285
285
308
316
348
345
286
267
259
236
319
337
278
249
200
168
211
229
251
291
250
178
175
234
233
248
232
188
176
162
144
160
191
160
151
83
38
67
49
17
49
31
-50
-34
-27
-47
-63
-119
-124
-116
-173
-125
-93
-155
-149
-145
-120
-92
-114
-82
-84
-166
-184
-189
-181
-197
-197
-128
-172
-224
-200
-178
-188
-189
-172
-203
-232
-294
-301
-262
-260
-260
-317
-365
-326
-307
-325
-284
-277
-272
-303
-329
-255
-256
-284
-259
-227
-219
-213
-210
-191
-163
-176
-177
-150
-133
-89
-79
-139
-114
-82
-101
-83
-78
-84
-104
-130
-136
-120
-105
-97
-125
-146
-117
-90
-94
-127
-84
-68
-133
-118
-76
-93
-83
-44
-37
-26
-6
34
53
34
50
110
139
121
135
161
166
77
62
150
138
138
98
55
73
41
42
144
138
89
114
45
68
109
58
78
96
45
33
5
-18
32
13
-5
-20
-68
-55
-63
-55
0
-45
-64
-75
-130
-110
-101
-126
-112
-89
-113
-103
-96
-104
-104
-124
-142
-157
-170
-190
-191
-191
-177
-148
-166
-186
-197
-172
-154
-205
-164
-156
-222
-190
-201
-216
-207
-245
-237
-215
-229
-195
-153
-192
-221
-181
-168
-157
-115
-107
-90
-87
-82
-22
-20
-23
-6
-10
-17
-25
-8
-10
-14
-10
-53
-60
-56
-66
-51
-30
-24
-29
33
31
16
59
33
64
79
98
194
203
175
175
180
190
206
222
291
296
218
200
190
189
181
201
221
216
227
250
235
228
237
210
230
250
282
278
262
269
272
243
236
270
264
259
245
263
278
265
276
319
312
310
334
317
312
320
318
316
344
341
348
334
306
311
332
297
292
327
260
256
250
257
271
236
227
190
184
158
137
167
125
82
125
157
177
173
135
130
83
42
88
102
41
2
-32
-95
-102
-79
-62
-51
-93
-125
-142
-195
-146
-105
-144
-148
-172
-196
-176
-179
-216
-262
-314
-301
-275
-287
-298
-287
-298
-350
-326
-291
-296
-287
-313
-345
-327
-322
-324
-289
-289
-330
-341
-337
-320
-283
-268
-265
-264
-277
-292
-290
-273
-248
-248
-273
-269
-251
-230
-196
-180
-146
-98
-57
-36
-35
-37
-41
-16
-10
-20
1
26
12
-1
-4
-3
6
-15
-2
7
19
27
12
19
5
5
16
21
20
2
-10
13
29
55
77
96
96
123
173
156
202
216
200
218
222
213
202
213
202
194
174
138
133
126
103
117
108
64
45
21
-6
-47
-91
-116
-154
-174
-165
-180
-213
-224
-211
-217
-205
-180
-157
-100
-71
-36
-22
-29
0
0
7
14
35
73
71
61
30
12
21
26
27
15
12
-14
-25
-25
-69
-91
-106
-128
-136
-156
-179
-164
-179
-211
-176
-170
-169
-123
-121
-132
-105
-89
-87
-92
-102
-91
-108
-116
-67
-30
-30
-27
-13
-21
6
60
61
61
65
48
63
62
47
43
12
-11
-1
16
23
26
28
26
24
13
14
42
46
45
26
19
30
6
15
42
35
34
47
83
118
129
135
126
107
103
117
148
142
139
129
91
110
121
131
172
186
180
167
164
181
211
203
172
169
170
200
208
200
189
146
143
178
192
197
174
140
146
150
151
135
109
73
61
50
45
71
73
69
62
66
60
67
100
106
89
85
66
43
52
29
22
11
-23
-4
11
-1
4
-21
-43
-33
-49
-54
-46
-55
-83
-92
-125
-145
-145
-157
-128
-122
-98
-67
-85
-83
-88
-85
-67
-50
-34
-15
-4
1
6
15
14
-1
1
-12
-27
-27
-18
-28
-62
-76
-107
-112
-107
-110
-125
-122
-123
-148
-140
-150
-169
-183
-178
-159
-144
-148
-125
-104
-140
-125
-97
-77
-51
-32
-21
-23
-31
-41
-25
-18
-25
-25
-5
14
10
4
3
0
3
18
55
59
39
54
36
36
42
23
12
0
1
6
0
2
4
-6
-8
-15
-17
-14
-1
6
-1
-2
-5
-9
0
6
7
26
25
22
37
48
64
73
82
90
69
46
36
44
32
35
32
24
36
17
24
25
16
38
40
31
30
21
1
-6
-3
-10
-40
-58
-61
-61
-85
-100
-96
-89
-78
-91
-102
-109
-113
-92
-73
-70
-51
-40
-26
-6
-15
-31
-15
-12
-24
2
4
3
-21
-47
-39
-40
-39
-51
-51
-80
-88
-65
-97
-134
-131
-152
-166
-154
-171
-185
-175
-152
-156
-159
-150
-132
-120
-107
-89
-78
-69
-60
-48
-43
-37
-49
-27
-7
-16
-3
10
19
22
24
38
62
59
67
86
71
61
51
52
67
68
72
88
90
116
141
117
98
84
103
124
121
129
131
129
124
135
143
151
153
163
167
143
132
148
152
135
128
131
161
165
142
138
138
139
141
149
165
179
189
207
217
199
175
153
132
114
89
79
86
89
67
48
53
59
45
27
14
-5
-17
-43
-56
-81
-96
-83
-73
-60
-72
-77
-69
-68
-68
-39
-15
-11
5
15
27
35
30
22
28
40
51
48
46
40
31
25
10
5
-7
-14
-23
-43
-85
-121
-132
-155
-176
-189
-196
-209
-214
-203
-182
-171
-173
-147
-126
-118
-97
-78
-65
-38
-22
-13
-1
-6
-21
-28
-16
-5
26
33
25
36
36
36
40
30
25
21
8
16
9
-16
-35
-63
-64
-60
-89
-106
-122
-136
-131
-119
-126
-143
-129
-103
-62
-45
-54
-40
-27
-27
-50
-68
-60
-31
-18
-21
-2
14
10
8
7
5
14
31
41
47
32
-2
-2
0
-5
-6
-17
-4
0
-1
6
19
29
25
16
32
53
63
72
48
32
22
5
-4
-16
-21
-29
-8
16
19
17
15
13
9
15
7
-13
-3
14
1
5
14
-8
-35
-39
-19
3
1
-15
-20
-19
-8
12
28
20
20
42
60
66
48
29
26
40
59
75
59
51
59
34
12
0
-24
-51
-57
-58
-70
-49
-52
-54
-31
-25
-30
-21
-8
-5
-8
-26
-47
-66
-66
-79
-82
-82
-101
-98
-101
-91
-68
-54
-39
-21
4
21
26
45
56
59
62
56
58
40
32
44
28
33
37
26
28
32
37
50
64
50
52
61
57
59
46
47
56
45
21
-8
-36
-48
-52
-59
-58
-45
-25
11
50
61
64
70
