40
52
63
42
20
-33
-80
-62
-37
-34
-50
-78
-101
-120
-142
-131
-98
-106
-137
-168
-179
-167
-140
-111
-114
-135
-157
-150
-134
-133
-137
-134
-112
-80
-62
-66
-52
-31
-26
-37
-44
-10
31
42
31
-14
-49
-26
3
10
8
0
-11
-9
-11
-16
-6
-18
-43
-59
-71
-64
-30
-12
-47
-98
-130
-111
-85
-102
-112
-129
-157
-157
-172
-156
-122
-139
-144
-159
-174
-151
-155
-162
-157
-177
-186
-157
-128
-111
-121
-137
-124
-106
-71
-36
3
26
3
-6
35
84
93
90
94
90
64
46
63
103
107
82
76
76
78
66
76
94
84
51
63
104
101
70
55
66
68
56
18
42
101
93
38
-4
39
91
59
11
28
37
37
65
95
95
68
61
50
45
44
30
38
40
-3
-43
-38
20
50
29
15
20
-3
-57
-40
-7
-11
-40
-81
-91
-83
-81
-70
-97
-136
-113
-105
-123
-97
-37
-61
-106
-89
-61
-66
-127
-141
-98
-123
-220
-234
-174
-137
-167
-243
-219
-128
-118
-184
-210
-178
-160
-177
-185
-169
-157
-182
-205
-211
-251
-271
-219
-154
-179
-243
-231
-155
-123
-179
-209
-153
-109
-148
-194
-183
-141
-160
-231
-270
-254
-214
-225
-234
-215
-213
-231
-195
-124
-140
-176
-164
-145
-159
-203
-178
-117
-142
-174
-162
-157
-145
-126
-104
-116
-123
-74
-59
-101
-81
-1
33
45
36
40
76
91
76
42
53
114
135
111
112
133
151
186
221
195
140
189
263
237
217
282
352
341
287
288
351
383
358
332
346
398
395
371
372
400
444
423
431
468
502
523
487
452
470
516
482
436
507
556
419
352
475
543
491
428
484
520
416
406
498
488
446
410
434
470
392
366
422
449
423
342
350
436
382
346
387
421
429
366
376
398
334
323
353
356
339
322
335
301
291
349
344
334
346
346
312
262
283
337
316
253
217
249
274
226
202
238
240
150
98
193
235
155
119
146
178
125
71
108
124
85
81
30
-24
2
-11
-46
-92
-110
-75
-76
-123
-120
-73
-67
-119
-141
-114
-93
-101
-160
-155
-145
-214
-199
-153
-214
-282
-308
-275
-264
-296
-268
-240
-259
-286
-280
-260
-279
-302
-265
-251
-296
-366
-380
-304
-287
-346
-312
-247
-320
-372
-294
-211
-242
-297
-268
-231
-294
-337
-258
-222
-245
-264
-294
-277
-260
-303
-278
-254
-211
-206
-318
-259
-164
-239
-278
-270
-235
-183
-267
-263
-134
-213
-303
-256
-237
-202
-252
-343
-282
-225
-252
-286
-240
-201
-298
-321
-262
-301
-255
-257
-322
-190
-211
-332
-219
-166
-235
-301
-371
-227
-162
-398
-391
-250
-257
-271
-344
-276
-118
-251
-361
-320
-307
-247
-310
-347
-277
-357
-331
-234
-304
-298
-261
-292
-261
-320
-285
-115
-201
-250
-226
-279
-151
-113
-177
-115
-206
-245
-111
-182
-114
-33
-195
-132
-96
-165
-58
-56
-74
-1
-157
-187
-54
-115
-65
-18
-108
-41
-25
-134
-74
-16
-55
-61
-90
-115
-68
-71
-118
-105
-107
-131
-75
-31
-111
-152
-129
-123
-52
-44
-145
-89
-30
-166
-145
-31
-100
-81
-68
-180
-91
-60
-152
-72
-43
-61
-42
-105
-63
-7
-40
-9
-33
-45
-32
-46
4
5
-4
22
-16
12
39
11
77
39
41
98
5
58
103
20
101
71
-17
135
124
55
129
100
118
146
92
197
213
153
250
186
149
231
203
204
256
228
192
183
189
266
218
112
209
283
136
155
263
214
271
244
182
265
215
143
199
182
160
123
114
195
167
112
94
185
207
98
193
240
136
196
186
113
237
224
119
208
231
154
153
170
233
193
98
230
322
169
173
297
211
149
216
247
223
260
285
273
331
318
235
261
264
203
242
261
254
228
150
191
265
140
143
271
260
221
186
161
196
241
220
248
210
172
170
160
211
216
182
167
223
159
140
260
243
203
240
192
255
282
100
240
285
154
219
147
199
294
62
111
276
99
123
201
174
290
249
123
179
244
138
107
201
141
117
196
102
113
183
31
148
259
122
146
142
93
63
-21
59
209
39
-41
123
102
32
59
42
58
58
-75
-18
56
20
39
17
46
45
-58
-6
51
-18
18
-54
-42
55
-105
-112
22
-63
-116
-33
-49
-48
-44
-102
-97
-68
-135
-119
-15
-50
-94
-137
-98
-36
-112
-177
-187
-165
-129
-190
-213
-42
-118
-240
-117
-128
-175
-148
-152
-146
-205
-239
-126
-169
-254
-214
-156
-144
-268
-217
-126
-276
-342
-264
-238
-215
-165
-165
-230
-232
-222
-323
-181
-186
-337
-121
-289
-458
-96
-311
-451
-66
-330
-400
-125
-330
-256
-86
-332
-270
-138
-316
-226
-149
-316
-279
-214
-352
-280
-239
-273
-127
-223
-220
-125
-249
-146
-124
-258
-87
-112
-192
-67
-181
-188
-43
-94
-72
-53
-108
-71
-105
-93
-36
-95
-159
-78
-31
-131
-132
0
-10
-118
-8
-53
-132
-20
-78
-84
-62
-164
-83
-28
-234
-86
88
-142
-75
-17
-110
39
-9
-137
41
20
-111
63
-23
-105
65
-2
14
91
8
67
133
-6
6
107
113
92
30
65
170
141
-39
92
146
-98
60
115
13
153
-1
1
181
-50
84
190
-13
161
134
-6
115
132
65
53
82
122
90
179
165
156
229
7
138
215
28
192
303
185
118
81
81
93
50
121
128
68
42
49
-24
18
178
22
-2
126
9
10
34
-70
108
59
-79
68
63
7
59
43
0
68
74
63
-3
78
44
5
138
33
61
128
118
27
52
82
53
76
56
56
20
20
-31
27
8
-27
2
56
31
-41
79
17
-68
-49
-59
-32
0
-10
51
0
-68
-32
12
-46
-92
51
-50
-35
19
-73
-16
82
-58
-175
34
-17
-129
67
14
-138
25
-73
-46
124
-114
24
97
-145
-14
-5
-90
27
49
61
43
-20
13
-39
-104
-39
-47
-30
-21
13
-51
-149
-23
-125
-68
1
-132
40
-90
-218
-10
-129
-118
-31
-149
-40
-137
-219
-14
-76
-156
-118
-81
-78
-138
-114
-137
-52
-45
-192
-71
-137
-144
25
-92
-2
59
-67
9
-40
-110
-29
-17
-16
-64
-92
-83
-92
-60
-90
22
123
-79
-76
-24
-74
-39
-80
12
57
-66
-102
-139
-40
71
-149
-19
100
-151
-18
-64
-82
96
-122
-61
112
-124
-81
-22
-91
19
-56
-32
53
-63
0
86
-75
-30
-2
-52
65
-3
-7
41
-5
73
-36
-86
132
39
0
100
-7
85
103
-25
32
9
60
110
47
107
112
84
121
103
104
142
104
137
132
84
108
132
85
172
223
74
202
114
48
258
117
13
155
127
93
131
72
165
68
15
175
89
97
132
56
58
48
5
41
44
-11
93
119
24
55
35
-22
0
-1
-33
35
69
8
16
47
61
28
32
42
34
65
-6
8
41
-32
6
48
108
59
-2
104
47
-35
15
111
96
96
165
66
35
-9
35
189
99
75
178
87
64
142
52
150
202
97
130
70
83
124
69
116
153
134
94
73
88
12
0
91
113
75
44
115
39
-102
-60
-24
10
-71
-58
5
-84
-106
-31
-13
-64
-37
-114
-35
-44
-153
-40
19
-82
-137
-43
-115
-63
-102
-123
13
-67
-145
-45
-68
-164
-57
-125
-56
49
-124
-124
-37
-113
-12
13
-27
127
21
-64
32
13
-51
31
37
-15
0
-49
11
86
11
22
68
-40
-15
24
-93
4
69
-135
-51
-20
-133
-32
-125
-184
-26
-52
-96
-5
-121
-77
-92
-143
-57
-167
-63
-126
-233
-55
-77
-105
5
-87
-78
-68
-152
-96
-114
-21
-43
-82
-36
-37
-39
-108
-85
-45
-76
-161
-112
-85
-100
-122
-125
-47
-123
-129
-111
-101
-82
-158
-216
3
-21
-213
-11
-21
-2
-156
-150
46
-93
-68
-5
55
68
22
-13
125
32
-64
85
21
16
28
-8
34
65
-8
17
34
23
46
-20
-30
-63
-14
53
-18
53
76
-12
37
66
-40
-58
42
27
31
78
1
66
106
-42
53
91
19
34
120
93
24
120
72
65
70
52
36
17
20
2
40
35
6
86
38
-60
42
63
-35
-2
20
14
30
19
99
65
45
44
39
-15
34
48
30
56
3
115
49
7
34
53
-12
56
46
17
88
83
14
2
73
-74
112
79
-32
58
48
-88
65
97
-36
173
21
50
105
47
87
84
-13
86
92
18
90
10
71
40
80
53
19
128
86
5
31
52
108
93
15
54
6
-17
10
20
-11
2
-25
-68
-42
-2
-15
16
-27
-44
3
-113
-49
-24
-69
-3
-150
-160
46
-161
-130
-3
-129
-54
-91
-132
32
59
-99
-18
16
-31
-15
-117
-49
-20
-134
1
-14
-185
-33
14
-32
7
-102
42
78
-117
-13
27
-26
-28
-69
-76
2
-73
-89
-68
-4
-66
-84
58
-65
38
14
-64
45
-77
-87
76
-53
-44
-11
-126
22
-48
-143
-33
-45
-85
-80
-7
-37
-94
15
-57
-115
-105
-58
-108
-77
-54
-77
12
-129
-98
56
-54
-110
56
-111
-7
0
-176
69
41
-17
-32
-15
60
-51
-104
110
59
55
45
-60
218
-34
-119
178
-18
120
58
-124
176
63
-97
164
-58
-120
117
-169
20
128
-140
33
120
-138
37
113
-65
31
-7
23
57
-44
-22
192
-43
-20
137
-34
87
36
16
157
4
19
170
-94
168
140
-114
215
85
-46
33
58
91
118
53
3
38
126
59
0
179
133
-16
54
103
-16
188
25
-55
284
-110
-116
179
74
137
47
-64
128
20
-18
137
174
107
-57
105
81
67
128
-52
48
17
-152
54
101
22
142
-18
-211
63
140
-31
177
96
-120
144
-8
-58
307
134
28
-6
63
138
23
159
115
63
152
-39
136
343
-123
106
128
-2
219
-90
63
220
-54
23
191
66
174
68
30
165
-15
69
238
200
16
23
158
184
-106
2
246
-39
38
73
43
70
-97
27
22
-121
10
40
-95
-53
-50
-97
-71
-27
56
-128
-11
-107
-203
102
-142
-41
141
-272
-247
65
-172
-23
6
-171
-17
-282
-126
-20
-77
16
-71
-87
-192
-139
-70
-147
21
-55
-305
-58
-48
-74
-14
-91
-22
-38
51
-128
-164
78
-170
-141
44
-103
-3
-22
-184
-37
-114
-102
34
-28
-119
-159
40
-71
-122
-66
-260
-97
-156
-336
33
22
-269
-133
-125
-250
-167
-166
-140
41
-242
-314
-16
-187
-167
42
-170
-196
-34
-201
-101
-108
-170
57
-48
-224
-119
62
-53
-113
-15
-27
-152
-52
91
-145
-45
2
-86
-43
-168
74
166
-158
30
69
-92
-7
43
129
-4
39
-57
-112
40
-46
59
159
70
74
-41
-189
162
18
-119
128
3
33
117
-68
-47
239
83
-25
-26
-55
148
-7
-160
165
100
-82
75
49
12
24
36
-15
61
74
5
184
140
-120
-39
131
-47
151
120
-134
203
29
-157
25
-31
158
289
9
-29
101
-6
-66
19
133
227
242
86
10
65
-106
-7
377
189
21
113
42
0
41
114
169
118
-10
85
-75
-21
266
-28
-58
62
-40
-41
70
4
-22
146
-31
-115
122
20
-63
26
-140
-43
21
4
191
-2
-69
-58
-144
49
3
-74
196
3
-116
14
-140
116
117
-46
45
-2
-21
-27
-6
130
117
-97
10
-9
-17
47
-18
60
-5
-83
-118
-112
-9
53
-32
70
177
103
61
82
89
-34
-7
12
-26
-25
121
121
-12
79
20
44
77
1
70
-29
-31
197
-42
-179
155
14
-57
82
-7
72
30
-24
-52
-76
-13
28
52
40
5
-51
9
-70
-24
24
-89
-10
-22
-157
-100
29
24
37
-7
-62
-151
-124
-64
-119
-89
1
-4
-133
-88
-34
-71
-2
-31
-144
-107
-118
-117
-149
-218
-141
-104
-195
-157
-87
-77
5
-33
0
-18
48
44
-43
20
-11
-10
-47
-12
9
37
88
127
112
134
179
88
50
53
120
84
105
219
294
336
418
560
482
459
516
431
425
442
362
284
155
87
20
-114
-84
-211
-333
-334
-430
-493
-581
-595
-649
-745
-860
-869
-865
-897
-786
-801
-840
-838
-733
-725
-727
-663
-717
-716
-666
-595
-592
-511
-415
-292
-230
-239
-85
-106
-96
20
18
-7
0
147
152
164
297
295
360
492
583
621
716
761
729
757
671
630
566
496
661
685
592
694
770
769
780
769
741
702
686
729
777
821
922
972
1028
1244
1523
1619
1762
1943
1909
1931
1827
1620
1383
1130
602
-580
-1764
-2248
-2319
-2666
-2949
-2894
-2898
-2890
-2591
-2102
-1577
-946
-403
-378
-751
-809
-480
-224
-161
-179
-312
-472
-346
-39
67
102
6
-314
-752
-1246
-1440
-1481
-1488
-1348
-1281
-1222
-735
14
771
1382
1674
1918
2028
1954
1850
1605
1190
775
278
-143
-333
-416
-331
-160
-32
-120
-276
-262
-177
-225
-283
-360
-648
-845
-1074
-1378
-1337
-933
-420
-135
118
446
566
708
949
1004
918
743
485
119
-282
-351
-267
-281
-263
-216
-188
16
406
667
706
722
871
841
816
954
1108
1265
1390
1568
1530
1546
1692
1731
1564
1308
1099
895
862
759
726
617
530
534
653
1057
1372
1637
1853
2080
2247
2554
3019
3348
3202
2357
797
-1350
-3152
-3824
-3939
-4602
-5252
-5294
-5125
-4706
-3621
-2242
-1204
-389
-70
-474
-934
-691
-51
295
187
-151
-257
-19
539
1112
1108
725
229
-621
-1632
-2192
-2369
-2367
-2266
-2236
-2042
-1269
230
1677
2636
3160
3359
3372
3273
3140
2699
1931
1083
304
-610
-1228
-1172
-1029
-1126
-1358
-1673
-1985
-2046
-1911
-1815
-1868
-1854
-1700
-1446
-958
-227
503
946
1244
1378
1278
991
535
-137
-967
-1687
-2407
-2915
-2983
-2619
-1963
-1416
-895
-415
-19
188
361
487
273
31
-151
-340
-454
-256
-7
97
319
528
515
512
648
557
230
-98
-334
-513
-380
-67
86
225
514
901
1160
1427
1713
1815
1812
1920
1996
1969
2043
2127
2019
1922
2091
2256
2350
2616
2860
2967
3116
3564
3950
3603
2228
-503
-3545
-5098
-5017
-4981
-5391
-5252
-4702
-4087
-2970
-1137
646
2032
2567
1801
378
-386
-31
520
479
-31
-527
-648
-53
696
981
687
-14
-1018
-2246
-2954
-2839
-2305
-1716
-1124
-771
-259
1063
2624
3660
4003
3814
3237
2618
2240
1738
911
114
-575
-1412
-2150
-2228
-1924
-1799
-1902
-2181
-2497
-2509
-2056
-1566
-1260
-1040
-680
-295
61
696
1356
1745
1808
1526
985
558
371
142
-311
-924
-1494
-1888
-2085
-2203
-2630
-3280
-3499
-3255
-2964
-2327
-1060
-260
163
915
1321
1427
1885
2243
1734
1003
396
-344
-811
-872
-1017
-1169
-1089
-960
-717
-420
-39
384
569
442
497
768
922
1397
1985
1981
1950
2294
2329
2118
2044
1812
1187
825
830
658
729
1155
1398
1444
1797
2326
2681
3088
3544
3871
4038
3943
3467
2257
-164
-2889
-3834
-3305
-3200
-3331
-2737
-1829
-1456
-1096
33
1507
2333
2301
1817
885
31
133
887
1071
842
863
1031
1188
1288
1335
1050
459
-323
-1098
-1538
-1518
-1077
-486
70
556
1222
2124
2907
3229
3034
2452
1704
1025
462
-36
-624
-1072
-1387
-1846
-2252
-2219
-1854
-1756
-1926
-2102
-2217
-2165
-1876
-1613
-1528
-1489
-1289
-891
-630
-387
0
225
84
-108
-275
-616
-925
-1208
-1641
-2192
-2616
-2905
-3108
-3189
-3103
-2970
-3400
-4098
-3840
-2442
-1095
-192
647
908
622
561
489
-11
-392
-663
-1387
-2258
-2631
-2260
-1456
-685
-294
-119
-41
106
540
762
611
443
321
153
453
1144
1709
2194
2473
2237
1870
1843
1684
1453
1359
1093
757
913
1495
2025
2496
2716
2595
2456
2464
2534
2732
2997
3227
3561
3865
3761
3470
2785
622
-2505
-4201
-3607
-2774
-2853
-2421
-1087
-251
94
1210
2945
3817
3606
2724
1282
63
-27
821
1233
885
436
343
449
415
173
-486
-1470
-2696
-3836
-4362
-3973
-2814
-1491
-543
-44
510
1357
2102
2365
2160
1509
600
-39
-258
-224
-144
-278
-672
-1293
-1923
-2341
-2485
-2635
-3149
-3589
-3549
-3118
-2321
-1195
-62
605
981
1355
1389
1095
969
738
-69
-877
-1271
-1567
-1774
-1706
-1699
-2045
-2359
-2481
-2626
-2811
-2947
-3089
-3035
-3167
-3998
-4057
-2555
-1244
-700
294
1115
904
851
998
466
127
283
-211
-1070
-1255
-854
-362
-59
22
106
109
233
689
739
395
605
911
558
602
1339
1778
2055
2416
2211
1825
2037
2271
2131
2022
2055
2112
2302
2567
2769
2875
2777
2583
2382
2042
1954
2349
2616
2786
3453
4250
4490
4433
4379
3404
550
-2726
-3744
-2700
-2130
-2031
-1071
-298
-375
205
1694
2648
2793
2446
1189
-661
-1511
-655
751
1156
809
719
752
655
777
787
-231
-1831
-3365
-4400
-4446
-3403
-1976
-1002
-545
-481
-219
346
905
1276
1338
1029
675
899
1784
2628
2698
2158
1240
9
-1235
-1859
-2141
-2704
-3104
-2995
-2783
-2290
-967
186
365
120
-39
-404
-902
-924
-734
-857
-1009
-737
-417
-294
-36
109
-449
-1461
-2255
-2872
-3372
-3253
-2718
-2266
-1793
-1489
-1612
-1634
-1181
-922
-1082
-1335
-1479
-1357
-1163
-1018
-698
-308
-242
-397
-634
-965
-1216
-1326
-1601
-2014
-2140
-1884
-1446
-1065
-616
-126
136
265
554
854
978
1247
1570
1690
1902
2201
2255
2198
2135
2024
1970
1896
1782
1797
1815
1641
1437
1356
1151
998
1223
1640
2197
2911
3656
4277
5125
5694
5194
4177
3509
2879
846
-1794
-2645
-1677
-1010
-856
68
857
453
0
11
-441
-951
-758
-549
-983
-1074
131
1731
2393
2465
2506
1804
494
-507
-1462
-2870
-3755
-3893
-3916
-3430
-2127
-777
-117
162
288
322
341
574
1098
1406
1706
2382
2994
3174
3211
2835
1412
-312
-1713
-3040
-3886
-3999
-4115
-4190
-3603
-2866
-2290
-1558
-903
-639
-438
-94
94
301
761
1154
1224
966
662
370
-107
-695
-1255
-1876
-2524
-2821
-2898
-2821
-2431
-2054
-2021
-1992
-2152
-2960
-3322
-2636
-1848
-1293
-387
431
773
1133
1343
992
339
-222
-838
-1611
-2124
-1907
-1495
-1268
-883
-610
-769
-732
-303
-316
-584
-490
-310
-108
622
1572
2299
2842
3123
3196
3022
2707
2428
2161
1712
1332
1293
1382
1576
1850
1920
1721
1494
1307
1380
1757
2076
2437
3085
3799
4632
5738
6669
6739
5978
4945
4146
3145
600
-2310
-2973
-1788
-1301
-1420
-639
-33
-782
-1813
-1955
-1784
-1740
-1372
-1072
-1523
-1433
362
2171
2504
2407
2506
1758
498
-204
-786
-1827
-2729
-3195
-3616
-3632
-2775
-1701
-1385
-1385
-953
-516
-278
233
959
1212
1175
1253
1177
1121
1340
1349
710
-115
-649
-829
-871
-1076
-1409
-1883
-2331
-2468
-2435
-2303
-1915
-1483
-1400
-1445
-1186
-612
54
492
557
439
420
336
-63
-611
-1140
-1664
-2243
-2812
-3198
-3141
-2752
-2325
-2061
-2014
-2299
-2747
-2828
-2761
-2783
-2653
-2200
-1776
-1561
-1376
-1233
-1083
-930
-729
-612
-645
-574
-265
-73
-74
48
246
408
554
570
408
436
562
544
559
678
861
1097
1267
1273
1392
1668
1921
1979
1818
1651
1669
1834
2013
2258
2566
2919
3221
3341
3404
3711
4028
4084
4032
3806
3626
3882
4374
4593
4613
4215
3166
2305
2144
1410
-760
-2167
-1338
-63
-168
-602
-451
-1079
-2518
-3309
-3091
-2643
-1825
-715
-470
-1021
-842
356
733
-180
-952
-1226
-1693
-2058
-1843
-1529
-1525
-1633
-1850
-2208
-2061
-1287
-578
-373
-112
532
1032
1322
1694
2047
1920
1540
1152
728
710
1094
1296
931
455
207
-36
-244
-417
-678
-1227
-1854
-2241
-2561
-2790
-2648
-2155
-1835
-1615
-1178
-816
-573
-568
-800
-1232
-1675
-1881
-1911
-1727
-1462
-1051
-809
-669
-450
-444
-628
-986
-1462
-2039
-2420
-3613
-5523
-5800
-4458
-3326
-2845
-2362
-2248
-2786
-3278
-2955
-1765
-352
1044
1954
1836
1428
1913
2342
1776
1307
1041
452
165
479
665
570
416
36
-336
-209
576
1444
1626
1466
1482
1399
1258
1672
2370
2885
3555
4067
4230
4477
4603
4148
3295
2381
1667
1582
1905
2359
2855
3175
3360
3723
4103
4309
4277
3784
3177
3095
3223
2012
220
-42
820
721
-738
-1574
-1820
-2866
-4320
-4597
-3722
-2758
-1876
-1419
-1680
-2105
-1395
-244
-123
-457
-167
306
118
127
705
1347
1651
1637
1354
816
743
830
270
-789
-1357
-1225
-1131
-746
154
1056
1399
1307
1182
1081
1147
1267
1183
628
257
320
257
34
-312
-794
-1519
-2195
-2687
-2936
-2795
-2404
-2323
-2601
-2602
-2415
-2170
-2001
-1924
-2033
-2187
-2062
-1910
-1927
-2063
-1976
-1804
-1548
-1109
-633
-818
-1799
-2153
-1889
-2066
-2774
-3260
-3486
-3833
-3995
-3427
-2049
-710
101
138
-445
-954
-936
-581
-496
-184
639
1279
1640
2074
2519
2526
2222
1899
1595
1450
1645
1903
1573
1013
782
668
398
300
703
1087
1117
1011
960
969
1172
1560
1869
1997
2371
3161
3676
3755
3602
3306
2892
2544
2386
2435
2904
3536
4153
4672
4951
4708
4042
3183
1494
-229
-325
1052
1759
662
-829
-1836
-3243
-4993
-4926
-3093
-1699
-1379
-1253
-1155
-1646
-1726
-1034
-676
-826
-474
424
647
466
706
787
140
-132
716
1450
1558
1539
1265
326
-546
-448
134
773
1471
2056
1976
1379
863
433
-7
-463
-693
-843
-1044
-1108
-1114
-1490
-2182
-2807
-3155
-3077
-2489
-1618
-1166
-1197
-1481
-1693
-1785
-1805
-1525
-1225
-1226
-1676
-2240
-2737
-3102
-3219
-3248
-3110
-2735
-2168
-1686
-1300
-1009
-1244
-1859
-2297
-2628
-3403
-3937
-3369
-2527
-2224
-2169
-1971
-2060
-2424
-2404
-1975
-1510
-1115
-725
-536
-315
278
1067
1697
2257
2909
3167
2953
2621
2370
2027
1612
1413
1327
1441
1694
1721
1395
1077
1005
991
1046
1163
1331
1346
1151
1053
1203
1577
1991
2457
2819
3010
3152
3188
3118
2943
2860
2909
3200
3600
4041
4590
4962
5018
4353
3233
2582
2450
1757
487
274
1119
1059
-569
-1951
-2204
-2662
-3465
-3111
-1581
-772
-1319
-2157
-2793
-3289
-3130
-2134
-1223
-869
-582
-320
-553
-827
-360
526
1097
1294
1563
1832
1674
1295
1160
1328
1719
2147
2402
2359
2146
1787
1019
-45
-798
-881
-887
-1206
-1619
-2009
-2500
-2924
-2910
-2808
-2671
-2374
-2217
-2356
-2591
-2568
-2399
-2332
-2234
-1938
-1750
-1767
-1536
-1103
-897
-912
-954
-1015
-1249
-1470
-1565
-1742
-1879
-1818
-1772
-2435
-3094
-2509
-1756
-2133
-3029
-3394
-3450
-3753
-3841
-2966
-1880
-1615
-1812
-1987
-1792
-947
291
1285
1871
2477
2940
2770
2295
2186
2319
2261
2075
1983
2031
1995
1756
1382
1089
1155
1321
1277
1042
745
530
365
431
750
994
1076
1105
978
807
964
1327
1685
2027
2384
2436
2197
2190
2415
2719
3090
3643
4170
4620
5172
5308
4569
3787
3531
2703
1759
2264
3601
3515
1224
-835
-1432
-2008
-2884
-2580
-1192
-957
-2380
-3913
-4145
-3456
-2444
-1198
-550
-594
-947
-1426
-2015
-1966
-604
1014
1749
1789
2059
2268
1734
942
811
1249
1411
1349
1111
786
567
311
218
524
1162
1475
935
-153
-1020
-1429
-1779
-2055
-2105
-2054
-2171
-2626
-3105
-3125
-2726
-2421
-2574
-3035
-3470
-3587
-3547
-3540
-3073
-2083
-1152
-715
-640
-596
-502
-513
-667
-752
-748
-720
-911
-1739
-2865
-3008
-2130
-1682
-2036
-2467
-2795
-3337
-3829
-3468
-2216
-1178
-950
-1132
-1253
-1155
-935
-652
-310
166
661
857
781
992
1550
1730
1522
1565
1933
2059
1777
1640
1914
2307
2417
2265
2076
1903
1750
1493
1282
1460
1847
1790
1165
501
-4
-314
-432
-388
-119
176
349
403
593
1185
1993
2760
3466
4262
4920
5445
5994
6004
5301
4763
4694
4161
3386
3693
4631
4062
1787
406
686
401
-930
-1547
-1366
-1988
-3519
-4316
-3742
-2796
-2289
-2054
-1894
-1775
-1704
-1941
-2282
-1957
-941
-334
-378
-142
507
665
211
184
824
1334
1451
1444
1444
1647
1958
1999
1864
1882
1853
1328
518
53
39
-53
-407
-649
-869
-1341
-1907
-2310
-2467
-2553
-2811
-3202
-3388
-3437
-3498
-3548
-3550
-3222
-2672
-2269
-2179
-2123
-1903
-1666
-1519
-1521
-1369
-1142
-1080
-1363
-2261
-2861
-2033
-797
-921
-1852
-2039
-1661
-1777
-1958
-1217
-363
-485
-1199
-1709
-1786
-1614
-1459
-1472
-1395
-1094
-891
-885
-737
-48
754
1009
956
1032
1156
1168
1230
1533
2164
2849
3016
2734
2566
2591
2557
2423
2430
2510
2251
1558
923
601
444
523
515
371
238
151
169
329
818
1380
1871
2100
2164
2452
2909
3629
4338
4456
4104
3650
3053
3284
4760
5519
4306
2269
1708
2256
2200
2257
2836
2450
307
-1753
-2345
-2084
-1815
-1718
-1804
-2438
-2972
-3155
-3433
-3518
-2837
-1869
-1703
-1924
-1876
-1750
-1686
-1258
-407
218
453
579
813
1141
1747
2560
2932
2749
2358
1836
1175
596
386
497
602
569
319
-168
-799
-1238
-1270
-1252
-1408
-1777
-2389
-3047
-3481
-3592
-3386
-3090
-3031
-3208
-3547
-3851
-3972
-3850
-3394
-2832
-2285
-1792
-1539
-1670
-1857
-1696
-1381
-1151
-1077
-956
-840
-826
-653
-435
-381
-437
-515
-705
-976
-1239
-1417
-1619
-1835
-1823
-1831
-1926
-1889
-1651
-1310
-923
-525
-232
-47
69
197
327
558
914
1214
1447
1670
1874
1967
2076
2234
2177
1988
1922
2001
2139
2240
2271
2126
1828
1595
1469
1366
1361
1436
1430
1384
1290
1162
1085
1206
1489
1728
1940
2174
2088
1734
1595
1614
2272
3661
4452
3587
1933
1697
2637
2939
3019
3610
3506
1877
233
-82
245
188
-144
-540
-1283
-1940
-2194
-2375
-2385
-1940
-1638
-2250
-3155
-3304
-2981
-2804
-2462
-1695
-1019
-950
-1161
-1070
-389
701
1586
1938
2051
2205
2172
2051
2158
2693
3279
3333
3010
2614
2194
1671
1217
899
601
80
-712
-1483
-2109
-2363
-2393
-2547
-2875
-3270
-3662
-4164
-4614
-4679
-4379
-3945
-3492
-3019
-2521
-2076
-1745
-1708
-1912
-1719
-1021
-596
-1021
-1689
-1655
-1072
-580
-247
0
-148
-762
-1381
-1544
-1348
-1205
-1261
-1478
-1709
-1723
-1482
-1230
-950
-578
-433
-578
-682
-632
-572
-540
-340
33
299
396
476
727
1199
1862
2376
2462
2352
2301
2443
2607
2782
2935
2835
2569
2191
1870
1633
1387
1212
969
775
684
580
448
493
816
1112
1315
1397
1449
1377
1440
1672
1725
2467
3842
4365
3240
1897
2082
2800
2667
2367
2604
2397
1124
103
157
588
784
557
-52
-798
-1187
-1397
-1769
-1908
-1481
-1181
-1833
-2514
-2427
-2044
-1877
-1712
-1319
-1216
-1591
-2068
-2110
-1686
-929
-188
69
235
602
933
1068
1308
1854
2328
2493
2458
2434
2351
2139
2034
2010
1982
1807
1290
544
-60
-381
-703
-1165
-1735
-2307
-2917
-3551
-3905
-3778
-3346
-3092
-3223
-3412
-3418
-3277
-3124
-3018
-2785
-2566
-2483
-2481
-2405
-2105
-1890
-1726
-1319
-810
-631
-757
-918
-1090
-1111
-864
-385
-123
-236
-416
-607
-768
-814
-698
-761
-1057
-1273
-1452
-1501
-1267
-736
-242
25
235
383
484
549
790
1085
1238
1538
1839
2036
2291
2693
3112
3292
3229
2929
2516
2032
1571
1166
803
642
618
640
639
724
834
912
1071
1145
1142
1227
1371
1405
1320
1464
1792
1686
1507
2248
3247
3021
1930
1656
2332
2545
2064
1887
2050
1612
577
-76
-121
-44
-149
-432
-864
-1201
-1318
-1466
-1734
-1928
-1755
-1675
-1988
-2262
-2355
-2427
-2510
-2337
-1918
-1640
-1577
-1462
-1158
-619
28
509
676
687
819
1095
1388
1718
2155
2442
2474
2404
2366
2314
2179
2149
2257
2218
1832
1252
660
128
-244
-496
-771
-1131
-1439
-1636
-1911
-2218
-2404
-2543
-2862
-3203
-3225
-3182
-3277
-3444
-3592
-3403
-2831
-2402
-2568
-3025
-2917
-2191
-1635
-1424
-1140
-813
-802
-864
-504
133
508
380
53
-201
-345
-380
-350
-258
-113
-94
-357
-520
-278
99
250
305
528
767
833
808
994
1419
1830
1936
1871
1951
2173
2260
2092
1925
1782
1601
1332
1094
1013
1005
998
904
805
844
923
870
761
828
1016
1122
1173
1270
1406
1402
1373
1432
1591
1647
1347
1452
2388
3248
2850
1625
1235
1835
2263
2209
2288
2363
1716
660
75
105
313
252
-286
-1258
-1961
-2117
-2328
-2674
-2679
-2332
-2483
-3142
-3503
-3366
-3117
-2848
-2230
-1662
-1587
-1846
-1991
-1722
-1167
-410
219
452
402
387
663
1048
1534
2052
2271
2135
1883
1783
1737
1786
1922
2002
1844
1411
965
523
275
327
369
119
-323
-686
-1077
-1653
-2177
-2355
-2444
-2776
-3162
-3312
-3278
-3230
-3139
-2960
-2832
-2896
-2958
-2675
-2254
-2138
-2314
-2495
-2406
-2084
-1736
-1509
-1425
-1354
-1294
-1281
-1262
-1220
-1201
-1256
-1305
-1260
-1111
-907
-690
-457
-163
193
497
702
864
990
991
863
799
958
1233
1441
1649
1833
1867
1731
1523
1349
1279
1296
1299
1304
1303
1330
1335
1383
1513
1570
1493
1262
1087
948
842
837
903
996
946
952
1067
1294
1624
1920
2108
2109
2011
1709
1737
2626
3567
3447
2453
2036
2358
2431
2213
2325
2509
1829
623
-122
-270
-209
-321
-748
-1565
-2291
-2621
-2993
-3405
-3336
-2738
-2617
-3149
-3389
-3039
-2652
-2550
-2226
-1677
-1412
-1505
-1629
-1450
-884
-96
454
566
696
1046
1347
1411
1599
2109
2468
2488
2276
2146
2122
2141
2142
2054
2012
1904
1652
1302
1049
881
554
-16
-712
-1228
-1511
-1712
-1842
-1832
-1709
-1691
-1981
-2359
-2450
-2261
-2098
-2048
-2012
-2000
-2141
-2258
-2008
-1674
-1615
-1765
-1872
-1819
-1731
-1544
-1313
-1186
-1218
-1330
-1260
-898
-298
86
0
-212
-263
-120
3
226
535
711
773
853
1114
1385
1610
1708
1678
1665
1628
1650
1640
1610
1658
1691
1655
1492
1436
1453
1320
1133
956
798
518
286
241
270
399
576
728
691
594
551
543
722
1026
1349
1580
1783
2054
2266
2434
2607
2818
2964
2720
2211
2190
3053
3767
3336
2345
1882
1945
1649
1204
1180
1093
298
-904
-1642
-1803
-1642
-1413
-1516
-2012
-2471
-2542
-2596
-2771
-2611
-2293
-2424
-2948
-3109
-2809
-2553
-2311
-1880
-1413
-1202
-1103
-960
-792
-415
139
617
783
788
829
911
1128
1487
1804
1745
1423
1159
979
914
946
1017
893
516
99
-309
-593
-700
-683
-762
-975
-1142
-1349
-1653
-1936
-2027
-2039
-2146
-2350
-2548
-2622
-2650
-2692
-2752
-2766
-2749
-2924
-3220
-3234
-2971
-2833
-2913
-2877
-2608
-2312
-2128
-2003
-1924
-1959
-1958
-1868
-1693
-1402
-1029
-638
-302
10
275
616
963
1145
1236
1249
1279
1338
1495
1714
1782
1809
1896
2010
1958
1733
1547
1372
1172
988
912
886
829
810
756
723
763
761
577
265
129
112
127
256
542
880
1019
1113
1354
1613
1776
1801
1788
1877
2098
2386
2601
2763
2981
3320
3495
3211
2872
3046
3592
3406
2296
1367
1195
1232
966
1000
1342
1155
165
-852
-1195
-1107
-870
-781
-1141
-1872
-2382
-2353
-2176
-2063
-1910
-1769
-1955
-2329
-2324
-1891
-1419
-1134
-1032
-1044
-1020
-820
-589
-430
-156
266
528
428
244
278
514
778
940
1112
1321
1372
1166
791
556
604
755
856
849
761
553
246
4
-34
69
3
-379
-856
-1196
-1354
-1462
-1569
-1599
-1662
-1875
-2125
-2263
-2287
-2303
-2373
-2468
-2505
-2442
-2313
-2299
-2429
-2445
-2267
-2084
-1997
-1834
-1547
-1276
-1059
-771
-418
-142
91
290
423
487
588
758
873
1001
1213
1472
1606
1566
1531
1574
1662
1679
1590
1427
1296
1177
1038
998
1041
1053
954
757
473
165
-75
-229
-331
-377
-346
-273
-176
-66
48
205
447
638
737
899
1236
1622
1907
2227
2586
2846
2938
2970
3009
3017
3059
3116
3149
3195
3293
3103
2506
2241
2707
3188
2832
2085
1710
1360
681
209
567
1107
781
-240
-1173
-1664
-1863
-1738
-1526
-1711
-2152
-2537
-2845
-3144
-2974
-2239
-1701
-1875
-2319
-2335
-2132
-2035
-1841
-1407
-1014
-941
-966
-854
-682
-478
-228
-15
31
32
108
53
-120
-216
-65
175
306
396
452
441
318
194
103
73
187
270
120
-267
-629
-788
-912
-1016
-1079
-1193
-1542
-2024
-2287
-2357
-2381
-2507
-2690
-2858
-2972
-2976
-2952
-2907
-2887
-2771
-2565
-2407
-2283
-2193
-2092
-2040
-2021
-1943
-1764
-1476
-1192
-953
-815
-789
-838
-846
-599
-168
252
576
792
893
851
850
1020
1267
1424
1403
1271
1038
811
670
556
485
396
281
46
-245
-412
-403
-249
-133
-32
20
40
123
308
582
902
1259
1461
1503
1489
1573
1750
1811
1912
2172
2383
2412
2376
2445
2565
2641
2721
2823
2945
2989
2998
2941
2827
2836
2947
3009
2740
2376
2264
2381
2392
1997
1487
1062
633
150
-141
-96
-73
-301
-692
-1106
-1479
-1681
-1568
-1407
-1485
-1607
-1565
-1589
-1891
-2134
-1931
-1512
-1322
-1443
-1518
-1421
-1306
-1274
-1280
-1186
-1056
-954
-893
-741
-424
-111
31
-69
-153
-10
238
386
396
416
427
302
126
123
274
342
262
94
-48
-156
-301
-452
-602
-704
-822
-1008
-1188
-1205
-1091
-1102
-1251
-1413
-1475
-1485
-1499
-1494
-1462
-1462
-1574
-1662
-1673
-1626
-1527
-1407
-1267
-1179
-1098
-954
-722
-528
-460
-380
-219
-39
63
164
288
342
334
300
313
365
418
468
472
423
377
350
305
250
272
371
422
364
308
347
361
284
285
458
655
776
872
933
1007
1112
1250
1362
1417
1529
1688
1830
1965
2122
2247
2326
2407
2495
2606
2764
2907
3002
3084
3159
3199
3165
3118
3088
3072
3085
3052
2915
2727
2575
2426
2242
2043
1869
1702
1509
1282
969
631
462
463
350
110
-42
-179
-470
-798
-907
-905
-1067
-1347
-1569
-1778
-2034
-2204
-2199
-2187
-2237
-2232
-2162
-2182
-2260
-2162
-1934
-1760
-1729
-1763
-1781
-1764
-1692
-1572
-1451
-1405
-1360
-1278
-1232
-1240
-1194
-1068
-974
-947
-903
-853
-853
-916
-968
-922
-858
-827
-856
-917
-962
-981
-1010
-1107
-1214
-1321
-1416
-1532
-1659
-1677
-1628
-1608
-1680
-1757
-1780
-1782
-1749
-1686
-1613
-1656
-1732
-1722
-1626
-1499
-1440
-1408
-1393
-1390
-1393
-1310
-1123
-906
-736
-710
-773
-851
-830
-666
-489
-385
-327
-322
-377
-491
-510
-353
-203
-200
-239
-143
1
62
86
222
449
597
618
618
669
766
915
1052
1173
1296
1401
1463
1501
1638
1888
2057
2059
2076
2155
2258
2398
2515
2596
2645
2689
2797
2924
3033
3141
3078
2832
2629
2615
2708
2753
2742
2683
2570
2383
2174
2010
1893
1800
1687
1516
1368
1337
1340
1254
1048
850
726
638
574
531
461
322
211
205
176
116
115
112
-83
-420
-555
-464
-380
-480
-657
-776
-886
-987
-1042
-1028
-1026
-1045
-1117
-1283
-1430
-1501
-1489
-1508
-1606
-1646
-1602
-1543
-1523
-1483
-1403
-1371
-1385
-1420
-1456
-1510
-1530
-1469
-1418
-1384
-1368
-1370
-1437
-1527
-1533
-1518
-1558
-1658
-1714
-1730
-1783
-1829
-1801
-1761
-1762
-1749
-1718
-1708
-1712
-1682
-1651
-1654
-1661
-1621
-1539
-1483
-1432
-1343
-1225
-1109
-1000
-883
-782
-697
-585
-441
-302
-194
-113
-29
70
210
324
375
407
481
592
611
572
598
723
831
875
914
933
923
888
889
932
958
961
987
1066
1117
1137
1176
1228
1295
1388
1505
1614
1698
1805
1927
2034
2148
2284
2381
2395
2410
2460
2529
2556
2589
2616
2528
2404
2332
2316
2270
2208
2183
2101
1981
1921
1903
1784
1585
1488
1428
1312
1148
1007
885
700
559
513
536
552
503
417
335
315
339
396
420
385
350
318
305
287
250
198
136
60
-64
-196
-267
-296
-366
-489
-629
-789
-918
-991
-1079
-1234
-1440
-1627
-1766
-1888
-1962
-1984
-2030
-2178
-2376
-2508
-2563
-2594
-2687
-2802
-2907
-2978
-3004
-3054
-3067
-3032
-2971
-2912
-2852
-2760
-2694
-2662
-2667
-2675
-2617
-2504
-2395
-2325
-2257
-2177
-2089
-1959
-1792
-1616
-1490
-1422
-1380
-1339
-1251
-1174
-1086
-986
-923
-875
-822
-711
-613
-516
-379
-264
-215
-220
-176
-115
-68
38
162
243
264
281
336
444
549
571
561
574
630
660
630
627
676
738
811
941
1083
1185
1299
1411
1511
1633
1788
1923
1995
2045
2129
2228
2317
2406
2497
2594
2714
2820
2871
2897
2958
3030
3035
2984
2950
2981
3032
3060
3050
2989
2896
2755
2608
2565
2577
2491
2270
2015
1842
1777
1743
1683
1585
1423
1198
1024
955
921
814
671
537
398
310
228
77
-97
-214
-295
-420
-562
-635
-640
-676
-723
-746
-757
-775
-784
-768
-746
-706
-654
-597
-565
-553
-547
-571
-624
-683
-720
-785
-900
-1036
-1125
-1173
-1236
-1325
-1437
-1558
-1692
-1803
-1875
-1952
-2047
-2155
-2284
-2404
-2499
-2573
-2640
-2725
-2795
-2861
-2892
-2859
-2827
-2799
-2801
-2773
-2684
-2599
-2515
-2406
-2281
-2139
-1969
-1821
-1666
-1477
-1324
-1210
-1103
-958
-790
-633
-477
-315
-187
-122
0
167
304
398
432
469
509
517
500
462
419
389
370
322
279
267
256
228
193
206
254
272
292
379
509
636
762
869
947
965
1011
1195
1398
1507
1566
1683
1831
1933
2001
2079
2158
2218
2281
2359
2421
2493
2599
2660
2664
2719
2812
2830
2759
2717
2732
2734
2679
2583
2488
2400
2322
2257
2160
2043
1964
1887
1763
1612
1514
1427
1279
1045
790
613
467
331
197
39
-166
-375
-581
-755
-878
-985
-1071
-1158
-1276
-1373
-1381
-1350
-1323
-1341
-1384
-1398
-1387
-1339
-1265
-1168
-1075
-1015
-954
-892
-859
-848
-831
-819
-831
-825
-787
-824
-967
-1115
-1224
-1316
-1410
-1527
-1631
-1730
-1869
-2020
-2173
-2276
-2382
-2487
-2572
-2661
-2749
-2874
-2948
-2969
-2949
-2959
-2991
-3003
-3003
-2951
-2863
-2729
-2569
-2396
-2215
-2028
-1837
-1665
-1500
-1330
-1134
-909
-708
-568
-473
-393
-279
-153
-82
-33
36
78
103
170
256
296
297
296
323
381
447
499
554
616
702
816
892
918
948
991
1036
1079
1127
1204
1251
1262
1315
1436
1554
1605
1642
1701
1748
1794
1858
1948
2057
2131
2144
2118
2083
2127
2248
2348
2385
2421
2493
2525
2520
2550
2618
2619
2544
2503
2508
2546
2580
2569
2524
2445
2379
2347
2280
2161
2005
1842
1677
1536
1382
1197
989
778
557
322
143
22
-88
-295
-538
-707
-799
-868
-964
-1044
-1106
-1135
-1147
-1139
-1069
-998
-980
-1014
-1061
-1067
-1042
-999
-958
-941
-944
-940
-930
-902
-884
-894
-910
-968
-1023
-1046
-1054
-1082
-1096
-1077
-1116
-1209
-1309
-1391
-1502
-1646
-1716
-1770
-1850
-1904
-1948
-1983
-2022
-2054
-2066
-2086
-2058
-1987
-1914
-1898
-1864
-1764
-1671
-1563
-1449
-1332
-1237
-1155
-1031
-894
-781
-691
-602
-557
-536
-464
-384
-343
-319
-281
-234
-203
-161
-107
-82
-82
-89
-82
-74
-65
-41
-1
39
28
-3
-12
-1
47
136
236
314
347
374
445
538
622
729
837
907
948
986
1058
1127
1185
1250
1296
1317
1372
1460
1474
1449
1433
1448
1513
1573
1632
1698
1723
1730
1732
1761
1837
1938
2010
2022
2043
2064
2071
2043
2025
2072
2099
2062
1958
1835
1726
1596
1459
1334
1215
1085
926
723
508
337
211
90
-23
-123
-201
-287
-401
-471
-493
-517
-563
-631
-698
-745
-768
-796
-826
-885
-981
-1052
-1090
-1085
-1108
-1160
-1225
-1290
-1331
-1322
-1253
-1216
-1225
-1284
-1344
-1384
-1409
-1415
-1446
-1475
-1510
-1524
-1547
-1576
-1577
-1579
-1590
-1593
-1591
-1550
-1514
-1519
-1504
-1465
-1408
-1340
-1270
-1193
-1093
-1013
-944
-868
-786
-684
-600
-537
-471
-381
-328
-263
-135
6
115
149
200
273
322
365
393
440
495
536
530
514
555
605
632
669
729
758
723
635
587
623
692
750
757
743
716
708
712
739
797
818
785
719
685
675
683
687
673
668
652
651
644
654
673
672
680
713
773
838
884
911
967
1022
1053
1089
1126
1187
1205
1162
1120
1110
1167
1221
1234
1194
1114
1048
981
927
902
879
853
802
724
648
631
608
564
505
418
357
282
227
208
182
132
61
22
0
-36
-107
-173
-217
-283
-347
-378
-406
-467
-523
-600
-660
-674
-699
-767
-859
-940
-972
-979
-1026
-1068
-1133
-1233
-1341
-1437
-1456
-1459
-1477
-1531
-1617
-1675
-1689
-1663
-1659
-1672
-1673
-1675
-1707
-1720
-1656
-1560
-1477
-1453
-1464
-1456
-1404
-1309
-1215
-1164
-1140
-1082
-1027
-973
-891
-754
-631
-611
-606
-565
-456
-314
-208
-122
-67
23
129
169
200
252
312
364
421
492
581
634
604
583
610
650
677
711
782
829
850
861
859
870
923
977
1006
1006
1001
988
946
983
1042
1067
1067
1031
1005
973
934
916
935
908
842
798
762
727
699
703
723
719
700
666
626
588
578
578
519
473
445
381
269
206
213
179
74
-60
-119
-169
-254
-302
-332
-380
-438
-495
-548
-567
-535
-470
-443
-441
-411
-376
-392
-411
-361
-301
-274
-272
-269
-251
-232
-206
-157
-139
-176
-197
-215
-294
-323
-290
-325
-383
-440
-462
-503
-556
-556
-543
-586
-663
-677
-704
-755
-790
-785
-766
-763
-739
-731
-782
-836
-837
-829
-813
-772
-720
-702
-721
-710
-651
-573
-493
-432
-409
-422
-417
-388
-331
-280
-261
-209
-193
-199
-175
-115
-36
7
41
58
92
154
203
255
322
406
485
525
573
651
686
680
689
733
812
861
862
878
893
876
920
970
972
992
960
924
925
941
969
991
982
953
966
972
990
1021
1032
1035
1022
1005
996
989
976
996
1014
985
962
926
864
866
853
827
834
832
824
806
773
715
666
583
528
516
460
379
277
185
120
47
-26
-71
-189
-341
-468
-569
-603
-643
-706
-757
-799
-856
-875
-885
-891
-844
-832
-832
-826
-834
-788
-754
-740
-692
-680
-681
-666
-682
-713
-696
-672
-650
-644
-664
-622
-608
-614
-601
-616
-602
-592
-575
-567
-592
-566
-511
-490
-477
-454
-464
-497
-534
-567
-554
-566
-573
-559
-577
-557
-509
-493
-505
-503
-470
-447
-437
-417
-352
-275
-220
-165
-119
-64
-54
-55
0
42
67
114
159
173
222
256
256
280
324
381
429
463
463
481
495
516
567
607
626
612
597
589
575
581
594
565
508
473
442
417
440
449
414
400
386
372
351
352
410
440
449
460
465
478
487
510
572
610
624
643
651
678
740
783
786
802
803
784
769
746
704
701
747
746
707
648
598
540
478
435
401
343
247
126
14
-30
-92
-187
-264
-364
-475
-578
-684
-740
-755
-778
-780
-801
-848
-918
-1017
-1081
-1102
-1115
-1109
-1104
-1150
-1180
-1205
-1197
-1164
-1167
-1158
-1135
-1137
-1150
-1107
-1098
-1094
-1009
-949
-908
-816
-707
-632
-586
-511
-408
-392
-392
-333
-296
-291
-268
-226
-179
-138
-131
-88
-40
-35
0
53
77
107
108
94
146
183
196
215
219
235
260
251
282
325
272
276
310
317
357
373
387
430
441
405
414
455
451
494
518
549
619
605
616
622
623
643
633
620
630
602
561
578
541
498
512
478
441
422
344
302
291
263
271
280
250
224
238
228
209
216
180
129
107
94
113
107
105
133
153
161
172
169
116
104
80
101
182
184
205
249
243
228
260
279
282
270
238
240
234
209
214
236
194
142
98
-3
-66
-74
-104
-170
-216
-263
-316
-351
-407
-461
-544
-668
-776
-859
-926
-970
-1016
-1098
-1156
-1201
-1308
-1384
-1418
-1470
-1501
-1505
-1502
-1487
-1492
-1511
-1479
-1429
-1387
-1358
-1331
-1314
-1302
-1260
-1181
-1083
-1010
-952
-855
-766
-742
-664
-561
-503
-426
-342
-285
-233
-181
-124
-17
62
108
193
254
289
356
384
396
427
445
484
553
589
588
616
630
638
673
691
699
700
681
665
670
684
715
705
717
795
788
758
787
788
793
821
800
815
834
822
827
819
781
771
801
739
735
789
776
766
771
787
809
820
779
768
771
754
764
777
778
755
706
642
619
616
579
551
556
542
531
496
452
439
407
400
393
377
364
365
331
285
252
203
173
135
110
106
131
98
55
57
44
43
35
17
1
25
5
-4
-26
-88
-60
-85
-120
-118
-129
-142
-130
-173
-230
-194
-199
-233
-280
-338
-369
-437
-519
-527
-536
-573
-617
-662
-697
-719
-708
-732
-753
-783
-778
-733
-686
-668
-640
-586
-556
-499
-491
-465
-436
-464
-504
-482
-410
-361
-305
-272
-218
-179
-141
-94
-42
15
18
36
72
86
121
158
166
196
187
169
169
168
181
207
204
205
270
279
326
359
350
377
366
339
361
423
431
477
498
484
516
513
466
478
525
548
583
590
605
611
607
622
627
652
661
649
628
598
604
601
603
609
569
562
564
526
483
476
479
450
418
398
350
328
283
224
197
128
113
101
75
45
27
-37
-103
-105
-160
-142
-137
-162
-204
-248
-261
-304
-347
-405
-438
-483
-507
-533
-560
-585
-606
-636
-668
-630
-635
-632
-629
-642
-637
-653
-671
-681
-708
-706
-692
-704
-700
-707
-690
-686
-672
-655
-638
-632
-631
-579
-582
-574
-597
-616
-615
-643
-615
-581
-578
-619
-590
-579
-578
-539
-543
-531
-537
-530
-522
-519
-512
-469
-425
-410
-383
-376
-368
-362
-303
-253
-225
-187
-180
-171
-161
-111
-48
6
71
99
119
153
167
197
233
275
312
308
324
330
341
385
391
397
424
445
481
537
550
535
535
530
555
567
558
578
578
545
516
546
580
597
609
616
651
655
626
627
636
622
597
572
567
569
596
602
595
566
503
516
518
482
443
390
347
325
297
289
291
266
253
208
183
178
160
126
107
76
35
23
-8
-10
-30
-79
-112
-132
-183
-194
-174
-212
-207
-186
-214
-241
-260
-279
-283
-315
-344
-362
-393
-409
-411
-404
-394
-385
-380
-375
-413
-449
-418
-443
-448
-406
-444
-463
-448
-423
-385
-351
-349
-363
-380
-403
-393
-384
-357
-335
-329
-337
-342
-324
-298
-266
-271
-305
-357
-366
-379
-381
-335
-305
-299
-292
-292
-313
-281
-265
-234
-191
-214
-195
-172
-194
-159
-124
-160
-123
-91
-96
-72
-73
-87
-46
-3
26
88
66
86
141
131
143
178
194
222
242
222
306
351
374
449
449
470
529
538
579
626
583
619
630
608
650
664
684
662
644
647
625
560
552
552
520
517
466
461
431
354
331
294
237
239
218
154
148
87
17
39
17
-39
-13
-35
-67
-35
-65
-58
-46
-94
-94
-94
-136
-129
-125
-125
-97
-123
-146
-177
-203
-235
-255
-282
-317
-328
-359
-334
-351
-355
-346
-374
-416
-450
-412
-400
-368
-361
-369
-359
-370
-371
-372
-354
-317
-317
-355
-338
-344
-337
-287
-283
-265
-241
-254
-251
-222
-222
-196
-170
-183
-195
-153
-100
-69
-57
-65
-57
-69
-76
-64
-22
22
22
29
39
55
52
57
72
52
31
22
18
0
-15
-9
1
-30
-88
-110
-167
-197
-196
-242
-255
-236
-246
-257
-248
-271
-277
-282
-289
-249
-235
-231
-181
-120
-91
-59
-30
-5
32
66
119
176
216
252
291
344
405
450
513
513
490
532
556
590
655
693
714
732
715
739
775
756
755
752
712
686
686
684
687
670
648
643
609
570
563
538
483
442
400
384
387
390
357
310
290
261
217
183
176
159
140
116
77
23
-17
-43
-38
-31
-49
-5
4
-5
1
-9
-29
-64
-77
-77
-57
-54
-45
-55
-84
-72
-69
-97
-92
-73
-95
-112
-139
-126
-104
-152
-183
-180
-210
-236
-256
-279
-282
-322
-315
-304
-320
-316
-331
-339
-332
-321
-347
-348
-327
-298
-275
-271
-260
-254
-241
-230
-189
-179
-180
-186
-180
-160
-137
-84
-52
-28
-66
-74
-41
-34
-27
-18
-23
-30
-26
-38
-12
-3
-12
-21
-34
-49
-60
-68
-110
-143
-173
-179
-180
-181
-192
-201
-206
-242
-219
-208
-222
-211
-230
-241
-207
-161
-125
-92
-56
-25
2
47
83
96
108
118
139
152
193
252
284
289
273
290
285
268
261
287
295
247
238
251
262
227
188
177
181
142
100
93
62
36
15
25
26
30
9
-13
0
-20
-13
25
12
-1
17
-18
-19
0
-28
-19
-2
-29
-56
-54
-51
-40
-64
-94
-108
-132
-114
-99
-134
-162
-159
-183
-201
-205
-215
-192
-187
-193
-195
-213
-206
-217
-244
-234
-233
-231
-199
-212
-240
-218
-202
-178
-171
-163
-143
-137
-105
-81
-59
-57
-57
-48
-33
-34
-30
-10
-20
-36
-34
-4
-4
-20
-44
-60
-78
-80
-72
-103
-119
-130
-140
-147
-155
-186
-197
-219
-242
-231
-250
-241
-236
-261
-269
-265
-270
-250
-258
-289
-267
-264
-296
-278
-242
-236
-194
-173
-167
-149
-135
-96
-73
-37
4
40
67
96
125
143
186
219
246
291
321
327
342
356
348
392
448
464
476
474
475
478
464
461
452
431
415
402
424
452
448
439
434
415
414
382
352
373
348
337
351
358
375
385
383
393
378
326
327
350
338
336
354
343
333
349
354
374
389
371
348
302
277
284
265
246
237
219
210
199
175
191
181
146
133
114
80
38
22
-1
-26
-46
-56
-74
-83
-68
-64
-98
-109
-117
-160
-152
-161
-143
-121
-122
-110
-124
-124
-121
-135
-157
-151
-161
-170
-154
-153
-127
-105
-101
-97
-105
-122
-131
-149
-171
-176
-189
-193
-199
-227
-242
-251
-287
-315
-325
-356
-401
-448
-468
-481
-504
-507
-506
-536
-573
-598
-626
-644
-640
-631
-601
-588
-589
-547
-529
-514
-484
-478
-458
-436
-424
-398
-366
-336
-281
-217
-168
-126
-94
-82
-66
-49
-39
-19
3
20
47
62
83
125
130
142
166
152
140
149
150
150
134
126
142
155
160
172
177
150
140
138
135
147
154
147
142
128
123
144
160
169
177
192
178
142
136
166
182
194
229
216
230
255
250
261
269
275
285
288
297
317
326
314
312
310
310
336
350
358
330
290
275
252
236
227
234
202
165
159
135
116
93
72
60
46
19
-4
-30
-60
-71
-93
-90
-91
-117
-144
-169
-206
-230
-218
-221
-222
-229
-231
-249
-268
-281
-300
-284
-260
-267
-281
-286
-320
-332
-340
-336
-324
-339
-346
-367
-399
-434
-432
-436
-433
-411
-405
-394
-423
-443
-423
-414
-408
-390
-374
-367
-351
-323
-293
-266
-239
-201
-171
-144
-122
-117
-76
-17
16
77
126
148
168
185
186
197
218
230
269
285
287
298
309
320
322
324
315
324
326
313
299
281
271
278
283
273
272
264
264
254
260
287
298
321
333
327
327
330
328
358
392
403
423
438
443
443
427
427
440
441
434
439
445
457
473
483
508
494
479
474
442
427
443
456
455
465
476
475
447
430
399
367
360
338
337
338
329
312
292
269
255
228
193
166
115
82
53
20
0
-15
-40
-73
-94
-122
-141
-166
-193
-204
-225
-247
-268
-285
-288
-306
-332
-355
-374
-381
-402
-414
-404
-408
-429
-433
-436
-458
-468
-492
-528
-557
-587
-613
-620
-620
-623
-637
-646
-633
-642
-650
-639
-644
-645
-641
-644
-637
-626
-612
-599
-581
-591
-597
-581
-566
-522
-488
-463
-449
-425
-389
-349
-305
-268
-226
-205
-184
-146
-110
-81
-73
-68
-58
-46
-22
-3
14
31
17
13
19
12
11
27
38
43
42
37
47
65
95
112
130
139
133
134
146
171
183
199
215
223
217
232
255
251
265
289
305
316
330
327
334
361
372
399
423
428
415
402
390
375
366
351
350
337
310
289
270
275
269
246
238
235
231
223
204
198
217
215
215
216
203
173
142
127
112
118
126
118
108
109
99
80
79
69
45
35
36
25
17
10
-16
-51
-56
-59
-78
-98
-117
-151
-180
-176
-184
-200
-213
-220
-230
-243
-253
-258
-266
-278
-281
-303
-321
-331
-344
-356
-345
-337
-333
-314
-316
-310
-303
-303
-300
-304
-302
-282
-293
-297
-268
-259
-251
-243
-227
-208
-190
-185
-185
-172
-151
-118
-111
-86
-72
-82
-75
-68
-57
-40
-20
-11
2
11
22
39
56
82
80
80
104
130
137
151
163
175
199
212
228
229
226
242
257
282
302
301
312
325
336
359
391
424
449
470
478
471
464
477
491
501
522
526
533
536
552
573
582
577
559
561
554
545
549
557
551
535
516
476
451
424
388
354
330
296
261
235
190
175
159
137
122
104
90
58
31
11
-5
-24
-44
-68
-94
-104
-110
-138
-169
-183
-205
-232
-262
-289
-308
-337
-373
-394
-399
-418
-438
-442
-455
-463
-477
-481
-464
-459
-466
-455
-447
-454
-445
-450
-445
-431
-427
-425
-423
-408
-398
-394
-394
-378
-370
-379
-372
-372
-373
-370
-366
-364
-359
-347
-347
-336
-325
-317
-297
-288
-280
-264
-260
-246
-222
-209
-187
-171
-161
-142
-133
-129
-115
-86
-55
-33
-10
12
27
35
49
60
63
69
62
70
84
85
89
76
64
59
46
53
80
76
78
89
89
95
95
99
109
125
133
155
165
174
194
201
219
239
246
229
253
257
245
266
265
259
249
250
253
264
270
281
301
299
282
276
257
239
244
238
247
257
258
252
239
221
200
181
150
133
115
102
95
85
81
77
64
54
48
39
26
34
36
18
1
-25
-40
-73
-102
-124
-143
-158
-189
-207
-233
-259
-276
-304
-317
-323
-340
-350
-356
-356
-340
-329
-324
-315
-313
-314
-308
-306
-293
-274
-255
-231
-222
-219
-228
-245
-248
-250
-243
-233
-233
-218
-209
-229
-224
-224
-244
-231
-224
-226
-212
-201
-196
-181
-183
-179
-168
-175
-173
-153
-131
-122
-105
-81
-51
-41
-35
-9
7
28
58
77
94
99
101
117
139
147
161
199
212
210
208
213
221
241
267
282
292
300
312
310
309
306
313
311
316
320
317
319
320
322
334
368
381
382
381
365
364
364
365
376
372
385
377
354
342
309
287
277
271
254
237
220
197
186
178
175
170
149
130
109
86
85
83
79
80
73
63
55
50
51
53
38
29
22
18
12
-14
-26
-38
-57
-63
-73
-86
-96
-112
-133
-135
-145
-160
-168
-179
-206
-226
-229
-227
-207
-207
-210
-197
-210
-224
-226
-242
-260
-253
-252
-261
-253
-258
-261
-261
-271
-291
-317
-325
-335
-358
-381
-384
-374
-360
-343
-344
-333
-338
-357
-364
-381
-373
-358
-340
-324
-309
-288
-274
-264
-260
-242
-232
-241
-232
-221
-201
-176
-137
-110
-91
-88
-88
-71
-68
-43
-40
-24
-10
7
45
52
73
83
86
105
129
137
152
172
176
185
204
229
240
252
267
280
296
306
308
304
294
301
313
328
357
376
386
400
402
394
390
380
372
375
378
385
390
388
379
356
344
323
301
284
257
239
214
197
189
168
150
146
131
114
92
62
34
-1
-34
-34
-36
-50
-43
-57
-71
-76
-87
-103
-134
-149
-162
-171
-172
-158
-151
-160
-170
-185
-199
-220
-232
-249
-257
-250
-257
-240
-217
-213
-221
-208
-217
-215
-205
-209
-210
-221
-222
-205
-195
-199
-183
-187
-193
-187
-184
-182
-177
-179
-186
-166
-151
-135
-129
-110
-99
-100
-97
-97
-86
-88
-76
-67
-70
-55
-42
-25
-15
-7
-11
-8
2
-3
0
1
8
15
31
54
51
48
48
50
59
74
94
107
110
112
116
135
144
143
143
137
142
142
140
135
146
157
151
164
182
204
208
203
198
196
201
209
226
227
222
201
190
191
193
196
178
177
179
178
155
133
125
120
118
115
113
100
76
59
61
51
42
25
3
-27
-42
-49
-68
-80
-99
-108
-121
-130
-148
-158
-176
-201
-200
-226
-235
-242
-241
-237
-234
-236
-262
-259
-267
-261
-241
-223
-194
-166
-165
-178
-177
-194
-186
-164
-149
-131
-124
-120
-129
-132
-131
-123
-114
-102
-89
-85
-78
-74
-85
-96
-98
-102
-76
-68
-72
-62
-63
-52
-36
-21
-6
0
9
7
11
17
20
27
27
30
33
34
49
69
77
82
88
85
77
72
84
88
104
109
104
98
60
47
38
30
36
46
52
47
60
59
63
58
40
33
23
20
25
20
7
-6
-12
-15
-13
-3
-1
-16
-28
-32
-46
-47
-35
-23
-7
-1
1
13
11
3
10
24
37
53
73
85
89
103
122
113
110
115
116
119
128
142
144
160
161
172
182
182
203
209
213
205
191
183
157
152
155
148
142
144
146
129
97
70
42
8
-10
-33
-47
-58
-71
-75
-111
-148
-178
-193
-191
-195
-197
-207
-218
-223
-227
-232
-246
-246
-235
-228
-227
-231
-234
-237
-236
-212
-174
-152
-150
-155
-157
-160
-157
-156
-141
-115
-100
-76
-56
-43
-30
-25
-25
-2
17
33
56
61
61
64
75
76
84
108
108
129
153
164
176
178
185
179
184
200
213
228
233
248
253
256
272
287
274
259
267
255
242
233
223
210
197
197
198
201
191
168
155
130
100
88
76
73
67
53
43
10
-24
-47
-53
-65
-87
-87
-89
-94
-101
-113
-115
-133
-143
-142
-144
-142
-155
-161
-158
-149
-139
-116
-99
-88
-69
-70
-66
-76
-81
-70
-62
-53
-44
-34
-33
-25
-26
-13
0
5
7
-1
10
17
27
53
71
93
107
116
129
139
144
148
142
133
123
122
127
127
111
74
50
27
23
17
-8
-36
-42
-53
-71
-75
-115
-138
-169
-204
-218
-245
-254
-274
-293
-296
-294
-300
-302
-290
-282
-277
-288
-294
-278
-273
-277
-273
-263
-256
-250
-236
-207
-198
-192
-168
-144
-128
-110
-85
-60
-43
-33
-11
3
4
22
36
43
59
62
66
79
87
95
114
134
154
166
191
223
237
246
249
252
252
254
264
263
267
267
265
281
286
296
300
300
311
316
316
315
309
307
316
294
290
287
280
279
270
265
233
211
186
162
154
153
151
121
108
82
52
38
17
-3
-24
-40
-58
-69
-81
-99
-110
-130
-142
-149
-155
-151
-151
-164
-166
-169
-169
-165
-165
-169
-182
-179
-191
-208
-212
-210
-211
-210
-211
-202
-187
-184
-184
-171
-170
-171
-157
-150
-143
-138
-133
-131
-122
-122
-127
-112
-85
-66
-40
-12
2
5
1
6
12
23
27
46
53
59
64
56
51
36
35
42
57
63
64
63
67
60
44
37
25
24
13
16
15
8
10
0
-13
-20
-10
-6
4
5
1
4
1
9
17
33
49
69
62
65
72
79
96
99
111
126
137
142
156
172
177
182
195
217
224
224
220
214
210
194
185
198
195
210
237
253
268
277
273
257
254
245
241
245
238
225
219
198
175
157
143
139
122
116
96
82
75
54
44
19
-8
-36
-53
-64
-77
-94
-124
-142
-155
-167
-185
-196
-203
-207
-204
-212
-204
-201
-201
-187
-189
-192
-199
-201
-190
-185
-174
-171
-173
-181
-201
-222
-243
-265
-269
-263
-246
-223
-208
-187
-188
-185
-183
-184
-171
-160
-142
-118
-104
-100
-99
-102
-96
-87
-79
-69
-64
-63
-60
-53
-55
-54
-43
-42
-44
-42
-27
-16
-21
-16
-19
-27
-35
-31
-21
-23
-22
-19
-19
-31
-46
-54
-51
-43
-41
-28
-18
-11
9
12
27
37
39
43
43
44
46
53
57
77
88
92
94
106
104
88
93
95
106
130
162
178
192
189
189
186
174
179
181
181
183
196
201
211
222
218
212
223
240
249
269
276
264
251
245
251
248
253
263
258
250
236
221
206
200
181
158
142
126
122
116
109
97
75
54
36
14
-13
-27
-37
-47
-51
-49
-55
-59
-68
-86
-91
-81
-83
-78
-61
-57
-45
-51
-54
-55
-60
-62
-65
-65
-73
-74
-79
-72
-76
-82
-79
-83
-85
-90
-87
-82
-85
-82
-67
-60
-68
-65
-62
-67
-65
-64
-68
-64
-63
-58
-44
-33
-15
-21
-30
-29
-31
-35
-35
-36
-50
-49
-54
-44
-18
-15
-36
-41
-50
-66
-74
-79
-97
-115
-124
-144
-139
-137
-138
-137
-127
-130
-142
-137
-143
-136
-134
-131
-116
-103
-84
-67
-46
-20
-5
3
25
44
51
66
86
86
75
78
86
91
94
104
120
117
122
114
117
114
104
105
96
97
85
73
68
73
83
95
107
110
108
100
99
86
79
67
54
57
50
44
32
25
18
10
-7
-12
-9
-7
-3
-3
2
-4
-10
-8
-18
-28
-39
-49
-58
-70
-71
-75
-76
-73
-69
-66
-63
-57
