36
17
20
4
-7
9
-7
-14
22
31
37
54
47
52
28
3
19
-17
-29
-13
-56
-58
-32
-53
-45
-31
-61
-45
-44
-51
-15
-38
-32
0
-58
-49
-33
-77
-66
-73
-90
-49
-58
-70
-26
-67
-62
-32
-88
-56
-53
-110
-55
-62
-97
-44
-94
-98
-65
-127
-60
-38
-70
1
-16
-10
43
-12
6
39
-14
18
16
-33
3
-13
-23
33
15
28
69
40
89
109
85
143
117
98
133
68
61
76
18
51
54
17
59
56
37
76
60
57
81
45
33
48
21
15
34
5
27
42
15
50
28
21
57
16
22
38
0
17
8
-32
0
-4
-20
35
1
2
34
-20
14
15
-14
41
28
22
62
15
17
59
32
31
30
6
5
-10
-27
-15
-14
-30
-24
-4
-24
-15
-9
-32
-19
-29
-23
-7
-26
-17
-14
-34
-25
-26
-26
-19
-33
6
12
3
20
-2
9
-4
-21
-14
-47
-22
-14
-29
-1
-21
-20
0
-31
-11
-12
-36
9
-23
-29
8
-50
-38
-42
-75
-40
-63
-71
-32
-57
-43
-12
-58
-37
-32
-47
-7
-29
-7
0
-19
6
-3
26
23
17
53
29
53
63
47
63
38
55
77
46
86
94
56
96
54
52
76
10
40
21
0
28
-4
16
34
15
41
54
40
63
33
28
49
-1
30
27
-4
36
7
-6
10
4
12
22
35
29
28
41
39
51
62
44
53
48
21
53
31
28
57
26
40
23
4
21
13
27
16
4
3
10
17
5
14
6
1
2
-8
12
5
-15
-17
-9
-9
-17
-9
4
-8
-19
9
-4
-32
-10
-40
-69
-35
-57
-74
-37
-59
-34
20
-36
-21
-6
-57
9
-16
-34
52
-13
-33
50
-27
-24
44
-45
-1
17
-43
14
-22
-31
29
-69
-21
15
-112
7
7
-95
3
-43
-93
0
-66
-36
10
-93
-14
-16
-63
5
-29
-45
-15
-42
-17
-34
-63
-35
-58
-50
-40
-41
-50
-50
-35
-30
-53
-30
1
-36
-6
4
-11
-12
-27
-23
-21
-37
-31
-16
-17
0
-11
-28
5
18
2
24
12
0
21
15
18
20
-4
18
44
7
42
65
30
62
70
19
41
40
12
58
63
31
49
48
46
99
47
42
132
43
19
97
30
54
84
10
52
30
0
13
-17
28
3
-37
73
44
-15
78
47
16
75
32
51
82
-4
81
71
1
103
21
24
111
28
52
62
9
40
1
4
25
8
8
8
-26
-40
-35
-83
5
-44
-118
16
-22
-57
36
-21
10
15
-54
24
-32
-49
21
-24
-29
3
-18
10
4
7
-15
-5
48
-20
38
20
0
39
-13
-25
-62
-87
-65
-84
-80
-45
-52
-46
-54
-28
-29
-51
27
3
-52
17
3
-44
-10
0
9
33
6
16
19
25
46
40
55
59
58
35
73
60
91
120
49
76
67
15
15
32
-7
6
39
46
61
35
38
89
46
34
66
-3
27
25
-56
-45
-10
-26
-10
11
-7
14
-4
-36
-28
-17
-23
1
9
7
32
-49
-46
-42
-77
-119
-113
7
-115
-58
14
-76
72
26
-41
109
22
-32
9
-111
8
5
-81
57
-5
-51
16
-23
-61
18
-14
-55
3
-32
-17
12
-28
11
3
-51
14
-75
-53
58
-80
-32
-6
-43
7
-72
-15
10
-89
-14
-76
-103
-31
-83
0
-46
-56
-32
-114
-83
-96
-63
-38
-81
-61
-85
-122
-17
-95
-86
-7
-132
13
-112
-180
-9
-84
-94
-142
-159
-95
-64
-180
-73
-103
-190
-10
-53
-103
-92
-51
-74
-82
-121
-97
-82
-129
-200
-165
6
-111
1
29
-120
-27
-57
-79
-24
-126
-79
-9
-87
59
-44
-95
82
-73
-35
34
-32
111
-7
-142
-41
-107
-29
76
2
68
-22
-81
94
32
43
164
23
50
28
-185
63
56
6
181
31
128
201
56
159
115
-6
184
6
82
169
25
208
49
103
130
74
84
17
59
50
52
124
84
7
167
34
80
232
49
-68
45
108
43
195
162
192
154
-40
-4
23
61
205
141
132
200
11
197
242
89
229
107
88
100
-63
66
131
10
94
164
104
192
159
89
51
-10
131
116
80
193
-3
-61
200
65
64
265
135
164
209
-13
71
152
74
144
127
266
263
132
11
-77
-21
-28
89
179
106
127
129
-90
-29
85
-24
28
-41
-88
25
-85
2
69
-5
85
-46
-83
-58
-120
-88
-97
-109
-80
-19
-11
-14
46
-61
-49
-13
-102
56
4
-86
95
-40
-136
95
-110
-34
82
-187
75
87
-50
91
31
-22
5
-50
52
-162
-222
39
-165
51
143
72
228
-113
-46
183
-147
23
200
-11
89
33
-71
122
61
-80
27
30
38
42
6
94
134
-21
37
80
-74
-3
56
-71
16
109
-66
212
147
-108
30
-124
-173
-17
-117
-44
141
-19
-83
-36
-109
-147
2
-280
-169
23
-276
-114
-156
-197
-76
-139
-55
94
-152
-77
29
-141
15
-124
-78
27
-174
-56
-13
-43
-12
-100
-88
-18
-40
-34
-1
-69
-7
-86
-76
-2
-22
37
-47
-79
-146
-26
-162
-273
15
-95
-138
-18
-143
-43
-101
-382
-67
-129
-302
26
-39
-90
133
-53
-280
-23
-196
-293
-38
-91
109
130
-52
70
-51
-166
19
-127
-57
-29
-147
-13
-58
64
2
-2
-36
-226
-200
-88
-67
-39
25
-16
108
-123
-115
113
-9
-121
-29
-11
-66
35
-48
181
184
-50
57
34
-71
105
104
-34
63
106
229
49
84
275
5
-13
85
26
119
159
210
180
129
300
81
-29
66
50
108
31
128
159
31
221
112
7
271
145
2
36
48
289
119
-67
255
75
5
187
-25
74
288
-91
-58
132
-36
303
134
-100
247
55
-125
72
-23
48
186
59
10
0
77
-33
3
199
65
209
245
-19
138
125
58
139
158
-58
1
219
-127
-1
137
-27
0
34
36
194
43
20
211
-42
-92
-66
-51
-277
-34
161
-21
182
3
-88
34
-237
-349
-4
-47
-76
200
130
50
29
-173
-27
36
-278
-135
10
-201
-25
-34
-124
336
8
-221
120
-166
-204
-60
-322
-64
43
-93
147
-88
-101
-17
-117
-67
-126
19
-109
-205
74
-37
38
75
-23
154
-129
-260
-62
-139
-132
107
93
138
81
-193
-1
-162
-235
106
56
64
16
-66
77
9
-165
-154
-148
0
-19
-159
112
68
-48
-60
-246
-163
-68
-239
-172
70
23
-22
-25
26
49
-158
-266
-42
-65
-191
-34
-22
105
56
-221
2
103
-198
-18
-13
-217
-53
-126
-23
42
-136
-134
100
-107
-158
304
99
-51
-199
-213
-257
-113
177
92
110
-133
-188
-205
-215
-184
250
108
-201
224
-1
-56
1
-149
-209
-129
-127
37
-44
-121
134
-198
-112
-86
-112
-33
-124
83
-40
-179
-7
0
-110
-35
-232
-139
19
-222
-27
6
-231
-39
68
-109
103
165
95
-28
-161
-120
-204
-7
57
-7
147
127
-9
127
75
-113
16
104
18
4
-38
-143
96
123
163
398
98
-16
-11
-126
-84
-1
42
53
102
74
132
45
25
-45
-72
-123
-51
193
-127
-4
138
-74
59
115
42
74
-83
87
123
-73
289
72
-110
67
101
175
48
121
129
-56
39
54
45
290
143
34
355
43
55
316
100
310
150
-52
122
84
113
215
36
121
196
0
200
131
129
214
145
174
21
89
206
-13
25
-105
-124
303
23
65
309
15
-47
-131
-141
146
200
26
180
318
9
-110
95
-64
141
243
-225
73
112
-131
180
171
115
139
-56
-60
50
-45
-19
175
-69
-167
-40
-40
-6
-48
99
82
-64
-127
-101
69
184
60
-21
-8
-89
101
15
-88
111
107
58
-183
-154
188
59
13
154
56
13
50
242
85
-197
172
212
-144
-39
142
112
-92
-239
132
204
25
121
133
94
-209
-211
-24
-44
34
139
71
-145
-117
-29
-80
-89
125
6
-131
89
25
-68
-80
29
20
-132
-68
-68
-63
-102
-188
-291
-307
-30
-96
-131
158
-46
-20
7
-353
-22
-25
-216
89
-36
-141
55
-114
-128
61
-225
-133
-30
-233
-61
73
-138
-140
-124
-127
108
-13
-62
10
-49
-229
-172
-27
-58
50
33
-88
-91
-53
-88
16
68
-46
-56
33
-112
-59
50
-46
-44
-119
-59
-134
-77
33
50
53
8
-13
-118
-101
-103
0
-29
-50
-50
5
118
-72
-32
123
-1
-141
17
0
-9
14
-11
8
-195
-115
-138
-192
-65
-63
-102
-48
92
-4
0
13
-71
-86
-97
-92
-45
-40
-29
48
-87
-67
2
-29
12
-8
-101
-73
0
-44
53
45
21
13
5
25
39
59
-27
37
104
108
170
194
176
231
194
179
74
28
153
134
205
240
259
292
270
183
213
224
226
276
169
264
250
126
147
121
72
133
185
219
264
181
266
216
90
156
138
115
129
104
128
226
131
97
50
-35
34
-30
-15
17
3
55
92
-12
-105
-6
-28
-101
-105
-183
-289
-271
-261
-381
-383
-406
-472
-450
-475
-440
-367
-389
-345
-262
-294
-265
-224
-280
-372
-393
-336
-329
-276
-157
-111
-93
-60
-24
-33
-87
-58
-58
-47
-59
12
127
30
98
190
143
193
330
364
411
527
500
555
541
543
657
635
729
771
732
827
837
806
798
758
706
692
735
752
721
663
700
619
563
682
654
646
820
912
981
1250
1433
1664
1886
1877
1943
2147
2025
1631
982
-543
-2232
-2923
-3082
-3688
-3880
-3386
-3211
-3360
-3084
-2427
-1976
-1330
-764
-836
-1334
-1540
-1245
-936
-639
-265
13
-77
167
502
245
166
220
-138
-1000
-1585
-1768
-1840
-1463
-1037
-748
-407
83
607
1188
1677
1928
2081
2087
1951
1639
1432
1308
1039
872
573
186
43
-128
-175
-271
-501
-597
-696
-905
-894
-639
-575
-455
-269
-165
-241
-470
-783
-903
-734
-626
-493
-404
-250
-165
-68
-52
-145
43
62
-83
-267
-518
-724
-604
-361
-317
-107
148
496
775
880
1013
1045
996
857
872
901
964
1266
1476
1584
1651
1722
1713
1663
1599
1310
974
757
625
472
564
768
851
1147
1370
1437
1533
1697
1973
2076
2090
2305
2691
3099
4001
4568
4076
2994
335
-3018
-4854
-4827
-5079
-5857
-5548
-5357
-5506
-5077
-3542
-1567
128
993
536
-514
-1389
-931
22
535
632
542
542
504
927
1249
1227
717
-423
-2053
-3449
-3781
-3495
-2703
-2030
-1680
-1189
-100
1224
2280
3150
3339
3103
2599
2122
1809
1463
1141
636
-142
-1165
-1711
-1821
-2004
-2143
-2300
-2628
-2968
-2970
-2676
-2146
-1498
-971
-614
-446
-226
131
402
487
337
209
-77
-458
-533
-516
-553
-742
-1217
-2140
-2737
-2509
-2210
-2207
-2135
-1991
-2120
-1909
-1126
-314
509
1214
1295
845
570
572
716
875
703
353
-34
-174
22
310
529
569
486
103
-65
91
257
680
1155
1326
1376
1797
2207
2485
2914
3007
2591
2056
1820
1614
1501
1727
1813
1651
1538
1661
1663
1782
2069
2249
2353
2453
2854
3286
3365
3028
2364
222
-3127
-4944
-4481
-3970
-4410
-3926
-2837
-2517
-2345
-1321
409
1794
2323
1803
723
-202
-345
366
832
927
1025
1055
885
729
940
971
709
-218
-1511
-2274
-2633
-2385
-1616
-692
41
888
1703
2316
3027
3411
3307
2744
2058
1362
920
524
-52
-499
-965
-1438
-1723
-1679
-1726
-1724
-1609
-1668
-1701
-1536
-1211
-935
-540
-73
228
399
592
824
876
772
582
419
190
-138
-336
-602
-909
-1195
-1481
-1806
-2031
-2078
-2125
-2233
-3248
-4206
-3405
-1940
-1459
-768
774
1090
1039
1566
1476
1099
1177
669
-820
-1651
-1613
-1171
-703
-338
29
182
327
524
771
667
702
836
274
59
585
1133
1507
2110
2333
1927
1916
1848
1445
1355
1484
1287
1053
1286
1766
2258
2497
2616
2653
2458
2290
2502
2685
2503
2858
3518
3856
4372
4783
4299
3384
1582
-1619
-3456
-3188
-3311
-3952
-3275
-2117
-1662
-812
225
1372
2633
2856
1996
910
82
-148
334
549
539
975
1268
1131
1020
901
421
-337
-1701
-3279
-3886
-3646
-3116
-2155
-1089
-477
86
726
1000
1261
1649
1475
911
489
270
290
377
89
-333
-764
-1583
-2322
-2823
-3389
-3887
-3979
-4042
-3982
-3232
-2332
-1498
-722
-265
-260
-296
-373
-646
-929
-1310
-1707
-2094
-2207
-2129
-1936
-1679
-1582
-1684
-2048
-2435
-2661
-2660
-2535
-2322
-2158
-2204
-2451
-2670
-2270
-1398
-965
-1096
-1034
-698
-595
-391
213
527
469
293
-332
-1183
-1307
-903
-888
-984
-998
-987
-725
-155
438
651
714
732
616
489
676
1083
1227
1398
1490
1429
1502
1770
2098
2144
2097
1926
1788
1796
1927
2179
2224
2296
2252
2025
1969
2233
2425
2574
3210
4001
5141
6468
7331
7169
6511
5349
1797
-2164
-3158
-2426
-2869
-3260
-2090
-1258
-1034
-369
559
1135
1554
1226
-391
-1976
-2287
-1296
-139
608
1145
1428
1484
1376
760
-361
-1509
-2892
-4657
-5908
-5832
-4896
-3603
-2154
-1205
-669
66
868
1177
1253
1577
1642
1299
1260
1761
2035
1810
1398
468
-865
-1879
-2481
-3211
-3839
-3817
-3547
-3139
-2355
-1524
-900
-380
-229
-503
-808
-1081
-1140
-1017
-928
-848
-489
-87
-91
-246
-564
-1087
-1752
-2345
-2774
-2911
-2580
-1978
-1279
-666
-252
-347
-820
-1333
-1647
-1536
-1390
-1511
-1309
-590
-119
308
1068
1481
1362
1141
532
-517
-1096
-954
-803
-807
-379
260
794
1273
1548
1396
1003
931
822
593
796
1457
1907
2152
2580
2744
2695
2528
2157
1545
1048
979
878
887
1246
1757
2066
2368
2745
2708
2782
3089
3048
2774
3036
3766
4505
5745
7048
7586
7255
6752
5348
1617
-2032
-3011
-2549
-2857
-2822
-1659
-986
-639
-526
-565
-80
581
126
-1330
-2171
-2049
-838
659
1462
1760
1773
1381
325
-931
-2042
-2588
-2877
-3590
-3771
-2841
-1433
-200
864
1385
1365
1552
1467
1005
971
1483
1665
1709
2051
2168
2116
1781
864
-549
-1867
-2882
-3642
-4040
-3925
-3116
-2107
-1245
-469
153
323
257
83
-412
-761
-789
-620
-354
87
431
498
379
-389
-1432
-2565
-3798
-4792
-5058
-4706
-4201
-3121
-1916
-935
-141
354
310
-323
-1618
-3785
-5353
-5411
-4792
-3839
-2123
-396
387
720
632
248
-97
-520
-1027
-1541
-1780
-1422
-262
656
1095
1760
1747
1051
618
473
65
49
487
490
803
1542
2175
2519
2561
2051
1176
695
330
251
637
1212
1814
2267
2674
2999
3281
3206
2885
2391
1687
1571
2026
2640
3349
4485
5360
5681
6113
6168
5628
5053
4182
933
-3204
-4296
-3171
-2851
-2881
-1455
-649
-1674
-2747
-3088
-2729
-1669
-468
-407
-958
-585
817
2069
2306
1893
783
-705
-2105
-3233
-3547
-3011
-2286
-2134
-2115
-1752
-1216
-662
-463
-1023
-1962
-2367
-2193
-1566
-353
1231
2555
3293
3766
4042
3806
2955
1776
205
-1695
-3161
-3746
-3772
-3405
-2648
-2233
-2261
-2177
-1961
-1860
-1726
-1458
-1397
-1373
-1153
-700
-172
158
196
-358
-1209
-1869
-2327
-2721
-3044
-2865
-2536
-2334
-2047
-1537
-929
-769
-1062
-1792
-2591
-3335
-3729
-4473
-5943
-5735
-3977
-2588
-1195
806
1737
1703
1828
1092
336
841
1596
1636
1556
1436
1458
1876
2002
1832
1436
618
-76
-347
-554
-328
281
629
782
971
1017
1343
1937
2064
2084
2370
2751
3250
4112
4828
5055
5063
4630
3717
2823
2287
1858
1559
1495
1523
1813
2758
3938
4583
5048
5888
6565
6502
6445
6434
6076
5187
2611
-903
-2336
-1346
-1130
-1927
-2053
-2404
-3343
-3846
-3901
-3764
-2503
-1079
-936
-1474
-1528
-755
-24
252
-76
-762
-1356
-1143
-413
47
753
1511
1473
418
-654
-1380
-1849
-2016
-2274
-2427
-2136
-1173
183
1435
2389
2974
3207
2812
1773
857
253
-369
-1147
-1704
-2141
-2419
-2095
-2008
-2255
-2612
-2985
-3430
-3698
-3464
-2935
-1896
-978
-426
-255
-196
-188
-507
-1097
-1874
-2128
-2162
-2174
-1900
-1387
-869
-629
-551
-900
-1528
-2129
-2762
-3298
-3964
-4667
-4803
-4247
-3465
-2558
-1482
-959
-465
339
661
570
752
1054
965
1277
1740
1897
2092
2499
2641
1987
1328
881
401
-190
-442
-440
-430
118
809
1268
1631
1951
2027
1835
1403
823
660
844
1148
1707
2348
2854
3215
3298
2984
2638
2254
1774
1567
1516
1641
2143
2800
3235
3695
4301
4533
4579
4638
4764
4881
4681
4163
3698
2886
245
-2876
-3834
-3071
-2656
-2664
-2156
-2106
-2619
-2896
-2853
-2796
-2379
-1273
-563
-550
-447
205
542
452
584
403
-174
-244
300
547
715
982
825
85
-1036
-1945
-2183
-1925
-1678
-1226
-925
-956
-434
321
266
-249
-318
-580
-966
-697
-461
-542
-419
-356
-1127
-1924
-2195
-2577
-3085
-3434
-3402
-3257
-2965
-2467
-2027
-1826
-1745
-1645
-2072
-2711
-2845
-2741
-2695
-2434
-1881
-1426
-1005
-697
-749
-809
-902
-1099
-1417
-1723
-1892
-1904
-1819
-2365
-3146
-3373
-3157
-3055
-3053
-2703
-2043
-1130
-373
251
782
1406
2231
2852
3275
3523
3630
3334
2855
2253
1372
780
483
235
134
311
435
442
489
242
-118
-280
-161
93
304
479
715
1260
1922
2512
2901
3078
3352
3564
3459
3215
3063
2906
2694
2649
2601
2673
3076
3364
3356
3321
3377
3280
3290
3545
4119
4904
5068
4391
3665
3082
1159
-1341
-1757
-235
612
203
-186
-735
-1558
-2312
-2790
-3075
-2895
-2233
-1778
-1655
-1444
-777
-257
-39
310
627
768
1296
2091
2384
2237
1991
1618
1008
406
-150
-319
-171
-217
-628
-1459
-2237
-2535
-2623
-2953
-2970
-2436
-1761
-967
-122
234
84
-232
-894
-1750
-2346
-2475
-2437
-2355
-2230
-2020
-1878
-1806
-1600
-1524
-1641
-1878
-2208
-2802
-3194
-3113
-2961
-2982
-2913
-2553
-2300
-2172
-2129
-2085
-2085
-1911
-1695
-1685
-1638
-1481
-1243
-1004
-987
-1249
-1688
-3308
-4597
-3482
-1636
-714
-24
334
-305
-572
-426
-226
538
1577
2103
2223
1816
1209
1746
1900
1303
1422
1492
1187
1636
1609
617
446
316
-204
-300
-285
-164
496
994
1111
1295
1203
1324
2057
2688
3154
3959
4493
4665
4882
4621
4069
3889
3705
3316
3362
3579
3758
4183
4398
4324
4385
4663
4882
4729
3974
3141
2497
706
-1706
-1891
180
1598
1590
1370
739
-622
-1960
-2757
-3086
-2878
-2204
-1791
-2203
-2427
-1461
-684
-817
-831
-448
-368
-142
393
314
140
434
776
488
277
553
664
603
160
-501
-1499
-2393
-2635
-2564
-2397
-2089
-1534
-1231
-947
-804
-1086
-1391
-1764
-2179
-2466
-2296
-1898
-1458
-1073
-1014
-994
-914
-818
-763
-697
-739
-1022
-1484
-2203
-2869
-3192
-3147
-3055
-2956
-2746
-2541
-2341
-2261
-2270
-2279
-2056
-1769
-1462
-1070
-737
-615
-605
-635
-845
-1272
-2889
-4062
-2750
-835
-145
-91
-371
-1252
-1834
-2048
-1401
37
1323
2154
2243
1473
815
1389
1384
1057
1731
2324
2519
2642
2044
802
326
49
-152
-46
-73
44
299
284
239
578
731
1260
2360
3122
3876
4775
4887
4381
3997
3615
3462
3682
3978
4329
4674
4746
4698
4480
4350
4697
5049
5043
5073
4778
3679
3049
2220
361
-308
1363
2971
2676
1778
974
-67
-1452
-2353
-2498
-2363
-1939
-1836
-2510
-3726
-3949
-3278
-2998
-2751
-1993
-919
-461
-514
-936
-1218
-819
-204
233
319
566
858
914
509
-127
-522
-712
-831
-1135
-1132
-879
-943
-1466
-2046
-2468
-2744
-2532
-2245
-2156
-2090
-2013
-2073
-2268
-2392
-2329
-2094
-2056
-2081
-1999
-1984
-1863
-1720
-1872
-2214
-2456
-2580
-2457
-2124
-1800
-1446
-1176
-1211
-1372
-1427
-1533
-1594
-1528
-1610
-1825
-1905
-1903
-1992
-2017
-2402
-3261
-3374
-2590
-2049
-2112
-2309
-2553
-2809
-2822
-2491
-1562
-328
642
1219
1199
864
1004
1352
1308
1384
1636
1687
1802
1601
827
392
493
629
763
937
921
775
370
-239
-385
-116
471
1095
1487
1826
2333
2762
2764
2875
3085
3166
3252
3386
3479
3725
4043
4145
4412
4707
4981
5363
5571
5543
5614
5730
5312
4565
4057
2980
1218
810
2243
3358
2528
981
-26
-1029
-2193
-2543
-1933
-1327
-1119
-1605
-2680
-3737
-3618
-2707
-2281
-1945
-1276
-675
-985
-1706
-2407
-2537
-1498
-79
1001
1532
1876
1589
760
51
-12
379
549
836
853
517
162
-29
-543
-1292
-1477
-1644
-1722
-1629
-1613
-1941
-2537
-3143
-3606
-3487
-3224
-2863
-2606
-2775
-2961
-2874
-2534
-2108
-1470
-1097
-983
-886
-1109
-1312
-1340
-1202
-1119
-1118
-1166
-1281
-1300
-1467
-1602
-1844
-2017
-1942
-1654
-1422
-1305
-1466
-3370
-4792
-3584
-2127
-2151
-2624
-2879
-3111
-2923
-2512
-1311
354
1180
798
-109
-908
-755
785
1383
1300
1957
2324
2197
2111
1621
1363
2224
2730
2789
2943
2628
2042
1487
538
98
750
981
1006
1231
1100
1074
1312
1308
1600
2453
2965
3118
3201
3188
3535
4219
4445
4730
5381
5642
5840
6300
6441
6333
5953
5310
4985
4014
2593
2706
3955
3794
1919
143
-1075
-1837
-1893
-1087
-305
-328
-968
-2022
-3525
-4634
-4062
-2906
-2424
-2129
-1506
-1164
-1565
-2105
-2452
-2199
-1251
3
1026
1447
1590
1608
1066
253
230
732
1258
1736
1636
1008
423
-82
-635
-855
-733
-599
-824
-1475
-1947
-1929
-1894
-2109
-2276
-2413
-2480
-2453
-2691
-3151
-3444
-3465
-3224
-2723
-2290
-1830
-1337
-1305
-1463
-1640
-1771
-1726
-1671
-1583
-1323
-986
-1040
-1202
-1327
-1514
-1782
-2043
-1930
-1684
-1540
-2001
-2435
-2414
-2717
-3092
-3244
-3240
-3143
-2692
-2175
-1843
-1464
-1035
-735
-621
-172
458
943
1304
1521
1523
1451
1636
1845
1919
1871
1856
2090
2378
2554
2542
2411
2362
2194
1823
1469
1036
578
239
110
204
407
726
1079
1394
1583
1664
1717
1608
1557
1877
2387
2894
3333
3712
4230
4933
5481
6048
6518
6228
5665
4843
3767
3865
5311
5888
4415
2394
1010
-118
-992
-878
-270
-106
-754
-1933
-3227
-4379
-4188
-3067
-2520
-2304
-1696
-1211
-1514
-1996
-2383
-2511
-2038
-1101
-284
177
586
767
734
708
1231
2042
2386
2118
1561
1275
1083
1096
1163
1071
943
982
1071
660
219
-94
-547
-1024
-1427
-1828
-2079
-2091
-2335
-2798
-3233
-3518
-3477
-3311
-3270
-3198
-2925
-2716
-2569
-2447
-2448
-2137
-1750
-1667
-1691
-1588
-1430
-1316
-1269
-1583
-1767
-1776
-1880
-1864
-1970
-2484
-3122
-3197
-2626
-1928
-1853
-2469
-3250
-3869
-4119
-3768
-2850
-1841
-1276
-1495
-2004
-2170
-1752
-867
7
229
56
159
190
105
256
727
1186
1481
1665
1862
2127
2265
2266
2077
2115
2449
2658
2259
1457
1086
1083
1165
1272
1488
1678
1656
1313
849
677
950
1546
1965
2123
2204
2472
2908
3256
3587
4290
4977
4987
4940
4779
4219
4023
4969
6133
5781
4265
2941
1950
806
53
228
719
445
-629
-2101
-3469
-3713
-3219
-2984
-3223
-3358
-3202
-3104
-3221
-3287
-2711
-1867
-1262
-882
-627
-384
-50
123
223
783
1629
2364
2709
2700
2582
2520
2459
2285
2168
2147
1958
1417
744
160
-293
-573
-847
-1181
-1569
-2044
-2489
-2923
-3300
-3624
-3814
-3894
-3999
-3929
-3793
-3682
-3524
-3195
-2786
-2464
-2198
-1930
-1677
-1546
-1347
-1266
-1282
-1208
-1083
-1004
-1123
-1249
-1362
-1419
-2247
-3432
-2965
-1520
-994
-1552
-2423
-3182
-3713
-3949
-3346
-1952
-1010
-1225
-2250
-3294
-3414
-2190
-823
-201
133
338
456
599
734
1223
2063
2351
2028
1994
2166
2205
2216
1927
1769
2141
2533
2550
2214
1696
1217
1062
1041
1141
1407
1470
1218
915
801
1101
1671
1948
2167
2377
2387
2509
2826
3136
3541
4197
4387
4073
4140
4418
4097
3817
4671
5805
5421
3905
3134
2806
2000
1363
1392
1496
1074
174
-960
-1967
-2462
-2514
-2702
-3322
-3758
-3559
-3457
-3715
-3643
-2988
-2152
-1531
-1167
-954
-705
-510
-280
101
666
1611
2537
3021
3238
3597
3931
3998
3882
3584
3225
2708
2107
1519
986
641
338
-73
-496
-812
-1353
-1979
-2356
-2701
-3106
-3466
-3820
-4144
-4173
-4152
-4262
-4278
-4083
-3791
-3629
-3506
-3302
-2982
-2724
-2587
-2350
-1887
-1328
-944
-1057
-1525
-1587
-1122
-733
-764
-960
-1136
-1475
-1868
-1966
-1869
-1961
-2218
-2487
-2783
-2995
-2886
-2844
-3055
-3022
-2794
-2475
-1940
-1240
-694
-166
466
888
1299
1767
2195
2396
2421
2488
2562
2576
2576
2706
2621
2441
2449
2432
2266
2061
1823
1418
1173
1056
904
918
1003
1017
1078
1375
1687
1949
2116
2195
2415
2542
2680
2874
2953
3077
3492
3860
3919
3915
3367
2771
3523
5241
6057
5439
4327
3184
2147
1581
1882
2501
2499
1636
168
-1570
-2653
-2450
-1899
-1953
-2318
-2550
-2987
-3557
-3765
-3391
-2732
-2228
-1873
-1572
-1272
-920
-630
-669
-467
342
1299
2081
2633
2924
2976
3055
3040
3051
3451
3900
3796
3226
2634
2186
1963
1766
1449
933
281
-430
-1149
-1757
-2277
-2588
-2901
-3316
-3680
-3949
-4086
-4245
-4426
-4533
-4536
-4485
-4295
-3916
-3443
-2920
-2573
-2369
-2096
-1753
-1615
-1669
-1769
-1909
-1788
-1566
-1840
-2207
-1793
-1158
-1090
-1539
-2145
-2597
-2964
-3125
-2839
-2238
-1988
-2248
-2643
-2979
-2829
-2111
-1373
-1095
-927
-566
-296
-84
346
1020
1434
1350
1253
1430
1697
2008
2230
2146
2071
2243
2342
2206
2049
1990
1895
1442
847
596
633
643
522
368
293
526
806
977
1182
1344
1477
1591
1727
2007
2493
2860
3061
3413
3703
3811
3829
3581
3312
3828
4818
4965
4101
3278
2905
2176
1216
1143
1734
1699
741
-502
-1775
-2609
-2589
-2267
-2251
-2367
-2427
-2811
-3479
-3792
-3369
-2688
-2292
-2053
-1818
-1472
-1018
-719
-594
-303
165
534
942
1538
2182
2701
2950
2974
3110
3375
3413
3193
2883
2535
2188
1741
1173
822
614
186
-419
-1064
-1678
-2152
-2523
-3006
-3476
-3725
-3835
-4021
-4270
-4281
-4070
-3974
-3964
-3792
-3591
-3433
-3213
-2930
-2722
-2461
-2114
-1935
-1863
-1829
-1613
-1390
-1389
-1515
-1651
-1655
-1696
-1861
-2118
-2204
-2138
-2085
-2020
-1915
-1812
-1823
-1809
-1960
-2143
-2124
-2002
-1751
-1293
-702
-240
145
454
743
1042
1281
1533
1704
1817
1999
2208
2277
2379
2580
2517
2327
2259
2127
1867
1612
1326
978
673
445
370
455
510
519
617
696
681
729
881
1119
1498
1920
2367
2880
3382
3822
4196
4603
4984
5137
4923
4366
3778
3683
4246
4712
4518
4090
3636
2779
1796
1467
1620
1504
958
221
-634
-1420
-1793
-1811
-1869
-2056
-2150
-2217
-2451
-2548
-2297
-2009
-1926
-1884
-1656
-1238
-657
0
487
515
357
474
725
1028
1537
2161
2550
2581
2409
2207
2088
2039
1920
1561
1086
737
523
167
-405
-941
-1369
-1726
-2043
-2361
-2650
-2925
-3229
-3617
-4001
-4216
-4221
-4033
-3847
-3870
-3867
-3655
-3408
-3235
-2977
-2601
-2258
-2029
-2016
-2168
-2322
-2396
-2328
-2115
-1944
-1917
-1975
-2197
-2394
-2292
-1981
-1699
-1586
-1525
-1417
-1267
-1114
-1043
-1050
-1081
-1046
-966
-911
-697
-296
24
139
211
399
571
721
804
823
937
1114
1243
1274
1339
1389
1294
1068
888
863
841
782
667
563
433
230
88
31
72
265
483
542
656
898
1103
1364
1754
2359
3032
3531
3795
3985
4222
4375
4488
4575
4720
4916
4968
4700
4168
3853
3997
4278
4137
3643
3177
2638
1875
1162
879
812
638
300
-221
-874
-1385
-1537
-1617
-1797
-1931
-1970
-2010
-2029
-1753
-1209
-721
-552
-655
-756
-739
-525
-160
144
357
614
937
1178
1353
1575
1751
1773
1577
1360
1255
1144
901
527
123
-258
-461
-576
-797
-1119
-1445
-1806
-2228
-2513
-2651
-2673
-2655
-2649
-2708
-2822
-2803
-2693
-2673
-2719
-2656
-2575
-2563
-2508
-2429
-2380
-2345
-2338
-2390
-2445
-2428
-2369
-2381
-2439
-2452
-2429
-2422
-2396
-2288
-2134
-1956
-1796
-1667
-1563
-1463
-1444
-1496
-1478
-1330
-1148
-1020
-862
-701
-497
-262
0
294
581
781
805
791
872
1151
1499
1718
1736
1697
1721
1674
1524
1320
1138
962
834
727
585
432
236
105
81
158
346
574
763
918
1162
1467
1803
2147
2384
2641
3067
3449
3614
3751
3843
3827
3847
3909
4021
4166
4285
4300
4258
4170
3971
3670
3236
2894
2820
2802
2595
2357
2165
1824
1268
619
220
82
-104
-481
-895
-1229
-1513
-1582
-1537
-1519
-1431
-1294
-1228
-1248
-1171
-928
-686
-645
-689
-630
-443
-130
201
400
410
378
380
323
231
217
213
38
-220
-410
-538
-736
-1028
-1245
-1317
-1291
-1285
-1369
-1490
-1612
-1752
-1956
-2167
-2241
-2186
-2155
-2270
-2484
-2644
-2657
-2553
-2498
-2530
-2510
-2362
-2197
-2153
-2283
-2560
-2796
-2937
-3080
-3180
-3122
-3003
-2943
-2905
-2851
-2782
-2713
-2591
-2448
-2336
-2280
-2240
-2129
-2030
-1900
-1754
-1624
-1429
-1134
-747
-376
-109
4
90
192
315
542
828
1043
1153
1192
1144
1005
779
637
571
385
169
88
89
92
167
203
134
107
238
398
411
417
615
958
1286
1583
1932
2280
2568
2871
3100
3198
3347
3504
3496
3455
3562
3739
3879
3898
3934
4062
4037
3841
3698
3638
3480
3330
3306
3336
3340
3210
2843
2225
1692
1541
1612
1470
1076
785
574
307
92
96
171
116
-7
-227
-550
-830
-928
-1003
-1226
-1362
-1243
-1127
-1196
-1223
-1115
-1021
-1063
-1143
-1132
-1129
-1153
-1180
-1205
-1197
-1113
-1018
-982
-924
-829
-759
-812
-994
-1196
-1288
-1333
-1416
-1460
-1501
-1557
-1610
-1665
-1658
-1564
-1476
-1450
-1431
-1427
-1438
-1413
-1449
-1575
-1720
-1937
-2176
-2301
-2325
-2349
-2380
-2438
-2525
-2513
-2455
-2491
-2560
-2552
-2506
-2441
-2370
-2286
-2122
-1964
-1913
-1869
-1743
-1599
-1485
-1388
-1273
-1142
-1037
-994
-915
-737
-527
-350
-309
-288
-140
66
219
268
311
436
614
683
693
771
830
851
814
803
838
860
811
689
707
890
1168
1389
1502
1682
1984
2250
2405
2543
2663
2822
2944
3054
3236
3438
3658
3748
3737
3727
3713
3740
3862
3980
3885
3687
3574
3546
3540
3631
3696
3518
3258
3004
2749
2544
2364
2240
2186
2159
2181
2287
2306
2133
1855
1494
1156
965
916
879
824
701
436
142
-111
-219
-286
-410
-565
-782
-1078
-1392
-1514
-1544
-1551
-1501
-1439
-1446
-1505
-1466
-1404
-1416
-1522
-1615
-1706
-1779
-1741
-1615
-1464
-1384
-1348
-1404
-1550
-1692
-1698
-1585
-1527
-1531
-1593
-1642
-1679
-1668
-1584
-1577
-1675
-1841
-2034
-2278
-2452
-2473
-2503
-2589
-2635
-2624
-2645
-2675
-2703
-2740
-2755
-2740
-2712
-2726
-2749
-2732
-2641
-2495
-2426
-2414
-2351
-2298
-2329
-2430
-2481
-2326
-2029
-1789
-1573
-1390
-1335
-1310
-1247
-1103
-815
-535
-412
-309
-92
75
175
298
324
259
254
326
405
471
515
591
678
775
955
1160
1340
1503
1605
1630
1678
1786
1861
1944
2102
2251
2344
2398
2485
2589
2639
2747
2928
2975
2898
2959
3180
3294
3185
3124
3267
3431
3428
3333
3337
3279
3022
2761
2659
2636
2602
2579
2576
2586
2498
2294
2085
1937
1871
1827
1724
1585
1473
1398
1329
1233
1067
848
607
401
240
54
-53
-13
30
-54
-106
-36
-17
-136
-305
-425
-545
-686
-802
-826
-897
-1045
-1129
-1245
-1386
-1528
-1678
-1860
-2023
-2126
-2201
-2254
-2341
-2384
-2406
-2475
-2612
-2678
-2642
-2658
-2695
-2792
-2932
-3019
-3001
-2993
-3001
-2903
-2742
-2615
-2625
-2752
-2841
-2802
-2710
-2645
-2632
-2620
-2589
-2538
-2450
-2350
-2276
-2264
-2228
-2162
-2103
-2048
-2028
-2031
-2100
-2201
-2163
-1975
-1757
-1582
-1451
-1379
-1374
-1332
-1199
-1047
-846
-582
-410
-328
-205
-30
122
186
256
360
462
563
650
711
724
755
850
874
856
999
1186
1234
1256
1393
1554
1632
1641
1641
1705
1802
1903
2070
2285
2405
2460
2503
2613
2826
3007
3139
3372
3605
3645
3684
3710
3665
3650
3608
3616
3721
3789
3735
3645
3593
3509
3424
3431
3437
3381
3308
3223
3109
2895
2577
2428
2386
2285
2164
2005
1828
1621
1442
1302
1211
1128
1041
943
746
601
483
352
193
33
-56
-94
-24
-24
-151
-267
-350
-464
-605
-696
-764
-834
-935
-1032
-1142
-1335
-1532
-1642
-1715
-1778
-1853
-1919
-2001
-2198
-2371
-2415
-2417
-2497
-2632
-2781
-2986
-3139
-3195
-3224
-3284
-3346
-3344
-3344
-3403
-3431
-3378
-3259
-3133
-3060
-3078
-3133
-3096
-3037
-3032
-3003
-2878
-2699
-2536
-2439
-2348
-2184
-1993
-1797
-1624
-1467
-1316
-1186
-1099
-1037
-914
-773
-628
-511
-447
-322
-146
-51
-33
-10
38
147
235
240
251
283
318
328
349
464
592
616
599
665
775
835
867
869
879
947
1029
1089
1167
1278
1369
1429
1474
1570
1750
1963
2076
2132
2246
2391
2570
2697
2830
2974
3048
3102
3093
3043
3028
3079
3192
3296
3341
3347
3285
3136
2987
2902
2934
3048
3027
2916
2831
2736
2625
2505
2392
2273
2079
1860
1668
1387
1158
1016
817
576
343
227
80
-112
-216
-285
-365
-395
-498
-719
-891
-981
-1009
-1089
-1168
-1138
-1152
-1247
-1250
-1280
-1387
-1441
-1455
-1392
-1331
-1316
-1292
-1292
-1401
-1481
-1461
-1435
-1484
-1659
-1842
-2002
-2148
-2281
-2344
-2389
-2496
-2646
-2788
-2955
-3144
-3208
-3308
-3432
-3463
-3450
-3454
-3500
-3487
-3395
-3319
-3302
-3278
-3260
-3164
-3015
-2924
-2901
-2844
-2694
-2528
-2332
-2161
-1982
-1772
-1608
-1483
-1328
-1135
-978
-874
-809
-761
-665
-471
-267
-153
-95
-9
64
113
217
325
411
497
549
592
645
687
707
711
777
818
774
815
909
984
1064
1176
1330
1413
1427
1493
1558
1620
1738
1827
1952
2070
2065
2083
2187
2297
2339
2372
2513
2591
2553
2571
2630
2688
2735
2818
2933
2962
2966
2996
3004
3017
3091
3121
3116
3158
3084
2966
2869
2698
2554
2448
2282
2210
2074
1896
1879
1699
1496
1332
1222
1278
1198
1009
907
691
460
311
57
-56
-192
-409
-563
-791
-971
-1147
-1310
-1304
-1367
-1509
-1538
-1614
-1681
-1753
-1831
-1739
-1626
-1603
-1476
-1459
-1522
-1425
-1537
-1619
-1530
-1473
-1379
-1371
-1439
-1467
-1634
-1763
-1791
-1890
-1832
-1795
-1803
-1845
-1969
-1964
-1920
-2011
-2066
-2104
-2188
-2190
-2310
-2394
-2403
-2471
-2491
-2484
-2488
-2423
-2320
-2227
-2148
-2102
-1984
-1873
-1759
-1612
-1435
-1275
-1140
-985
-911
-794
-631
-497
-347
-226
-166
-53
47
132
209
193
261
322
329
405
556
649
657
725
733
773
861
863
893
954
1029
1099
1117
1148
1217
1208
1233
1336
1468
1584
1596
1690
1798
1861
1935
1994
2067
2151
2193
2272
2376
2376
2473
2601
2663
2792
2948
3045
3096
3087
3079
3046
3012
3047
3009
3005
3047
2934
2816
2807
2669
2519
2485
2455
2379
2267
2181
2017
1860
1758
1581
1354
1227
1072
869
613
362
274
141
-69
-252
-361
-570
-805
-1021
-1253
-1442
-1574
-1709
-1768
-1775
-1879
-1816
-1871
-1991
-1944
-2045
-2141
-2003
-2004
-2033
-1874
-1919
-1920
-1998
-2177
-2125
-2108
-2189
-2135
-2163
-2184
-2072
-2167
-2157
-2128
-2213
-2187
-2212
-2287
-2255
-2322
-2362
-2302
-2443
-2410
-2307
-2384
-2398
-2342
-2331
-2242
-2210
-2202
-2074
-2079
-2116
-2120
-2001
-1824
-1723
-1686
-1514
-1319
-1239
-1113
-1047
-914
-792
-731
-694
-592
-412
-359
-362
-229
-54
37
167
235
312
423
527
648
671
751
871
816
746
770
774
839
850
855
938
942
1001
1079
1072
1126
1151
1152
1261
1291
1340
1476
1450
1442
1608
1698
1728
1756
1849
2062
2046
1982
2079
2079
2047
2065
2031
2007
2128
2186
2123
2104
2183
2266
2252
2122
2104
2161
2041
2077
2078
1971
1953
1807
1706
1690
1598
1657
1660
1431
1391
1246
1060
1064
915
848
844
664
549
431
187
72
-110
-286
-297
-385
-446
-445
-563
-797
-957
-1078
-1209
-1252
-1265
-1373
-1442
-1532
-1707
-1704
-1699
-1723
-1647
-1721
-1839
-1780
-1916
-2026
-1906
-1932
-1895
-1865
-2000
-1974
-1925
-2035
-1994
-1978
-1965
-1902
-1970
-1899
-1848
-1931
-1914
-1836
-1865
-1813
-1754
-1784
-1749
-1716
-1605
-1495
-1438
-1338
-1225
-1239
-1162
-1067
-1104
-993
-932
-897
-774
-660
-503
-410
-414
-281
-116
-16
130
189
244
361
377
513
702
711
805
820
767
837
863
904
986
1048
1090
1097
1183
1237
1135
1221
1172
1113
1250
1196
1308
1385
1262
1341
1350
1309
1537
1597
1653
1911
1897
1862
1890
1857
1898
1962
1913
1971
2102
1982
1864
1856
1935
1960
1853
1778
1833
1830
1644
1498
1382
1292
1193
1030
985
1048
934
825
758
656
667
595
565
564
395
323
282
171
221
184
182
294
248
243
225
132
148
74
-70
-31
-146
-258
-305
-478
-578
-688
-838
-927
-1009
-1133
-1157
-1201
-1242
-1336
-1431
-1428
-1558
-1672
-1654
-1621
-1682
-1706
-1733
-1802
-1834
-1837
-1758
-1681
-1679
-1728
-1764
-1838
-1834
-1816
-1864
-1808
-1758
-1727
-1692
-1735
-1713
-1632
-1631
-1644
-1618
-1555
-1546
-1547
-1506
-1515
-1462
-1361
-1309
-1229
-1155
-1098
-979
-979
-987
-706
-517
-519
-366
-262
-261
-180
-177
-65
49
39
194
303
311
430
638
656
676
797
794
755
822
930
943
891
847
963
993
885
902
987
920
928
992
932
1053
1064
1060
1184
1170
1355
1538
1445
1538
1541
1503
1662
1614
1709
1825
1610
1646
1731
1482
1456
1564
1510
1502
1422
1288
1312
1151
1025
1141
1049
947
939
825
736
746
714
702
578
386
357
298
201
246
266
139
134
80
30
64
-57
-102
-100
-193
-159
-93
-145
-142
-175
-300
-322
-308
-365
-378
-488
-550
-485
-621
-666
-591
-691
-755
-764
-897
-985
-1048
-1121
-1134
-1218
-1317
-1307
-1308
-1442
-1426
-1387
-1376
-1336
-1460
-1454
-1504
-1637
-1479
-1417
-1509
-1334
-1346
-1401
-1259
-1361
-1302
-1212
-1331
-1316
-1247
-1242
-1161
-1122
-1113
-982
-1006
-1047
-923
-843
-865
-840
-748
-666
-596
-456
-319
-192
-114
-137
32
195
239
338
435
547
645
698
916
1043
968
998
1036
1087
1039
1025
1112
1030
912
919
871
788
838
905
889
914
955
924
896
883
968
1041
1125
1239
1281
1318
1443
1537
1565
1604
1649
1717
1687
1751
1785
1745
1768
1732
1630
1577
1584
1458
1417
1296
1167
1132
986
918
866
743
660
579
390
340
267
105
60
10
-84
-169
-157
-207
-311
-401
-397
-414
-528
-509
-484
-480
-460
-477
-464
-399
-468
-536
-512
-535
-492
-561
-635
-597
-641
-702
-744
-745
-747
-767
-768
-822
-886
-892
-971
-919
-869
-962
-857
-916
-950
-823
-819
-761
-724
-736
-732
-768
-825
-784
-801
-813
-925
-969
-912
-936
-875
-963
-995
-1092
-1182
-1113
-1155
-1178
-1089
-1097
-1135
-1046
-1061
-986
-970
-969
-934
-975
-907
-788
-642
-620
-552
-404
-364
-273
-124
-64
64
102
109
246
229
350
451
399
489
516
481
511
457
424
450
333
381
439
321
356
405
367
400
445
478
589
542
564
697
771
872
874
981
1113
1194
1251
1288
1396
1451
1418
1528
1673
1619
1614
1525
1474
1447
1269
1305
1423
1350
1306
1345
1262
1211
1114
1028
1000
864
855
778
648
619
540
459
399
365
316
201
142
144
59
-20
-138
-237
-271
-348
-349
-357
-344
-403
-559
-622
-715
-795
-843
-912
-907
-953
-1077
-1116
-1199
-1239
-1190
-1298
-1315
-1286
-1263
-1225
-1264
-1168
-1118
-1164
-1144
-978
-874
-835
-735
-723
-735
-701
-706
-633
-482
-549
-467
-439
-547
-417
-436
-470
-416
-507
-505
-470
-667
-615
-543
-661
-660
-717
-694
-684
-788
-760
-692
-728
-689
-681
-685
-653
-622
-517
-467
-423
-376
-305
-269
-161
2
24
62
164
223
264
343
381
523
531
446
515
528
543
561
609
603
606
603
611
536
475
571
494
448
465
536
578
633
676
725
809
762
767
802
889
880
936
1015
996
940
942
1073
1068
1031
1077
1157
1029
994
1010
954
1022
966
981
1001
934
939
970
935
926
983
952
876
869
895
840
854
876
792
780
746
730
640
490
451
371
273
160
106
73
41
-97
-234
-216
-344
-419
-440
-564
-630
-661
-753
-792
-898
-969
-866
-1010
-1068
-1057
-1197
-1239
-1276
-1292
-1256
-1205
-1203
-1223
-1210
-1223
-1177
-1096
-1138
-1133
-1035
-983
-986
-933
-797
-763
-768
-749
-709
-657
-746
-764
-625
-679
-603
-536
-650
-512
-538
-587
-547
-625
-533
-525
-634
-530
-478
-500
-431
-450
-361
-359
-352
-247
-268
-242
-333
-266
-142
-148
-88
40
95
68
105
114
252
314
309
370
414
398
479
623
624
722
637
675
755
633
781
849
775
881
870
797
921
891
896
878
845
953
896
912
947
943
1003
910
840
913
878
871
786
755
811
671
601
659
597
521
554
467
497
450
346
433
453
407
324
306
351
403
329
430
475
407
446
362
389
350
262
258
248
225
333
264
199
279
72
60
93
83
79
-35
-67
-94
-239
-273
-212
-330
-339
-412
-491
-530
-616
-588
-619
-667
-639
-651
-690
-658
-704
-692
-673
-716
-696
-687
-662
-640
-658
-595
-504
-493
-422
-494
-526
-551
-612
-573
-608
-563
-596
-631
-629
-597
-577
-565
-538
-514
-526
-631
-569
-596
-591
-549
-534
-452
-455
-442
-419
-406
-427
-360
-324
-240
-191
-160
-6
-10
47
122
119
198
269
309
312
223
246
352
410
525
557
537
566
530
478
525
530
551
610
609
632
634
642
758
810
785
881
893
965
975
923
1051
1062
1151
1145
1069
1148
1086
1045
1106
966
925
980
772
806
795
693
694
513
513
507
373
450
435
257
232
194
132
181
183
186
187
73
20
31
39
47
76
23
-80
-65
-95
-124
-128
-154
-212
-198
-280
-320
-195
-324
-322
-299
-483
-529
-539
-659
-665
-679
-786
-759
-855
-881
-837
-945
-948
-943
-992
-1012
-999
-985
-942
-987
-1051
-961
-977
-992
-982
-984
-982
-1036
-986
-1048
-1124
-1059
-1065
-1096
-1078
-1084
-1088
-1111
-1179
-1161
-1155
-1149
-1115
-1119
-1076
-1080
-1080
-1050
-982
-921
-944
-908
-882
-872
-755
-662
-655
-568
-538
-536
-448
-392
-334
-241
-164
-135
-150
-135
-50
-26
-17
36
54
78
164
205
259
297
283
303
311
344
397
487
528
599
616
586
646
624
617
769
816
763
901
924
959
1011
920
991
1044
956
1007
1004
944
1027
961
943
953
823
807
867
842
840
826
811
841
729
680
742
710
647
665
577
559
603
533
518
491
494
491
427
426
432
406
416
324
246
218
182
222
191
131
94
107
119
66
69
133
122
105
116
83
104
45
-31
-26
-55
-50
9
-39
-102
-53
-37
-71
-143
-118
-64
-81
-56
-14
-32
-79
-43
-61
-121
-147
-85
-86
-159
-150
-213
-253
-229
-279
-363
-357
-340
-355
-368
-373
-434
-500
-548
-568
-551
-628
-616
-578
-615
-602
-618
-639
-537
-538
-471
-307
-340
-282
-225
-233
-185
-183
-173
-99
-53
-13
28
92
139
199
223
142
220
293
303
392
415
443
505
384
356
444
342
363
443
357
396
396
327
406
377
355
416
388
391
418
415
456
458
398
385
383
385
411
448
483
485
453
422
448
510
535
589
561
484
468
446
375
335
381
298
231
267
256
217
253
254
215
185
102
134
153
122
157
153
115
186
143
64
142
85
59
134
79
49
100
65
61
58
-39
-64
-109
-166
-143
-241
-333
-323
-446
-521
-483
-559
-598
-614
-663
-638
-673
-709
-721
-757
-758
-783
-857
-801
-740
-797
-749
-730
-705
-679
-709
-646
-624
-672
-634
-599
-626
-647
-672
-682
-705
-734
-727
-724
-728
-757
-834
-815
-828
-900
-874
-852
-790
-821
-918
-871
-820
-806
-766
-786
-740
-632
-659
-580
-428
-405
-358
-277
-289
-229
-144
-97
9
20
39
102
125
180
247
187
250
334
238
250
286
307
284
265
285
361
390
396
470
415
396
412
425
476
520
549
610
583
523
528
500
562
573
525
552
581
564
557
544
559
517
411
458
467
448
495
442
459
491
411
464
472
450
496
424
392
463
450
464
531
463
466
485
426
464
543
520
472
462
388
368
365
350
348
310
290
274
211
102
68
88
16
-6
-55
-115
-29
-44
-103
-100
-109
-143
-186
-194
-183
-198
-160
-99
-129
-117
-147
-141
-118
-138
-146
-191
-233
-228
-164
-170
-193
-227
-274
-304
-369
-413
-451
-498
-512
-500
-544
-567
-539
-585
-607
-577
-619
-662
-698
-731
-725
-742
-784
-719
-683
-675
-558
-489
-423
-380
-386
-401
-400
-382
-346
-278
-211
-93
-76
-88
-24
-10
49
106
111
184
244
219
278
311
290
338
351
359
352
339
374
436
461
524
555
541
634
655
640
651
651
655
630
624
654
635
608
652
661
697
704
673
701
655
601
589
537
554
599
558
539
547
497
494
538
547
572
528
490
489
460
479
475
408
346
327
292
248
220
189
171
161
191
210
219
272
252
151
95
5
-54
-55
-102
-104
-156
-182
-120
-151
-156
-122
-164
-180
-198
-246
-227
-233
-264
-243
-224
-211
-159
-145
-176
-131
-97
-127
-166
-217
-205
-185
-174
-125
-99
-123
-199
-226
-282
-393
-399
-377
-417
-476
-490
-513
-548
-606
-618
-620
-683
-720
-760
-788
-861
-897
-930
-978
-991
-1019
-1030
-1042
-1015
-1006
-977
-974
-965
-887
-823
-778
-760
-746
-732
-704
-685
-649
-619
-560
-450
-377
-296
-205
-138
-103
-37
13
27
61
122
173
168
213
284
315
357
434
522
582
609
642
690
706
739
768
794
816
791
831
833
782
813
824
823
846
878
905
883
908
970
930
912
953
881
821
782
748
732
679
656
673
646
617
693
706
673
622
561
498
428
436
427
400
358
364
384
366
384
392
331
290
294
231
203
223
177
153
131
81
108
88
69
123
91
42
13
-39
-79
-89
-132
-141
-162
-250
-240
-205
-223
-233
-232
-241
-246
-292
-293
-255
-278
-299
-333
-357
-417
-440
-414
-427
-465
-499
-494
-510
-543
-582
-595
-665
-684
-635
-668
-672
-672
-685
-701
-712
-710
-724
-782
-785
-767
-814
-759
-754
-757
-675
-710
-709
-638
-634
-604
-590
-634
-590
-588
-600
-545
-576
-528
-436
-430
-396
-358
-346
-290
-274
-289
-201
-160
-147
-70
-39
-23
30
52
22
54
137
198
265
298
323
401
417
438
448
382
438
452
381
436
480
463
476
478
470
489
465
468
513
462
463
475
374
338
337
316
339
307
288
349
329
299
314
307
325
328
310
317
346
341
322
325
330
319
261
269
325
296
290
325
287
260
233
216
219
163
154
175
107
51
15
-11
14
-45
-101
-103
-158
-195
-221
-266
-272
-272
-280
-296
-348
-376
-385
-440
-484
-498
-549
-587
-596
-599
-586
-595
-607
-662
-745
-741
-737
-724
-717
-732
-744
-785
-808
-819
-802
-793
-787
-802
-830
-844
-825
-793
-825
-822
-822
-855
-834
-779
-777
-735
-681
-683
-655
-648
-637
-628
-612
-543
-477
-445
-412
-391
-388
-369
-323
-321
-323
-231
-195
-185
-135
-83
-55
-55
-37
-18
1
-10
9
87
119
131
141
134
147
169
199
236
261
310
330
341
384
406
467
502
510
553
593
642
677
683
697
709
698
708
744
765
791
832
830
807
834
845
850
846
854
907
904
894
906
904
922
919
878
904
898
869
908
898
908
929
896
897
890
837
816
757
709
703
650
648
634
583
591
570
522
504
455
404
379
310
269
267
242
195
151
138
121
87
27
-2
-28
-80
-121
-171
-187
-219
-212
-225
-283
-287
-297
-305
-311
-342
-383
-392
-435
-463
-486
-511
-486
-523
-554
-563
-583
-581
-585
-619
-637
-627
-638
-628
-631
-607
-571
-589
-595
-608
-619
-598
-589
-581
-511
-424
-409
-380
-347
-345
-349
-353
-313
-271
-253
-219
-206
-211
-173
-125
-99
-91
-100
-86
-66
-58
-38
-17
16
11
18
50
70
119
130
147
186
218
254
266
261
257
265
280
319
347
368
407
434
422
415
447
446
446
477
509
552
583
598
620
616
620
647
642
608
627
668
657
675
681
681
663
608
570
532
516
506
514
503
538
552
512
499
478
479
464
450
449
456
435
380
350
310
276
240
193
151
137
123
93
70
37
0
-32
-83
-127
-139
-146
-164
-183
-214
-261
-278
-298
-330
-337
-331
-341
-346
-336
-364
-396
-441
-517
-578
-577
-552
-556
-548
-560
-579
-588
-618
-614
-624
-665
-658
-656
-686
-683
-677
-708
-711
-736
-773
-789
-796
-788
-782
-790
-784
-771
-804
-772
-764
-793
-764
-768
-764
-769
-779
-738
-725
-741
-706
-705
-696
-652
-638
-602
-570
-554
-533
-539
-537
-520
-502
-444
-387
-360
-325
-268
-233
-174
-92
-60
-36
-10
13
44
74
94
159
218
260
307
332
389
421
426
463
491
524
567
606
647
680
682
667
662
673
706
733
746
769
772
774
771
750
732
715
709
712
706
673
671
667
637
621
614
607
606
594
556
569
570
555
527
482
451
408
375
357
353
326
304
281
253
221
213
213
169
150
118
91
79
44
4
-59
-122
-159
-158
-156
-153
-147
-167
-198
-254
-298
-340
-376
-359
-349
-386
-406
-421
-458
-479
-514
-530
-534
-548
-549
-548
-554
-539
-512
-543
-545
-534
-545
-537
-530
-530
-537
-550
-536
-533
-548
-525
-522
-517
-478
-441
-418
-410
-436
-466
-452
-460
-465
-435
-395
-349
-331
-317
-286
-250
-252
-243
-221
-236
-229
-234
-224
-201
-202
-180
-167
-169
-149
-107
-79
-53
-31
-23
-4
6
-8
11
22
-14
11
45
81
126
130
166
188
196
219
222
242
280
301
313
307
320
350
361
378
399
424
442
458
480
496
509
525
529
519
511
504
503
519
533
550
563
538
526
528
533
557
551
549
554
535
512
484
457
459
466
447
439
429
413
412
401
386
395
368
323
317
282
244
214
177
146
119
89
85
64
11
-10
-22
-23
-31
-37
-54
-89
-108
-131
-181
-215
-213
-243
-269
-255
-266
-277
-272
-282
-263
-231
-237
-258
-267
-298
-318
-335
-358
-332
-335
-345
-339
-331
-323
-299
-314
-335
-317
-315
-293
-289
-304
-315
-319
-325
-335
-351
-333
-278
-251
-215
-196
-189
-179
-183
-173
-177
-186
-159
-175
-192
-164
-158
-150
-131
-99
-59
-34
-22
-24
-21
4
21
26
45
61
67
63
70
70
72
95
106
129
154
164
158
149
161
151
150
163
170
192
207
224
229
216
220
230
234
248
283
283
269
261
243
227
220
195
172
149
139
159
160
178
190
208
220
225
233
245
247
222
207
192
193
185
171
163
160
147
134
136
133
144
150
119
72
38
-22
-65
-57
-58
-61
-67
-85
-103
-117
-147
-142
-138
-153
-145
-161
-179
-216
-261
-283
-333
-349
-338
-356
-355
-361
-370
-360
-367
-370
-376
-388
-402
-414
-425
-430
-426
-431
-413
-397
-394
-381
-374
-371
-366
-359
-355
-333
-340
-365
-365
-370
-389
-390
-396
-409
-379
-345
-299
-255
-227
-207
-198
-185
-198
-201
-191
-168
-151
-152
-151
-157
-156
-135
-113
-74
-28
-2
20
26
36
44
24
19
27
29
54
85
118
160
199
226
256
274
287
294
265
261
251
256
268
274
282
291
286
280
313
337
385
434
459
478
492
482
461
458
446
446
463
470
482
507
510
521
505
480
499
489
481
472
435
384
360
328
291
267
244
245
245
265
276
278
273
247
240
232
202
170
160
137
103
85
85
72
44
42
29
25
23
6
-5
-3
-6
-16
-13
-40
-67
-74
-84
-76
-58
-64
-68
-83
-121
-147
-182
-202
-234
-273
-288
-300
-319
-344
-365
-380
-386
-393
-390
-373
-355
-324
-299
-282
-258
-257
-252
-246
-261
-260
-264
-283
-272
-266
-257
-227
-227
-240
-250
-267
-262
-248
-245
-227
-214
-200
-188
-184
-172
-167
-165
-151
-146
-147
-135
-113
-110
-110
-93
-90
-80
-79
-81
-72
-80
-78
-77
-74
-70
-57
-45
-31
-3
11
29
45
57
65
76
76
69
68
65
76
83
93
91
80
62
52
63
85
113
134
172
197
205
222
217
203
207
207
212
231
237
254
260
247
248
240
231
237
248
273
297
304
298
269
235
213
185
149
135
140
131
124
120
117
107
91
79
67
68
62
51
26
-1
-22
-42
-76
-95
-92
-105
-80
-55
-57
-44
-36
-41
-58
-63
-59
-63
-62
-69
-69
-64
-78
-88
-105
-121
-140
-144
-139
-130
-120
-146
-155
-162
-185
-193
-197
-196
-191
-177
-177
-189
-205
-225
-247
-270
-270
-272
-272
-258
-270
-288
-297
-313
-326
-309
-275
-250
-218
-198
-178
-161
-171
-179
-192
-190
-165
-166
-163
-139
-127
-105
-89
-85
-80
-63
-52
-51
-19
1
15
28
42
59
70
81
99
106
120
136
126
146
188
212
229
232
207
209
211
198
207
215
239
245
226
203
190
180
177
170
172
196
212
224
234
250
252
239
234
244
252
255
254
256
267
267
251
221
194
183
180
171
175
173
162
141
101
65
47
27
-18
-41
-43
-32
-18
-20
-41
-68
-89
-120
-126
-124
-115
-110
-108
-94
-88
-85
-96
-117
-128
-127
-113
-96
-94
-83
-87
-93
-104
-117
-112
-128
-128
-131
-140
-150
-158
-151
-145
-132
-128
-123
-143
-161
-164
-170
-170
-171
-158
-154
-143
-126
-125
-106
-93
-101
-94
-71
-52
-34
-16
2
16
23
22
14
7
1
6
15
13
12
3
-5
0
13
19
26
22
15
15
23
38
46
55
57
72
84
85
79
76
72
65
83
94
98
103
104
96
87
80
89
100
111
127
116
111
110
103
105
117
122
127
119
106
111
114
121
129
133
129
119
103
93
77
60
49
48
57
66
77
74
69
63
52
47
56
56
55
60
44
37
42
49
54
50
53
61
61
54
52
46
27
17
5
-12
-16
-23
-31
-39
-56
-67
-78
-83
-66
-60
-53
-52
-70
-74
-81
-103
-120
-133
-145
-158
-148
-126
-117
-110
-113
-128
-142
-148
-145
-151
-167
-177
-183
-185
-190
-192
-196
-209
-209
-205
-198
-175
-151
-140
-126
-119
-124
-132
-122
-116
-100
-81
-79
-63
-63
-55
-44
-49
-33
-13
-11
0
16
12
11
1
-2
9
9
14
19
15
11
12
15
28
58
95
106
122
137
130
105
90
94
84
101
122
140
163
173
196
200
191
190
187
196
202
199
209
219
215
211
203
184
164
141
124
112
111
98
82
62
37
23
-4
-14
-22
-33
-36
-50
-54
-51
-45
-27
2
27
40
59
65
62
61
39
26
23
16
26
58
81
116
145
141
153
153
127
106
79
60
43
19
14
23
10
-5
-13
-32
-35
-29
-26
-19
0
15
15
-3
-31
-66
-98
-107
-115
-98
-73
-44
-16
-3
8
16
13
5
-7
-17
-25
-42
-50
-64
-89
-93
-88
-87
-75
-63
-50
-45
-50
-61
-79
-92
-100
-103
-110
-100
-82
-80
-71
-72
-69
-48
-34
2
40
62
88
79
60
41
6
0
-3
2
34
58
84
100
115
112
112
110
99
107
93
80
76
57
46
44
41
50
69
81
94
101
100
118
137
134
142
151
152
144
128
116
111
107
109
122
144
164
174
173
169
162
155
145
128
110
79
73
91
102
119
115
112
99
66
47
38
41
47
65
77
64
39
2
-31
-61
-80
-78
-72
-61
-37
-18
-30
-48
-80
-110
-111
-117
-124
-120
-131
-137
-148
-173
-200
-222
-245
-264
-258
-253
-244
-238
-254
-267
-299
-324
-330
-326
-304
-279
-260
-242
-231
-230
-224
-219
-214
-205
-195
-198
-192
-193
-208
-228
-252
-268
-295
-316
-318
-313
-309
-304
-308
-324
-343
-362
-383
-388
-390
-387
-388
-377
-354
-352
-336
-324
-336
-342
-338
-329
-312
-292
-268
-250
-235
-223
-218
-208
-196
-168
-143
-117
-95
-84
-68
-62
-48
-40
-51
-50
-47
-34
-20
-25
-18
-4
5
22
40
50
71
94
109
122
135
164
185
210
256
284
310
337
351
382
395
392
399
415
438
456
488
513
531
525
502
498
499
509
519
528
532
560
567
563
566
552
545
529
519
535
557
576
578
577
580
581
589
598
615
607
589
586
583
582
561
538
508
481
470
461
451
428
406
384
377
373
355
346
327
300
270
225
190
179
155
145
141
136
136
122
117
109
92
73
58
35
19
12
-1
-7
-24
-55
-76
-104
-130
-152
-177
-177
-185
-197
-193
-200
-222
-249
-269
-281
-281
-275
-271
-272
-278
-279
-283
-294
-288
-284
-286
-287
-277
-261
-258
-253
-258
-268
-266
-270
-275
-268
-253
-253
-262
-262
-271
-277
-279
-299
-305
-313
-326
-314
-309
-309
-314
-334
-356
-363
-347
-336
-309
-272
-248
-222
-216
-224
-238
-244
-252
-240
-216
-198
-180
-184
-175
-181
-190
-190
-183
-173
-170
-157
-162
-157
-157
-163
-156
-150
-149
-147
-147
-150
-149
-155
-150
-144
-134
-114
-96
-90
-89
-80
-89
-86
-82
-96
-82
-61
-62
-57
-56
-62
-64
-65
-74
-66
-53
-45
-41
-46
-49
-73
-82
-92
-105
-97
-96
-72
-55
-47
-46
-61
-68
-72
-65
-62
-52
-40
-28
-21
-17
-10
3
11
19
23
21
32
41
41
25
14
0
-11
-9
-20
-34
-48
-61
-69
-62
-58
-54
-55
-63
-60
-72
-90
-90
-75
-59
-49
-41
-34
-25
-30
-31
-32
-40
-39
-41
-32
-28
-42
-34
-24
-29
-19
-23
-46
-35
-21
-9
7
18
29
20
10
14
5
-4
-6
-12
-14
-7
12
34
41
40
28
6
-13
-23
-25
-6
17
34
37
34
44
48
36
20
10
7
6
16
34
34
34
33
27
10
-14
-22
-20
-13
-18
-15
-21
-22
-9
-2
0
-6
-14
-48
-76
-89
-86
-67
-22
21
39
36
29
41
50
60
52
59
73
81
106
122
132
134
129
121
132
138
139
144
147
141
135
146
145
161
165
165
170
166
168
164
158
154
149
152
166
173
174
186
197
192
178
165
145
118
101
106
106
116
146
152
153
152
128
119
97
85
84
72
75
75
77
67
60
65
70
74
78
74
75
65
46
48
41
58
79
71
66
59
62
79
88
90
94
95
114
131
141
156
159
153
144
143
140
134
131
131
132
135
121
99
89
79
90
98
115
118
107
112
88
75
72
74
76
79
76
63
55
47
60
72
88
101
94
103
99
104
120
104
86
73
54
58
59
56
68
75
70
70
72
72
69
60
50
43
50
56
59
60
62
57
44
51
56
52
58
57
57
57
48
43
38
47
65
63
49
33
21
15
25
22
17
19
17
34
43
40
40
23
1
-2
1
8
26
37
31
19
7
-16
-23
-24
-38
-39
-35
-27
-9
0
7
4
-13
-25
-45
-60
-77
-90
-97
-98
-106
-105
-110
-132
-146
-163
-160
-160
-156
-162
-178
-205
-232
-244
-254
-253
-275
-295
-297
-286
-276
-266
-259
-264
-273
-287
-294
-296
-284
-285
-287
-283
-284
-290
-300
-314
-332
-336
-343
-347
-344
-332
-315
-315
-328
-348
-366
-365
-359
-357
-346
-350
-360
-359
-357
-361
-346
-347
-368
-352
-346
-340
-325
-323
-315
-316
-315
-307
-319
-322
-322
-339
-332
-334
-329
-308
-305
-299
-292
-301
-315
-319
-328
-329
-325
-323
-311
-300
-289
-277
-265
-247
-233
-238
-232
-226
-223
-209
-192
-165
-125
-90
-65
-33
-17
-24
-18
-22
-30
-16
-3
3
12
29
60
74
89
114
107
108
122
137
148
158
165
160
172
190
221
253
270
294
313
319
333
356
376
382
401
426
457
486
498
512
526
537
562
589
611
625
626
608
589
589
589
600
608
610
622
618
615
618
621
602
580
570
550
557
568
580
605
594
588
590
579
575
557
542
531
533
554
568
574
573
567
557
557
550
521
504
474
445
438
436
450
465
450
432
412
391
387
391
400
408
403
388
375
358
336
314
285
273
271
263
274
275
274
280
270
270
252
232
207
171
146
126
115
111
121
111
100
70
41
48
32
32
23
17
21
10
26
26
7
-22
-47
-52
-68
-62
-50
-54
-43
-45
-46
-47
-56
-68
-81
-93
-108
-121
-134
-136
-145
-152
-151
-153
-155
-182
-199
-215
-249
-274
-279
-293
-299
-293
-304
-312
-312
-313
-323
-331
-340
-344
-355
-361
-373
-388
-394
-420
-445
-462
-476
-485
-483
-479
-475
-466
-470
-475
-474
-479
-494
-502
-528
-548
-555
-563
-550
-528
-510
-505
-505
-503
-505
-512
-510
-509
-495
-451
-434
-412
-399
-403
-402
-402
-400
-402
-415
-421
-402
-395
-386
-373
-372
-379
-389
-407
-409
-395
-390
-382
-387
-369
-345
-331
-323
-330
-328
-340
-343
-343
-340
-331
-330
-314
-296
-265
-243
-233
-237
-245
-235
-225
-203
-190
-163
-143
-139
-129
-135
-147
-150
-130
-118
-96
-66
-48
-24
-22
-8
10
7
-12
-29
-35
-42
-29
-16
14
39
42
55
57
55
58
70
75
76
84
85
86
87
88
83
74
78
91
109
118
124
146
158
155
147
135
130
123
102
96
107
110
124
126
124
130
133
136
122
106
109
121
139
165
175
174
160
142
128
114
91
79
85
87
91
105
130
142
139
126
123
110
95
73
47
42
30
37
47
47
47
38
29
18
17
32
44
55
71
60
46
38
27
26
9
0
-1
5
13
22
46
52
47
53
61
61
69
72
61
47
49
57
47
58
74
77
86
91
104
118
142
167
169
174
172
171
155
147
157
158
160
147
149
166
181
193
201
208
211
218
221
222
216
193
182
183
189
199
224
235
230
235
225
230
223
195
169
154
152
162
161
144
126
108
101
90
86
93
96
91
71
58
46
22
-8
-37
-57
-75
-81
-74
-63
-50
-48
-43
-55
-62
-47
-30
-13
-1
5
3
20
18
16
3
-19
-15
-20
0
28
57
88
105
121
128
126
112
95
70
47
44
57
70
80
84
92
88
94
103
98
111
115
110
100
111
103
82
69
40
24
18
18
23
46
60
57
52
49
34
18
17
5
-11
-17
-20
-38
-51
-78
-109
-119
-127
-127
-120
-108
-80
-50
-45
-41
-41
-51
-61
-76
-99
-106
-103
-116
-118
-117
-108
-84
-83
-68
-48
-52
-40
-34
-42
-43
-59
-70
-79
-91
-93
-68
-48
-18
6
17
36
28
18
10
19
20
11
0
-8
19
49
67
84
82
52
25
9
8
21
23
31
46
39
52
58
40
33
21
8
9
1
-9
-7
-10
-10
-7
-15
-13
-14
-21
-11
6
26
65
83
64
57
54
59
84
78
61
60
62
73
77
72
67
56
30
29
36
31
53
71
79
93
83
64
67
58
46
51
36
34
37
39
53
50
37
47
51
46
66
68
53
55
61
57
57
55
41
31
16
19
30
26
28
21
4
9
14
10
0
-19
-41
-65
-66
-59
-75
-86
-97
-108
-111
-101
-84
-72
-46
-50
-52
-54
-77
-88
-94
-104
-109
-105
-116
-122
-123
-137
-155
-158
-150
-130
-120
-134
-144
-147
-155
-152
-132
-132
-129
-122
-104
-82
-46
-28
-26
-19
-26
-15
-8
16
50
71
95
109
106
107
104
83
85
77
73
78
88
97
97
110
111
122
122
124
120
89
80
81
76
93
110
103
99
88
70
68
71
71
83
87
81
76
64
59
41
32
39
41
46
50
68
70
54
31
8
7
3
-3
-18
-32
-46
-67
-86
-103
-111
-105
-91
-77
-77
-93
-116
-145
-164
-167
-168
-166
-168
-181
-188
-198
-200
-184
-179
-164
-144
-132
-115
-121
-137
-146
-154
-169
-177
-190
-192
-171
-172
-178
-188
-195
-199
-190
-159
-135
-126
-127
-141
-150
-154
-172
-171
-172
-177
-169
-173
-185
-170
-169
-163
-157
-174
-163
-156
-146
-146
-152
-163
-184
-200
-213
-205
-202
-212
-219
-212
-207
-213
-203
-189
-176
-162
-169
-182
-187
-195
-193
-192
-182
-174
-175
-185
-199
-183
-181
-171
-147
-143
-130
-137
-156
-149
-138
-113
-81
-70
-61
-59
-68
-67
-67
-59
-53
-59
-56
-50
-49
-40
-44
-50
-47
-42
-33
-19
5
29
48
64
78
76
65
65
51
44
45
35
39
44
45
60
74
85
100
99
104
136
157
168
161
154
133
120
117
112
124
126
130
143
147
156
164
162
172
173
176
174
163
164
172
179
175
188
194
196
202
197
208
206
211
229
243
257
268
276
272
272
281
283
296
303
308
311
303
296
288
291
300
319
345
357
373
377
365
360
360
360
347
338
339
345
339
337
339
327
321
304
282
269
276
275
266
267
255
249
235
226
224
222
211
199
202
183
168
156
129
111
109
110
113
122
118
123
126
135
143
127
124
117
107
111
118
111
109
108
103
109
114
117
105
84
74
63
49
40
32
25
11
5
-1
-14
-18
-29
-26
-25
-30
-31
-38
-48
-50
-58
-63
-49
-27
-7
-9
-26
-43
-57
-53
-48
-37
-13
-4
-5
-16
-28
-40
-57
-57
-55
-53
-56
-70
-77
-86
-105
-101
-97
-106
-97
-96
-98
-101
-125
-149
-163
-167
-165
-179
-193
-197
-211
-210
-204
-207
-212
-210
-213
-204
-193
-188
-192
-209
-201
-207
-204
-201
-217
-240
-258
-277
-282
-256
-246
-238
-241
-257
-256
-252
-259
-266
-274
-289
-302
-323
-340
-340
-341
-358
-353
-338
-345
-347
-337
-324
-308
-293
-284
-273
-262
-258
-260
-256
-257
-257
-261
-261
-255
-245
-230
-224
-213
-197
-198
-194
-197
-206
-207
-212
-208
-211
-201
-191
-187
-174
-171
-169
-155
-153
-153
-137
-127
-127
-127
-123
-123
-122
-114
-112
-86
-61
-46
-36
-37
-41
-45
-36
-26
-15
-6
0
0
-3
-3
-5
5
19
30
32
25
7
-2
-8
-17
-23
-20
-9
11
25
27
35
32
35
33
34
35
29
36
31
32
29
21
25
28
26
29
36
58
86
104
118
101
91
95
88
90
89
93
95
97
102
100
103
112
106
110
124
138
142
150
153
142
138
132
136
140
144
153
152
165
162
166
172
170
168
155
150
159
168
163
175
175
156
151
154
162
166
171
170
178
179
194
202
185
184
169
151
148
142
150
154
136
130
131
125
131
140
129
137
146
144
146
131
114
103
95
91
93
95
100
95
94
95
92
103
113
117
104
98
94
86
83
85
93
113
120
122
127
118
114
114
111
101
97
87
79
63
57
54
39
34
28
21
19
19
13
5
0
3
-13
-18
-13
-35
-41
-39
-40
-39
-43
-44
-45
-41
-29
-12
3
13
32
47
51
44
29
11
-4
-14
-25
-27
-28
-26
-22
-3
-1
1
5
5
4
-10
-32
-64
-85
-107
-126
-141
-140
-136
-125
-104
-84
-71
-59
-42
-42
-45
-48
-70
-85
-78
-89
-87
-73
-55
-35
-28
-32
-42
-51
-65
-75
-77
-74
-80
-81
-74
-71
-73
-69
-61
-62
-46
-42
-41
-38
-35
-15
0
-3
-1
-3
-8
-15
-29
-35
-45
-62
-68
-56
-34
-14
-1
22
43
52
50
35
34
15
1
-8
-29
-38
-31
-16
-8
-3
0
-5
-10
-10
3
13
4
-15
-24
-38
-47
-42
-41
-40
-36
-39
-38
-36
-50
-49
-49
-60
-61
-65
-69
-59
-55
-46
-25
-12
-1
3
0
5
6
8
9
5
12
9
13
20
20
24
32
40
35
43
47
51
75
79
75
84
88
103
108
97
86
75
76
78
87
86
89
93
83
85
83
95
111
115
121
121
116
114
117
115
105
99
99
88
81
90
84
66
55
50
51
51
51
56
62
63
61
70
64
51
51
52
49
49
60
67
81
97
91
79
80
90
89
93
99
101
97
95
104
108
121
126
129
133
142
149
147
154
141
128
108
103
96
73
66
58
56
68
76
84
91
87
95
114
131
142
130
101
88
68
42
27
15
12
7
-1
-9
-10
-14
-19
-24
-25
-25
-23
-22
-18
-22
-38
-42
-47
-54
-55
-53
-62
-77
-85
-96
-85
-88
-109
-120
-142
-146
-143
-141
-144
-148
-150
-157
-156
-159
-165
-179
-185
-194
-194
-195
-212
-210
-208
-220
-227
-240
-254
-254
-261
-263
-249
-254
-243
-232
-238
-219
-214
-225
-223
-232
-246
-250
-262
-274
-279
-282
-269
-258
-249
-232
-212
-204
-200
-206
-226
-240
-269
-293
-303
-310
-309
-303
-309
-314
-320
-331
-312
-292
-272
-259
-259
-263
-281
-301
-315
-311
-296
-288
-277
-268
-266
-250
-234
-203
-179
-166
-156
-154
-162
-181
-200
-201
-189
-179
-159
-137
-116
-91
-74
-56
-47
-56
-59
-61
-62
-75
-87
-92
-94
-96
-91
-76
-68
-42
-24
-5
26
36
46
43
41
42
37
46
55
68
72
77
81
93
119
142
146
144
166
161
148
136
111
104
102
101
111
126
141
135
133
142
134
124
119
121
129
133
146
170
191
200
220
220
204
198
180
159
154
142
138
157
172
171
180
192
187
194
196
197
201
203
208
203
207
211
197
194
201
200
198
196
200
201
209
215
225
239
243
256
267
265
259
257
252
245
250
247
248
258
251
249
241
227
224
227
237
242
248
242
232
224
203
202
224
237
247
257
258
260
255
236
215
188
162
145
138
142
147
159
170
178
184
185
183
171
161
153
147
137
129
116
105
100
84
86
96
95
89
78
54
36
30
24
30
42
49
67
73
78
84
80
81
81
75
58
35
10
-2
-5
2
15
11
15
8
0
-13
-17
-7
-6
4
8
10
5
-1
-6
-15
-24
-37
-48
-60
-86
-101
-98
-104
-101
-94
-101
-101
-98
-95
-90
-84
-86
-85
-86
-90
-86
-94
-106
-114
-111
-123
-138
-159
-189
-215
-242
-253
-262
-259
-251
-248
-236
-228
-220
-209
-211
-208
-202
-201
-194
-193
-187
-191
-201
-203
-207
-208
-201
-194
-197
-193
-172
-162
-156
-163
-182
-188
-183
-181
-186
-173
-169
-170
-162
-177
-192
-208
-220
-229
-245
-251
-255
-259
-252
-225
-191
-173
-154
-136
-122
-106
-89
-87
-79
-79
-94
-106
-118
-120
-117
-113
-107
-99
-96
-88
-82
-96
-103
-106
-117
-115
-112
-113
-107
-106
-101
-89
-85
-85
-80
-70
-64
-63
-61
-48
-43
-37
-34
-48
-51
-53
-61
-70
-75
-61
-36
-14
-1
14
25
38
27
10
11
8
5
0
9
13
17
23
32
48
60
85
110
131
156
180
183
191
198
194
188
178
174
180
183
183
178
162
157
140
134
145
139
145
155
162
158
155
140
121
121
111
107
110
97
97
103
102
110
120
141
152
149
142
127
128
127
117
125
143
156
157
169
179
167
172
171
160
154
140
105
81
67
42
45
54
73
96
112
119
124
139
143
139
122
108
97
97
107
103
110
112
115
120
130
145
151
145
129
111
91
81
71
62
41
38
53
48
49
52
43
40
43
53
56
64
72
74
80
69
71
71
66
67
50
52
59
66
76
85
100
102
102
85
69
57
60
66
61
62
54
53
39
10
-5
-14
-26
-34
-37
-55
-56
-67
-79
-88
-108
-106
-91
-72
-61
-39
-38
-61
-70
-78
-90
-97
-92
-86
-79
-85
-87
-82
-77
-61
-56
-49
-44
-40
-49
-61
-73
-90
-105
-122
-132
-152
-165
-190
-201
-196
-194
-174
-154
-136
-132
-125
-122
-134
-137
-149
-169
-173
-183
-169
-140
-120
-114
-103
-82
-77
-66
-55
-54
-58
-53
-71
-108
-126
-144
-135
-122
-103
-85
-84
-75
-75
-84
-94
-106
-125
-139
-152
-172
-181
-192
-187
-186
-191
-187
-183
-173
-166
-157
-145
-134
-118
-102
-98
-83
-67
-69
-58
-51
-59
-59
-61
-66
-73
-84
-89
-73
-57
-46
-36
-27
-29
-44
-48
-55
-64
-71
-77
-80
-82
-80
-67
-67
-70
-64
-59
-42
-33
9
50
88
118
118
117
88
56
36
37
28
19
26
17
15
9
19
38
53
65
67
75
63
39
17
-12
-39
-57
-70
-71
-54
-45
-29
-17
8
50
71
110
148
163
183
198
186
169
169
163
164
165
163
163
173
177
173
177
171
159
146
119
84
45
-4
-53
-90
-122
-151
-161
-163
-154
-144
-136
-103
-75
-44
-25
-18
12
36
57
76
89
104
122
147
178
203
215
206
194
172
137
104
75
40
15
15
3
0
0
-13
-33
-54
-76
-92
-91
-99
-102
-102
-109
-90
-69
-51
-24
-4
18
40
70
100
128
163
199
226
237
236
228
235
221
193
162
124
97
76
53
35
18
-9
-37
-55
-65
-76
-74
-65
-45
-43
-58
-59
-77
-96
-109
-109
-103
-87
-60
-38
-11
21
50
79
94
89
87
66
52
52
40
48
46
23
-1
-27
-42
-45
-54
-64
-69
-79
-84
-84
-68
-44
-28
-20
-17
-19
-13
-10
-3
-4
-11
1
8
32
66
94
126
166
202
240
278
283
274
256
239
231
216
198
169
143
114
91
76
76
86
100
119
126
134
122
110
104
94
74
44
2
-14
-16
-23
-1
19
47
81
113
145
164
190
200
204
203
191
177
148
124
106
69
44
23
7
0
-9
-4
0
10
11
10
-3
-21
-36
-41
-47
-63
-76
-87
-89
-97
-90
-70
-57
-48
-39
-30
-31
-28
-24
-1
35
63
86
96
89
90
94
81
67
59
58
55
40
22
10
0
-3
-10
-9
-10
-7
-4
-27
-53
-83
-115
-130
-118
-102
-82
-51
-32
-15
-7
4
18
28
45
50
39
37
36
17
17
2
-27
-32
-34
-38
-29
-31
-40
-46
-40
-33
-36
-36
-41
-43
-45
-46
-44
-51
-60
-78
-85
-97
-103
-86
-71
-56
-32
-13
-12
-7
1
-4
-14
-20
-23
-26
-31
-43
-51
-52
-45
-41
-42
-41
-43
-58
-74
-86
-98
-94
-86
-86
-91
-107
-126
-138
-142
-136
-128
-126
-129
-127
-131
-134
-127
-120
-118
-111
-105
-105
-101
-105
-116
-127
-128
-129
-133
-135
-119
-100
-92
-82
-79
-83
-113
-128
-132
-150
-177
-194
-208
-211
-191
-181
-160
-144
-134
-132
-131
-128
-134
-147
-162
-166
-172
-186
-195
-203
-223
-230
-228
-224
-206
-173
-159
-151
-136
-130
-121
-133
-145
-163
-176
-168
-160
-147
-151
-154
-147
-152
-146
-137
-129
-122
-116
-105
-117
-133
-142
-160
-163
-157
-141
-133
-151
-162
-161
-155
-128
-103
-83
-59
-33
-19
-14
-1
6
8
12
21
15
24
31
36
41
33
34
34
48
47
45
40
46
50
47
52
48
53
44
49
49
34
27
22
24
15
26
39
59
92
119
139
150
175
195
196
207
208
195
184
184
178
175
175
180
195
211
235
222
212
211
217
228
230
232
209
187
164
139
113
102
104
106
116
128
143
151
148
155
170
185
188
174
154
132
118
101
81
62
49
41
27
22
25
8
-23
-47
-64
-69
-59
-46
-51
-67
-69
-80
-112
-121
-118
-129
-139
-136
-131
-129
-132
-132
-131
-126
-105
-95
-83
-78
-79
-89
-105
-104
-117
-111
-104
-105
-94
-84
-72
-66
-70
-73
-62
-71
-84
-94
-96
-96
-92
-75
-64
-41
-21
-11
-1
13
36
51
63
80
92
90
101
114
125
115
112
105
78
84
98
107
108
108
107
103
106
109
106
110
122
133
136
145
171
189
215
254
273
293
313
323
332
339
337
327
332
330
323
320
307
288
274
256
249
247
244
269
288
300
298
297
306
306
313
317
324
346
372
392
407
410
420
437
445
469
480
480
485
487
477
462
455
445
446
438
428
424
398
367
336
299
277
264
253
247
232
220
212
201
200
186
166
151
130
116
111
110
118
125
132
136
126
121
102
89
78
71
73
53
37
18
-11
-36
-60
-92
-126
-143
-162
-184
-195
-201
-213
-232
-246
-255
-264
-274
-278
-285
-294
-305
-335
-348
-339
-324
-306
-296
-291
-283
-286
-286
-273
-267
-253
-258
-263
-267
-277
-276
-292
-310
-332
-347
-356
-351
-340
-340
-343
-352
-363
-364
-365
-364
-347
-340
-316
-300
-306
-305
-315
-317
-306
-297
-304
-314
-307
-306
-306
-299
-300
-303
-301
-289
-285
-283
-269
-263
-256
-245
-229
-231
-231
-230
-238
-245
-246
-237
-235
-228
-226
-229
-226
-211
-189
-180
-183
-182
-179
-191
-200
-200
-190
-164
-147
-140
-129
-126
-131
-142
-127
-108
-103
-94
-85
-79
-74
-69
-80
-92
-93
-91
-81
-67
-38
-10
3
12
9
0
-21
-44
-47
-47
-39
-24
-27
-33
-38
-40
-42
-40
-41
-43
-20
-7
-10
-17
-30
-35
-31
-21
0
1
4
6
2
3
1
-4
-24
-33
-49
-71
-91
-123
-143
-135
-119
-107
-101
-101
-100
-97
-90
-88
-85
-92
-111
-130
-137
-134
-128
-117
-114
-111
-115
-108
-100
-90
-69
-54
-47
-53
-77
-105
-144
-167
-164
-176
-174
-171
-173
-154
-122
-99
-89
-75
-62
-62
-62
-47
-43
-48
-44
-32
-24
-16
-4
-4
-5
7
24
56
94
115
136
140
139
137
126
125
124
129
134
146
151
153
170
178
176
169
164
157
141
129
121
123
132
140
139
124
123
128
140
151
156
167
173
181
189
196
201
191
178
155
135
135
148
155
177
196
189
182
183
182
167
156
145
129
128
122
118
123
134
142
146
149
150
152
156
164
178
183
178
167
145
128
114
105
111
106
104
111
111
133
155
168
180
171
153
143
136
114
89
61
42
27
15
15
25
38
50
61
54
55
56
50
44
34
28
20
15
19
35
57
64
69
64
46
35
22
11
6
3
0
-9
-20
-37
-57
-69
-73
-79
-77
-61
-57
-50
-47
-58
-70
-74
-69
-72
-74
-70
-68
-64
-43
-21
0
18
23
32
47
47
42
51
54
51
61
76
75
70
67
66
65
66
62
57
49
45
38
19
17
4
-22
-10
3
18
38
46
58
68
60
53
56
54
56
50
39
23
22
33
41
40
27
25
24
34
59
66
62
61
68
72
69
59
32
16
13
15
16
20
25
24
32
42
47
54
57
41
30
22
22
27
22
18
13
5
15
13
-2
-7
-9
-13
-29
-44
-64
-81
-88
-93
-89
-80
-65
-60
-73
-82
-80
-83
-67
-59
-66
-77
-93
-92
-93
-93
-91
-96
-100
-101
-105
-103
-88
-81
-85
-92
-90
-94
-90
-74
-58
-50
-41
-26
-22
-22
-20
-14
-11
-14
-11
-20
-37
-36
-42
-43
-44
-63
-87
-91
-77
-66
-57
-47
-47
-57
-60
-68
-63
-48
-28
-12
-16
-24
-53
-63
-67
-62
-49
-24
-2
15
39
48
59
62
65
64
68
56
47
30
20
32
31
42
42
46
44
43
53
74
86
89
88
72
64
60
51
45
33
19
23
36
52
59
71
84
95
101
99
96
78
84
88
87
102
104
97
102
111
119
123
120
120
114
117
107
101
101
95
70
51
43
24
28
41
56
59
62
68
68
62
63
65
49
43
32
30
35
34
23
16
14
0
-3
-4
2
17
18
24
24
26
32
37
39
30
25
20
19
25
25
27
23
15
12
1
10
21
18
32
35
32
28
22
19
13
-5
-14
-21
-32
-33
-47
-65
-74
-83
-84
-84
-93
-102
-109
-104
-94
-93
-95
-95
-101
-109
-106
-101
-95
-102
-104
-97
-88
-68
-73
-83
-78
-78
-78
-86
-91
-86
-73
-64
-54
-42
-47
-56
-59
-64
-62
-42
-36
-38
-37
-46
-64
-86
-106
-122
-133
-136
-130
-121
-114
-99
-74
