-79
-9
10
7
49
45
22
36
-18
27
102
66
19
34
129
38
-62
3
41
36
45
40
60
-1
-96
45
79
7
40
91
120
57
26
135
151
22
17
88
143
38
-21
85
76
14
41
160
205
123
66
147
175
131
160
203
175
74
48
103
76
45
62
58
113
42
47
95
18
-1
-45
3
54
62
-5
17
56
-3
33
27
48
-44
-46
18
-45
-59
-24
-6
-31
-39
-7
80
38
20
13
49
47
53
84
-21
33
-24
-66
-55
8
32
-80
-41
-1
58
-33
-54
33
-12
-74
-72
-16
-60
-112
-93
-48
-47
-90
-78
-54
-75
-83
-81
-26
-45
-73
-44
-29
12
-23
10
2
-15
-12
-41
-21
-56
-92
-76
-126
-176
-102
-95
-85
-60
-73
-88
-66
-65
-164
-104
-30
-116
-121
-119
-119
-89
-115
-130
-61
-13
-111
-54
-17
-17
8
-45
-25
25
90
27
26
57
20
-52
-66
64
47
-15
-32
-40
-58
-137
-101
-6
28
-29
-51
52
-8
-50
15
33
-7
-44
41
71
-101
-93
0
-44
-24
-47
99
176
88
21
26
91
44
84
102
51
40
66
5
-45
31
67
2
32
68
-56
-66
-5
38
-2
-47
76
52
-35
91
-1
8
129
-35
65
55
-30
31
3
-57
-71
24
34
86
9
48
91
0
82
36
5
-76
-44
31
-120
-96
-35
-61
-102
-207
-95
47
-110
-90
-80
-90
29
-73
-79
57
49
18
11
-94
53
43
-63
68
32
53
109
25
22
65
-18
49
-12
14
19
-9
10
-154
16
24
-55
-84
32
6
-155
-70
-93
-24
61
22
-127
15
136
11
-42
-10
75
124
76
14
240
198
-6
88
180
117
72
141
172
66
-54
5
33
76
34
-14
30
-27
-64
-23
-27
-47
-140
-125
72
-109
-133
-51
-29
13
-100
-46
124
169
-17
89
53
97
132
-5
282
217
30
27
117
134
33
14
85
116
-16
20
80
54
29
14
12
0
40
50
49
16
-45
-59
-63
61
72
-39
56
99
-29
13
117
94
110
69
122
118
47
41
29
149
67
-10
71
27
19
-77
-60
-17
-104
-26
-80
-129
-111
-131
-153
-171
-87
8
-141
-166
-6
-152
-128
-128
-68
-11
-155
-138
-104
-71
-123
-39
-56
-67
-51
-86
-33
-56
-43
-89
-52
-83
-93
-94
-102
-23
-141
-54
15
-97
-87
-111
-60
-88
-44
-33
-136
-5
-56
-53
1
-32
-70
12
-1
-49
37
-48
-10
-28
29
-41
57
53
-117
71
-40
-20
65
33
-3
7
-10
24
56
-22
66
-34
-91
36
-17
-75
-29
-64
-65
-101
-99
24
-1
-104
-71
-68
-82
-34
-95
-6
-13
-7
-28
-37
79
-78
-25
61
8
-32
68
37
17
63
-49
47
51
124
40
26
151
58
63
5
8
111
36
-9
14
78
19
-5
145
55
109
38
82
177
84
-7
111
157
-93
72
13
24
58
12
15
76
15
36
183
-34
106
69
-7
131
14
8
123
-13
91
125
-18
130
73
56
117
42
37
129
78
-4
12
97
58
-27
3
11
107
26
-22
107
39
33
27
24
24
19
60
-45
-18
1
36
6
23
29
-13
64
-12
-6
91
64
-27
91
28
57
59
-26
97
59
76
-25
3
52
7
-33
77
15
-61
86
-45
67
36
-79
9
62
5
24
-51
-91
68
-149
-74
24
-98
-55
-102
-165
-25
8
-95
8
-29
-79
-156
-103
100
2
-71
-12
-56
-9
26
-111
63
111
-119
-35
29
-14
55
-32
52
98
-33
63
-2
-10
52
-17
-79
58
-19
-64
39
-110
0
-85
-65
23
-129
-34
-88
-133
-30
-49
-81
42
-30
-105
12
-38
-40
-54
-88
-54
-23
-176
-99
23
-135
-37
-121
-116
-43
-103
-47
-39
-21
-22
-42
-53
1
-51
-36
-33
-39
-20
-47
16
9
-27
1
78
45
55
69
79
112
25
91
107
75
129
25
43
25
46
62
-14
112
43
-36
4
-35
-53
95
-79
-101
77
-198
-105
-32
-137
-32
-15
-106
-54
-106
-225
-91
-168
-72
-47
-186
-49
-133
-75
-52
-47
58
-73
-65
-44
-61
-75
19
20
15
27
-83
-30
-34
-15
-9
82
112
56
132
46
87
145
115
90
35
77
43
65
52
135
118
74
138
-42
113
98
37
116
22
-46
29
-16
-120
120
-77
-49
16
-129
-77
-55
-34
-112
6
-117
-89
-8
-147
17
41
-117
-3
27
-31
57
-28
-51
-19
-77
-27
33
-11
47
20
34
55
33
107
40
61
96
110
64
81
137
111
43
20
119
108
16
125
147
65
138
-13
69
156
88
130
144
136
151
106
14
100
36
135
85
22
83
-21
-45
-14
-57
-70
128
-101
-17
27
-132
52
-60
-40
48
-88
-85
0
-159
-64
-1
-49
42
-23
-43
64
41
-43
105
104
19
84
62
-1
124
24
80
184
50
140
67
69
87
45
31
73
63
90
4
11
170
5
123
-48
-31
64
-175
21
-79
-183
-55
-167
-148
-51
-132
18
7
-146
-72
-179
-129
-91
-222
-99
-22
-51
-81
-64
-84
-106
-81
-137
-67
-54
-133
-202
-118
-134
-164
-87
-110
-11
-104
-62
-60
-95
-63
-93
-42
-127
-46
-150
-118
-76
-182
-28
-49
-64
-45
-44
-38
81
-20
-60
64
-72
26
-79
-73
85
-3
-7
-6
0
-39
2
-44
-103
-74
-38
-41
-97
5
-95
-110
-11
-179
-60
-149
-189
-98
-225
-189
-213
-83
-185
-175
-126
-127
-57
-78
-56
-156
-57
-198
-75
-44
-195
-31
-59
-100
-114
-137
-75
74
-80
7
-3
-165
-51
-241
-137
-8
-57
21
9
-22
3
-10
9
107
20
5
-95
-22
38
-90
99
129
91
114
86
130
308
106
133
237
61
200
137
165
175
159
73
161
213
18
205
149
53
98
20
31
103
9
0
56
-29
47
58
-141
-51
64
-91
-87
-78
-98
83
-13
-144
74
-103
-76
39
-71
91
6
-20
0
-49
-42
36
31
-4
127
104
113
124
128
129
30
3
94
182
74
67
78
32
165
111
72
174
135
104
137
35
79
186
30
120
67
65
284
99
119
236
63
57
211
136
193
285
127
258
133
76
337
173
138
223
157
173
162
171
208
130
53
115
63
63
154
-145
104
60
-173
168
-93
79
164
-84
-81
8
83
-8
49
59
-5
-109
-37
-33
67
128
-12
78
87
-58
142
187
156
245
7
82
175
132
126
144
70
68
114
152
46
85
259
-68
48
-47
-51
123
-80
-6
103
-30
-83
74
-123
12
58
-81
43
76
52
50
52
-40
63
72
25
69
188
122
1
37
111
90
-3
41
89
-31
-188
73
-98
-67
70
-164
78
-85
-328
-213
-251
-267
-67
-203
-194
-171
-300
-169
-395
-349
-69
-209
-254
-247
-361
-39
-185
-418
-29
-103
-189
-12
-60
-88
-51
-93
16
-50
-38
112
131
64
-37
0
53
125
2
52
167
4
-81
-11
12
-18
25
-36
-43
40
-114
-55
-55
-144
40
-209
-141
-8
-140
-20
-150
-208
47
-89
-151
175
-168
-123
1
-333
-156
-100
-124
4
-99
-127
-94
-232
-58
-28
-55
-18
-109
-197
-191
-100
-139
-155
-176
-49
-148
-203
-199
-43
10
-313
-155
-97
-228
-167
-95
-50
-133
-266
56
40
-161
32
-123
-120
-61
-254
-45
124
-54
56
-100
-143
71
80
277
73
-77
171
-69
-97
164
19
253
219
-157
135
233
60
222
193
20
95
146
74
113
104
222
195
-10
206
126
55
-20
9
122
11
251
92
24
158
1
-13
94
44
74
69
-167
54
97
63
226
123
-35
19
-39
-68
78
100
144
16
69
-141
-52
217
10
70
194
-82
-186
10
-127
45
-64
-23
274
80
-317
124
366
-443
-71
141
-38
100
-91
-21
469
101
-83
264
-116
106
23
-175
235
217
116
346
89
104
503
-10
159
381
-64
135
145
33
501
210
-92
409
199
-62
0
175
212
-134
-16
104
-84
-132
-105
57
167
-130
-148
274
4
-231
-40
-113
-18
8
-60
108
57
-247
-14
-56
-117
229
-52
-174
83
-150
-209
336
83
32
-32
-212
148
-115
-166
153
81
-96
-187
-215
137
-135
44
90
-215
282
-126
-306
131
114
-92
95
8
123
171
-148
69
238
-15
-84
152
-95
91
135
11
123
108
-58
-48
-33
-197
72
-20
26
0
-125
-80
-131
-149
-129
0
46
-48
-272
-194
-7
31
-199
-177
52
-134
-65
-48
-134
-21
-203
-212
-46
33
-118
-29
-2
-254
-151
-125
72
103
-30
-256
-211
-15
-186
-264
11
209
-91
-307
-249
67
-174
-275
-71
-58
-72
-222
-84
-146
-309
-66
129
23
26
-168
-204
59
-5
-172
163
307
42
-48
-437
-191
291
-100
26
392
-89
45
19
-574
28
179
-97
193
-145
-65
113
-374
-72
188
-75
101
-34
-313
-95
-303
-179
282
53
-90
-133
-447
-40
102
-434
170
247
-220
-309
-441
123
417
-42
-18
200
-108
-105
-118
-1
168
-19
61
117
100
51
-3
-57
41
118
221
400
95
-206
-211
-200
-5
146
175
262
-9
-315
-257
-202
131
318
-35
40
-47
-355
-82
24
11
83
3
-84
39
49
-59
31
-15
-17
227
246
120
182
-22
-15
218
130
95
223
232
10
44
199
142
8
108
42
106
226
65
172
11
-138
-12
150
96
180
120
-86
-7
-96
-5
43
32
75
23
-104
10
-3
-93
19
-22
109
176
156
164
38
-55
9
35
181
218
258
168
-164
8
112
37
169
198
-3
92
90
30
224
210
203
183
222
78
146
277
126
179
64
-8
101
124
56
65
87
117
120
25
22
-17
-31
-141
-28
33
27
111
-40
-2
-81
-42
-60
-130
21
1
-111
-109
-82
-246
-174
-32
-29
-32
10
-101
-120
47
35
0
43
110
73
90
151
78
97
110
4
163
148
51
69
13
-29
-54
19
-6
13
46
157
171
120
164
144
75
-17
-3
36
35
48
116
10
-69
-9
-31
-1
105
94
84
140
141
169
162
123
30
-15
78
106
28
52
142
33
-38
-23
-106
-67
-82
-111
-169
-360
-424
-461
-481
-612
-757
-728
-780
-891
-897
-984
-1013
-956
-1002
-980
-919
-907
-865
-724
-744
-721
-556
-504
-420
-358
-376
-333
-300
-274
-311
-364
-308
-331
-225
-129
-41
42
57
110
124
222
347
451
523
566
600
626
631
777
786
774
849
949
1053
1022
1162
1104
1070
1071
1007
999
935
921
913
925
934
964
892
954
1016
985
1072
1171
1127
1165
1281
1242
1356
1416
1443
1520
1361
982
512
-499
-1832
-2478
-2588
-3030
-3470
-3380
-3499
-3560
-2972
-2270
-1849
-1282
-659
-535
-713
-736
-617
-402
-91
-157
-317
-298
-180
36
246
232
-54
-380
-615
-839
-1188
-1360
-1353
-1246
-1101
-806
-400
111
776
1398
1827
1849
1901
2020
1865
1515
1159
705
199
-75
-261
-466
-587
-636
-676
-603
-551
-715
-818
-835
-1139
-1477
-1617
-1646
-1622
-1394
-1111
-1085
-879
-259
226
430
747
735
445
263
90
-242
-462
-474
-653
-669
-502
-380
-299
-59
203
334
421
632
785
888
1131
1290
1525
1796
1993
2026
2056
2009
1920
1849
1750
1651
1455
1397
1403
1427
1312
1299
1279
1260
1389
1496
1699
1780
2051
2426
2626
2940
3369
3792
4269
4142
2322
-571
-2639
-3193
-3315
-3913
-4502
-4982
-5218
-4634
-3732
-2736
-1501
-299
16
-616
-1182
-1285
-735
106
266
-411
-886
-650
25
693
873
488
-124
-672
-1251
-1807
-2301
-2409
-2142
-2030
-1937
-1559
-561
888
2103
2727
2901
3024
3300
3534
3233
2310
1233
293
-400
-846
-1237
-1505
-1562
-1539
-1538
-1610
-1650
-1410
-1107
-1000
-1092
-1187
-1035
-704
-228
140
365
548
722
824
536
-205
-951
-1392
-1717
-1993
-2130
-2216
-2124
-1763
-1439
-1115
-854
-566
-282
-282
-423
-475
-482
-372
-177
-261
-257
-28
218
329
340
253
133
199
208
129
99
161
283
385
473
504
508
739
899
878
921
983
1163
1524
1830
1897
2060
2246
2259
2298
2417
2434
2511
2691
2758
2881
3159
3643
4158
4272
3048
-50
-3287
-4664
-4806
-5039
-5302
-5325
-5183
-4536
-3191
-1793
-14
2035
2852
2200
1164
461
300
805
1119
423
-482
-538
-103
355
687
485
-110
-881
-1601
-2189
-2449
-2012
-1284
-780
-296
479
1475
2613
3830
4531
4295
3868
3571
3099
2393
1459
273
-968
-1773
-2259
-2557
-2525
-2277
-2122
-2095
-1973
-1760
-1556
-1184
-828
-885
-729
-392
-163
237
605
766
874
980
815
473
11
-657
-1506
-2226
-2534
-2747
-2748
-2397
-2122
-1961
-1545
-1052
-652
-130
255
221
18
-57
-77
-9
266
404
272
350
540
418
295
201
-43
-365
-674
-831
-767
-477
-84
365
622
714
988
1219
1372
1572
1601
1425
1397
1590
1670
1679
1665
1415
1075
891
841
752
800
1111
1386
1681
2250
3045
3791
4295
4087
2327
-855
-3890
-5090
-4736
-4463
-4589
-4453
-3742
-2385
-764
664
2206
3509
3563
2392
947
122
186
727
960
436
-301
-99
809
1376
1255
610
-251
-1099
-1656
-2028
-1959
-1145
69
1068
1606
2260
3232
4272
5063
5079
4237
3381
2964
2429
1556
609
-378
-1326
-1922
-2241
-2469
-2449
-2241
-2118
-2014
-1701
-1193
-585
102
698
856
679
600
510
269
-13
-389
-933
-1345
-1503
-1663
-1796
-1855
-2013
-2483
-3165
-3604
-3721
-3685
-3385
-3092
-3022
-2904
-2476
-1811
-1250
-700
-246
-48
89
152
0
-246
-411
-689
-1151
-1544
-1736
-1851
-1819
-1596
-1413
-1291
-1057
-644
-117
488
1027
1312
1343
1364
1492
1540
1448
1412
1312
1061
941
846
710
652
697
720
675
788
1114
1482
1864
2277
2635
3117
3789
4431
4862
4899
4289
2899
429
-2757
-4833
-4976
-4331
-4028
-3740
-2984
-2067
-995
232
1506
2751
3245
2623
1651
1098
1121
1562
2028
2029
1701
1566
1663
1737
1446
713
-228
-1259
-2123
-2519
-2325
-1746
-1109
-537
82
880
1888
2872
3362
3355
2987
2366
1714
1229
789
186
-494
-1275
-1888
-2212
-2319
-2292
-2261
-2204
-2142
-1986
-1556
-935
-445
-111
-6
-164
-366
-301
-31
70
147
143
-32
-26
203
214
53
-133
-696
-1554
-2268
-2845
-3437
-3576
-3331
-3120
-2634
-1594
-538
148
829
1078
714
391
86
-533
-1044
-1243
-1649
-1937
-1698
-1393
-1084
-563
-209
-121
-35
104
126
-5
-81
-107
0
301
729
1187
1593
1927
2054
1892
1673
1377
955
616
336
157
119
344
589
731
1047
1417
1825
2275
2589
2715
3058
3581
3961
4377
4592
4086
3084
1516
-1336
-4028
-4496
-3588
-3132
-2939
-2157
-1254
-538
379
1589
2761
3279
2837
1923
1118
746
1042
1813
2263
1939
1391
1195
1276
1062
312
-750
-1978
-3036
-3422
-3192
-2657
-1799
-728
365
1290
2103
2762
3011
2734
1954
1099
474
187
98
-159
-720
-1403
-1850
-2081
-2228
-2231
-2243
-2389
-2362
-2010
-1579
-1014
-305
202
448
653
774
761
789
751
503
264
5
-287
-422
-571
-868
-1357
-1903
-2410
-2788
-2974
-3055
-2900
-2741
-2670
-2229
-1325
-466
146
571
365
-213
-257
-77
-175
-38
86
-308
-623
-616
-623
-473
-193
-329
-758
-962
-930
-776
-530
-413
-446
-312
-26
234
444
531
510
497
431
337
447
600
661
671
497
281
380
759
999
1211
1474
1582
1699
1984
2270
2464
2709
2839
2862
2956
3241
3573
3494
3032
2696
2149
86
-2763
-3856
-2968
-2155
-1764
-1013
-471
-611
-546
323
1289
1831
1886
1347
437
-94
264
1202
1748
1450
897
590
384
47
-396
-971
-1755
-2751
-3337
-3093
-2374
-1390
-493
-143
-123
189
638
712
586
438
257
327
890
1722
2391
2657
2357
1443
335
-576
-1296
-1933
-2575
-3140
-3352
-3039
-2321
-1287
-187
478
665
709
650
375
199
109
-282
-869
-1201
-1109
-795
-436
-320
-541
-822
-1018
-1159
-1381
-1750
-2078
-2225
-2275
-2170
-1658
-888
-95
685
1157
1044
623
232
-143
-389
-423
-429
-479
-427
-313
-147
97
226
318
308
-22
-363
-518
-595
-528
-298
-98
74
432
853
1182
1418
1440
1198
959
928
919
916
1018
1200
1369
1522
1577
1520
1542
1481
1233
978
783
691
846
1276
1913
2667
3516
4292
4556
4264
3983
3725
2091
-1059
-3251
-2977
-1756
-1216
-708
161
397
104
304
877
1123
909
257
-699
-1282
-708
846
2183
2438
2006
1679
1463
1097
550
-260
-1346
-2476
-3291
-3572
-3246
-2572
-2059
-1936
-1923
-1468
-521
531
1379
1849
2042
2259
2556
2704
2517
1845
758
-353
-1359
-2138
-2288
-2105
-2296
-2743
-2988
-3185
-3279
-3019
-2873
-3026
-2936
-2431
-1755
-651
745
1739
2267
2451
2086
1331
674
-45
-1006
-2004
-2830
-3179
-2928
-2367
-1995
-1860
-1759
-1671
-1804
-2093
-2194
-2418
-2640
-2278
-1666
-1235
-515
470
892
980
1092
784
144
-341
-928
-1705
-2063
-2185
-2264
-1866
-1245
-899
-605
-159
60
36
98
99
-19
41
477
1095
1602
2072
2474
2738
2880
2857
2638
2161
1685
1221
693
456
523
687
969
1328
1619
1881
2234
2537
2705
2922
3259
3532
3444
3215
3469
3741
2670
708
-52
719
1362
876
93
-519
-1296
-1861
-1797
-1551
-1368
-736
-142
-221
-359
172
910
913
488
170
46
75
155
111
-159
-354
-561
-1028
-1630
-2101
-2342
-2423
-2337
-2300
-2199
-1702
-815
147
855
1353
1595
1581
1476
1176
546
-120
-672
-1244
-1647
-1732
-1587
-1429
-1322
-1307
-1312
-1127
-895
-731
-568
-381
-315
-408
-553
-685
-661
-425
-219
-123
130
478
762
861
725
393
-83
-664
-1374
-2146
-2941
-3335
-3047
-2706
-2628
-2333
-1674
-1082
-687
-363
-291
-305
-208
-281
-405
-291
-13
231
291
75
-132
-145
-248
-387
-437
-597
-803
-702
-509
-374
29
596
1013
1336
1738
2035
2164
2283
2275
2025
1712
1610
1679
1885
2218
2411
2352
2069
1692
1409
1202
1060
1049
1268
1807
2596
3509
4568
5591
6319
6573
6018
4882
3869
3162
1776
-585
-1932
-1006
451
433
-358
-926
-1655
-2329
-2396
-2192
-2193
-1874
-1084
-525
-259
336
1260
1556
1096
798
923
809
300
-457
-1558
-2509
-2818
-2910
-3238
-3501
-3416
-3016
-2515
-2138
-1978
-1906
-1704
-1321
-667
227
1146
1901
2471
2734
2661
2446
1942
886
-325
-994
-1170
-1244
-1233
-1217
-1313
-1317
-1200
-1269
-1548
-1770
-1874
-1825
-1657
-1346
-697
47
470
520
433
272
58
-279
-802
-1208
-1404
-1474
-1584
-2040
-2788
-2832
-2111
-2027
-2501
-2479
-2178
-2026
-1780
-1793
-2297
-2552
-2416
-2321
-2089
-1559
-1115
-931
-989
-1092
-953
-802
-706
-376
37
296
584
868
885
842
837
677
548
702
1015
1290
1410
1423
1463
1455
1321
1160
1150
1355
1664
1836
1897
2195
2575
2782
2949
3183
3555
3918
4068
4117
4285
4461
4617
4592
3886
2744
2161
2104
827
-1351
-1745
-37
1099
385
-384
-584
-1292
-2029
-1507
-302
217
358
547
124
-784
-1021
-685
-975
-1613
-1257
-9
674
441
-29
-601
-1370
-2117
-2601
-2919
-2861
-2327
-1871
-1631
-1074
-180
262
372
745
1301
1773
2042
1995
1475
870
453
-17
-469
-445
186
974
1573
1837
1657
1101
286
-681
-1458
-1671
-1461
-1241
-962
-532
-313
-328
-372
-588
-1102
-1581
-1714
-1620
-1348
-1027
-865
-855
-958
-1089
-1187
-1695
-2640
-2924
-2303
-1621
-1374
-1521
-1874
-2140
-2086
-1912
-1768
-1605
-1528
-1792
-2267
-2601
-2763
-2883
-2847
-2306
-1281
-130
904
1520
1602
1508
1377
995
492
176
17
64
361
741
1105
1446
1665
1618
1513
1479
1485
1452
1404
1581
1976
2340
2462
2434
2420
2584
2978
3274
3239
3117
3151
3228
3223
3459
3901
3857
3227
2904
2959
1761
-175
-139
1664
2096
334
-1005
-1107
-1667
-2603
-2180
-689
24
-150
-476
-1138
-1964
-1956
-1380
-1467
-1665
-852
379
738
264
-91
-197
-284
-361
-334
-251
-150
-52
-163
-303
-219
4
-76
-474
-549
-89
450
463
213
144
21
-295
-538
-520
-296
201
762
942
888
932
886
532
108
-75
13
139
-11
-494
-993
-1425
-1842
-2155
-2235
-2110
-1910
-1686
-1581
-1636
-1749
-1699
-1638
-1791
-1970
-2052
-2028
-1973
-1788
-1652
-1861
-2215
-2471
-2610
-2683
-2687
-2697
-2626
-2350
-2015
-1897
-2037
-2051
-1837
-1624
-1465
-1262
-970
-709
-394
-155
-159
1
431
820
893
895
1072
1288
1557
1744
1815
1894
2082
2265
2242
2219
2291
2351
2311
2287
2292
2113
1892
1680
1464
1371
1428
1604
1897
2338
2759
2937
2969
3203
3593
3433
2682
2451
2608
1500
-177
177
2135
2514
637
-842
-970
-1648
-3033
-2992
-1545
-876
-1459
-2032
-2239
-2360
-1972
-1316
-1185
-1195
-575
65
-283
-989
-947
-390
-59
173
609
1056
1380
1433
1096
761
889
1057
754
377
412
680
850
849
764
884
1125
1063
733
595
781
932
835
644
565
566
545
408
247
305
429
283
-141
-606
-1009
-1431
-1814
-2081
-2268
-2351
-2293
-2132
-1986
-1844
-1607
-1358
-1260
-1285
-1334
-1517
-1888
-2273
-2509
-2579
-2650
-2852
-2912
-2674
-2285
-1884
-1671
-1609
-1558
-1410
-1382
-1646
-1847
-1812
-1661
-1453
-1035
-536
-211
24
173
192
254
376
317
126
93
244
435
747
1248
1787
2318
2848
3265
3433
3357
3242
3084
2759
2449
2297
2135
1870
1790
1947
1981
1780
1698
1960
2227
2348
2506
2723
2903
2783
2522
2731
3239
2723
1199
996
2629
3404
1748
-90
-246
-502
-1759
-2066
-783
-72
-1005
-2094
-2490
-2615
-2422
-1741
-1423
-1794
-1880
-1415
-1274
-1630
-1413
-479
125
217
385
580
351
-11
-69
105
336
583
711
551
445
747
1127
1037
698
650
667
462
202
115
191
324
498
646
668
540
334
39
-367
-720
-837
-949
-1344
-1804
-2018
-1987
-1858
-1653
-1486
-1516
-1595
-1492
-1372
-1387
-1354
-1240
-1247
-1524
-1847
-2020
-2209
-2485
-2620
-2407
-2235
-2347
-2547
-2686
-2668
-2540
-2305
-2091
-1840
-1434
-1072
-962
-968
-737
-455
-456
-616
-685
-778
-897
-865
-922
-1049
-854
-296
151
324
529
874
1280
1747
2225
2621
2895
3092
3332
3369
3133
2952
2869
2749
2513
2257
2095
1912
1630
1460
1344
1185
1197
1416
1757
2152
2594
2867
2625
2389
2801
2832
1790
1511
2984
3816
2108
31
119
693
-365
-1390
-727
-99
-1261
-2921
-3287
-2721
-2250
-1872
-1542
-1445
-1258
-940
-941
-1185
-966
-277
45
-138
-200
3
-4
-204
-69
420
795
754
471
357
556
983
1458
1808
2104
2344
2305
1984
1814
1974
2078
1823
1360
943
382
-319
-798
-978
-1056
-1254
-1542
-1789
-1942
-1961
-1904
-1898
-1802
-1441
-1020
-948
-1289
-1582
-1581
-1503
-1459
-1301
-970
-703
-862
-1275
-1233
-796
-963
-1763
-1982
-1519
-1526
-2193
-2781
-2961
-2827
-2546
-2182
-1847
-1659
-1501
-1465
-1602
-1618
-1351
-1159
-1318
-1481
-1377
-1286
-1328
-1293
-1208
-1042
-691
-332
-77
289
844
1354
1829
2459
3076
3309
3305
3434
3653
3748
3716
3623
3463
3125
2691
2421
2283
2315
2564
2738
2522
2024
1714
1713
1694
1677
1887
1931
1803
2118
2353
1566
861
1903
3272
2439
324
-199
436
-213
-1393
-954
250
-77
-1571
-2218
-1784
-1290
-959
-576
-517
-756
-955
-1240
-1614
-1631
-1129
-791
-1049
-1413
-1399
-1236
-1223
-1075
-774
-737
-1011
-1256
-1240
-942
-208
874
1796
2147
2167
2206
2100
1828
1656
1731
1895
1871
1614
1243
857
502
245
107
-139
-550
-1004
-1515
-1986
-2293
-2274
-2011
-1745
-1630
-1699
-1904
-2254
-2540
-2662
-2659
-2594
-2499
-2396
-2409
-2354
-2059
-1676
-1413
-1234
-1070
-1095
-1196
-1224
-1265
-1386
-1553
-1658
-1685
-1580
-1511
-1518
-1366
-1168
-1161
-1353
-1448
-1379
-1347
-1408
-1452
-1382
-1334
-1320
-1265
-1140
-905
-491
132
725
1236
1768
2229
2466
2496
2615
2856
3006
3067
3042
2980
3039
3291
3521
3465
3255
3105
2948
2685
2464
2297
1988
1619
1501
1652
1660
1470
1548
1425
508
231
1663
2801
1592
-524
-935
-69
-6
-490
-21
912
664
-624
-1368
-953
-229
-66
-300
-413
-354
-485
-932
-1144
-671
-117
-202
-715
-1219
-1604
-1890
-1947
-1582
-906
-484
-732
-1338
-1571
-1111
-519
-178
273
880
1112
924
968
1393
1756
1961
2193
2378
2338
2059
1600
1313
1496
1705
1428
807
199
-273
-617
-703
-630
-786
-1204
-1632
-1955
-2197
-2331
-2434
-2619
-2805
-2807
-2601
-2416
-2430
-2461
-2103
-1420
-1037
-1177
-1349
-1339
-1355
-1312
-1030
-789
-821
-1003
-1232
-1296
-1038
-669
-570
-769
-974
-1041
-1073
-1062
-939
-819
-773
-833
-923
-917
-836
-650
-462
-460
-431
-194
-22
10
266
796
1321
1692
2004
2337
2615
2801
2945
3072
3220
3466
3655
3627
3521
3552
3676
3697
3459
3015
2655
2411
2118
1962
2120
2116
1506
857
614
196
-198
506
1769
1713
205
-635
-2
470
155
318
1112
985
-426
-1520
-1314
-632
-413
-461
-489
-745
-1181
-1446
-1423
-1187
-840
-729
-1260
-2127
-2635
-2589
-2330
-1985
-1557
-1302
-1365
-1692
-1898
-1670
-1100
-514
-220
-119
47
210
219
249
609
1303
1935
2046
1711
1432
1484
1718
1919
2017
1927
1493
751
138
-63
-13
-91
-421
-772
-1066
-1445
-1986
-2444
-2656
-2815
-3147
-3546
-3762
-3775
-3681
-3501
-3138
-2628
-2437
-2860
-3112
-2465
-1673
-1623
-1846
-1652
-1365
-1406
-1392
-944
-394
-259
-555
-912
-1019
-808
-554
-521
-536
-270
85
160
201
448
633
528
323
251
180
5
-58
186
611
1002
1249
1324
1445
1732
2013
2145
2296
2632
2842
2809
2926
3367
3795
3956
3999
3989
3835
3457
2960
2688
2712
2814
2679
2161
1514
1168
1202
1092
800
967
1584
1467
105
-910
-432
357
121
-343
-9
339
-354
-1453
-1522
-707
-290
-768
-1433
-1601
-1556
-1760
-2020
-1834
-1347
-1138
-1487
-2063
-2220
-1821
-1367
-1207
-1080
-839
-872
-1357
-1776
-1596
-978
-507
-429
-498
-428
-176
67
303
777
1493
1874
1640
1279
1299
1637
1863
1972
2117
2167
2039
1819
1633
1560
1507
1242
699
175
-158
-604
-1310
-1917
-2183
-2399
-2759
-3154
-3396
-3517
-3666
-3702
-3579
-3398
-3325
-3446
-3585
-3477
-3016
-2471
-2125
-1987
-1887
-1690
-1400
-1159
-1043
-1006
-961
-853
-622
-285
3
251
517
739
857
910
906
875
859
823
757
662
603
625
660
662
699
813
930
1014
1133
1330
1626
1937
2232
2561
2876
3211
3553
3867
4100
4202
4218
4110
3832
3540
3348
3225
3149
3035
2937
2884
2642
2073
1609
1430
1166
975
1458
2159
1695
250
-432
211
800
680
647
885
501
-849
-2012
-2051
-1404
-1090
-1443
-1986
-2290
-2383
-2413
-2239
-1766
-1223
-1062
-1503
-2104
-2265
-1997
-1742
-1600
-1396
-1224
-1350
-1831
-2233
-2100
-1571
-1147
-1050
-1000
-843
-794
-885
-732
-155
550
1042
1141
1021
1078
1424
1820
2071
2315
2466
2250
1735
1271
1119
1122
976
572
62
-399
-813
-1273
-1726
-2026
-2231
-2509
-2889
-3163
-3288
-3501
-3742
-3691
-3414
-3414
-3875
-4199
-3884
-3272
-3016
-3158
-3250
-3025
-2602
-2209
-1845
-1475
-1153
-1009
-993
-865
-421
218
589
550
473
641
857
966
1014
1020
948
747
475
268
135
-5
-116
-54
166
469
737
943
1218
1589
1967
2231
2464
2733
2979
3102
3178
3392
3657
3780
3761
3710
3556
3345
3177
3034
2846
2637
2480
2298
2097
1974
2010
1961
1579
1204
1479
2164
2145
1228
483
425
327
10
122
541
284
-817
-1730
-1851
-1513
-1103
-888
-1219
-1923
-2340
-2263
-2032
-1774
-1396
-1199
-1517
-2035
-2182
-1975
-1751
-1666
-1665
-1710
-1816
-1890
-1890
-1818
-1613
-1202
-799
-617
-527
-394
-230
-64
261
857
1451
1732
1763
1777
1860
2004
2206
2424
2493
2242
1757
1299
992
768
580
411
113
-369
-921
-1369
-1649
-1822
-2001
-2292
-2599
-2890
-3226
-3529
-3700
-3752
-3759
-3723
-3766
-3915
-4032
-3969
-3733
-3455
-3049
-2556
-2206
-2085
-2030
-1852
-1483
-995
-531
-196
-21
100
270
563
1026
1540
1839
1828
1592
1305
1132
1099
1135
1199
1258
1215
1144
1179
1375
1681
1951
2122
2233
2298
2376
2510
2646
2809
2956
3084
3241
3380
3428
3346
3093
2746
2505
2380
2276
2164
2151
2172
2086
1989
2049
2166
2071
1797
1395
894
625
1008
1747
1915
1351
793
606
432
293
618
1119
974
78
-916
-1513
-1589
-1065
-253
87
-363
-1097
-1601
-1909
-2017
-1774
-1433
-1453
-1863
-2305
-2529
-2529
-2363
-2170
-2019
-1868
-1685
-1498
-1398
-1308
-1093
-733
-318
60
380
652
822
854
847
974
1354
1794
1919
1695
1428
1331
1319
1248
1161
1083
811
256
-307
-722
-951
-1019
-1061
-1256
-1648
-2015
-2264
-2531
-2888
-3136
-3160
-3177
-3417
-3753
-3881
-3761
-3543
-3383
-3315
-3274
-3200
-3072
-2875
-2564
-2171
-1877
-1801
-1787
-1605
-1288
-944
-587
-256
-51
84
264
466
620
643
559
401
253
323
618
868
983
1093
1292
1491
1607
1785
2021
2168
2235
2313
2406
2503
2686
2920
3057
3104
3203
3298
3161
2811
2512
2345
2185
1944
1704
1537
1310
928
572
398
385
436
417
328
279
327
485
657
816
1063
1203
1082
1024
1324
1705
1750
1565
1470
1402
1169
1001
1174
1481
1525
1232
750
155
-447
-810
-885
-1009
-1310
-1659
-1942
-2148
-2242
-2191
-2137
-2231
-2404
-2414
-2303
-2223
-2168
-2102
-2059
-2016
-1877
-1596
-1218
-902
-672
-451
-251
-114
30
262
635
1050
1337
1407
1337
1377
1527
1546
1326
1045
860
677
422
244
245
198
-119
-568
-890
-1066
-1212
-1428
-1697
-1937
-2176
-2449
-2697
-2848
-2850
-2818
-2891
-3017
-3032
-2783
-2404
-2113
-1869
-1576
-1384
-1435
-1514
-1327
-941
-735
-779
-837
-803
-676
-463
-220
-49
-10
-13
42
96
136
306
597
855
1016
1198
1468
1673
1747
1810
1991
2247
2522
2769
2891
2981
3029
2938
2716
2461
2373
2440
2367
2185
2079
1955
1777
1567
1402
1260
1091
914
694
408
147
52
9
-21
-15
-1
30
104
278
556
803
923
1075
1318
1472
1556
1662
1741
1785
1894
2091
2182
2078
1895
1736
1523
1290
1180
1136
998
693
418
224
-66
-410
-664
-889
-1219
-1547
-1756
-1878
-2053
-2279
-2427
-2462
-2394
-2303
-2222
-2117
-1967
-1832
-1744
-1595
-1314
-980
-684
-391
-102
93
133
76
54
68
7
-85
-135
-159
-164
-172
-183
-204
-253
-335
-470
-674
-858
-967
-1085
-1237
-1416
-1570
-1662
-1798
-1972
-2080
-2064
-2042
-2181
-2357
-2375
-2185
-1968
-1876
-1831
-1764
-1745
-1735
-1569
-1302
-1116
-1099
-1096
-996
-856
-733
-696
-692
-623
-521
-428
-265
-34
232
399
388
350
448
632
789
958
1162
1407
1646
1862
2057
2219
2383
2513
2519
2414
2350
2321
2244
2152
2051
1876
1663
1499
1347
1137
876
717
615
344
-15
-162
-81
16
28
-28
3
55
66
132
265
481
710
806
841
966
1134
1290
1367
1390
1478
1550
1490
1449
1535
1651
1681
1639
1642
1735
1823
1849
1833
1646
1386
1149
875
564
254
53
-148
-404
-671
-906
-1153
-1456
-1630
-1683
-1728
-1770
-1729
-1619
-1520
-1444
-1317
-1092
-934
-958
-1047
-1093
-1107
-1138
-1213
-1226
-1153
-1093
-1125
-1182
-1171
-1094
-1017
-1002
-997
-998
-1061
-1161
-1229
-1227
-1161
-1148
-1260
-1416
-1538
-1576
-1539
-1482
-1427
-1382
-1347
-1332
-1323
-1275
-1175
-1060
-995
-955
-898
-827
-733
-633
-526
-420
-351
-343
-343
-322
-275
-170
-67
-30
-93
-172
-141
-67
-6
51
131
196
201
237
378
642
858
993
1167
1364
1556
1675
1745
1797
1856
1924
1949
1943
1910
1808
1620
1425
1306
1264
1197
1062
944
856
712
498
350
372
443
395
273
270
419
564
621
586
514
486
428
320
337
511
693
771
824
921
1043
1172
1316
1501
1673
1784
1863
1947
1985
2044
2151
2208
2209
2160
2044
1882
1723
1628
1567
1364
1073
850
715
587
437
312
196
34
-211
-431
-542
-561
-594
-715
-908
-1087
-1219
-1391
-1606
-1773
-1908
-2073
-2324
-2538
-2563
-2549
-2613
-2683
-2686
-2613
-2455
-2321
-2237
-2163
-2101
-1997
-1932
-1885
-1764
-1612
-1529
-1498
-1453
-1372
-1295
-1251
-1167
-1056
-987
-920
-822
-743
-647
-534
-394
-276
-243
-253
-280
-219
-122
-17
58
68
93
134
124
24
-42
-50
-51
-136
-291
-396
-474
-518
-486
-385
-264
-208
-200
-149
-47
24
85
180
225
191
130
150
262
339
391
442
479
415
289
279
363
408
370
310
292
310
370
484
568
598
636
654
661
739
751
648
531
467
462
446
429
541
708
783
900
1031
1142
1198
1254
1380
1479
1504
1595
1780
1889
1982
2036
2049
2053
2078
2111
2148
2157
2134
2150
2098
2039
2011
1933
1739
1599
1430
1202
1088
1035
1025
958
844
759
678
460
221
3
-240
-494
-763
-993
-1206
-1378
-1557
-1682
-1726
-1706
-1737
-1815
-1891
-1983
-2084
-2175
-2196
-2154
-2129
-2229
-2296
-2240
-2067
-1847
-1674
-1585
-1568
-1568
-1563
-1495
-1439
-1359
-1243
-1198
-1202
-1111
-945
-813
-749
-706
-549
-379
-262
-181
-132
-102
-40
54
114
140
161
226
259
282
323
318
280
273
308
340
332
330
406
423
336
253
221
172
33
-95
-150
-193
-304
-437
-488
-497
-542
-581
-616
-649
-685
-680
-636
-623
-582
-493
-360
-233
-118
-18
58
106
182
325
411
433
438
439
474
531
574
659
732
708
744
894
983
973
923
883
877
854
833
859
924
976
1024
1114
1315
1459
1456
1367
1282
1404
1532
1525
1562
1648
1638
1602
1613
1696
1781
1743
1639
1528
1460
1348
1253
1170
1047
989
934
775
637
537
371
244
32
-223
-362
-501
-625
-705
-858
-989
-1084
-1200
-1249
-1301
-1326
-1392
-1521
-1577
-1529
-1457
-1369
-1284
-1289
-1324
-1353
-1302
-1228
-1169
-1070
-990
-977
-998
-943
-849
-787
-747
-693
-649
-633
-591
-571
-577
-541
-430
-300
-270
-300
-315
-306
-244
-152
-156
-239
-295
-332
-367
-369
-277
-156
-163
-254
-297
-312
-342
-408
-469
-529
-606
-680
-748
-808
-880
-912
-901
-882
-854
-815
-803
-805
-802
-851
-874
-799
-728
-693
-681
-680
-550
-464
-499
-389
-199
-68
-26
-44
21
114
102
115
141
149
214
230
202
226
311
389
359
288
313
431
524
522
555
619
636
700
719
751
863
876
918
1050
1119
1242
1319
1256
1304
1303
1235
1265
1308
1380
1448
1450
1437
1483
1519
1512
1473
1400
1332
1259
1186
1137
1096
986
895
833
706
636
589
526
428
236
136
243
314
282
271
241
270
275
217
192
175
102
7
-95
-166
-149
-210
-300
-355
-361
-312
-270
-250
-258
-299
-327
-311
-361
-376
-331
-281
-326
-393
-403
-387
-329
-308
-268
-228
-268
-387
-416
-373
-346
-340
-358
-352
-360
-395
-420
-422
-452
-469
-530
-600
-675
-780
-821
-832
-913
-997
-941
-890
-961
-1089
-1088
-1027
-1096
-1169
-1118
-1058
-1106
-1119
-1054
-957
-845
-715
-633
-583
-514
-436
-335
-322
-315
-254
-230
-293
-252
-83
11
85
171
238
195
144
98
89
174
233
321
307
225
263
398
434
419
379
356
345
183
177
271
259
225
263
280
291
320
272
231
257
334
320
294
274
349
418
365
421
492
502
567
604
596
650
606
683
800
710
723
820
825
868
991
1073
1223
1286
1230
1232
1298
1322
1289
1300
1271
1279
1299
1293
1261
1151
1096
1100
1021
953
933
803
673
582
485
461
475
334
151
43
-4
-16
-75
-114
-199
-292
-363
-408
-379
-332
-406
-455
-448
-542
-572
-570
-586
-542
-495
-543
-622
-668
-690
-731
-774
-782
-884
-1042
-1177
-1226
-1219
-1238
-1302
-1369
-1452
-1516
-1571
-1669
-1682
-1692
-1718
-1722
-1747
-1738
-1635
-1609
-1633
-1580
-1544
-1422
-1352
-1395
-1400
-1366
-1328
-1207
-1096
-976
-824
-796
-757
-683
-494
-332
-327
-370
-315
-229
-228
-219
-163
-57
-50
-35
42
194
306
311
330
335
403
493
510
503
510
477
516
538
547
598
545
533
538
508
527
555
512
455
385
343
340
254
210
236
252
233
228
250
272
295
268
371
548
594
624
765
937
972
1046
1083
1118
1325
1474
1554
1573
1554
1568
1632
1629
1650
1779
1802
1732
1752
1806
1767
1816
1819
1761
1709
1569
1551
1439
1303
1331
1289
1175
1062
891
766
694
539
407
293
165
23
-70
-161
-213
-211
-287
-419
-479
-470
-523
-546
-660
-795
-823
-843
-930
-987
-977
-1045
-1052
-1093
-1048
-1023
-1050
-968
-1001
-1072
-1107
-1054
-1102
-1177
-1184
-1139
-1098
-1140
-1059
-1006
-987
-1016
-983
-1021
-1098
-977
-959
-1043
-1040
-995
-1003
-984
-1020
-1012
-1030
-1043
-997
-1065
-1052
-988
-927
-866
-840
-785
-677
-706
-678
-556
-528
-503
-503
-408
-339
-316
-218
-108
-39
-25
5
25
-26
-13
78
89
89
94
182
273
235
142
106
98
26
16
52
163
219
96
130
198
168
239
276
307
391
416
532
682
759
862
905
982
1047
1136
1440
1522
1570
1715
1625
1680
1771
1742
1802
1805
1711
1741
1731
1711
1742
1631
1637
1589
1542
1513
1484
1535
1459
1341
1231
1123
994
974
995
949
751
658
643
528
561
491
419
385
204
27
-37
-74
-118
-254
-439
-478
-627
-787
-819
-851
-960
-1121
-1196
-1253
-1341
-1416
-1354
-1443
-1512
-1518
-1516
-1435
-1512
-1527
-1542
-1512
-1508
-1428
-1303
-1182
-1104
-1113
-1143
-1130
-1001
-1068
-1064
-1051
-1008
-966
-976
-977
-942
-858
-959
-1052
-1127
-1156
-1186
-1159
-1155
-1153
-1114
-1163
-1226
-1257
-1292
-1264
-1117
-1258
-1224
-1052
-1161
-1076
-932
-920
-877
-834
-743
-612
-702
-582
-454
-435
-221
-211
-164
20
75
-20
109
73
63
273
161
244
241
165
225
212
249
332
284
254
406
452
553
605
570
701
761
811
1024
1132
1212
1353
1456
1495
1535
1594
1748
1768
1722
1841
1790
1898
1878
1755
1895
1886
1863
1848
1817
1863
1929
1771
1826
1952
1812
1929
1819
1638
1616
1582
1494
1424
1388
1352
1306
1094
1172
1238
1309
1230
1009
1010
868
759
817
775
641
676
542
420
394
263
97
4
-70
-270
-335
-428
-632
-768
-823
-955
-970
-982
-1208
-1247
-1317
-1374
-1332
-1377
-1340
-1264
-1283
-1371
-1373
-1367
-1259
-1315
-1410
-1218
-1224
-1374
-1273
-1197
-1295
-1147
-1150
-1132
-1077
-1247
-1195
-1075
-1188
-1266
-1143
-1190
-1244
-1271
-1303
-1304
-1358
-1376
-1343
-1399
-1352
-1335
-1497
-1338
-1262
-1242
-1141
-1107
-1041
-1013
-992
-846
-728
-715
-505
-460
-320
-166
-168
1
21
64
53
139
322
354
309
352
456
507
586
534
653
683
623
693
756
687
683
805
786
993
1087
1131
1179
1157
1241
1313
1330
1403
1475
1397
1483
1497
1526
1615
1586
1585
1680
1680
1732
1776
1554
1595
1612
1426
1329
1373
1357
1302
1215
1098
1150
964
915
877
633
790
802
558
649
612
525
694
463
384
393
194
222
199
149
217
171
53
30
-128
-128
-150
-261
-282
-272
-202
-322
-500
-519
-547
-694
-629
-708
-768
-739
-978
-1055
-947
-1096
-1074
-956
-1189
-1073
-1096
-1233
-1172
-1293
-1294
-1338
-1432
-1301
-1346
-1349
-1188
-1406
-1415
-1364
-1555
-1439
-1421
-1591
-1470
-1499
-1612
-1556
-1647
-1644
-1694
-1840
-1754
-1761
-1859
-1718
-1735
-1796
-1745
-1821
-1723
-1541
-1526
-1552
-1355
-1332
-1362
-1115
-972
-886
-838
-714
-542
-451
-413
-109
13
-45
155
198
347
509
531
586
652
703
876
829
929
1082
999
1193
1186
1271
1425
1369
1347
1377
1351
1438
1562
1559
1555
1629
1647
1548
1697
1746
1673
1649
1689
1680
1619
1740
1736
1732
1811
1597
1546
1690
1584
1703
1656
1498
1586
1462
1392
1348
1335
1361
1278
1203
1261
1121
1114
1140
840
909
845
850
799
655
686
623
463
385
511
386
339
220
219
79
13
72
72
-40
-300
-60
-253
-293
-149
-287
-296
-320
-563
-581
-486
-708
-546
-561
-585
-509
-739
-815
-695
-907
-1036
-790
-1027
-1071
-1059
-1206
-1017
-1080
-1254
-1273
-1262
-1314
-1352
-1390
-1384
-1515
-1586
-1454
-1595
-1585
-1468
-1596
-1610
-1613
-1724
-1557
-1574
-1713
-1544
-1470
-1516
-1408
-1320
-1506
-1391
-1261
-1303
-1181
-1163
-1150
-917
-918
-937
-590
-651
-586
-394
-430
-299
-214
-81
11
121
198
314
483
525
647
839
829
775
970
887
1027
1217
1141
1332
1288
1271
1293
1252
1366
1471
1437
1449
1445
1431
1410
1377
1546
1484
1408
1419
1407
1335
1321
1238
1227
1295
1074
1175
1240
1059
1002
1061
957
974
1018
867
1021
1005
814
866
940
717
765
919
738
763
812
641
499
520
473
513
494
361
337
369
369
222
169
128
41
-82
-131
-110
-136
-323
-383
-339
-481
-427
-469
-650
-704
-758
-828
-763
-871
-965
-864
-906
-927
-932
-863
-935
-989
-940
-1150
-1110
-1026
-1279
-1129
-1177
-1365
-1095
-1295
-1365
-1249
-1541
-1458
-1318
-1599
-1565
-1468
-1621
-1615
-1694
-1666
-1665
-1639
-1629
-1794
-1606
-1565
-1709
-1631
-1494
-1446
-1414
-1528
-1463
-1353
-1364
-1187
-1170
-1023
-889
-966
-898
-718
-619
-469
-413
-283
-95
-273
-173
102
56
181
478
364
565
706
484
760
920
768
925
1008
933
1162
974
1060
1334
1054
1179
1304
1121
1214
1304
1139
1369
1289
1251
1631
1347
1346
1473
1281
1407
1422
1202
1445
1497
1276
1497
1364
1354
1530
1308
1318
1420
1277
1311
1368
1200
1232
1228
1117
1171
1235
1174
1162
1097
937
928
862
821
870
739
653
707
495
480
527
276
325
300
126
94
61
-12
-7
-111
-197
-172
-233
-232
-465
-404
-372
-620
-575
-615
-736
-721
-796
-938
-823
-937
-974
-926
-1042
-1030
-960
-1039
-1088
-916
-1094
-1039
-887
-1040
-968
-855
-1024
-1045
-916
-976
-897
-907
-896
-911
-984
-956
-929
-907
-884
-813
-865
-841
-781
-785
-703
-712
-795
-765
-779
-840
-750
-757
-722
-646
-767
-720
-703
-709
-627
-643
-521
-459
-487
-305
-341
-280
-35
-166
122
207
32
258
195
206
356
335
357
537
539
577
511
631
798
585
794
742
647
833
815
749
879
853
822
966
796
910
991
944
990
1034
979
928
1009
859
869
908
745
796
904
758
897
928
891
1028
825
836
942
893
838
911
888
872
910
744
777
884
814
744
765
709
651
611
536
413
413
417
376
320
174
207
207
97
92
98
-45
-39
-52
-193
-321
-383
-407
-526
-635
-701
-765
-798
-844
-1070
-893
-911
-1225
-1137
-1180
-1276
-1271
-1338
-1352
-1222
-1399
-1391
-1218
-1510
-1494
-1365
-1555
-1453
-1316
-1386
-1328
-1402
-1417
-1229
-1247
-1314
-1217
-1147
-1159
-1072
-1029
-1002
-855
-888
-858
-754
-809
-727
-607
-527
-652
-627
-454
-603
-424
-295
-320
-158
-125
-59
-69
-117
-2
-52
-15
140
130
410
365
161
435
335
249
592
461
448
609
403
668
707
568
852
845
643
757
754
698
908
719
821
995
818
848
893
833
812
912
856
887
766
972
997
697
1003
847
816
1032
880
918
967
761
739
868
814
915
918
871
939
707
763
875
727
772
762
705
730
762
587
690
534
483
649
334
445
442
353
312
342
341
199
241
236
162
72
82
86
139
52
41
86
-78
-66
-155
-209
-97
-179
-128
-294
-394
-241
-453
-512
-339
-485
-629
-536
-718
-795
-677
-693
-823
-917
-817
-898
-997
-977
-1071
-1069
-1075
-1195
-1166
-1115
-1187
-1157
-1146
-1193
-1084
-1168
-1098
-1091
-1226
-1059
-1098
-1015
-883
-880
-895
-890
-856
-815
-670
-643
-607
-573
-523
-520
-506
-425
-414
-387
-275
-226
-370
-116
34
-95
82
134
124
131
181
217
269
286
336
421
340
437
439
447
507
604
611
529
708
747
701
726
751
815
843
774
958
1015
836
961
954
888
1038
982
910
1023
981
830
910
1011
943
998
884
868
915
783
817
853
806
749
754
601
537
528
558
527
382
502
377
343
417
275
356
262
203
314
149
70
148
80
-14
21
-12
-113
-165
-110
-169
-291
-247
-340
-345
-308
-463
-461
-412
-565
-610
-543
-652
-611
-682
-807
-735
-825
-790
-855
-915
-885
-959
-956
-980
-962
-944
-928
-970
-1031
-999
-970
-982
-986
-986
-984
-993
-979
-929
-892
-862
-793
-784
-813
-735
-764
-702
-591
-666
-680
-539
-510
-506
-364
-428
-363
-346
-391
-271
-343
-273
-205
-258
-107
-19
-105
-61
40
52
16
-1
33
132
79
80
131
99
231
192
217
321
294
186
382
449
268
457
430
538
652
497
578
756
601
564
733
639
700
757
736
767
765
801
787
732
812
915
779
764
902
783
893
916
789
929
760
751
916
758
683
843
751
682
745
627
748
701
600
670
627
528
571
581
431
462
425
465
410
286
395
363
205
288
221
88
226
2
-5
31
-109
-2
-53
-177
-107
-158
-312
-272
-326
-308
-398
-463
-403
-522
-562
-582
-583
-606
-635
-679
-659
-637
-765
-715
-736
-794
-794
-887
-803
-854
-904
-869
-840
-825
-867
-812
-837
-839
-804
-725
-757
-740
-651
-723
-714
-686
-548
-526
-536
-475
-449
-390
-412
-254
-278
-364
-246
-206
-285
-257
-95
-202
-193
-169
-187
-96
-142
-124
-50
-40
-86
63
73
10
124
108
156
119
138
217
233
290
290
282
285
367
322
407
432
336
512
485
424
540
551
494
571
596
589
650
568
599
605
554
555
569
585
529
580
575
610
593
555
594
574
609
536
521
564
507
502
569
483
453
487
478
542
441
441
445
350
380
385
317
269
353
294
177
191
150
172
127
67
75
33
-23
-34
-80
-124
-79
-166
-200
-253
-278
-287
-326
-313
-404
-357
-407
-409
-385
-490
-460
-483
-518
-515
-496
-513
-525
-522
-546
-565
-574
-527
-561
-606
-607
-541
-573
-653
-561
-582
-515
-498
-583
-547
-536
-493
-488
-440
-431
-434
-419
-394
-320
-351
-309
-301
-312
-290
-298
-250
-206
-179
-147
-137
-178
-98
-110
-97
-56
-141
-92
-63
-30
-53
-51
-28
-68
-22
-24
29
109
68
138
189
129
199
260
257
359
339
256
433
412
390
528
486
476
455
479
557
501
438
499
459
425
461
476
505
477
481
518
550
497
486
531
534
507
415
410
447
434
382
421
481
416
412
438
414
444
414
369
403
392
355
337
342
321
349
334
321
315
247
256
216
191
165
143
111
34
-21
-16
-9
-94
-71
-81
-100
-148
-178
-124
-195
-222
-222
-256
-271
-264
-321
-323
-323
-351
-303
-383
-416
-385
-424
-486
-513
-550
-541
-528
-580
-524
-510
-551
-531
-485
-505
-473
-461
-549
-480
-462
-554
-492
-473
-496
-421
-458
-460
-363
-368
-322
-243
-315
-252
-205
-293
-240
-265
-302
-245
-237
-257
-140
-128
-182
-45
-51
-56
-4
-47
-33
-37
-60
-69
-39
-36
-23
27
-5
65
101
87
156
171
127
118
140
125
130
173
169
137
182
160
141
208
190
206
241
194
250
234
206
251
225
252
264
280
259
290
273
288
293
241
334
299
290
324
308
257
295
285
256
302
243
264
275
235
205
227
224
180
182
185
183
158
151
145
89
85
69
57
104
67
62
60
85
76
39
15
-42
-28
-53
-36
-11
-21
-21
-18
0
8
-14
-55
-31
-44
-72
-113
-155
-91
-129
-182
-144
-174
-162
-117
-142
-150
-111
-129
-166
-178
-185
-174
-181
-195
-214
-180
-211
-260
-222
-214
-246
-252
-211
-183
-115
-131
-133
-108
-111
-135
-181
-128
-147
-178
-141
-125
-147
-123
-143
-144
-125
-146
-129
-114
-112
-170
-113
-137
-145
-68
-107
-55
-27
-61
-35
-10
-40
-11
-1
-15
28
19
11
32
52
30
74
130
73
124
175
142
234
274
251
265
282
270
285
321
276
325
348
340
381
384
385
421
432
419
467
440
451
428
404
448
404
367
351
339
332
340
313
317
325
288
300
297
298
288
240
233
237
184
170
180
102
92
84
43
71
34
10
30
-28
-6
3
-74
-62
-60
-103
-90
-67
-132
-127
-148
-164
-126
-187
-159
-151
-190
-199
-212
-231
-204
-213
-242
-204
-224
-237
-228
-233
-241
-234
-242
-218
-210
-236
-224
-215
-200
-196
-197
-196
-154
-145
-181
-164
-155
-163
-142
-174
-199
-178
-248
-249
-199
-229
-188
-140
-174
-148
-141
-176
-163
-175
-159
-165
-163
-170
-175
-158
-199
-199
-179
-171
-146
-125
-134
-129
-94
-96
-83
-75
-82
-66
-71
-79
-91
-74
-70
-48
-39
-47
-17
-25
1
-26
-18
-20
-17
25
-18
28
69
38
59
88
77
115
108
116
173
154
160
181
194
201
202
181
205
180
143
175
145
166
185
200
224
207
232
241
227
179
191
195
127
184
161
137
168
158
191
176
175
202
176
159
193
165
153
159
123
130
109
63
49
48
30
20
27
44
76
94
89
96
99
72
66
66
42
30
25
12
6
23
52
63
84
86
126
140
119
113
55
60
48
49
69
27
8
-32
-90
-101
-93
-76
-99
-133
-106
-131
-153
-153
-189
-203
-208
-224
-210
-202
-194
-181
-194
-190
-145
-106
-123
-134
-128
-115
-111
-126
-124
-132
-141
-118
-91
-70
-42
-32
-23
-12
-43
-74
-44
-45
-56
-36
-22
-7
-2
-1
-13
-22
-36
-18
0
-16
4
24
7
9
16
-7
-29
-43
-40
-31
-33
-21
-36
-49
-63
-78
-56
-61
-37
-9
-8
4
2
-17
-25
-18
-22
-2
24
30
43
58
54
43
58
74
105
132
167
168
163
174
167
174
161
171
145
125
143
131
154
165
163
146
140
133
125
168
188
200
204
196
199
197
184
193
211
204
213
204
209
227
232
226
228
248
258
262
247
290
255
225
264
218
181
144
139
114
83
95
85
85
77
72
47
31
46
18
-27
-45
-74
-101
-123
-119
-98
-100
-93
-78
-97
-118
-94
-91
-106
-95
-78
-102
-102
-99
-147
-149
-185
-245
-270
-274
-283
-280
-263
-279
-263
-276
-268
-249
-252
-251
-238
-238
-279
-229
-190
-186
-175
-186
-187
-192
-182
-160
-146
-171
-182
-189
-230
-237
-247
-248
-247
-262
-267
-264
-251
-255
-254
-266
-276
-275
-263
-217
-208
-167
-142
-176
-140
-114
-121
-101
-82
-57
-26
-45
-27
22
22
55
72
75
98
112
128
146
153
152
156
152
169
174
183
180
151
155
163
176
176
183
178
154
151
147
146
171
180
181
232
267
290
304
287
297
319
331
365
382
361
336
318
315
287
277
278
242
208
173
168
159
146
159
153
165
144
114
119
81
72
73
66
96
95
112
152
177
171
186
205
188
224
211
205
199
163
166
146
155
155
136
120
120
120
113
124
95
78
64
41
19
10
1
-35
-54
-78
-94
-107
-115
-150
-162
-179
-210
-209
-243
-256
-297
-323
-313
-337
-355
-386
-386
-390
-425
-418
-409
-419
-421
-420
-399
-350
-346
-382
-354
-344
-343
-302
-283
-262
-240
-234
-229
-209
-201
-191
-190
-205
-192
-191
-180
-131
-112
-126
-121
-114
-122
-106
-110
-98
-80
-83
-45
-26
-18
-16
7
25
40
69
91
117
106
129
156
170
203
222
229
262
294
294
314
308
292
301
304
306
315
322
330
357
352
362
404
402
432
450
428
449
462
473
488
495
520
541
532
544
544
510
501
501
476
455
465
475
472
448
438
399
357
363
317
313
320
288
285
267
260
252
249
246
222
203
181
185
170
163
173
169
156
125
109
104
103
96
96
71
55
56
31
5
-33
-69
-121
-160
-198
-239
-249
-301
-344
-380
-431
-460
-498
-500
-513
-549
-548
-564
-569
-567
-583
-596
-591
-588
-597
-580
-565
-556
-549
-554
-525
-495
-482
-468
-458
-470
-479
-463
-463
-458
-445
-449
-434
-407
-413
-417
-402
-404
-407
-394
-384
-359
-342
-340
-303
-263
-210
-151
-115
-77
-63
-53
-25
-13
6
48
80
92
110
139
176
218
232
241
269
294
300
310
324
337
346
337
331
312
288
278
271
275
276
279
293
311
325
316
326
354
335
332
369
366
372
384
381
371
377
409
416
430
441
449
471
475
466
453
463
450
411
368
333
318
268
249
232
194
178
150
144
132
124
128
134
125
111
120
120
105
88
97
105
97
91
83
73
78
64
37
26
-9
-33
-52
-89
-117
-135
-162
-210
-232
-251
-273
-270
-276
-285
-277
-276
-267
-259
-296
-307
-301
-317
-304
-295
-294
-275
-255
-251
-257
-251
-227
-216
-252
-279
-286
-303
-329
-350
-368
-379
-376
-406
-427
-429
-458
-460
-435
-433
-427
-408
-419
-398
-374
-360
-318
-293
-269
-229
-197
-162
-121
-88
-75
-54
-27
-38
-25
-4
6
34
58
94
97
94
117
128
118
121
134
141
167
167
185
225
241
273
295
308
320
345
351
370
390
398
434
460
475
484
500
480
454
441
439
448
452
459
435
447
466
474
495
490
485
478
498
489
459
462
441
415
390
369
362
365
329
296
282
240
215
193
177
160
131
96
75
43
6
-18
-48
-56
-75
-88
-79
-64
-83
-93
-82
-94
-87
-90
-99
-97
-109
-139
-154
-175
-186
-187
-230
-253
-249
-244
-237
-238
-275
-315
-319
-343
-378
-395
-400
-406
-414
-425
-411
-372
-363
-361
-362
-363
-345
-315
-283
-262
-262
-271
-272
-267
-239
-228
-206
-159
-149
-133
-121
-113
-90
-78
-68
-67
-79
-87
-80
-92
-92
-79
-79
-70
-52
-38
-21
-13
-27
-23
-9
5
4
-1
7
-1
2
19
45
62
65
112
144
161
193
218
241
236
210
189
197
208
216
249
268
289
316
324
321
309
313
312
341
358
352
360
347
333
317
296
288
304
304
302
305
297
301
282
261
259
259
241
245
263
256
258
264
246
215
211
201
195
202
195
191
163
151
154
130
111
114
112
100
97
65
45
33
-35
-73
-84
-104
-104
-108
-100
-108
-154
-197
-231
-251
-259
-261
-269
-286
-300
-308
-325
-361
-387
-390
-409
-404
-403
-399
-382
-401
-413
-431
-439
-437
-436
-420
-387
-361
-349
-320
-313
-332
-345
-339
-352
-356
-327
-291
-239
-230
-234
-231
-241
-241
-211
-191
-194
-174
-162
-157
-154
-169
-181
-186
-181
-164
-123
-101
-88
-82
-96
-84
-78
-45
-12
24
64
77
102
128
147
155
161
169
186
210
247
298
324
315
315
310
303
307
312
336
326
319
317
318
302
281
279
257
263
272
279
262
248
237
209
211
198
171
161
148
140
138
150
169
167
162
165
166
170
187
182
177
178
146
136
134
116
112
109
99
91
76
78
75
79
66
47
42
16
0
-32
-66
-98
-115
-115
-103
-83
-60
-63
-96
-107
-143
-170
-184
-205
-215
-218
-230
-231
-233
-240
-236
-255
-268
-266
-257
-269
-272
-258
-262
-268
-288
-284
-283
-286
-284
-288
-286
-293
-293
-277
-254
-254
-262
-272
-276
-268
-256
-260
-280
-279
-275
-265
-266
-260
-256
-272
-278
-270
-237
-224
-203
-188
-189
-170
-156
-134
-103
-80
-53
-28
-18
8
44
73
104
132
157
161
168
190
204
211
203
196
201
228
252
251
256
262
273
285
300
313
320
332
343
350
374
399
405
393
368
365
351
333
349
349
344
356
365
364
370
358
334
305
288
291
280
279
276
259
232
206
190
197
198
179
183
181
173
167
176
189
197
199
194
202
195
203
177
150
157
130
120
107
73
37
8
-11
-24
-26
-35
-70
-112
-152
-173
-184
-201
-206
-232
-259
-273
-284
-285
-285
-295
-318
-331
-362
-376
-372
-372
-369
-383
-368
-364
-374
-370
-384
-400
-393
-391
-406
-408
-411
-411
-414
-410
-404
-402
-410
-429
-435
-436
-436
-452
-438
-418
-419
-409
-401
-371
-349
-315
-288
-276
-239
-216
-198
-183
-178
-158
-131
-106
-81
-64
-61
-58
-58
-65
-51
-31
-12
13
31
33
37
39
36
48
45
38
74
101
119
140
147
167
206
235
248
271
305
321
308
296
292
285
289
319
344
352
367
351
345
338
324
323
307
292
287
296
292
284
270
264
283
291
313
317
294
275
259
248
239
243
238
236
227
199
186
164
148
145
131
120
121
109
87
76
73
73
71
58
54
43
4
-18
-57
-80
-77
-88
-89
-85
-78
-92
-103
-110
-122
-141
-159
-162
-173
-195
-214
-233
-249
-240
-244
-270
-289
-296
-298
-299
-300
-315
-327
-346
-364
-376
-393
-380
-357
-337
-320
-307
-305
-304
-296
-291
-269
-254
-241
-221
-212
-197
-199
-205
-200
-191
-171
-165
-151
-135
-124
-106
-101
-93
-94
-91
-68
-54
-34
-19
0
14
30
50
59
82
84
91
109
143
178
187
194
195
196
209
220
233
260
255
264
275
267
277
288
300
290
300
318
320
313
301
304
286
279
270
264
266
263
268
268
266
259
256
251
250
257
261
268
293
316
316
289
264
252
242
239
238
244
234
226
212
195
183
148
130
107
88
79
64
49
22
-1
-17
-26
-45
-33
-20
-34
-44
-54
-63
-65
-79
-111
-128
-155
-169
-182
-204
-208
-220
-234
-251
-258
-261
-264
-262
-273
-277
-283
-280
-282
-291
-290
-282
-278
-281
-260
-272
-287
-295
-317
-320
-321
-322
-312
-317
-319
-315
-324
-322
-325
-329
-324
-316
-313
-301
-293
-290
-293
-293
-282
-286
-290
-274
-256
-247
-225
-219
-193
-172
-175
-174
-171
-149
-144
-137
-123
-109
-111
-120
-118
-115
-97
-83
-56
-21
7
26
21
7
-4
-28
-30
-27
-22
-1
23
32
31
43
43
44
69
92
127
153
155
162
173
187
188
194
200
198
194
196
212
218
224
222
209
213
216
217
221
210
182
158
152
151
157
154
124
104
80
56
70
86
82
91
106
109
122
117
108
111
99
80
75
69
76
99
108
114
112
97
80
62
34
33
26
11
5
-11
-7
-27
-54
-71
-75
-78
-83
-70
-68
-54
-57
-74
-90
-106
-125
-131
-124
-118
-105
-86
-75
-83
-81
-86
-82
-74
-76
-59
-67
-75
-79
-87
-119
-163
-177
-178
-167
-154
-156
-153
-139
-145
-165
-166
-169
-175
-172
-163
-161
-168
-177
-171
-163
-168
-163
-141
-103
-59
-25
-25
-30
-40
-44
-21
-4
16
16
18
41
67
78
84
91
94
99
108
116
123
152
173
195
185
172
178
167
191
194
199
217
209
203
185
165
163
159
161
176
188
190
201
221
232
247
244
240
230
224
222
215
222
212
210
202
207
208
203
193
174
163
142
131
112
105
95
82
62
28
4
-21
-35
-43
-52
-62
-63
-59
-59
-73
-94
-109
-114
-133
-150
-159
-173
-175
-173
-179
-187
-192
-197
-198
-202
-207
-206
-208
-205
-208
-213
-216
-217
-210
-216
-208
-195
-190
-187
-181
-176
-169
-165
-167
-170
-176
-172
-159
-138
-132
-122
-125
-131
-115
-120
-112
-103
-105
-107
-96
-80
-65
-60
-67
-60
-58
-56
-53
-55
-61
-62
-63
-68
-62
-64
-66
-59
-58
-77
-96
-107
-114
-102
-98
-84
-69
-66
-47
-42
-43
-45
-35
-15
14
37
48
58
46
45
56
42
39
47
54
67
77
75
72
79
61
58
60
46
58
56
56
49
41
20
9
0
-14
-2
8
39
56
80
101
103
107
114
129
132
145
159
177
187
190
192
184
165
159
165
153
138
121
99
93
87
71
69
68
42
17
8
-5
-17
-34
-50
-52
-48
-50
-65
-69
-62
-67
-56
-38
-29
-6
3
-6
-11
-9
-18
-11
-4
-14
-9
-12
-31
-51
-57
-70
-91
-104
-124
-130
-124
-133
-129
-117
-118
-111
-108
-98
-94
-103
-106
-112
-107
-85
-68
-56
-35
-27
-27
-9
15
40
73
97
110
114
112
98
93
80
77
78
73
87
94
93
81
69
61
41
30
26
21
22
19
14
15
18
16
15
31
49
69
108
139
166
191
205
227
230
227
220
210
214
197
190
161
131
118
96
95
82
67
57
35
17
8
-7
-24
-25
-23
-47
-64
-70
-86
-89
-83
-71
-60
-39
-20
-10
2
11
10
-2
-8
-10
-1
14
19
27
43
57
63
56
36
16
6
-6
-5
-14
-36
-40
-61
-77
-77
-88
-94
-81
-76
-68
-77
-82
-63
-64
-66
-73
-76
-77
-69
-52
-41
-26
-21
-26
-19
-10
-10
13
22
19
23
27
53
49
44
43
30
17
9
4
-10
-11
-14
-34
-31
-24
-21
-24
-27
-24
-25
-20
-19
-19
-27
-20
-14
-8
14
27
33
30
36
47
60
62
54
60
55
62
76
82
93
98
101
90
86
74
62
50
40
35
47
67
65
61
65
63
56
60
67
75
78
71
59
62
67
75
80
88
93
85
101
80
62
58
51
51
30
34
42
39
51
62
77
83
72
54
29
11
-2
-26
-47
-48
-48
-58
-39
-12
3
20
26
27
16
3
5
-1
-29
-44
-62
-94
-107
-109
-102
-106
-108
-93
-99
-94
-96
-111
-122
-152
-160
-167
-185
-175
-166
-153
-123
-107
-92
-71
-64
-61
-56
-75
-89
-104
-122
-124
-131
-131
-129
-122
-102
-74
-49
-30
-2
5
17
38
21
12
11
-7
-15
-22
-17
-13
-11
2
-4
-6
-7
-9
3
-2
3
0
3
17
4
10
18
18
10
17
39
47
82
108
113
113
98
78
66
67
69
69
63
57
54
45
50
46
42
40
32
10
-13
-14
-29
-55
-62
-62
-72
-68
-56
-51
-51
-46
-37
-41
-50
-52
-43
-62
-73
-68
-82
-87
-72
-63
-44
-34
-30
-28
-23
-19
-27
-37
-44
-31
-36
-49
-41
-33
-25
-33
-36
-25
-38
-46
-40
-47
-55
-63
-70
-68
-63
-48
-35
-19
2
7
17
32
37
33
24
30
27
31
41
48
42
33
46
45
28
22
24
13
2
-15
-45
-51
-56
-74
-82
-101
-101
-87
-59
-37
-17
-6
-5
-7
-28
-24
-41
-43
-29
-19
-1
10
22
4
2
4
18
31
32
46
38
25
15
6
-6
-13
-16
-27
-29
-20
-11
0
6
1
-8
-10
-2
-1
-2
-13
-38
-41
-29
-16
2
21
26
29
36
42
36
25
19
2
-7
-3
3
0
1
2
-7
-5
9
14
23
27
16
8
7
10
-3
-11
-8
-26
-29
-15
-3
19
39
34
21
17
19
19
30
44
51
63
61
67
71
64
66
63
62
75
81
72
90
99
101
104
96
81
66
68
65
59
49
49
49
38
42
35
16
14
6
2
9
15
13
12
10
11
10
0
1
-2
-8
-13
-8
0
4
9
18
28
30
21
14
21
4
-5
-20
-27
-24
-36
-36
-36
-28
-30
-29
-22
-39
-47
-37
-34
-30
-28
-21
-8
10
18
17
20
24
29
25
28
33
33
23
8
0
5
3
10
22
22
43
53
51
50
53
57
62
77
69
63
78
77
74
74
78
85
101
107
94
93
87
84
69
62
70
77
94
94
88
87
80
62
51
47
44
49
45
40
31
18
8
3
-4
-1
6
3
4
1
12
12
8
-1
-10
-18
-24
-21
-15
-12
-12
-11
-24
-48
-60
-65
-90
-96
-96
-110
-111
-117
-117
-114
-108
-115
-116
-113
-116
-110
-115
-127
-127
-140
-151
-143
-141
-152
-157
-162
-159
-153
-153
-146
-150
-149
-148
-151
-147
-145
-155
-169
-168
-178
-185
-177
-182
-179
-175
-169
-159
-150
-121
-99
-82
-68
-61
-52
-41
-23
-19
-18
-8
-6
0
9
9
6
5
8
7
0
8
15
13
7
9
15
12
16
21
15
12
30
34
40
63
52
58
61
60
67
66
73
72
80
81
93
101
97
111
116
113
124
132
127
127
122
111
98
93
98
98
98
98
87
75
69
56
44
37
31
17
11
15
19
23
21
14
7
10
16
22
21
17
15
8
4
-1
-9
-24
-24
-21
-25
-23
-31
-28
-25
-24
-22
-14
-5
-10
-11
-15
-24
-25
-28
-39
-33
-37
-49
-53
-60
-62
-70
-69
-71
-75
-65
-58
-52
-47
-45
-51
-53
-46
-42
-40
-34
-49
-50
-44
-50
-54
-65
-68
-71
-64
-68
-46
-17
-7
9
11
7
-6
-13
-24
-30
-34
-28
-10
-6
10
22
22
24
36
51
56
65
63
52
46
36
39
39
33
37
46
57
73
88
93
103
106
108
110
88
79
70
56
64
68
64
65
58
43
49
61
68
76
93
109
122
128
118
117
105
97
89
77
64
43
36
35
32
25
26
35
41
52
52
50
57
47
35
29
21
12
19
13
-1
-2
-19
-30
-38
-34
-38
-37
-26
-38
-40
-46
-50
-53
-55
-67
-84
-83
-95
-100
-95
-88
-76
-74
-75
-73
-67
-68
-71
-77
-85
-99
-124
-122
-120
-128
-130
-128
-110
-91
-80
-88
-81
-74
-78
-72
-77
-80
-77
-95
-107
-110
-118
-123
-117
-111
-106
-99
-95
-88
-87
-84
-82
-75
-66
-51
-46
-41
-31
-35
-18
-9
-15
-19
-19
-24
-17
-14
-5
4
12
27
16
6
5
1
-5
-1
-8
-8
-11
-13
-15
-16
-2
1
9
21
53
60
68
87
94
106
99
103
102
98
116
124
130
146
152
164
184
194
194
199
200
211
221
212
214
212
207
195
184
182
176
179
177
185
187
181
186
180
171
151
137
123
112
112
111
117
106
105
104
95
93
87
79
75
70
57
36
8
10
-11
-39
-47
-68
-76
-84
-94
-101
-104
-110
-105
-101
-123
-140
-154
-170
-172
-184
-201
-202
-192
-194
-199
-200
-195
-184
-172
-151
-146
-146
-144
-147
-136
-127
-118
-112
-110
-105
-109
-113
-106
-108
-110
-109
-108
-104
-96
-98
-106
-112
-119
-123
-128
-113
-101
-91
-92
-90
-80
-82
-72
-54
-37
-15
0
7
20
31
36
40
50
53
55
58
58
64
61
62
57
38
20
11
-4
-5
-2
-1
3
5
6
-4
-11
-20
-25
-14
0
2
7
11
18
28
26
27
23
28
40
36
44
53
41
33
35
35
46
56
55
56
56
59
53
55
47
26
19
5
1
2
5
14
26
24
11
16
6
-4
-2
3
16
25
31
36
45
61
70
58
61
64
49
43
46
51
54
48
32
21
11
-3
-10
-8
-15
-14
-3
-2
2
-2
-17
-7
0
-15
-24
-30
-39
-37
-35
-34
-40
-45
-40
-29
-18
-17
-10
-11
-13
-11
-13
-23
-24
-16
-33
-44
-56
-63
-63
-65
-72
-81
-81
-81
-86
-81
-80
-83
-81
-77
-71
-67
-55
-30
-14
0
18
19
27
26
23
31
40
44
44
54
50
44
36
17
15
11
0
-13
-31
-43
-43
-43
-45
-46
-40
-40
-37
-24
-27
-23
-16
-10
-11
-22
-33
-39
-34
-23
-17
-14
1
-2
-9
3
15
15
19
27
31
37
39
30
21
18
3
-5
-7
-26
-39
-46
-47
-57
-64
-68
-71
-67
-69
-62
-62
-61
-62
-69
-63
-60
-49
-47
-35
-22
-23
-6
4
0
8
20
31
35
29
28
28
18
5
3
8
2
-12
-6
-1
-4
4
14
16
7
14
24
39
54
53
58
66
69
69
82
91
87
89
101
104
108
111
99
89
93
94
90
79
65
64
67
65
57
39
13
6
-4
-23
-19
-21
-23
-21
-22
-25
-26
-21
-10
0
4
29
53
60
74
94
110
112
107
106
116
114
113
120
116
109
110
117
124
140
141
139
148
131
128
137
131
127
113
107
105
105
105
113
119
116
114
115
126
128
133
139
144
148
142
137
118
110
106
114
124
116
115
110
113
106
99
95
86
86
79
75
66
55
42
28
18
2
-9
-13
-21
-29
-44
