1	0	0	0	0	
0.855397	0.144603	0	0	0	
0	0.687388	0.312612	0	0	
0	0	0.842574	0.157426	0	
0	0	0	0.911064	0.0889358	
0	0	0	0	1	
0.2	0.3	0.1	5.39041e-029	2.98321e-167	0.1	0.1	0.2	0	0	0	0	0	0	0	0	0	0	0	0	0	0	0	0	0	0	0	0	0	0	0	0	
2.0296e-025	1.0203e-026	0.375	0.11	0.14	0.050015	0.199985	0.125	0	0	0	0	0	0	0	0	0	0	0	0	0	0	0	0	0	0	0	0	0	0	0	0	
0.254572	0.229037	0.0481204	0.111111	0.0684221	0.0387377	0.25	6.47601e-016	0	0	0	0	0	0	0	0	0	0	0	0	0	0	0	0	0	0	0	0	0	0	0	0	
0.311961	0.0923077	0.125792	9.61594e-005	0.213725	0.125057	0.131061	3.53878e-017	0	0	0	0	0	0	0	0	0	0	0	0	0	0	0	0	0	0	0	0	0	0	0	0	
0.119352	0.109407	0.091969	0.128477	0.106273	0.137304	0.1349	0.172317	0	0	0	0	0	0	0	0	0	0	0	0	0	0	0	0	0	0	0	0	0	0	0	0	

